1 0.759 0.14200000000000002 0.11 0.268 0.718 0.008 0.718 0.009 0.717 0.01 0.706 0.01 0.706 0.011 0.705 0.012 0.704 0.012 0.704 0.019 0.705 0.019 0.706 0.02 0.706 0.053 0.707 0.053 0.708 0.054 0.708 0.077 0.709 0.077 0.71 0.078 0.71 0.123 0.711 0.123 0.712 0.124 0.712 0.139 0.713 0.139 0.714 0.14 0.714 0.155 0.715 0.155 0.716 0.156 0.716 0.177 0.717 0.177 0.718 0.178 0.718 0.199 0.719 0.199 0.72 0.2 0.72 0.213 0.721 0.213 0.722 0.214 0.722 0.231 0.723 0.231 0.724 0.232 0.724 0.267 0.725 0.267 0.726 0.268 0.726 0.269 0.727 0.269 0.728 0.27 0.728 0.271 0.731 0.271 0.732 0.272 0.732 0.273 0.741 0.273 0.742 0.274 0.742 0.275 0.759 0.275 0.759 0.274 0.76 0.273 0.801 0.273 0.801 0.272 0.802 0.271 0.809 0.271 0.809 0.27 0.81 0.269 0.811 0.269 0.811 0.268 0.812 0.267 0.813 0.267 0.813 0.26 0.812 0.26 0.811 0.259 0.811 0.242 0.81 0.242 0.809 0.241 0.809 0.218 0.808 0.218 0.807 0.217 0.807 0.202 0.806 0.202 0.805 0.201 0.805 0.18 0.804 0.18 0.803 0.179 0.803 0.162 0.802 0.162 0.801 0.161 0.801 0.142 0.8 0.142 0.799 0.141 0.799 0.122 0.798 0.122 0.797 0.121 0.797 0.106 0.796 0.106 0.795 0.105 0.795 0.088 0.794 0.088 0.793 0.087 0.793 0.066 0.792 0.066 0.791 0.065 0.791 0.048 0.79 0.048 0.789 0.047 0.789 0.028 0.788 0.028 0.787 0.027 0.787 0.012 0.786 0.012 0.785 0.011 0.785 0.01 0.784 0.01 0.783 0.009 0.783 0.008
4 0.498 0.065 0.012 0.018000000000000002 0.496 0.056 0.496 0.057 0.495 0.058 0.492 0.058 0.492 0.071 0.493 0.071 0.494 0.072 0.494 0.073 0.501 0.073 0.501 0.072 0.502 0.071 0.503 0.071 0.503 0.058 0.5 0.058 0.499 0.057 0.499 0.056
5 0.28700000000000003 0.054 0.022 0.016 0.276 0.046 0.276 0.057 0.277 0.057 0.278 0.058 0.278 0.059 0.287 0.059 0.288 0.06 0.288 0.061 0.291 0.061 0.291 0.06 0.292 0.059 0.297 0.059 0.297 0.05 0.296 0.05 0.295 0.049 0.295 0.048 0.294 0.048 0.293 0.047 0.293 0.046
4 0.337 0.081 0.014 0.014 0.334 0.074 0.334 0.075 0.333 0.076 0.332 0.076 0.332 0.077 0.331 0.078 0.33 0.078 0.33 0.083 0.331 0.083 0.332 0.084 0.332 0.085 0.335 0.085 0.336 0.086 0.336 0.087 0.341 0.087 0.341 0.082 0.342 0.081 0.343 0.081 0.343 0.078 0.342 0.078 0.341 0.077 0.341 0.074
4 0.481 0.394 0.018000000000000002 0.02 0.476 0.384 0.476 0.385 0.475 0.386 0.474 0.386 0.474 0.387 0.473 0.388 0.472 0.388 0.472 0.403 0.485 0.403 0.485 0.4 0.486 0.399 0.487 0.399 0.487 0.394 0.488 0.393 0.489 0.393 0.489 0.388 0.488 0.388 0.487 0.387 0.487 0.386 0.486 0.386 0.485 0.385 0.485 0.384
4 0.523 0.41300000000000003 0.022 0.026000000000000002 0.52 0.4 0.52 0.401 0.519 0.402 0.516 0.402 0.516 0.407 0.515 0.408 0.514 0.408 0.514 0.411 0.513 0.412 0.512 0.412 0.512 0.423 0.515 0.423 0.516 0.424 0.516 0.425 0.525 0.425 0.525 0.424 0.526 0.423 0.527 0.423 0.527 0.422 0.528 0.421 0.529 0.421 0.529 0.418 0.53 0.417 0.531 0.417 0.531 0.414 0.532 0.413 0.533 0.413 0.533 0.404 0.532 0.404 0.531 0.403 0.531 0.402 0.526 0.402 0.525 0.401 0.525 0.4
4 0.579 0.434 0.022 0.024 0.574 0.422 0.574 0.423 0.573 0.424 0.57 0.424 0.57 0.427 0.569 0.428 0.568 0.428 0.568 0.441 0.569 0.441 0.57 0.442 0.57 0.443 0.573 0.443 0.574 0.444 0.574 0.445 0.583 0.445 0.583 0.444 0.584 0.443 0.585 0.443 0.585 0.44 0.586 0.439 0.587 0.439 0.587 0.434 0.588 0.433 0.589 0.433 0.589 0.426 0.588 0.426 0.587 0.425 0.587 0.424 0.584 0.424 0.583 0.423 0.583 0.422
3 0.376 0.067 0.048 0.05 0.376 0.042 0.376 0.043 0.375 0.044 0.374 0.044 0.374 0.045 0.373 0.046 0.372 0.046 0.371 0.045 0.371 0.044 0.368 0.044 0.368 0.045 0.367 0.046 0.358 0.046 0.358 0.047 0.357 0.048 0.354 0.048 0.354 0.051 0.353 0.052 0.352 0.052 0.352 0.053 0.353 0.053 0.354 0.054 0.354 0.057 0.355 0.057 0.356 0.058 0.356 0.069 0.357 0.069 0.358 0.07 0.358 0.087 0.359 0.087 0.36 0.088 0.36 0.089 0.361 0.089 0.362 0.09 0.362 0.091 0.399 0.091 0.399 0.082 0.398 0.082 0.397 0.081 0.397 0.048 0.398 0.047 0.399 0.047 0.399 0.046 0.392 0.046 0.391 0.045 0.391 0.044 0.38 0.044 0.379 0.043 0.379 0.042
5 0.5720000000000001 0.089 0.016 0.022 0.566 0.078 0.566 0.099 0.577 0.099 0.577 0.098 0.578 0.097 0.579 0.097 0.579 0.08 0.576 0.08 0.575 0.079 0.575 0.078
7 0.371 0.505 0.014 0.014 0.368 0.498 0.368 0.499 0.367 0.5 0.366 0.5 0.366 0.501 0.365 0.502 0.364 0.502 0.364 0.511 0.373 0.511 0.373 0.51 0.374 0.509 0.375 0.509 0.375 0.508 0.376 0.507 0.377 0.507 0.377 0.504 0.376 0.504 0.375 0.503 0.375 0.502 0.374 0.502 0.373 0.501 0.373 0.5 0.372 0.5 0.371 0.499 0.371 0.498
4 0.277 0.08600000000000001 0.01 0.012 0.272 0.08 0.272 0.089 0.273 0.089 0.274 0.09 0.274 0.091 0.277 0.091 0.277 0.09 0.278 0.089 0.279 0.089 0.279 0.088 0.28 0.087 0.281 0.087 0.281 0.082 0.28 0.082 0.279 0.081 0.279 0.08
7 0.61 0.02 0.012 0.016 0.606 0.012 0.606 0.015 0.605 0.016 0.604 0.016 0.604 0.025 0.605 0.025 0.606 0.026 0.606 0.027 0.611 0.027 0.611 0.026 0.612 0.025 0.615 0.025 0.615 0.016 0.614 0.016 0.613 0.015 0.613 0.014 0.612 0.014 0.611 0.013 0.611 0.012
3 0.493 0.128 0.026000000000000002 0.044 0.482 0.106 0.482 0.107 0.481 0.108 0.48 0.108 0.48 0.147 0.481 0.147 0.482 0.148 0.482 0.149 0.495 0.149 0.495 0.148 0.496 0.147 0.505 0.147 0.505 0.11 0.504 0.11 0.503 0.109 0.503 0.108 0.5 0.108 0.499 0.107 0.499 0.106
3 0.456 0.5640000000000001 0.08 0.096 0.448 0.516 0.448 0.517 0.447 0.518 0.444 0.518 0.444 0.519 0.443 0.52 0.442 0.52 0.442 0.525 0.441 0.526 0.44 0.526 0.44 0.531 0.439 0.532 0.438 0.532 0.438 0.537 0.437 0.538 0.436 0.538 0.436 0.543 0.435 0.544 0.434 0.544 0.434 0.547 0.433 0.548 0.432 0.548 0.432 0.551 0.431 0.552 0.43 0.552 0.43 0.557 0.429 0.558 0.428 0.558 0.428 0.561 0.427 0.562 0.426 0.562 0.426 0.567 0.425 0.568 0.424 0.568 0.424 0.571 0.423 0.572 0.422 0.572 0.422 0.575 0.421 0.576 0.42 0.576 0.42 0.581 0.419 0.582 0.418 0.582 0.418 0.585 0.417 0.586 0.416 0.586 0.416 0.595 0.419 0.595 0.42 0.596 0.42 0.597 0.423 0.597 0.424 0.598 0.424 0.599 0.427 0.599 0.428 0.6 0.428 0.601 0.437 0.601 0.438 0.602 0.438 0.603 0.445 0.603 0.446 0.604 0.446 0.605 0.453 0.605 0.454 0.606 0.454 0.607 0.463 0.607 0.464 0.608 0.464 0.609 0.467 0.609 0.467 0.602 0.468 0.601 0.469 0.601 0.469 0.598 0.47 0.597 0.471 0.597 0.471 0.594 0.472 0.593 0.473 0.593 0.473 0.588 0.474 0.587 0.475 0.587 0.475 0.584 0.476 0.583 0.477 0.583 0.477 0.58 0.478 0.579 0.479 0.579 0.479 0.576 0.48 0.575 0.481 0.575 0.481 0.572 0.482 0.571 0.483 0.571 0.483 0.56 0.484 0.559 0.485 0.559 0.485 0.554 0.486 0.553 0.487 0.553 0.487 0.55 0.488 0.549 0.489 0.549 0.489 0.548 0.49 0.547 0.491 0.547 0.491 0.546 0.492 0.545 0.493 0.545 0.493 0.54 0.492 0.54 0.491 0.539 0.491 0.538 0.488 0.538 0.487 0.537 0.487 0.536 0.486 0.536 0.485 0.535 0.485 0.534 0.484 0.534 0.483 0.533 0.483 0.532 0.482 0.532 0.481 0.531 0.481 0.53 0.476 0.53 0.475 0.529 0.475 0.526 0.466 0.526 0.465 0.525 0.465 0.524 0.462 0.524 0.461 0.523 0.461 0.522 0.458 0.522 0.457 0.521 0.457 0.52 0.452 0.52 0.451 0.519 0.451 0.516
3 0.5630000000000001 0.608 0.082 0.096 0.602 0.654 0.602 0.655 0.603 0.655 0.603 0.654
4 0.853 0.834 0.03 0.024 0.85 0.822 0.85 0.823 0.849 0.824 0.846 0.824 0.846 0.825 0.845 0.826 0.842 0.826 0.842 0.827 0.841 0.828 0.84 0.828 0.84 0.831 0.839 0.832 0.838 0.832 0.838 0.833 0.839 0.833 0.84 0.834 0.84 0.835 0.841 0.835 0.842 0.836 0.842 0.839 0.843 0.839 0.844 0.84 0.844 0.841 0.845 0.841 0.846 0.842 0.846 0.843 0.847 0.843 0.848 0.844 0.848 0.845 0.849 0.845 0.849 0.844 0.85 0.843 0.855 0.843 0.855 0.842 0.856 0.841 0.857 0.841 0.857 0.84 0.858 0.839 0.861 0.839 0.861 0.838 0.862 0.837 0.863 0.837 0.863 0.836 0.864 0.835 0.865 0.835 0.865 0.832 0.864 0.832 0.863 0.831 0.863 0.83 0.862 0.83 0.861 0.829 0.861 0.828 0.86 0.828 0.859 0.827 0.859 0.824 0.858 0.824 0.857 0.823 0.857 0.822
5 0.41100000000000003 0.488 0.014 0.02 0.404 0.478 0.404 0.493 0.405 0.493 0.406 0.494 0.406 0.495 0.407 0.495 0.408 0.496 0.408 0.497 0.417 0.497 0.417 0.484 0.416 0.484 0.415 0.483 0.415 0.482 0.414 0.482 0.413 0.481 0.413 0.48 0.41 0.48 0.409 0.479 0.409 0.478
5 0.525 0.509 0.018000000000000002 0.022 0.518 0.498 0.518 0.507 0.517 0.508 0.516 0.508 0.516 0.511 0.517 0.511 0.518 0.512 0.518 0.513 0.521 0.513 0.522 0.514 0.522 0.515 0.525 0.515 0.526 0.516 0.526 0.517 0.527 0.517 0.528 0.518 0.528 0.519 0.531 0.519 0.531 0.518 0.532 0.517 0.533 0.517 0.533 0.502 0.528 0.502 0.527 0.501 0.527 0.5 0.52 0.5 0.519 0.499 0.519 0.498
1 0.8140000000000001 0.93 0.164 0.14 0.81 0.86 0.81 0.861 0.809 0.862 0.806 0.862 0.806 0.863 0.805 0.864 0.802 0.864 0.802 0.865 0.801 0.866 0.8 0.866 0.8 0.867 0.799 0.868 0.796 0.868 0.796 0.869 0.795 0.87 0.792 0.87 0.792 0.871 0.791 0.872 0.788 0.872 0.788 0.873 0.787 0.874 0.784 0.874 0.784 0.875 0.783 0.876 0.782 0.876 0.782 0.877 0.781 0.878 0.778 0.878 0.778 0.879 0.777 0.88 0.774 0.88 0.774 0.881 0.773 0.882 0.77 0.882 0.77 0.883 0.769 0.884 0.766 0.884 0.766 0.885 0.765 0.886 0.764 0.886 0.764 0.887 0.763 0.888 0.76 0.888 0.76 0.889 0.759 0.89 0.756 0.89 0.756 0.891 0.755 0.892 0.752 0.892 0.752 0.893 0.751 0.894 0.748 0.894 0.748 0.895 0.747 0.896 0.746 0.896 0.746 0.897 0.745 0.898 0.742 0.898 0.742 0.899 0.741 0.9 0.74 0.9 0.74 0.901 0.739 0.902 0.736 0.902 0.736 0.903 0.735 0.904 0.732 0.904 0.732 0.911 0.733 0.911 0.734 0.912 0.734 0.917 0.735 0.917 0.736 0.918 0.736 0.921 0.737 0.921 0.738 0.922 0.738 0.925 0.739 0.925 0.74 0.926 0.74 0.929 0.741 0.929 0.742 0.93 0.742 0.933 0.743 0.933 0.744 0.934 0.744 0.937 0.745 0.937 0.746 0.938 0.746 0.941 0.747 0.941 0.748 0.942 0.748 0.945 0.749 0.945 0.75 0.946 0.75 0.949 0.751 0.949 0.752 0.95 0.752 0.951 0.753 0.951 0.754 0.952 0.754 0.955 0.755 0.955 0.756 0.956 0.756 0.959 0.757 0.959 0.758 0.96 0.758 0.963 0.759 0.963 0.76 0.964 0.76 0.965 0.761 0.965 0.762 0.966 0.762 0.967 0.763 0.967 0.764 0.968 0.764 0.971 0.765 0.971 0.766 0.972 0.766 0.975 0.767 0.975 0.768 0.976 0.768 0.977 0.769 0.977 0.77 0.978 0.77 0.981 0.771 0.981 0.772 0.982 0.772 0.985 0.773 0.985 0.774 0.986 0.774 0.987 0.775 0.987 0.776 0.988 0.776 0.991 0.777 0.991 0.778 0.992 0.778 0.993 0.779 0.993 0.78 0.994 0.78 0.997 0.781 0.997 0.782 0.998 0.782 0.999 0.895 0.999 0.895 0.996 0.894 0.996 0.893 0.995 0.893 0.992 0.892 0.992 0.891 0.991 0.891 0.99 0.89 0.99 0.889 0.989 0.889 0.988 0.888 0.988 0.887 0.987 0.887 0.984 0.886 0.984 0.885 0.983 0.885 0.978 0.884 0.978 0.883 0.977 0.883 0.974 0.882 0.974 0.881 0.973 0.881 0.972 0.88 0.972 0.879 0.971 0.879 0.968 0.878 0.968 0.877 0.967 0.877 0.964 0.876 0.964 0.875 0.963 0.875 0.962 0.874 0.962 0.873 0.961 0.873 0.958 0.872 0.958 0.871 0.957 0.871 0.956 0.87 0.956 0.869 0.955 0.869 0.952 0.868 0.952 0.867 0.951 0.867 0.95 0.866 0.95 0.865 0.949 0.865 0.946 0.864 0.946 0.863 0.945 0.863 0.942 0.862 0.942 0.861 0.941 0.861 0.938 0.86 0.938 0.859 0.937 0.859 0.934 0.858 0.934 0.857 0.933 0.857 0.93 0.856 0.93 0.855 0.929 0.855 0.928 0.854 0.928 0.853 0.927 0.853 0.924 0.852 0.924 0.851 0.923 0.851 0.922 0.85 0.922 0.849 0.921 0.849 0.918 0.848 0.918 0.847 0.917 0.847 0.914 0.846 0.914 0.845 0.913 0.845 0.91 0.844 0.91 0.843 0.909 0.843 0.908 0.842 0.908 0.841 0.907 0.841 0.904 0.84 0.904 0.839 0.903 0.839 0.902 0.838 0.902 0.837 0.901 0.837 0.898 0.836 0.898 0.835 0.897 0.835 0.896 0.834 0.896 0.833 0.895 0.833 0.892 0.832 0.892 0.831 0.891 0.831 0.888 0.83 0.888 0.829 0.887 0.829 0.884 0.828 0.884 0.827 0.883 0.827 0.882 0.826 0.882 0.825 0.881 0.825 0.878 0.824 0.878 0.823 0.877 0.823 0.876 0.822 0.876 0.821 0.875 0.821 0.874 0.82 0.874 0.819 0.873 0.819 0.87 0.818 0.87 0.817 0.869 0.817 0.866 0.816 0.866 0.815 0.865 0.815 0.862 0.812 0.862 0.811 0.861 0.811 0.86
