4 0.249 0.42 0.034 0.028 0.252 0.406 0.252 0.407 0.251 0.408 0.25 0.408 0.25 0.409 0.249 0.41 0.246 0.41 0.246 0.411 0.245 0.412 0.244 0.412 0.244 0.413 0.243 0.414 0.24 0.414 0.24 0.415 0.239 0.416 0.238 0.416 0.238 0.417 0.237 0.418 0.236 0.418 0.236 0.419 0.235 0.42 0.234 0.42 0.234 0.423 0.233 0.424 0.232 0.424 0.232 0.431 0.233 0.431 0.234 0.432 0.234 0.433 0.237 0.433 0.237 0.432 0.238 0.431 0.241 0.431 0.241 0.43 0.242 0.429 0.243 0.429 0.243 0.428 0.244 0.427 0.245 0.427 0.245 0.426 0.246 0.425 0.249 0.425 0.249 0.424 0.25 0.423 0.255 0.423 0.255 0.422 0.256 0.421 0.259 0.421 0.259 0.42 0.26 0.419 0.263 0.419 0.263 0.418 0.264 0.417 0.265 0.417 0.265 0.41 0.264 0.41 0.263 0.409 0.263 0.408 0.262 0.408 0.261 0.407 0.261 0.406
7 0.73 0.28 0.032 0.02 0.72 0.27 0.72 0.271 0.719 0.272 0.716 0.272 0.716 0.273 0.715 0.274 0.714 0.274 0.714 0.283 0.715 0.283 0.716 0.284 0.716 0.285 0.717 0.285 0.718 0.286 0.718 0.287 0.723 0.287 0.724 0.288 0.724 0.289 0.745 0.289 0.745 0.276 0.744 0.276 0.743 0.275 0.743 0.274 0.742 0.274 0.741 0.273 0.741 0.272 0.734 0.272 0.733 0.271 0.733 0.27
7 0.191 0.243 0.01 0.01 0.186 0.238 0.186 0.245 0.187 0.245 0.188 0.246 0.188 0.247 0.193 0.247 0.193 0.246 0.194 0.245 0.195 0.245 0.195 0.242 0.194 0.242 0.193 0.241 0.193 0.24 0.192 0.24 0.191 0.239 0.191 0.238
5 0.117 0.391 0.018000000000000002 0.018000000000000002 0.11 0.382 0.11 0.383 0.109 0.384 0.108 0.384 0.108 0.393 0.109 0.393 0.11 0.394 0.11 0.397 0.111 0.397 0.112 0.398 0.112 0.399 0.125 0.399 0.125 0.386 0.124 0.386 0.123 0.385 0.123 0.384 0.122 0.384 0.121 0.383 0.121 0.382
5 0.079 0.302 0.018000000000000002 0.016 0.076 0.294 0.076 0.295 0.075 0.296 0.072 0.296 0.072 0.297 0.071 0.298 0.07 0.298 0.07 0.305 0.071 0.305 0.072 0.306 0.072 0.307 0.075 0.307 0.076 0.308 0.076 0.309 0.077 0.309 0.077 0.308 0.078 0.307 0.083 0.307 0.083 0.306 0.084 0.305 0.085 0.305 0.085 0.304 0.086 0.303 0.087 0.303 0.087 0.298 0.086 0.298 0.085 0.297 0.085 0.296 0.084 0.296 0.083 0.295 0.083 0.294
4 0.225 0.368 0.026000000000000002 0.02 0.226 0.358 0.226 0.359 0.225 0.36 0.222 0.36 0.222 0.361 0.221 0.362 0.22 0.362 0.22 0.363 0.219 0.364 0.216 0.364 0.216 0.365 0.215 0.366 0.214 0.366 0.214 0.367 0.213 0.368 0.212 0.368 0.212 0.375 0.213 0.375 0.214 0.376 0.214 0.377 0.221 0.377 0.221 0.376 0.222 0.375 0.223 0.375 0.223 0.374 0.224 0.373 0.227 0.373 0.227 0.372 0.228 0.371 0.231 0.371 0.231 0.37 0.232 0.369 0.235 0.369 0.235 0.366 0.236 0.365 0.237 0.365 0.237 0.362 0.236 0.362 0.235 0.361 0.235 0.36 0.234 0.36 0.233 0.359 0.233 0.358
4 0.19 0.315 0.028 0.026000000000000002 0.188 0.302 0.188 0.303 0.187 0.304 0.184 0.304 0.184 0.305 0.183 0.306 0.18 0.306 0.18 0.307 0.179 0.308 0.178 0.308 0.178 0.309 0.177 0.31 0.176 0.31 0.176 0.313 0.177 0.313 0.178 0.314 0.178 0.319 0.179 0.319 0.18 0.32 0.18 0.321 0.181 0.321 0.182 0.322 0.182 0.325 0.183 0.325 0.184 0.326 0.184 0.327 0.189 0.327 0.189 0.326 0.19 0.325 0.191 0.325 0.191 0.324 0.192 0.323 0.195 0.323 0.195 0.322 0.196 0.321 0.197 0.321 0.197 0.32 0.198 0.319 0.201 0.319 0.201 0.316 0.202 0.315 0.203 0.315 0.203 0.31 0.202 0.31 0.201 0.309 0.201 0.304 0.2 0.304 0.199 0.303 0.199 0.302
4 0.004 0.315 0.008 0.034 0.0 0.298 0.0 0.331 0.001 0.331 0.001 0.33 0.002 0.329 0.005 0.329 0.005 0.324 0.006 0.323 0.007 0.323 0.007 0.308 0.006 0.308 0.005 0.307 0.005 0.302 0.004 0.302 0.003 0.301 0.003 0.3 0.002 0.3 0.001 0.299 0.001 0.298
7 0.23700000000000002 0.429 0.01 0.01 0.232 0.424 0.232 0.431 0.233 0.431 0.234 0.432 0.234 0.433 0.237 0.433 0.237 0.432 0.238 0.431 0.241 0.431 0.241 0.426 0.238 0.426 0.237 0.425 0.237 0.424
7 0.112 0.33 0.012 0.016 0.108 0.322 0.108 0.323 0.107 0.324 0.106 0.324 0.106 0.331 0.107 0.331 0.108 0.332 0.108 0.335 0.109 0.335 0.11 0.336 0.11 0.337 0.115 0.337 0.115 0.336 0.116 0.335 0.117 0.335 0.117 0.33 0.116 0.33 0.115 0.329 0.115 0.326 0.114 0.326 0.113 0.325 0.113 0.324 0.112 0.324 0.111 0.323 0.111 0.322
7 0.743 0.307 0.018000000000000002 0.01 0.742 0.302 0.742 0.303 0.741 0.304 0.736 0.304 0.736 0.305 0.735 0.306 0.734 0.306 0.734 0.309 0.735 0.309 0.736 0.31 0.736 0.311 0.747 0.311 0.747 0.31 0.748 0.309 0.749 0.309 0.749 0.308 0.75 0.307 0.751 0.307 0.751 0.302
4 0.054 0.43 0.028 0.028 0.046 0.416 0.046 0.417 0.045 0.418 0.042 0.418 0.042 0.419 0.041 0.42 0.04 0.42 0.04 0.429 0.041 0.429 0.042 0.43 0.042 0.431 0.043 0.431 0.044 0.432 0.044 0.435 0.045 0.435 0.046 0.436 0.046 0.439 0.047 0.439 0.048 0.44 0.048 0.441 0.049 0.441 0.05 0.442 0.05 0.443 0.055 0.443 0.055 0.442 0.056 0.441 0.059 0.441 0.059 0.44 0.06 0.439 0.063 0.439 0.063 0.438 0.064 0.437 0.065 0.437 0.065 0.436 0.066 0.435 0.067 0.435 0.067 0.426 0.066 0.426 0.065 0.425 0.065 0.424 0.064 0.424 0.063 0.423 0.063 0.42 0.062 0.42 0.061 0.419 0.061 0.418 0.06 0.418 0.059 0.417 0.059 0.416
7 0.217 0.434 0.018000000000000002 0.024 0.216 0.422 0.216 0.423 0.215 0.424 0.212 0.424 0.212 0.425 0.211 0.426 0.208 0.426 0.208 0.437 0.209 0.437 0.21 0.438 0.21 0.439 0.211 0.439 0.212 0.44 0.212 0.443 0.213 0.443 0.214 0.444 0.214 0.445 0.221 0.445 0.221 0.444 0.222 0.443 0.223 0.443 0.223 0.44 0.224 0.439 0.225 0.439 0.225 0.43 0.224 0.43 0.223 0.429 0.223 0.426 0.222 0.426 0.221 0.425 0.221 0.424 0.218 0.424 0.217 0.423 0.217 0.422
