4 0.62 0.509 0.028 0.026000000000000002 0.612 0.496 0.612 0.497 0.611 0.498 0.61 0.498 0.61 0.499 0.609 0.5 0.608 0.5 0.608 0.501 0.607 0.502 0.606 0.502 0.606 0.515 0.607 0.515 0.608 0.516 0.608 0.517 0.609 0.517 0.61 0.518 0.61 0.519 0.611 0.519 0.612 0.52 0.612 0.521 0.617 0.521 0.617 0.52 0.618 0.519 0.623 0.519 0.623 0.518 0.624 0.517 0.627 0.517 0.627 0.516 0.628 0.515 0.631 0.515 0.631 0.512 0.632 0.511 0.633 0.511 0.633 0.506 0.632 0.506 0.631 0.505 0.631 0.502 0.63 0.502 0.629 0.501 0.629 0.498 0.626 0.498 0.625 0.497 0.625 0.496
4 0.857 0.972 0.022 0.028 0.852 0.958 0.852 0.959 0.851 0.96 0.848 0.96 0.848 0.961 0.847 0.962 0.846 0.962 0.846 0.975 0.847 0.975 0.848 0.976 0.848 0.979 0.849 0.979 0.85 0.98 0.85 0.983 0.851 0.983 0.852 0.984 0.852 0.985 0.857 0.985 0.857 0.984 0.858 0.983 0.861 0.983 0.861 0.982 0.862 0.981 0.865 0.981 0.865 0.978 0.866 0.977 0.867 0.977 0.867 0.976 0.866 0.976 0.865 0.975 0.865 0.962 0.864 0.962 0.863 0.961 0.863 0.96 0.862 0.96 0.861 0.959 0.861 0.958
0 0.41500000000000004 0.278 0.082 0.068 0.436 0.244 0.436 0.245 0.435 0.246 0.432 0.246 0.432 0.247 0.431 0.248 0.426 0.248 0.426 0.249 0.425 0.25 0.422 0.25 0.422 0.251 0.421 0.252 0.418 0.252 0.418 0.253 0.417 0.254 0.414 0.254 0.414 0.255 0.413 0.256 0.41 0.256 0.41 0.257 0.409 0.258 0.406 0.258 0.406 0.259 0.405 0.26 0.402 0.26 0.402 0.261 0.401 0.262 0.4 0.262 0.4 0.263 0.399 0.264 0.394 0.264 0.394 0.265 0.393 0.266 0.39 0.266 0.39 0.267 0.389 0.268 0.386 0.268 0.386 0.269 0.385 0.27 0.382 0.27 0.382 0.271 0.381 0.272 0.38 0.272 0.38 0.273 0.379 0.274 0.378 0.274 0.378 0.275 0.377 0.276 0.376 0.276 0.376 0.277 0.375 0.278 0.374 0.278 0.374 0.285 0.375 0.285 0.376 0.286 0.376 0.289 0.377 0.289 0.378 0.29 0.378 0.291 0.379 0.291 0.38 0.292 0.38 0.295 0.381 0.295 0.382 0.296 0.382 0.297 0.383 0.297 0.384 0.298 0.384 0.301 0.385 0.301 0.386 0.302 0.386 0.305 0.387 0.305 0.388 0.306 0.388 0.307 0.389 0.307 0.39 0.308 0.39 0.309 0.391 0.309 0.392 0.31 0.392 0.311 0.405 0.311 0.405 0.31 0.406 0.309 0.409 0.309 0.409 0.308 0.41 0.307 0.413 0.307 0.413 0.306 0.414 0.305 0.417 0.305 0.417 0.304 0.418 0.303 0.419 0.303 0.419 0.302 0.42 0.301 0.423 0.301 0.423 0.3 0.424 0.299 0.427 0.299 0.427 0.298 0.428 0.297 0.431 0.297 0.431 0.296 0.432 0.295 0.433 0.295 0.433 0.294 0.434 0.293 0.439 0.293 0.439 0.292 0.44 0.291 0.443 0.291 0.443 0.29 0.444 0.289 0.447 0.289 0.447 0.288 0.448 0.287 0.451 0.287 0.451 0.286 0.452 0.285 0.453 0.285 0.453 0.282 0.454 0.281 0.455 0.281 0.455 0.274 0.454 0.274 0.453 0.273 0.453 0.272 0.452 0.272 0.451 0.271 0.451 0.266 0.45 0.266 0.449 0.265 0.449 0.252 0.448 0.252 0.447 0.251 0.447 0.248 0.444 0.248 0.443 0.247 0.443 0.246 0.442 0.246 0.441 0.245 0.441 0.244
7 0.154 0.93 0.016 0.016 0.148 0.922 0.148 0.923 0.147 0.924 0.146 0.924 0.146 0.931 0.147 0.931 0.148 0.932 0.148 0.935 0.149 0.935 0.15 0.936 0.15 0.937 0.157 0.937 0.157 0.936 0.158 0.935 0.159 0.935 0.159 0.932 0.16 0.931 0.161 0.931 0.161 0.928 0.16 0.928 0.159 0.927 0.159 0.924 0.158 0.924 0.157 0.923 0.157 0.922
7 0.02 0.91 0.012 0.012 0.018 0.904 0.018 0.905 0.017 0.906 0.016 0.906 0.016 0.907 0.015 0.908 0.014 0.908 0.014 0.913 0.015 0.913 0.016 0.914 0.016 0.915 0.021 0.915 0.021 0.914 0.022 0.913 0.023 0.913 0.023 0.91 0.024 0.909 0.025 0.909 0.025 0.908 0.024 0.908 0.023 0.907 0.023 0.906 0.022 0.906 0.021 0.905 0.021 0.904
7 0.044 0.853 0.012 0.014 0.04 0.846 0.04 0.847 0.039 0.848 0.038 0.848 0.038 0.855 0.039 0.855 0.04 0.856 0.04 0.857 0.041 0.857 0.042 0.858 0.042 0.859 0.045 0.859 0.045 0.858 0.046 0.857 0.049 0.857 0.049 0.848 0.048 0.848 0.047 0.847 0.047 0.846
7 0.6 0.58 0.016 0.024 0.594 0.568 0.594 0.569 0.593 0.57 0.592 0.57 0.592 0.581 0.593 0.581 0.594 0.582 0.594 0.583 0.595 0.583 0.596 0.584 0.596 0.585 0.597 0.585 0.598 0.586 0.598 0.587 0.599 0.587 0.6 0.588 0.6 0.589 0.601 0.589 0.602 0.59 0.602 0.591 0.607 0.591 0.607 0.582 0.606 0.582 0.605 0.581 0.605 0.58 0.604 0.58 0.603 0.579 0.603 0.576 0.602 0.576 0.601 0.575 0.601 0.574 0.6 0.574 0.599 0.573 0.599 0.57 0.596 0.57 0.595 0.569 0.595 0.568
7 0.676 0.5 0.012 0.012 0.672 0.494 0.672 0.497 0.671 0.498 0.67 0.498 0.67 0.501 0.671 0.501 0.672 0.502 0.672 0.505 0.679 0.505 0.679 0.504 0.68 0.503 0.681 0.503 0.681 0.498 0.68 0.498 0.679 0.497 0.679 0.494
7 0.446 0.241 0.02 0.018000000000000002 0.44 0.232 0.44 0.233 0.439 0.234 0.438 0.234 0.438 0.235 0.437 0.236 0.436 0.236 0.436 0.243 0.437 0.243 0.438 0.244 0.438 0.245 0.439 0.245 0.44 0.246 0.44 0.247 0.445 0.247 0.446 0.248 0.446 0.249 0.449 0.249 0.449 0.248 0.45 0.247 0.451 0.247 0.451 0.246 0.452 0.245 0.453 0.245 0.453 0.244 0.454 0.243 0.455 0.243 0.455 0.234 0.452 0.234 0.451 0.233 0.451 0.232
5 0.148 0.899 0.02 0.014 0.144 0.892 0.144 0.893 0.143 0.894 0.138 0.894 0.138 0.903 0.139 0.903 0.14 0.904 0.14 0.905 0.155 0.905 0.155 0.9 0.156 0.899 0.157 0.899 0.157 0.896 0.156 0.896 0.155 0.895 0.155 0.894 0.154 0.894 0.153 0.893 0.153 0.892
5 0.521 0.136 0.026000000000000002 0.024 0.524 0.124 0.524 0.125 0.523 0.126 0.52 0.126 0.52 0.127 0.519 0.128 0.516 0.128 0.516 0.129 0.515 0.13 0.512 0.13 0.512 0.131 0.511 0.132 0.51 0.132 0.51 0.133 0.509 0.134 0.508 0.134 0.508 0.139 0.509 0.139 0.51 0.14 0.51 0.143 0.511 0.143 0.512 0.144 0.512 0.145 0.513 0.145 0.514 0.146 0.514 0.147 0.521 0.147 0.521 0.146 0.522 0.145 0.525 0.145 0.525 0.144 0.526 0.143 0.529 0.143 0.529 0.142 0.53 0.141 0.531 0.141 0.531 0.138 0.532 0.137 0.533 0.137 0.533 0.134 0.532 0.134 0.531 0.133 0.531 0.13 0.53 0.13 0.529 0.129 0.529 0.128 0.528 0.128 0.527 0.127 0.527 0.126 0.526 0.126 0.525 0.125 0.525 0.124
3 0.18 0.972 0.052000000000000005 0.056 0.168 0.944 0.168 0.945 0.167 0.946 0.166 0.946 0.166 0.947 0.165 0.948 0.164 0.948 0.164 0.949 0.163 0.95 0.16 0.95 0.16 0.951 0.159 0.952 0.158 0.952 0.158 0.959 0.157 0.96 0.156 0.96 0.156 0.967 0.155 0.968 0.154 0.968 0.154 0.999 0.205 0.999 0.205 0.998 0.204 0.998 0.203 0.997 0.203 0.992 0.202 0.992 0.201 0.991 0.201 0.986 0.2 0.986 0.199 0.985 0.199 0.982 0.198 0.982 0.197 0.981 0.197 0.978 0.196 0.978 0.195 0.977 0.195 0.974 0.194 0.974 0.193 0.973 0.193 0.97 0.192 0.97 0.191 0.969 0.191 0.966 0.19 0.966 0.189 0.965 0.189 0.962 0.188 0.962 0.187 0.961 0.187 0.958 0.186 0.958 0.185 0.957 0.185 0.956 0.184 0.956 0.183 0.955 0.183 0.952 0.182 0.952 0.181 0.951 0.181 0.95 0.18 0.95 0.179 0.949 0.179 0.948 0.178 0.948 0.177 0.947 0.177 0.946 0.174 0.946 0.173 0.945 0.173 0.944
0 0.839 0.647 0.058 0.062 0.838 0.616 0.838 0.617 0.837 0.618 0.834 0.618 0.834 0.619 0.833 0.62 0.828 0.62 0.828 0.621 0.827 0.622 0.824 0.622 0.824 0.623 0.823 0.624 0.82 0.624 0.82 0.625 0.819 0.626 0.816 0.626 0.816 0.627 0.815 0.628 0.812 0.628 0.812 0.629 0.811 0.63 0.81 0.63 0.81 0.637 0.811 0.637 0.812 0.638 0.812 0.643 0.813 0.643 0.814 0.644 0.814 0.649 0.815 0.649 0.816 0.65 0.816 0.655 0.817 0.655 0.818 0.656 0.818 0.661 0.819 0.661 0.82 0.662 0.82 0.663 0.821 0.663 0.822 0.664 0.822 0.667 0.823 0.667 0.824 0.668 0.824 0.671 0.825 0.671 0.826 0.672 0.826 0.673 0.827 0.673 0.828 0.674 0.828 0.677 0.839 0.677 0.839 0.676 0.84 0.675 0.843 0.675 0.843 0.674 0.844 0.673 0.849 0.673 0.849 0.672 0.85 0.671 0.853 0.671 0.853 0.67 0.854 0.669 0.857 0.669 0.857 0.668 0.858 0.667 0.863 0.667 0.863 0.666 0.864 0.665 0.865 0.665 0.865 0.664 0.866 0.663 0.867 0.663 0.867 0.656 0.866 0.656 0.865 0.655 0.865 0.652 0.864 0.652 0.863 0.651 0.863 0.646 0.862 0.646 0.861 0.645 0.861 0.642 0.86 0.642 0.859 0.641 0.859 0.638 0.858 0.638 0.857 0.637 0.857 0.636 0.856 0.636 0.855 0.635 0.855 0.632 0.854 0.632 0.853 0.631 0.853 0.628 0.852 0.628 0.851 0.627 0.851 0.624 0.85 0.624 0.849 0.623 0.849 0.62 0.848 0.62 0.847 0.619 0.847 0.616
4 0.091 0.8250000000000001 0.034 0.03 0.086 0.81 0.086 0.811 0.085 0.812 0.084 0.812 0.084 0.813 0.083 0.814 0.08 0.814 0.08 0.815 0.079 0.816 0.076 0.816 0.076 0.819 0.075 0.82 0.074 0.82 0.074 0.821 0.075 0.821 0.076 0.822 0.076 0.827 0.077 0.827 0.078 0.828 0.078 0.833 0.079 0.833 0.08 0.834 0.08 0.837 0.083 0.837 0.084 0.838 0.084 0.839 0.089 0.839 0.089 0.838 0.09 0.837 0.095 0.837 0.095 0.836 0.096 0.835 0.099 0.835 0.099 0.834 0.1 0.833 0.103 0.833 0.103 0.832 0.104 0.831 0.105 0.831 0.105 0.83 0.106 0.829 0.107 0.829 0.107 0.824 0.106 0.824 0.105 0.823 0.105 0.818 0.104 0.818 0.103 0.817 0.103 0.816 0.102 0.816 0.101 0.815 0.101 0.812 0.1 0.812 0.099 0.811 0.099 0.81
5 0.746 0.644 0.028 0.032 0.742 0.628 0.742 0.629 0.741 0.63 0.736 0.63 0.736 0.631 0.735 0.632 0.734 0.632 0.734 0.633 0.733 0.634 0.732 0.634 0.732 0.643 0.733 0.643 0.734 0.644 0.734 0.645 0.735 0.645 0.736 0.646 0.736 0.649 0.737 0.649 0.738 0.65 0.738 0.651 0.739 0.651 0.74 0.652 0.74 0.655 0.741 0.655 0.742 0.656 0.742 0.657 0.743 0.657 0.744 0.658 0.744 0.659 0.753 0.659 0.753 0.658 0.754 0.657 0.757 0.657 0.757 0.656 0.758 0.655 0.759 0.655 0.759 0.644 0.758 0.644 0.757 0.643 0.757 0.638 0.756 0.638 0.755 0.637 0.755 0.634 0.754 0.634 0.753 0.633 0.753 0.63 0.752 0.63 0.751 0.629 0.751 0.628
4 0.008 0.595 0.016 0.022 0.0 0.584 0.0 0.605 0.003 0.605 0.003 0.604 0.004 0.603 0.007 0.603 0.007 0.602 0.008 0.601 0.011 0.601 0.011 0.6 0.012 0.599 0.013 0.599 0.013 0.598 0.014 0.597 0.015 0.597 0.015 0.59 0.014 0.59 0.013 0.589 0.013 0.586 0.01 0.586 0.009 0.585 0.009 0.584
4 0.652 0.202 0.032 0.032 0.658 0.186 0.658 0.187 0.657 0.188 0.652 0.188 0.652 0.189 0.651 0.19 0.648 0.19 0.648 0.191 0.647 0.192 0.644 0.192 0.644 0.193 0.643 0.194 0.64 0.194 0.64 0.195 0.639 0.196 0.638 0.196 0.638 0.197 0.637 0.198 0.636 0.198 0.636 0.207 0.637 0.207 0.638 0.208 0.638 0.213 0.639 0.213 0.64 0.214 0.64 0.215 0.641 0.215 0.642 0.216 0.642 0.217 0.651 0.217 0.651 0.216 0.652 0.215 0.657 0.215 0.657 0.214 0.658 0.213 0.661 0.213 0.661 0.212 0.662 0.211 0.663 0.211 0.663 0.21 0.664 0.209 0.665 0.209 0.665 0.208 0.666 0.207 0.667 0.207 0.667 0.194 0.666 0.194 0.665 0.193 0.665 0.188 0.664 0.188 0.663 0.187 0.663 0.186
4 0.557 0.089 0.014 0.018000000000000002 0.552 0.08 0.552 0.081 0.551 0.082 0.55 0.082 0.55 0.089 0.551 0.089 0.552 0.09 0.552 0.093 0.553 0.093 0.554 0.094 0.554 0.095 0.555 0.095 0.556 0.096 0.556 0.097 0.561 0.097 0.561 0.094 0.562 0.093 0.563 0.093 0.563 0.084 0.562 0.084 0.561 0.083 0.561 0.082 0.56 0.082 0.559 0.081 0.559 0.08
0 0.10400000000000001 0.9540000000000001 0.092 0.07200000000000001 0.128 0.918 0.128 0.919 0.127 0.92 0.122 0.92 0.122 0.921 0.121 0.922 0.116 0.922 0.116 0.923 0.115 0.924 0.112 0.924 0.112 0.925 0.111 0.926 0.106 0.926 0.106 0.927 0.105 0.928 0.102 0.928 0.102 0.929 0.101 0.93 0.098 0.93 0.098 0.931 0.097 0.932 0.094 0.932 0.094 0.933 0.093 0.934 0.088 0.934 0.088 0.935 0.087 0.936 0.084 0.936 0.084 0.937 0.083 0.938 0.08 0.938 0.08 0.939 0.079 0.94 0.076 0.94 0.076 0.941 0.075 0.942 0.072 0.942 0.072 0.943 0.071 0.944 0.066 0.944 0.066 0.945 0.065 0.946 0.062 0.946 0.062 0.947 0.061 0.948 0.06 0.948 0.06 0.949 0.059 0.95 0.058 0.95 0.058 0.957 0.059 0.957 0.06 0.958 0.06 0.963 0.061 0.963 0.062 0.964 0.062 0.967 0.063 0.967 0.064 0.968 0.064 0.973 0.065 0.973 0.066 0.974 0.066 0.977 0.067 0.977 0.068 0.978 0.068 0.981 0.069 0.981 0.07 0.982 0.07 0.985 0.071 0.985 0.072 0.986 0.072 0.987 0.073 0.987 0.074 0.988 0.074 0.989 0.079 0.989 0.079 0.988 0.08 0.987 0.085 0.987 0.085 0.986 0.086 0.985 0.089 0.985 0.089 0.984 0.09 0.983 0.091 0.983 0.091 0.982 0.092 0.981 0.095 0.981 0.095 0.98 0.096 0.979 0.099 0.979 0.099 0.978 0.1 0.977 0.103 0.977 0.103 0.976 0.104 0.975 0.107 0.975 0.107 0.974 0.108 0.973 0.111 0.973 0.111 0.972 0.112 0.971 0.115 0.971 0.115 0.97 0.116 0.969 0.117 0.969 0.117 0.968 0.118 0.967 0.123 0.967 0.123 0.966 0.124 0.965 0.127 0.965 0.127 0.964 0.128 0.963 0.131 0.963 0.131 0.962 0.132 0.961 0.137 0.961 0.137 0.96 0.138 0.959 0.141 0.959 0.141 0.958 0.142 0.957 0.143 0.957 0.143 0.956 0.144 0.955 0.147 0.955 0.147 0.954 0.148 0.953 0.149 0.953 0.149 0.946 0.148 0.946 0.147 0.945 0.147 0.938 0.146 0.938 0.145 0.937 0.145 0.932 0.144 0.932 0.143 0.931 0.143 0.928 0.142 0.928 0.141 0.927 0.141 0.924 0.14 0.924 0.139 0.923 0.139 0.922 0.138 0.922 0.137 0.921 0.137 0.92 0.136 0.92 0.135 0.919 0.135 0.918
1 0.776 0.551 0.16 0.09 0.816 0.506 0.816 0.507 0.815 0.508 0.812 0.508 0.812 0.509 0.811 0.51 0.808 0.51 0.808 0.511 0.807 0.512 0.804 0.512 0.804 0.513 0.803 0.514 0.8 0.514 0.8 0.515 0.799 0.516 0.796 0.516 0.796 0.517 0.795 0.518 0.792 0.518 0.792 0.519 0.791 0.52 0.788 0.52 0.788 0.521 0.787 0.522 0.784 0.522 0.784 0.523 0.783 0.524 0.778 0.524 0.778 0.525 0.777 0.526 0.774 0.526 0.774 0.527 0.773 0.528 0.77 0.528 0.77 0.529 0.769 0.53 0.766 0.53 0.766 0.531 0.765 0.532 0.76 0.532 0.76 0.533 0.759 0.534 0.756 0.534 0.756 0.535 0.755 0.536 0.752 0.536 0.752 0.537 0.751 0.538 0.748 0.538 0.748 0.539 0.747 0.54 0.744 0.54 0.744 0.541 0.743 0.542 0.74 0.542 0.74 0.543 0.739 0.544 0.736 0.544 0.736 0.545 0.735 0.546 0.732 0.546 0.732 0.547 0.731 0.548 0.728 0.548 0.728 0.549 0.727 0.55 0.722 0.55 0.722 0.551 0.721 0.552 0.718 0.552 0.718 0.553 0.717 0.554 0.714 0.554 0.714 0.555 0.713 0.556 0.712 0.556 0.712 0.557 0.711 0.558 0.706 0.558 0.706 0.559 0.705 0.56 0.702 0.56 0.702 0.561 0.701 0.562 0.698 0.562 0.698 0.563 0.697 0.564 0.696 0.564 0.696 0.575 0.697 0.575 0.698 0.576 0.698 0.581 0.699 0.581 0.7 0.582 0.7 0.585 0.701 0.585 0.702 0.586 0.702 0.589 0.703 0.589 0.704 0.59 0.704 0.591 0.711 0.591 0.711 0.59 0.712 0.589 0.717 0.589 0.717 0.588 0.718 0.587 0.721 0.587 0.721 0.586 0.722 0.585 0.725 0.585 0.725 0.584 0.726 0.583 0.729 0.583 0.729 0.582 0.73 0.581 0.733 0.581 0.733 0.58 0.734 0.579 0.739 0.579 0.739 0.578 0.74 0.577 0.743 0.577 0.743 0.576 0.744 0.575 0.751 0.575 0.752 0.576 0.752 0.577 0.753 0.577 0.754 0.578 0.754 0.581 0.755 0.581 0.756 0.582 0.756 0.585 0.757 0.585 0.758 0.586 0.758 0.589 0.759 0.589 0.76 0.59 0.76 0.593 0.761 0.593 0.762 0.594 0.762 0.595 0.773 0.595 0.773 0.594 0.774 0.593 0.777 0.593 0.777 0.592 0.778 0.591 0.781 0.591 0.781 0.59 0.782 0.589 0.787 0.589 0.787 0.588 0.788 0.587 0.791 0.587 0.791 0.586 0.792 0.585 0.795 0.585 0.795 0.584 0.796 0.583 0.799 0.583 0.799 0.582 0.8 0.581 0.803 0.581 0.803 0.58 0.804 0.579 0.807 0.579 0.807 0.578 0.808 0.577 0.813 0.577 0.813 0.576 0.814 0.575 0.817 0.575 0.817 0.574 0.818 0.573 0.821 0.573 0.821 0.572 0.822 0.571 0.825 0.571 0.825 0.57 0.826 0.569 0.829 0.569 0.829 0.568 0.83 0.567 0.835 0.567 0.835 0.566 0.836 0.565 0.839 0.565 0.839 0.564 0.84 0.563 0.845 0.563 0.845 0.562 0.846 0.561 0.849 0.561 0.849 0.56 0.85 0.559 0.853 0.559 0.853 0.558 0.854 0.557 0.855 0.557 0.855 0.55 0.854 0.55 0.853 0.549 0.853 0.546 0.852 0.546 0.851 0.545 0.851 0.542 0.85 0.542 0.849 0.541 0.849 0.536 0.848 0.536 0.847 0.535 0.847 0.532 0.846 0.532 0.845 0.531 0.845 0.528 0.844 0.528 0.843 0.527 0.843 0.524 0.842 0.524 0.841 0.523 0.841 0.522 0.84 0.522 0.839 0.521 0.839 0.516 0.838 0.516 0.837 0.515 0.837 0.514 0.836 0.514 0.835 0.513 0.835 0.51 0.834 0.51 0.833 0.509 0.833 0.508 0.83 0.508 0.829 0.507 0.829 0.506
1 0.5750000000000001 0.6960000000000001 0.138 0.196 0.624 0.598 0.624 0.599 0.623 0.6 0.618 0.6 0.618 0.601 0.617 0.602 0.614 0.602 0.614 0.603 0.613 0.604 0.61 0.604 0.61 0.605 0.609 0.606 0.608 0.606 0.608 0.607 0.607 0.608 0.604 0.608 0.604 0.609 0.603 0.61 0.598 0.61 0.598 0.611 0.597 0.612 0.592 0.612 0.592 0.613 0.591 0.614 0.59 0.614 0.59 0.615 0.589 0.616 0.584 0.616 0.584 0.617 0.583 0.618 0.58 0.618 0.58 0.619 0.579 0.62 0.576 0.62 0.576 0.621 0.575 0.622 0.572 0.622 0.572 0.623 0.571 0.624 0.568 0.624 0.568 0.625 0.567 0.626 0.564 0.626 0.564 0.627 0.563 0.628 0.56 0.628 0.56 0.629 0.559 0.63 0.554 0.63 0.554 0.631 0.553 0.632 0.55 0.632 0.55 0.633 0.549 0.634 0.546 0.634 0.546 0.635 0.545 0.636 0.542 0.636 0.542 0.637 0.541 0.638 0.536 0.638 0.536 0.639 0.535 0.64 0.532 0.64 0.532 0.641 0.531 0.642 0.528 0.642 0.528 0.643 0.527 0.644 0.524 0.644 0.524 0.645 0.523 0.646 0.52 0.646 0.52 0.647 0.519 0.648 0.516 0.648 0.516 0.649 0.515 0.65 0.512 0.65 0.512 0.651 0.511 0.652 0.508 0.652 0.508 0.653 0.507 0.654 0.506 0.654 0.506 0.661 0.507 0.661 0.508 0.662 0.508 0.665 0.509 0.665 0.51 0.666 0.51 0.669 0.511 0.669 0.512 0.67 0.512 0.673 0.513 0.673 0.514 0.674 0.514 0.675 0.515 0.675 0.516 0.676 0.516 0.681 0.517 0.681 0.518 0.682 0.518 0.685 0.519 0.685 0.52 0.686 0.52 0.689 0.521 0.689 0.522 0.69 0.522 0.695 0.523 0.695 0.524 0.696 0.524 0.699 0.525 0.699 0.526 0.7 0.526 0.703 0.527 0.703 0.528 0.704 0.528 0.709 0.529 0.709 0.53 0.71 0.53 0.715 0.531 0.715 0.532 0.716 0.532 0.735 0.533 0.735 0.534 0.736 0.534 0.739 0.535 0.739 0.536 0.74 0.536 0.745 0.537 0.745 0.538 0.746 0.538 0.749 0.539 0.749 0.54 0.75 0.54 0.755 0.541 0.755 0.542 0.756 0.542 0.759 0.543 0.759 0.544 0.76 0.544 0.763 0.545 0.763 0.546 0.764 0.546 0.767 0.547 0.767 0.548 0.768 0.548 0.771 0.549 0.771 0.55 0.772 0.55 0.775 0.551 0.775 0.552 0.776 0.552 0.779 0.553 0.779 0.554 0.78 0.554 0.785 0.555 0.785 0.556 0.786 0.556 0.787 0.557 0.787 0.558 0.788 0.558 0.789 0.559 0.789 0.56 0.79 0.56 0.791 0.563 0.791 0.564 0.792 0.564 0.793 0.565 0.793 0.565 0.792 0.566 0.791 0.571 0.791 0.571 0.79 0.572 0.789 0.575 0.789 0.575 0.788 0.576 0.787 0.579 0.787 0.579 0.786 0.58 0.785 0.583 0.785 0.583 0.784 0.584 0.783 0.587 0.783 0.587 0.782 0.588 0.781 0.591 0.781 0.591 0.78 0.592 0.779 0.595 0.779 0.595 0.778 0.596 0.777 0.599 0.777 0.599 0.776 0.6 0.775 0.603 0.775 0.603 0.774 0.604 0.773 0.607 0.773 0.607 0.772 0.608 0.771 0.611 0.771 0.611 0.77 0.612 0.769 0.615 0.769 0.615 0.768 0.616 0.767 0.619 0.767 0.619 0.766 0.62 0.765 0.621 0.765 0.621 0.764 0.622 0.763 0.623 0.763 0.623 0.762 0.624 0.761 0.625 0.761 0.625 0.76 0.626 0.759 0.627 0.759 0.627 0.756 0.628 0.755 0.629 0.755 0.629 0.752 0.63 0.751 0.631 0.751 0.631 0.746 0.63 0.746 0.629 0.745 0.629 0.738 0.628 0.738 0.627 0.737 0.627 0.734 0.626 0.734 0.625 0.733 0.625 0.726 0.624 0.726 0.623 0.725 0.623 0.722 0.622 0.722 0.621 0.721 0.621 0.716 0.62 0.716 0.619 0.715 0.619 0.712 0.618 0.712 0.617 0.711 0.617 0.7 0.618 0.699 0.619 0.699 0.619 0.698 0.62 0.697 0.623 0.697 0.623 0.696 0.624 0.695 0.625 0.695 0.625 0.694 0.626 0.693 0.627 0.693 0.627 0.692 0.628 0.691 0.629 0.691 0.629 0.684 0.628 0.684 0.627 0.683 0.627 0.678 0.626 0.678 0.625 0.677 0.625 0.674 0.624 0.674 0.623 0.673 0.623 0.654 0.622 0.654 0.621 0.653 0.621 0.65 0.62 0.65 0.619 0.649 0.619 0.646 0.618 0.646 0.617 0.645 0.617 0.64 0.616 0.64 0.615 0.639 0.615 0.636 0.616 0.635 0.617 0.635 0.617 0.634 0.618 0.633 0.621 0.633 0.621 0.632 0.622 0.631 0.625 0.631 0.625 0.63 0.626 0.629 0.631 0.629 0.631 0.628 0.632 0.627 0.635 0.627 0.635 0.626 0.636 0.625 0.639 0.625 0.639 0.624 0.64 0.623 0.641 0.623 0.641 0.622 0.642 0.621 0.643 0.621 0.643 0.614 0.642 0.614 0.641 0.613 0.641 0.612 0.64 0.612 0.639 0.611 0.639 0.608 0.638 0.608 0.637 0.607 0.637 0.604 0.636 0.604 0.635 0.603 0.635 0.6 0.634 0.6 0.633 0.599 0.633 0.598
1 0.67 0.678 0.076 0.108 0.66 0.624 0.66 0.625 0.659 0.626 0.654 0.626 0.654 0.627 0.653 0.628 0.652 0.628 0.652 0.629 0.651 0.63 0.65 0.63 0.65 0.631 0.649 0.632 0.648 0.632 0.648 0.633 0.647 0.634 0.646 0.634 0.646 0.647 0.645 0.648 0.644 0.648 0.644 0.649 0.643 0.65 0.642 0.65 0.642 0.651 0.641 0.652 0.64 0.652 0.64 0.653 0.639 0.654 0.636 0.654 0.636 0.655 0.635 0.656 0.634 0.656 0.634 0.661 0.633 0.662 0.632 0.662 0.632 0.669 0.633 0.669 0.634 0.67 0.634 0.679 0.635 0.679 0.636 0.68 0.636 0.687 0.637 0.687 0.638 0.688 0.638 0.691 0.639 0.691 0.64 0.692 0.64 0.697 0.641 0.697 0.642 0.698 0.642 0.703 0.643 0.703 0.644 0.704 0.644 0.707 0.645 0.707 0.646 0.708 0.646 0.713 0.647 0.713 0.648 0.714 0.648 0.717 0.649 0.717 0.65 0.718 0.65 0.721 0.653 0.721 0.654 0.722 0.654 0.723 0.657 0.723 0.658 0.724 0.658 0.725 0.659 0.725 0.66 0.726 0.66 0.727 0.661 0.727 0.662 0.728 0.662 0.729 0.663 0.729 0.664 0.73 0.664 0.731 0.671 0.731 0.671 0.73 0.672 0.729 0.677 0.729 0.677 0.728 0.678 0.727 0.681 0.727 0.681 0.726 0.682 0.725 0.683 0.725 0.683 0.724 0.684 0.723 0.689 0.723 0.689 0.722 0.69 0.721 0.693 0.721 0.693 0.72 0.694 0.719 0.697 0.719 0.697 0.718 0.698 0.717 0.701 0.717 0.701 0.716 0.702 0.715 0.705 0.715 0.705 0.714 0.706 0.713 0.707 0.713 0.707 0.706 0.706 0.706 0.705 0.705 0.705 0.696 0.704 0.696 0.703 0.695 0.703 0.692 0.702 0.692 0.701 0.691 0.701 0.686 0.7 0.686 0.699 0.685 0.699 0.682 0.698 0.682 0.697 0.681 0.697 0.676 0.696 0.676 0.695 0.675 0.695 0.672 0.694 0.672 0.693 0.671 0.693 0.67 0.692 0.67 0.691 0.669 0.691 0.664 0.69 0.664 0.689 0.663 0.689 0.66 0.688 0.66 0.687 0.659 0.687 0.656 0.686 0.656 0.685 0.655 0.685 0.652 0.684 0.652 0.683 0.651 0.683 0.65 0.682 0.65 0.681 0.649 0.681 0.646 0.68 0.646 0.679 0.645 0.679 0.642 0.678 0.642 0.677 0.641 0.677 0.638 0.676 0.638 0.675 0.637 0.675 0.632 0.674 0.632 0.673 0.631 0.673 0.63 0.672 0.63 0.671 0.629 0.671 0.626 0.67 0.626 0.669 0.625 0.669 0.624
3 0.47700000000000004 0.151 0.21 0.17 0.524 0.066 0.524 0.067 0.523 0.068 0.52 0.068 0.52 0.069 0.519 0.07 0.514 0.07 0.514 0.071 0.513 0.072 0.51 0.072 0.51 0.073 0.509 0.074 0.504 0.074 0.504 0.075 0.503 0.076 0.498 0.076 0.498 0.077 0.497 0.078 0.494 0.078 0.494 0.079 0.493 0.08 0.49 0.08 0.49 0.081 0.489 0.082 0.486 0.082 0.486 0.083 0.485 0.084 0.48 0.084 0.48 0.085 0.479 0.086 0.476 0.086 0.476 0.087 0.475 0.088 0.472 0.088 0.472 0.089 0.471 0.09 0.468 0.09 0.468 0.091 0.467 0.092 0.462 0.092 0.462 0.093 0.461 0.094 0.46 0.094 0.46 0.095 0.459 0.096 0.454 0.096 0.454 0.097 0.453 0.098 0.45 0.098 0.45 0.099 0.449 0.1 0.446 0.1 0.446 0.101 0.445 0.102 0.442 0.102 0.442 0.103 0.441 0.104 0.438 0.104 0.438 0.105 0.437 0.106 0.434 0.106 0.434 0.107 0.433 0.108 0.428 0.108 0.428 0.109 0.427 0.11 0.424 0.11 0.424 0.111 0.423 0.112 0.42 0.112 0.42 0.113 0.419 0.114 0.416 0.114 0.416 0.115 0.415 0.116 0.412 0.116 0.412 0.117 0.411 0.118 0.406 0.118 0.406 0.119 0.405 0.12 0.402 0.12 0.402 0.121 0.401 0.122 0.398 0.122 0.398 0.123 0.397 0.124 0.396 0.124 0.396 0.125 0.395 0.126 0.392 0.126 0.392 0.127 0.391 0.128 0.388 0.128 0.388 0.129 0.387 0.13 0.384 0.13 0.384 0.131 0.383 0.132 0.38 0.132 0.38 0.133 0.379 0.134 0.376 0.134 0.376 0.135 0.375 0.136 0.372 0.136 0.372 0.145 0.373 0.145 0.374 0.146 0.374 0.149 0.375 0.149 0.376 0.15 0.376 0.153 0.377 0.153 0.378 0.154 0.378 0.157 0.379 0.157 0.38 0.158 0.38 0.161 0.381 0.161 0.382 0.162 0.382 0.165 0.383 0.165 0.384 0.166 0.384 0.169 0.385 0.169 0.386 0.17 0.386 0.173 0.387 0.173 0.388 0.174 0.388 0.177 0.389 0.177 0.39 0.178 0.39 0.181 0.391 0.181 0.392 0.182 0.392 0.185 0.393 0.185 0.394 0.186 0.394 0.189 0.395 0.189 0.396 0.19 0.396 0.193 0.397 0.193 0.398 0.194 0.398 0.197 0.399 0.197 0.4 0.198 0.4 0.201 0.401 0.201 0.402 0.202 0.402 0.205 0.403 0.205 0.404 0.206 0.404 0.211 0.405 0.211 0.406 0.212 0.406 0.215 0.407 0.215 0.408 0.216 0.408 0.219 0.409 0.219 0.41 0.22 0.41 0.221 0.411 0.221 0.412 0.222 0.412 0.225 0.413 0.225 0.414 0.226 0.414 0.229 0.415 0.229 0.416 0.23 0.416 0.233 0.417 0.233 0.418 0.234 0.418 0.235 0.427 0.235 0.427 0.234 0.428 0.233 0.431 0.233 0.431 0.232 0.432 0.231 0.435 0.231 0.435 0.23 0.436 0.229 0.439 0.229 0.439 0.228 0.44 0.227 0.443 0.227 0.443 0.226 0.444 0.225 0.445 0.225 0.445 0.224 0.446 0.223 0.449 0.223 0.449 0.222 0.45 0.221 0.455 0.221 0.455 0.22 0.456 0.219 0.459 0.219 0.459 0.218 0.46 0.217 0.463 0.217 0.463 0.216 0.464 0.215 0.467 0.215 0.467 0.214 0.468 0.213 0.471 0.213 0.471 0.212 0.472 0.211 0.475 0.211 0.475 0.21 0.476 0.209 0.479 0.209 0.479 0.208 0.48 0.207 0.483 0.207 0.483 0.206 0.484 0.205 0.487 0.205 0.487 0.204 0.488 0.203 0.491 0.203 0.491 0.202 0.492 0.201 0.495 0.201 0.495 0.2 0.496 0.199 0.501 0.199 0.501 0.198 0.502 0.197 0.505 0.197 0.505 0.196 0.506 0.195 0.511 0.195 0.511 0.194 0.512 0.193 0.515 0.193 0.515 0.192 0.516 0.191 0.519 0.191 0.519 0.19 0.52 0.189 0.523 0.189 0.523 0.188 0.524 0.187 0.527 0.187 0.527 0.186 0.528 0.185 0.531 0.185 0.531 0.184 0.532 0.183 0.535 0.183 0.535 0.182 0.536 0.181 0.539 0.181 0.539 0.18 0.54 0.179 0.543 0.179 0.543 0.178 0.544 0.177 0.547 0.177 0.547 0.176 0.548 0.175 0.551 0.175 0.551 0.174 0.552 0.173 0.555 0.173 0.555 0.172 0.556 0.171 0.557 0.171 0.557 0.17 0.558 0.169 0.563 0.169 0.563 0.168 0.564 0.167 0.567 0.167 0.567 0.166 0.568 0.165 0.571 0.165 0.571 0.164 0.572 0.163 0.573 0.163 0.573 0.162 0.574 0.161 0.579 0.161 0.579 0.16 0.58 0.159 0.581 0.159 0.581 0.15 0.58 0.15 0.579 0.149 0.579 0.144 0.578 0.144 0.577 0.143 0.577 0.14 0.576 0.14 0.575 0.139 0.575 0.136 0.574 0.136 0.573 0.135 0.573 0.132 0.572 0.132 0.571 0.131 0.571 0.128 0.57 0.128 0.569 0.127 0.569 0.126 0.568 0.126 0.567 0.125 0.567 0.122 0.566 0.122 0.565 0.121 0.565 0.118 0.564 0.118 0.563 0.117 0.563 0.114 0.562 0.114 0.561 0.113 0.561 0.112 0.56 0.112 0.559 0.111 0.559 0.108 0.558 0.108 0.557 0.107 0.557 0.104 0.556 0.104 0.555 0.103 0.555 0.1 0.554 0.1 0.553 0.099 0.553 0.098 0.552 0.098 0.551 0.097 0.551 0.094 0.55 0.094 0.549 0.093 0.549 0.09 0.548 0.09 0.547 0.089 0.547 0.084 0.546 0.084 0.545 0.083 0.545 0.082 0.544 0.082 0.543 0.081 0.543 0.076 0.542 0.076 0.541 0.075 0.541 0.072 0.54 0.072 0.539 0.071 0.539 0.07 0.538 0.07 0.537 0.069 0.537 0.068 0.534 0.068 0.533 0.067 0.533 0.066
3 0.5650000000000001 0.263 0.15 0.14200000000000002 0.54 0.192 0.54 0.193 0.539 0.194 0.522 0.194 0.522 0.195 0.521 0.196 0.52 0.196 0.52 0.197 0.519 0.198 0.518 0.198 0.518 0.201 0.517 0.202 0.516 0.202 0.516 0.205 0.515 0.206 0.514 0.206 0.514 0.211 0.513 0.212 0.512 0.212 0.512 0.215 0.511 0.216 0.51 0.216 0.51 0.221 0.509 0.222 0.508 0.222 0.508 0.225 0.507 0.226 0.506 0.226 0.506 0.229 0.505 0.23 0.504 0.23 0.504 0.233 0.503 0.234 0.502 0.234 0.502 0.237 0.501 0.238 0.5 0.238 0.5 0.241 0.499 0.242 0.498 0.242 0.498 0.245 0.497 0.246 0.496 0.246 0.496 0.251 0.495 0.252 0.494 0.252 0.494 0.255 0.493 0.256 0.492 0.256 0.492 0.257 0.491 0.258 0.49 0.258 0.49 0.281 0.491 0.281 0.492 0.282 0.492 0.289 0.493 0.289 0.494 0.29 0.494 0.295 0.495 0.295 0.496 0.296 0.496 0.299 0.497 0.299 0.498 0.3 0.498 0.305 0.499 0.305 0.5 0.306 0.5 0.307 0.501 0.307 0.502 0.308 0.502 0.309 0.503 0.309 0.504 0.31 0.504 0.311 0.505 0.311 0.506 0.312 0.506 0.313 0.507 0.313 0.508 0.314 0.508 0.317 0.509 0.317 0.51 0.318 0.51 0.321 0.511 0.321 0.512 0.322 0.512 0.327 0.513 0.327 0.514 0.328 0.514 0.333 0.521 0.333 0.521 0.332 0.522 0.331 0.525 0.331 0.525 0.33 0.526 0.329 0.535 0.329 0.535 0.328 0.536 0.327 0.539 0.327 0.539 0.326 0.54 0.325 0.545 0.325 0.545 0.324 0.546 0.323 0.551 0.323 0.551 0.322 0.552 0.321 0.555 0.321 0.555 0.32 0.556 0.319 0.559 0.319 0.559 0.318 0.56 0.317 0.563 0.317 0.563 0.316 0.564 0.315 0.567 0.315 0.567 0.314 0.568 0.313 0.571 0.313 0.571 0.312 0.572 0.311 0.575 0.311 0.575 0.31 0.576 0.309 0.579 0.309 0.579 0.308 0.58 0.307 0.583 0.307 0.583 0.306 0.584 0.305 0.587 0.305 0.587 0.304 0.588 0.303 0.591 0.303 0.591 0.302 0.592 0.301 0.595 0.301 0.595 0.3 0.596 0.299 0.597 0.299 0.597 0.298 0.598 0.297 0.601 0.297 0.601 0.296 0.602 0.295 0.603 0.295 0.603 0.294 0.604 0.293 0.607 0.293 0.607 0.292 0.608 0.291 0.611 0.291 0.611 0.29 0.612 0.289 0.615 0.289 0.615 0.288 0.616 0.287 0.619 0.287 0.619 0.286 0.62 0.285 0.625 0.285 0.625 0.284 0.626 0.283 0.629 0.283 0.629 0.282 0.63 0.281 0.633 0.281 0.633 0.28 0.634 0.279 0.635 0.279 0.635 0.278 0.636 0.277 0.639 0.277 0.639 0.262 0.638 0.262 0.637 0.261 0.637 0.258 0.636 0.258 0.635 0.257 0.635 0.254 0.634 0.254 0.633 0.253 0.633 0.25 0.632 0.25 0.631 0.249 0.631 0.246 0.63 0.246 0.629 0.245 0.629 0.242 0.628 0.242 0.627 0.241 0.627 0.238 0.626 0.238 0.625 0.237 0.625 0.234 0.624 0.234 0.623 0.233 0.623 0.232 0.622 0.232 0.621 0.231 0.621 0.228 0.62 0.228 0.619 0.227 0.619 0.226 0.618 0.226 0.617 0.225 0.617 0.224 0.616 0.224 0.615 0.223 0.615 0.222 0.614 0.222 0.613 0.221 0.613 0.22 0.612 0.22 0.611 0.219 0.611 0.218 0.61 0.218 0.609 0.217 0.609 0.216 0.608 0.216 0.607 0.215 0.607 0.214 0.606 0.214 0.605 0.213 0.605 0.212 0.602 0.212 0.601 0.211 0.601 0.21 0.598 0.21 0.597 0.209 0.597 0.208 0.592 0.208 0.591 0.207 0.591 0.206 0.588 0.206 0.587 0.205 0.587 0.204 0.58 0.204 0.579 0.203 0.579 0.202 0.572 0.202 0.571 0.201 0.571 0.2 0.566 0.2 0.565 0.199 0.565 0.198 0.56 0.198 0.559 0.197 0.559 0.196 0.554 0.196 0.553 0.195 0.553 0.194 0.542 0.194 0.541 0.193 0.541 0.192
