7 0.21 0.996 0.016 0.008 0.206 0.992 0.206 0.993 0.205 0.994 0.204 0.994 0.204 0.995 0.203 0.996 0.202 0.996 0.202 0.999 0.217 0.999 0.217 0.998 0.216 0.998 0.215 0.997 0.215 0.994 0.214 0.994 0.213 0.993 0.213 0.992
4 0.274 0.9450000000000001 0.024 0.022 0.27 0.934 0.27 0.935 0.269 0.936 0.268 0.936 0.268 0.937 0.267 0.938 0.266 0.938 0.266 0.939 0.265 0.94 0.264 0.94 0.264 0.941 0.263 0.942 0.262 0.942 0.262 0.943 0.263 0.943 0.264 0.944 0.264 0.945 0.265 0.945 0.266 0.946 0.266 0.947 0.267 0.947 0.268 0.948 0.268 0.949 0.271 0.949 0.272 0.95 0.272 0.951 0.273 0.951 0.274 0.952 0.274 0.953 0.275 0.953 0.276 0.954 0.276 0.955 0.277 0.955 0.277 0.954 0.278 0.953 0.279 0.953 0.279 0.952 0.28 0.951 0.281 0.951 0.281 0.95 0.282 0.949 0.283 0.949 0.283 0.948 0.284 0.947 0.285 0.947 0.285 0.946 0.284 0.946 0.283 0.945 0.283 0.944 0.282 0.944 0.281 0.943 0.281 0.942 0.28 0.942 0.279 0.941 0.279 0.94 0.276 0.94 0.275 0.939 0.275 0.938 0.274 0.938 0.273 0.937 0.273 0.936 0.272 0.936 0.271 0.935 0.271 0.934
7 0.121 0.8320000000000001 0.01 0.012 0.118 0.826 0.118 0.827 0.117 0.828 0.116 0.828 0.116 0.833 0.117 0.833 0.118 0.834 0.118 0.835 0.119 0.835 0.12 0.836 0.12 0.837 0.123 0.837 0.123 0.834 0.124 0.833 0.125 0.833 0.125 0.828 0.124 0.828 0.123 0.827 0.123 0.826
7 0.157 0.853 0.01 0.01 0.152 0.848 0.152 0.855 0.153 0.855 0.154 0.856 0.154 0.857 0.157 0.857 0.157 0.856 0.158 0.855 0.159 0.855 0.159 0.854 0.16 0.853 0.161 0.853 0.161 0.85 0.16 0.85 0.159 0.849 0.159 0.848
7 0.193 0.875 0.01 0.01 0.19 0.87 0.19 0.871 0.189 0.872 0.188 0.872 0.188 0.877 0.191 0.877 0.192 0.878 0.192 0.879 0.197 0.879 0.197 0.874 0.196 0.874 0.195 0.873 0.195 0.872 0.194 0.872 0.193 0.871 0.193 0.87
4 0.005 0.788 0.01 0.02 0.0 0.778 0.0 0.797 0.001 0.797 0.001 0.796 0.002 0.795 0.003 0.795 0.003 0.794 0.004 0.793 0.005 0.793 0.005 0.792 0.006 0.791 0.007 0.791 0.007 0.79 0.008 0.789 0.009 0.789 0.009 0.782 0.008 0.782 0.007 0.781 0.007 0.78 0.006 0.78 0.005 0.779 0.005 0.778
4 0.108 0.74 0.024 0.024 0.106 0.728 0.106 0.729 0.105 0.73 0.098 0.73 0.098 0.733 0.097 0.734 0.096 0.734 0.096 0.743 0.097 0.743 0.098 0.744 0.098 0.745 0.099 0.745 0.1 0.746 0.1 0.747 0.101 0.747 0.102 0.748 0.102 0.751 0.111 0.751 0.111 0.75 0.112 0.749 0.113 0.749 0.113 0.746 0.114 0.745 0.115 0.745 0.115 0.742 0.116 0.741 0.117 0.741 0.117 0.74 0.118 0.739 0.119 0.739 0.119 0.736 0.118 0.736 0.117 0.735 0.117 0.734 0.116 0.734 0.115 0.733 0.115 0.732 0.114 0.732 0.113 0.731 0.113 0.73 0.112 0.73 0.111 0.729 0.111 0.728
7 0.126 0.902 0.016 0.02 0.124 0.892 0.124 0.893 0.123 0.894 0.12 0.894 0.12 0.897 0.119 0.898 0.118 0.898 0.118 0.905 0.119 0.905 0.12 0.906 0.12 0.907 0.121 0.907 0.122 0.908 0.122 0.909 0.125 0.909 0.126 0.91 0.126 0.911 0.129 0.911 0.129 0.908 0.13 0.907 0.131 0.907 0.131 0.904 0.132 0.903 0.133 0.903 0.133 0.896 0.132 0.896 0.131 0.895 0.131 0.894 0.128 0.894 0.127 0.893 0.127 0.892
4 0.067 0.788 0.014 0.016 0.064 0.78 0.064 0.781 0.063 0.782 0.062 0.782 0.062 0.783 0.061 0.784 0.06 0.784 0.06 0.793 0.061 0.793 0.062 0.794 0.062 0.795 0.069 0.795 0.069 0.794 0.07 0.793 0.071 0.793 0.071 0.792 0.072 0.791 0.073 0.791 0.073 0.782 0.072 0.782 0.071 0.781 0.071 0.78
7 0.02 0.723 0.008 0.01 0.016 0.718 0.016 0.725 0.017 0.725 0.018 0.726 0.018 0.727 0.021 0.727 0.021 0.726 0.022 0.725 0.023 0.725 0.023 0.72 0.022 0.72 0.021 0.719 0.021 0.718
5 0.037 0.805 0.014 0.014 0.034 0.798 0.034 0.799 0.033 0.8 0.032 0.8 0.032 0.801 0.031 0.802 0.03 0.802 0.03 0.809 0.031 0.809 0.032 0.81 0.032 0.811 0.039 0.811 0.039 0.81 0.04 0.809 0.041 0.809 0.041 0.808 0.042 0.807 0.043 0.807 0.043 0.804 0.042 0.804 0.041 0.803 0.041 0.802 0.038 0.802 0.037 0.801 0.037 0.8 0.036 0.8 0.035 0.799 0.035 0.798
4 0.166 0.8270000000000001 0.024 0.022 0.16 0.816 0.16 0.817 0.159 0.818 0.158 0.818 0.158 0.819 0.157 0.82 0.156 0.82 0.156 0.827 0.155 0.828 0.154 0.828 0.154 0.829 0.157 0.829 0.158 0.83 0.158 0.831 0.161 0.831 0.162 0.832 0.162 0.833 0.163 0.833 0.164 0.834 0.164 0.835 0.167 0.835 0.168 0.836 0.168 0.837 0.175 0.837 0.175 0.836 0.176 0.835 0.177 0.835 0.177 0.818 0.172 0.818 0.171 0.817 0.171 0.816
4 0.23800000000000002 0.92 0.028 0.028 0.23 0.906 0.23 0.907 0.229 0.908 0.228 0.908 0.228 0.913 0.227 0.914 0.226 0.914 0.226 0.917 0.225 0.918 0.224 0.918 0.224 0.919 0.225 0.919 0.226 0.92 0.226 0.921 0.227 0.921 0.228 0.922 0.228 0.923 0.231 0.923 0.232 0.924 0.232 0.925 0.233 0.925 0.234 0.926 0.234 0.927 0.235 0.927 0.236 0.928 0.236 0.929 0.239 0.929 0.24 0.93 0.24 0.931 0.241 0.931 0.242 0.932 0.242 0.933 0.243 0.933 0.243 0.932 0.244 0.931 0.245 0.931 0.245 0.928 0.246 0.927 0.247 0.927 0.247 0.926 0.248 0.925 0.249 0.925 0.249 0.922 0.25 0.921 0.251 0.921 0.251 0.92 0.25 0.92 0.249 0.919 0.249 0.918 0.248 0.918 0.247 0.917 0.247 0.916 0.244 0.916 0.243 0.915 0.243 0.914 0.24 0.914 0.239 0.913 0.239 0.912 0.238 0.912 0.237 0.911 0.237 0.91 0.234 0.91 0.233 0.909 0.233 0.908 0.232 0.908 0.231 0.907 0.231 0.906
4 0.057 0.711 0.022 0.026000000000000002 0.06 0.698 0.06 0.699 0.059 0.7 0.05 0.7 0.05 0.701 0.049 0.702 0.048 0.702 0.048 0.703 0.047 0.704 0.046 0.704 0.046 0.711 0.047 0.711 0.048 0.712 0.048 0.717 0.051 0.717 0.052 0.718 0.052 0.719 0.053 0.719 0.054 0.72 0.054 0.721 0.057 0.721 0.058 0.722 0.058 0.723 0.059 0.723 0.059 0.722 0.06 0.721 0.061 0.721 0.061 0.72 0.062 0.719 0.063 0.719 0.063 0.716 0.064 0.715 0.065 0.715 0.065 0.712 0.066 0.711 0.067 0.711 0.067 0.71 0.066 0.71 0.065 0.709 0.065 0.702 0.064 0.702 0.063 0.701 0.063 0.7 0.062 0.7 0.061 0.699 0.061 0.698
4 0.045 0.8180000000000001 0.018000000000000002 0.012 0.04 0.812 0.04 0.813 0.039 0.814 0.038 0.814 0.038 0.815 0.037 0.816 0.036 0.816 0.036 0.821 0.037 0.821 0.038 0.822 0.038 0.823 0.049 0.823 0.049 0.822 0.05 0.821 0.051 0.821 0.051 0.82 0.052 0.819 0.053 0.819 0.053 0.814 0.052 0.814 0.051 0.813 0.051 0.812
