3 0.009000000000000001 0.425 0.018000000000000002 0.066 0.0 0.392 0.0 0.457 0.011 0.457 0.011 0.456 0.012 0.455 0.015 0.455 0.015 0.452 0.016 0.451 0.017 0.451 0.017 0.444 0.016 0.444 0.015 0.443 0.015 0.402 0.014 0.402 0.013 0.401 0.013 0.394 0.012 0.394 0.011 0.393 0.011 0.392
3 0.015 0.547 0.03 0.042 0.0 0.526 0.0 0.567 0.007 0.567 0.007 0.566 0.008 0.565 0.025 0.565 0.025 0.564 0.026 0.563 0.027 0.563 0.027 0.562 0.028 0.561 0.029 0.561 0.029 0.53 0.028 0.53 0.027 0.529 0.027 0.526
6 0.232 0.055 0.128 0.074 0.2 0.018 0.2 0.019 0.199 0.02 0.17 0.02 0.17 0.021 0.169 0.022 0.168 0.022 0.168 0.069 0.169 0.069 0.17 0.07 0.17 0.089 0.177 0.089 0.178 0.09 0.178 0.091 0.179 0.091 0.179 0.09 0.18 0.089 0.203 0.089 0.204 0.09 0.204 0.091 0.219 0.091 0.219 0.09 0.22 0.089 0.221 0.089 0.222 0.09 0.222 0.091 0.227 0.091 0.227 0.09 0.228 0.089 0.237 0.089 0.238 0.09 0.238 0.091 0.243 0.091 0.243 0.09 0.244 0.089 0.265 0.089 0.265 0.088 0.266 0.087 0.275 0.087 0.275 0.086 0.276 0.085 0.291 0.085 0.291 0.084 0.292 0.083 0.295 0.083 0.295 0.068 0.294 0.068 0.293 0.067 0.293 0.066 0.294 0.065 0.295 0.065 0.295 0.064 0.294 0.064 0.293 0.063 0.293 0.04 0.292 0.04 0.291 0.039 0.291 0.034 0.292 0.033 0.293 0.033 0.293 0.032 0.292 0.032 0.291 0.031 0.291 0.026 0.292 0.025 0.293 0.025 0.293 0.024 0.292 0.024 0.291 0.023 0.291 0.022 0.29 0.022 0.289 0.021 0.289 0.02 0.286 0.02 0.285 0.019 0.285 0.018 0.23 0.018 0.23 0.019 0.229 0.02 0.228 0.02 0.227 0.019 0.227 0.018 0.214 0.018 0.214 0.019 0.213 0.02 0.212 0.02 0.211 0.019 0.211 0.018 0.208 0.018 0.208 0.019 0.207 0.02 0.202 0.02 0.201 0.019 0.201 0.018
7 0.23700000000000002 0.398 0.01 0.012 0.234 0.392 0.234 0.393 0.233 0.394 0.232 0.394 0.232 0.403 0.239 0.403 0.239 0.402 0.24 0.401 0.241 0.401 0.241 0.396 0.24 0.396 0.239 0.395 0.239 0.392
7 0.615 0.387 0.01 0.01 0.612 0.382 0.612 0.383 0.611 0.384 0.61 0.384 0.61 0.389 0.611 0.389 0.612 0.39 0.612 0.391 0.617 0.391 0.617 0.39 0.618 0.389 0.619 0.389 0.619 0.384 0.618 0.384 0.617 0.383 0.617 0.382
4 0.587 0.5630000000000001 0.022 0.022 0.58 0.552 0.58 0.553 0.579 0.554 0.576 0.554 0.576 0.571 0.577 0.571 0.578 0.572 0.578 0.573 0.593 0.573 0.593 0.572 0.594 0.571 0.595 0.571 0.595 0.57 0.596 0.569 0.597 0.569 0.597 0.558 0.596 0.558 0.595 0.557 0.595 0.556 0.594 0.556 0.593 0.555 0.593 0.554 0.586 0.554 0.585 0.553 0.585 0.552
7 0.547 0.404 0.01 0.012 0.544 0.398 0.544 0.399 0.543 0.4 0.542 0.4 0.542 0.405 0.543 0.405 0.544 0.406 0.544 0.407 0.545 0.407 0.546 0.408 0.546 0.409 0.549 0.409 0.549 0.408 0.55 0.407 0.551 0.407 0.551 0.398
7 0.5720000000000001 0.41600000000000004 0.012 0.012 0.568 0.41 0.568 0.411 0.567 0.412 0.566 0.412 0.566 0.417 0.567 0.417 0.568 0.418 0.568 0.419 0.569 0.419 0.57 0.42 0.57 0.421 0.573 0.421 0.573 0.42 0.574 0.419 0.575 0.419 0.575 0.418 0.576 0.417 0.577 0.417 0.577 0.414 0.576 0.414 0.575 0.413 0.575 0.41
7 0.035 0.424 0.01 0.008 0.032 0.42 0.032 0.421 0.031 0.422 0.03 0.422 0.03 0.425 0.031 0.425 0.032 0.426 0.032 0.427 0.037 0.427 0.037 0.426 0.038 0.425 0.039 0.425 0.039 0.42
7 0.371 0.54 0.01 0.012 0.368 0.534 0.368 0.537 0.367 0.538 0.366 0.538 0.366 0.541 0.367 0.541 0.368 0.542 0.368 0.545 0.373 0.545 0.373 0.544 0.374 0.543 0.375 0.543 0.375 0.534
5 0.709 0.996 0.018000000000000002 0.008 0.706 0.994 0.706 0.995 0.705 0.996 0.702 0.996 0.702 0.997 0.701 0.998 0.7 0.998 0.7 0.999 0.717 0.999 0.717 0.996 0.716 0.996 0.715 0.995 0.715 0.994
4 0.136 0.541 0.016 0.018000000000000002 0.128 0.532 0.128 0.549 0.143 0.549 0.143 0.532
4 0.72 0.9460000000000001 0.02 0.02 0.714 0.936 0.714 0.937 0.713 0.938 0.71 0.938 0.71 0.949 0.711 0.949 0.712 0.95 0.712 0.951 0.713 0.951 0.714 0.952 0.714 0.953 0.721 0.953 0.722 0.954 0.722 0.955 0.727 0.955 0.727 0.954 0.728 0.953 0.729 0.953 0.729 0.936
4 0.746 0.991 0.024 0.018000000000000002 0.738 0.982 0.738 0.983 0.737 0.984 0.736 0.984 0.736 0.985 0.735 0.986 0.734 0.986 0.734 0.995 0.735 0.995 0.736 0.996 0.736 0.999 0.757 0.999 0.757 0.982
3 0.211 0.542 0.034 0.044 0.198 0.52 0.198 0.521 0.197 0.522 0.196 0.522 0.196 0.529 0.195 0.53 0.194 0.53 0.194 0.553 0.195 0.553 0.196 0.554 0.196 0.561 0.197 0.561 0.198 0.562 0.198 0.563 0.223 0.563 0.223 0.562 0.224 0.561 0.225 0.561 0.225 0.56 0.226 0.559 0.227 0.559 0.227 0.53 0.226 0.53 0.225 0.529 0.225 0.524 0.224 0.524 0.223 0.523 0.223 0.522 0.216 0.522 0.215 0.521 0.215 0.52
4 0.073 0.426 0.018000000000000002 0.02 0.066 0.416 0.066 0.417 0.065 0.418 0.064 0.418 0.064 0.429 0.065 0.429 0.066 0.43 0.066 0.433 0.067 0.433 0.068 0.434 0.068 0.435 0.079 0.435 0.079 0.434 0.08 0.433 0.081 0.433 0.081 0.418 0.078 0.418 0.077 0.417 0.077 0.416
4 0.601 0.41000000000000003 0.014 0.024 0.598 0.398 0.598 0.399 0.597 0.4 0.594 0.4 0.594 0.417 0.595 0.417 0.596 0.418 0.596 0.421 0.605 0.421 0.605 0.42 0.606 0.419 0.607 0.419 0.607 0.4 0.602 0.4 0.601 0.399 0.601 0.398
4 0.516 0.40700000000000003 0.012 0.022 0.512 0.396 0.512 0.397 0.511 0.398 0.51 0.398 0.51 0.413 0.511 0.413 0.512 0.414 0.512 0.417 0.519 0.417 0.519 0.416 0.52 0.415 0.521 0.415 0.521 0.396
4 0.387 0.40900000000000003 0.018000000000000002 0.018000000000000002 0.382 0.4 0.382 0.401 0.381 0.402 0.38 0.402 0.38 0.403 0.379 0.404 0.378 0.404 0.378 0.411 0.379 0.411 0.38 0.412 0.38 0.415 0.381 0.415 0.382 0.416 0.382 0.417 0.391 0.417 0.391 0.416 0.392 0.415 0.393 0.415 0.393 0.412 0.394 0.411 0.395 0.411 0.395 0.404 0.394 0.404 0.393 0.403 0.393 0.402 0.392 0.402 0.391 0.401 0.391 0.4
3 0.273 0.538 0.034 0.04 0.27 0.518 0.27 0.519 0.269 0.52 0.26 0.52 0.26 0.521 0.259 0.522 0.258 0.522 0.258 0.523 0.257 0.524 0.256 0.524 0.256 0.553 0.257 0.553 0.258 0.554 0.258 0.555 0.259 0.555 0.26 0.556 0.26 0.557 0.285 0.557 0.285 0.556 0.286 0.555 0.287 0.555 0.287 0.552 0.288 0.551 0.289 0.551 0.289 0.53 0.288 0.53 0.287 0.529 0.287 0.522 0.286 0.522 0.285 0.521 0.285 0.52 0.282 0.52 0.281 0.519 0.281 0.518
4 0.5660000000000001 0.014 0.028 0.02 0.556 0.004 0.556 0.005 0.555 0.006 0.554 0.006 0.554 0.007 0.553 0.008 0.552 0.008 0.552 0.019 0.553 0.019 0.554 0.02 0.554 0.023 0.577 0.023 0.577 0.022 0.578 0.021 0.579 0.021 0.579 0.006 0.574 0.006 0.573 0.005 0.573 0.004 0.57 0.004 0.57 0.005 0.569 0.006 0.568 0.006 0.567 0.005 0.567 0.004
5 0.10400000000000001 0.455 0.02 0.022 0.098 0.444 0.098 0.445 0.097 0.446 0.096 0.446 0.096 0.447 0.095 0.448 0.094 0.448 0.094 0.461 0.095 0.461 0.096 0.462 0.096 0.463 0.097 0.463 0.098 0.464 0.098 0.465 0.107 0.465 0.107 0.464 0.108 0.463 0.111 0.463 0.111 0.462 0.112 0.461 0.113 0.461 0.113 0.448 0.112 0.448 0.111 0.447 0.111 0.446 0.11 0.446 0.109 0.445 0.109 0.444
5 0.633 0.47700000000000004 0.018000000000000002 0.014 0.626 0.47 0.626 0.471 0.625 0.472 0.624 0.472 0.624 0.483 0.639 0.483 0.639 0.482 0.64 0.481 0.641 0.481 0.641 0.472 0.64 0.472 0.639 0.471 0.639 0.47
4 0.342 0.535 0.02 0.022 0.338 0.524 0.338 0.525 0.337 0.526 0.334 0.526 0.334 0.527 0.333 0.528 0.332 0.528 0.332 0.543 0.333 0.543 0.334 0.544 0.334 0.545 0.349 0.545 0.349 0.544 0.35 0.543 0.351 0.543 0.351 0.528 0.35 0.528 0.349 0.527 0.349 0.526 0.348 0.526 0.347 0.525 0.347 0.524
4 0.398 0.532 0.02 0.024 0.392 0.52 0.392 0.521 0.391 0.522 0.39 0.522 0.39 0.523 0.389 0.524 0.388 0.524 0.388 0.531 0.389 0.531 0.39 0.532 0.39 0.539 0.391 0.539 0.392 0.54 0.392 0.543 0.403 0.543 0.403 0.542 0.404 0.541 0.405 0.541 0.405 0.54 0.406 0.539 0.407 0.539 0.407 0.524 0.406 0.524 0.405 0.523 0.405 0.522 0.404 0.522 0.403 0.521 0.403 0.52
4 0.082 0.543 0.016 0.022 0.074 0.532 0.074 0.553 0.081 0.553 0.081 0.552 0.082 0.551 0.089 0.551 0.089 0.532
5 0.489 0.443 0.018000000000000002 0.022 0.49 0.432 0.49 0.433 0.489 0.434 0.48 0.434 0.48 0.451 0.481 0.451 0.482 0.452 0.482 0.453 0.495 0.453 0.495 0.452 0.496 0.451 0.497 0.451 0.497 0.434 0.494 0.434 0.493 0.433 0.493 0.432
5 0.361 0.445 0.018000000000000002 0.022 0.354 0.434 0.354 0.435 0.353 0.436 0.352 0.436 0.352 0.453 0.353 0.453 0.354 0.454 0.354 0.455 0.369 0.455 0.369 0.438 0.368 0.438 0.367 0.437 0.367 0.436 0.362 0.436 0.361 0.435 0.361 0.434
5 0.23500000000000001 0.451 0.018000000000000002 0.022 0.232 0.44 0.232 0.441 0.231 0.442 0.226 0.442 0.226 0.459 0.231 0.459 0.232 0.46 0.232 0.461 0.233 0.461 0.233 0.46 0.234 0.459 0.243 0.459 0.243 0.442 0.24 0.442 0.239 0.441 0.239 0.44
1 0.655 0.538 0.098 0.108 0.658 0.484 0.658 0.485 0.657 0.486 0.61 0.486 0.61 0.487 0.609 0.488 0.608 0.488 0.608 0.489 0.607 0.49 0.606 0.49 0.606 0.545 0.607 0.545 0.608 0.546 0.608 0.585 0.609 0.585 0.61 0.586 0.61 0.589 0.611 0.589 0.612 0.59 0.612 0.591 0.625 0.591 0.625 0.59 0.626 0.589 0.651 0.589 0.651 0.588 0.652 0.587 0.683 0.587 0.683 0.586 0.684 0.585 0.699 0.585 0.699 0.584 0.7 0.583 0.701 0.583 0.701 0.578 0.702 0.577 0.703 0.577 0.703 0.57 0.702 0.57 0.701 0.569 0.701 0.568 0.702 0.567 0.703 0.567 0.703 0.516 0.702 0.516 0.701 0.515 0.701 0.488 0.7 0.488 0.699 0.487 0.699 0.486 0.698 0.486 0.697 0.485 0.697 0.484
1 0.112 0.526 0.124 0.088 0.098 0.482 0.098 0.483 0.097 0.484 0.064 0.484 0.064 0.489 0.063 0.49 0.062 0.49 0.062 0.493 0.061 0.494 0.058 0.494 0.058 0.495 0.057 0.496 0.05 0.496 0.05 0.561 0.051 0.561 0.052 0.562 0.052 0.567 0.065 0.567 0.066 0.568 0.066 0.569 0.069 0.569 0.069 0.568 0.07 0.567 0.071 0.567 0.072 0.568 0.072 0.569 0.125 0.569 0.125 0.568 0.126 0.567 0.145 0.567 0.145 0.566 0.146 0.565 0.147 0.565 0.147 0.564 0.148 0.563 0.149 0.563 0.149 0.556 0.15 0.555 0.167 0.555 0.167 0.554 0.168 0.553 0.171 0.553 0.171 0.55 0.172 0.549 0.173 0.549 0.173 0.53 0.172 0.53 0.171 0.529 0.171 0.496 0.17 0.496 0.169 0.495 0.169 0.494 0.168 0.494 0.167 0.493 0.167 0.492 0.166 0.492 0.165 0.491 0.165 0.486 0.164 0.486 0.163 0.485 0.163 0.482
3 0.11800000000000001 0.423 0.064 0.058 0.124 0.394 0.124 0.395 0.123 0.396 0.096 0.396 0.096 0.397 0.095 0.398 0.088 0.398 0.088 0.399 0.087 0.4 0.086 0.4 0.086 0.413 0.087 0.413 0.088 0.414 0.088 0.417 0.089 0.417 0.09 0.418 0.09 0.421 0.091 0.421 0.092 0.422 0.092 0.423 0.093 0.423 0.094 0.424 0.094 0.425 0.095 0.425 0.096 0.426 0.096 0.427 0.097 0.427 0.098 0.428 0.098 0.431 0.099 0.431 0.1 0.432 0.1 0.433 0.101 0.433 0.102 0.434 0.102 0.437 0.103 0.437 0.104 0.438 0.104 0.439 0.105 0.439 0.106 0.44 0.106 0.441 0.107 0.441 0.108 0.442 0.108 0.443 0.111 0.443 0.112 0.444 0.112 0.445 0.113 0.445 0.114 0.446 0.114 0.449 0.115 0.449 0.116 0.45 0.116 0.451 0.121 0.451 0.121 0.45 0.122 0.449 0.125 0.449 0.125 0.448 0.126 0.447 0.127 0.447 0.127 0.446 0.128 0.445 0.129 0.445 0.129 0.444 0.13 0.443 0.131 0.443 0.131 0.442 0.132 0.441 0.133 0.441 0.133 0.44 0.134 0.439 0.137 0.439 0.137 0.438 0.138 0.437 0.139 0.437 0.139 0.436 0.14 0.435 0.141 0.435 0.141 0.434 0.142 0.433 0.143 0.433 0.143 0.432 0.144 0.431 0.147 0.431 0.147 0.428 0.148 0.427 0.149 0.427 0.149 0.41 0.148 0.41 0.147 0.409 0.147 0.4 0.146 0.4 0.145 0.399 0.145 0.396 0.14 0.396 0.139 0.395 0.139 0.394
7 0.295 0.41300000000000003 0.01 0.01 0.292 0.408 0.292 0.409 0.291 0.41 0.29 0.41 0.29 0.415 0.293 0.415 0.294 0.416 0.294 0.417 0.297 0.417 0.297 0.416 0.298 0.415 0.299 0.415 0.299 0.41 0.298 0.41 0.297 0.409 0.297 0.408
3 0.626 0.976 0.08 0.048 0.614 0.952 0.614 0.953 0.613 0.954 0.59 0.954 0.59 0.955 0.589 0.956 0.586 0.956 0.586 0.985 0.587 0.985 0.588 0.986 0.588 0.999 0.613 0.999 0.613 0.974 0.614 0.973 0.623 0.973 0.623 0.972 0.624 0.971 0.643 0.971 0.644 0.972 0.644 0.999 0.663 0.999 0.663 0.992 0.664 0.991 0.665 0.991 0.665 0.978 0.664 0.978 0.663 0.977 0.663 0.962 0.662 0.962 0.661 0.961 0.661 0.96 0.66 0.96 0.659 0.959 0.659 0.958 0.658 0.958 0.657 0.957 0.657 0.956 0.656 0.956 0.655 0.955 0.655 0.954 0.65 0.954 0.649 0.953 0.649 0.952
4 0.47200000000000003 0.533 0.036000000000000004 0.038 0.456 0.514 0.456 0.515 0.455 0.516 0.454 0.516 0.454 0.547 0.455 0.547 0.456 0.548 0.456 0.551 0.487 0.551 0.487 0.55 0.488 0.549 0.489 0.549 0.489 0.518 0.488 0.518 0.487 0.517 0.487 0.514
0 0.63 0.986 0.032 0.028 0.624 0.972 0.624 0.973 0.623 0.974 0.614 0.974 0.614 0.999 0.643 0.999 0.643 0.972
4 0.47200000000000003 0.405 0.016 0.018000000000000002 0.464 0.396 0.464 0.405 0.465 0.405 0.466 0.406 0.466 0.409 0.467 0.409 0.468 0.41 0.468 0.413 0.475 0.413 0.475 0.412 0.476 0.411 0.477 0.411 0.477 0.41 0.478 0.409 0.479 0.409 0.479 0.406 0.478 0.406 0.477 0.405 0.477 0.4 0.476 0.4 0.475 0.399 0.475 0.396
4 0.26 0.41300000000000003 0.016 0.018000000000000002 0.256 0.404 0.256 0.405 0.255 0.406 0.254 0.406 0.254 0.409 0.253 0.41 0.252 0.41 0.252 0.415 0.253 0.415 0.254 0.416 0.254 0.419 0.255 0.419 0.256 0.42 0.256 0.421 0.265 0.421 0.265 0.416 0.266 0.415 0.267 0.415 0.267 0.408 0.266 0.408 0.265 0.407 0.265 0.406 0.264 0.406 0.263 0.405 0.263 0.404
4 0.531 0.532 0.038 0.04 0.514 0.512 0.514 0.513 0.513 0.514 0.512 0.514 0.512 0.547 0.513 0.547 0.514 0.548 0.514 0.549 0.517 0.549 0.518 0.55 0.518 0.551 0.537 0.551 0.537 0.55 0.538 0.549 0.547 0.549 0.547 0.542 0.548 0.541 0.549 0.541 0.549 0.54 0.548 0.54 0.547 0.539 0.547 0.518 0.546 0.518 0.545 0.517 0.545 0.516 0.544 0.516 0.543 0.515 0.543 0.514 0.542 0.514 0.541 0.513 0.541 0.512
4 0.335 0.41000000000000003 0.018000000000000002 0.024 0.328 0.398 0.328 0.399 0.327 0.4 0.326 0.4 0.326 0.417 0.327 0.417 0.328 0.418 0.328 0.419 0.331 0.419 0.332 0.42 0.332 0.421 0.339 0.421 0.339 0.42 0.34 0.419 0.341 0.419 0.341 0.418 0.342 0.417 0.343 0.417 0.343 0.404 0.342 0.404 0.341 0.403 0.341 0.4 0.336 0.4 0.335 0.399 0.335 0.398
