4 0.196 0.796 0.024 0.028 0.192 0.782 0.192 0.783 0.191 0.784 0.19 0.784 0.19 0.785 0.189 0.786 0.188 0.786 0.188 0.789 0.187 0.79 0.186 0.79 0.186 0.795 0.185 0.796 0.184 0.796 0.184 0.803 0.185 0.803 0.186 0.804 0.186 0.805 0.187 0.805 0.188 0.806 0.188 0.807 0.195 0.807 0.196 0.808 0.196 0.809 0.203 0.809 0.203 0.808 0.204 0.807 0.205 0.807 0.205 0.804 0.206 0.803 0.207 0.803 0.207 0.784 0.202 0.784 0.201 0.783 0.201 0.782
7 0.377 0.8160000000000001 0.018000000000000002 0.028 0.37 0.802 0.37 0.803 0.369 0.804 0.368 0.804 0.368 0.807 0.369 0.807 0.37 0.808 0.37 0.809 0.373 0.809 0.374 0.81 0.374 0.811 0.375 0.811 0.376 0.812 0.376 0.829 0.377 0.829 0.377 0.828 0.378 0.827 0.379 0.827 0.379 0.826 0.38 0.825 0.381 0.825 0.381 0.824 0.382 0.823 0.383 0.823 0.383 0.818 0.384 0.817 0.385 0.817 0.385 0.812 0.384 0.812 0.383 0.811 0.383 0.806 0.38 0.806 0.379 0.805 0.379 0.804 0.376 0.804 0.375 0.803 0.375 0.802
3 0.012 0.771 0.024 0.074 0.0 0.734 0.0 0.807 0.003 0.807 0.003 0.806 0.004 0.805 0.005 0.805 0.005 0.804 0.006 0.803 0.007 0.803 0.007 0.8 0.008 0.799 0.009 0.799 0.009 0.796 0.01 0.795 0.011 0.795 0.011 0.788 0.012 0.787 0.013 0.787 0.013 0.78 0.014 0.779 0.015 0.779 0.015 0.772 0.016 0.771 0.017 0.771 0.017 0.766 0.018 0.765 0.019 0.765 0.019 0.758 0.02 0.757 0.021 0.757 0.021 0.752 0.022 0.751 0.023 0.751 0.023 0.746 0.022 0.746 0.021 0.745 0.021 0.742 0.018 0.742 0.017 0.741 0.017 0.74 0.014 0.74 0.013 0.739 0.013 0.738 0.01 0.738 0.009 0.737 0.009 0.736 0.004 0.736 0.003 0.735 0.003 0.734
4 0.459 0.913 0.022 0.022 0.452 0.902 0.452 0.903 0.451 0.904 0.45 0.904 0.45 0.905 0.449 0.906 0.448 0.906 0.448 0.919 0.449 0.919 0.45 0.92 0.45 0.923 0.463 0.923 0.463 0.922 0.464 0.921 0.467 0.921 0.467 0.918 0.468 0.917 0.469 0.917 0.469 0.91 0.468 0.91 0.467 0.909 0.467 0.904 0.466 0.904 0.465 0.903 0.465 0.902
5 0.611 0.505 0.022 0.026000000000000002 0.61 0.492 0.61 0.493 0.609 0.494 0.604 0.494 0.604 0.495 0.603 0.496 0.602 0.496 0.602 0.501 0.601 0.502 0.6 0.502 0.6 0.507 0.601 0.507 0.602 0.508 0.602 0.513 0.603 0.513 0.604 0.514 0.604 0.515 0.609 0.515 0.61 0.516 0.61 0.517 0.611 0.517 0.611 0.516 0.612 0.515 0.617 0.515 0.617 0.514 0.618 0.513 0.619 0.513 0.619 0.512 0.62 0.511 0.621 0.511 0.621 0.496 0.618 0.496 0.617 0.495 0.617 0.494 0.612 0.494 0.611 0.493 0.611 0.492
5 0.432 0.856 0.016 0.02 0.424 0.846 0.424 0.863 0.425 0.863 0.426 0.864 0.426 0.865 0.435 0.865 0.435 0.864 0.436 0.863 0.439 0.863 0.439 0.85 0.438 0.85 0.437 0.849 0.437 0.846
5 0.044 0.654 0.016 0.02 0.044 0.644 0.044 0.645 0.043 0.646 0.04 0.646 0.04 0.647 0.039 0.648 0.038 0.648 0.038 0.649 0.037 0.65 0.036 0.65 0.036 0.659 0.037 0.659 0.038 0.66 0.038 0.661 0.041 0.661 0.042 0.662 0.042 0.663 0.047 0.663 0.047 0.662 0.048 0.661 0.049 0.661 0.049 0.66 0.05 0.659 0.051 0.659 0.051 0.65 0.048 0.65 0.047 0.649 0.047 0.648 0.046 0.648 0.045 0.647 0.045 0.644
3 0.06 0.783 0.092 0.10200000000000001 0.08 0.732 0.08 0.733 0.079 0.734 0.078 0.734 0.078 0.735 0.077 0.736 0.074 0.736 0.074 0.737 0.073 0.738 0.072 0.738 0.072 0.739 0.071 0.74 0.07 0.74 0.07 0.741 0.069 0.742 0.068 0.742 0.068 0.743 0.067 0.744 0.064 0.744 0.064 0.745 0.063 0.746 0.062 0.746 0.062 0.747 0.061 0.748 0.06 0.748 0.06 0.749 0.059 0.75 0.058 0.75 0.058 0.751 0.057 0.752 0.056 0.752 0.056 0.753 0.055 0.754 0.054 0.754 0.054 0.755 0.053 0.756 0.052 0.756 0.052 0.757 0.051 0.758 0.05 0.758 0.05 0.759 0.049 0.76 0.046 0.76 0.046 0.761 0.045 0.762 0.044 0.762 0.044 0.763 0.043 0.764 0.042 0.764 0.042 0.765 0.041 0.766 0.04 0.766 0.04 0.767 0.039 0.768 0.038 0.768 0.038 0.769 0.037 0.77 0.034 0.77 0.034 0.771 0.033 0.772 0.032 0.772 0.032 0.773 0.031 0.774 0.03 0.774 0.03 0.775 0.029 0.776 0.028 0.776 0.028 0.777 0.027 0.778 0.026 0.778 0.026 0.779 0.025 0.78 0.024 0.78 0.024 0.781 0.023 0.782 0.022 0.782 0.022 0.783 0.021 0.784 0.02 0.784 0.02 0.785 0.019 0.786 0.018 0.786 0.018 0.789 0.017 0.79 0.016 0.79 0.016 0.791 0.015 0.792 0.014 0.792 0.014 0.799 0.017 0.799 0.018 0.8 0.018 0.801 0.023 0.801 0.024 0.802 0.024 0.803 0.025 0.803 0.026 0.804 0.026 0.805 0.033 0.805 0.034 0.806 0.034 0.807 0.039 0.807 0.04 0.808 0.04 0.809 0.043 0.809 0.044 0.81 0.044 0.811 0.049 0.811 0.05 0.812 0.05 0.813 0.061 0.813 0.062 0.814 0.062 0.815 0.067 0.815 0.068 0.816 0.068 0.817 0.073 0.817 0.074 0.818 0.074 0.819 0.077 0.819 0.078 0.82 0.078 0.821 0.081 0.821 0.082 0.822 0.082 0.823 0.085 0.823 0.086 0.824 0.086 0.825 0.089 0.825 0.09 0.826 0.09 0.827 0.091 0.827 0.092 0.828 0.092 0.829 0.095 0.829 0.096 0.83 0.096 0.831 0.101 0.831 0.102 0.832 0.102 0.833 0.103 0.833 0.103 0.83 0.104 0.829 0.105 0.829 0.105 0.826 0.104 0.826 0.103 0.825 0.103 0.806 0.102 0.806 0.101 0.805 0.101 0.794 0.1 0.794 0.099 0.793 0.099 0.782 0.098 0.782 0.097 0.781 0.097 0.768 0.096 0.768 0.095 0.767 0.095 0.758 0.094 0.758 0.093 0.757 0.093 0.746 0.092 0.746 0.091 0.745 0.091 0.734 0.09 0.734 0.089 0.733 0.089 0.732
5 0.371 0.863 0.014 0.018000000000000002 0.364 0.854 0.364 0.867 0.365 0.867 0.366 0.868 0.366 0.871 0.377 0.871 0.377 0.856 0.374 0.856 0.373 0.855 0.373 0.854
7 0.776 0.618 0.044 0.036000000000000004 0.76 0.6 0.76 0.601 0.759 0.602 0.758 0.602 0.758 0.603 0.757 0.604 0.756 0.604 0.756 0.613 0.755 0.614 0.754 0.614 0.754 0.617 0.755 0.617 0.756 0.618 0.756 0.621 0.755 0.622 0.754 0.622 0.754 0.623 0.755 0.623 0.756 0.624 0.756 0.631 0.757 0.631 0.758 0.632 0.758 0.633 0.767 0.633 0.768 0.634 0.768 0.635 0.785 0.635 0.785 0.634 0.786 0.633 0.795 0.633 0.795 0.632 0.796 0.631 0.797 0.631 0.797 0.624 0.796 0.624 0.795 0.623 0.795 0.62 0.794 0.62 0.793 0.619 0.793 0.61 0.792 0.61 0.791 0.609 0.791 0.608 0.79 0.608 0.789 0.607 0.789 0.606 0.788 0.606 0.787 0.605 0.787 0.604 0.786 0.604 0.785 0.603 0.785 0.602 0.784 0.602 0.783 0.601 0.783 0.6
