4 0.717 0.013000000000000001 0.026000000000000002 0.014 0.706 0.006 0.706 0.007 0.705 0.008 0.704 0.008 0.704 0.017 0.705 0.017 0.706 0.018 0.706 0.019 0.725 0.019 0.725 0.018 0.726 0.017 0.729 0.017 0.729 0.006
2 0.112 0.929 0.188 0.14200000000000002 0.02 0.858 0.02 0.859 0.019 0.86 0.018 0.86 0.018 0.865 0.019 0.865 0.02 0.866 0.02 0.905 0.019 0.906 0.018 0.906 0.018 0.909 0.019 0.909 0.02 0.91 0.02 0.911 0.021 0.911 0.022 0.912 0.022 0.913 0.035 0.913 0.036 0.914 0.036 0.915 0.039 0.915 0.039 0.914 0.04 0.913 0.047 0.913 0.047 0.912 0.048 0.911 0.059 0.911 0.06 0.912 0.06 0.913 0.063 0.913 0.064 0.914 0.064 0.915 0.065 0.915 0.066 0.916 0.066 0.919 0.067 0.919 0.068 0.92 0.068 0.923 0.069 0.923 0.07 0.924 0.07 0.929 0.071 0.929 0.072 0.93 0.072 0.933 0.073 0.933 0.074 0.934 0.074 0.937 0.075 0.937 0.076 0.938 0.076 0.941 0.077 0.941 0.078 0.942 0.078 0.947 0.079 0.947 0.08 0.948 0.08 0.951 0.081 0.951 0.082 0.952 0.082 0.957 0.083 0.957 0.084 0.958 0.084 0.959 0.085 0.959 0.086 0.96 0.086 0.961 0.087 0.961 0.088 0.962 0.088 0.965 0.089 0.965 0.09 0.966 0.09 0.971 0.091 0.971 0.092 0.972 0.092 0.975 0.093 0.975 0.094 0.976 0.094 0.979 0.095 0.979 0.096 0.98 0.096 0.983 0.097 0.983 0.098 0.984 0.098 0.987 0.099 0.987 0.1 0.988 0.1 0.991 0.101 0.991 0.102 0.992 0.102 0.995 0.103 0.995 0.104 0.996 0.104 0.999 0.197 0.999 0.197 0.996 0.198 0.995 0.199 0.995 0.199 0.994 0.2 0.993 0.201 0.993 0.201 0.99 0.202 0.989 0.203 0.989 0.203 0.986 0.204 0.985 0.205 0.985 0.205 0.972 0.204 0.972 0.203 0.971 0.203 0.97 0.202 0.97 0.201 0.969 0.201 0.968 0.2 0.968 0.199 0.967 0.199 0.966 0.198 0.966 0.197 0.965 0.197 0.964 0.194 0.964 0.193 0.963 0.193 0.962 0.192 0.962 0.191 0.961 0.191 0.96 0.19 0.96 0.189 0.959 0.189 0.958 0.188 0.958 0.187 0.957 0.187 0.956 0.186 0.956 0.185 0.955 0.185 0.954 0.182 0.954 0.181 0.953 0.181 0.952 0.178 0.952 0.177 0.951 0.177 0.95 0.174 0.95 0.173 0.949 0.173 0.948 0.172 0.948 0.171 0.947 0.171 0.946 0.17 0.946 0.169 0.945 0.169 0.944 0.168 0.944 0.167 0.943 0.167 0.942 0.166 0.942 0.165 0.941 0.165 0.94 0.164 0.94 0.163 0.939 0.163 0.938 0.162 0.938 0.161 0.937 0.161 0.936 0.16 0.936 0.159 0.935 0.159 0.934 0.156 0.934 0.155 0.933 0.155 0.93 0.154 0.93 0.153 0.929 0.153 0.928 0.152 0.928 0.151 0.927 0.151 0.926 0.15 0.926 0.149 0.925 0.149 0.924 0.148 0.924 0.147 0.923 0.147 0.92 0.146 0.92 0.145 0.919 0.145 0.916 0.144 0.916 0.143 0.915 0.143 0.912 0.142 0.912 0.141 0.911 0.141 0.908 0.14 0.908 0.139 0.907 0.139 0.904 0.138 0.904 0.137 0.903 0.137 0.9 0.136 0.9 0.135 0.899 0.135 0.896 0.134 0.896 0.133 0.895 0.133 0.892 0.132 0.892 0.131 0.891 0.131 0.886 0.13 0.886 0.129 0.885 0.129 0.88 0.128 0.88 0.127 0.879 0.127 0.874 0.126 0.874 0.125 0.873 0.125 0.87 0.124 0.87 0.123 0.869 0.123 0.866 0.12 0.866 0.119 0.865 0.119 0.864 0.098 0.864 0.097 0.863 0.097 0.862 0.072 0.862 0.071 0.861 0.071 0.86 0.048 0.86 0.047 0.859 0.047 0.858
4 0.299 0.506 0.022 0.036000000000000004 0.294 0.488 0.294 0.489 0.293 0.49 0.292 0.49 0.292 0.493 0.291 0.494 0.29 0.494 0.29 0.511 0.289 0.512 0.288 0.512 0.288 0.521 0.289 0.521 0.29 0.522 0.29 0.523 0.305 0.523 0.305 0.522 0.306 0.521 0.307 0.521 0.307 0.516 0.308 0.515 0.309 0.515 0.309 0.49 0.306 0.49 0.305 0.489 0.305 0.488
2 0.503 0.581 0.126 0.03 0.554 0.586 0.554 0.589 0.557 0.589 0.557 0.586
7 0.017 0.97 0.01 0.012 0.016 0.964 0.016 0.965 0.015 0.966 0.014 0.966 0.014 0.967 0.013 0.968 0.012 0.968 0.012 0.975 0.021 0.975 0.021 0.966 0.018 0.966 0.017 0.965 0.017 0.964
2 0.9590000000000001 0.616 0.082 0.032 0.926 0.6 0.926 0.601 0.925 0.602 0.924 0.602 0.924 0.607 0.923 0.608 0.922 0.608 0.921 0.607 0.921 0.604 0.92 0.604 0.92 0.607 0.919 0.608 0.918 0.608 0.918 0.623 0.919 0.623 0.92 0.624 0.92 0.625 0.941 0.625 0.942 0.626 0.942 0.627 0.959 0.627 0.96 0.628 0.96 0.629 0.981 0.629 0.982 0.63 0.982 0.631 0.999 0.631 0.999 0.606 0.986 0.606 0.985 0.605 0.985 0.604 0.97 0.604 0.969 0.603 0.969 0.602 0.94 0.602 0.939 0.601 0.939 0.6
2 0.057 0.838 0.114 0.056 0.0 0.81 0.0 0.865 0.003 0.865 0.003 0.864 0.004 0.863 0.009 0.863 0.009 0.862 0.01 0.861 0.013 0.861 0.013 0.86 0.014 0.859 0.015 0.859 0.015 0.858 0.016 0.857 0.047 0.857 0.048 0.858 0.048 0.859 0.071 0.859 0.072 0.86 0.072 0.861 0.097 0.861 0.098 0.862 0.098 0.863 0.111 0.863 0.111 0.862 0.112 0.861 0.113 0.861 0.113 0.854 0.112 0.854 0.111 0.853 0.111 0.85 0.11 0.85 0.109 0.849 0.109 0.846 0.108 0.846 0.107 0.845 0.107 0.84 0.106 0.84 0.105 0.839 0.105 0.836 0.104 0.836 0.103 0.835 0.103 0.83 0.102 0.83 0.101 0.829 0.101 0.826 0.1 0.826 0.099 0.825 0.099 0.824 0.098 0.824 0.097 0.823 0.097 0.822 0.096 0.822 0.095 0.821 0.095 0.82 0.09 0.82 0.089 0.819 0.089 0.818 0.072 0.818 0.071 0.817 0.071 0.816 0.066 0.816 0.065 0.815 0.065 0.814 0.048 0.814 0.047 0.813 0.047 0.812 0.026 0.812 0.025 0.811 0.025 0.81
4 0.528 0.009000000000000001 0.02 0.018000000000000002 0.522 0.0 0.522 0.001 0.521 0.002 0.52 0.002 0.52 0.003 0.519 0.004 0.518 0.004 0.518 0.011 0.519 0.011 0.52 0.012 0.52 0.013 0.521 0.013 0.522 0.014 0.522 0.015 0.525 0.015 0.526 0.016 0.526 0.017 0.531 0.017 0.531 0.016 0.532 0.015 0.535 0.015 0.535 0.012 0.536 0.011 0.537 0.011 0.537 0.008 0.536 0.008 0.535 0.007 0.535 0.004 0.534 0.004 0.533 0.003 0.533 0.002 0.532 0.002 0.531 0.001 0.531 0.0
7 0.383 0.427 0.01 0.01 0.378 0.422 0.378 0.431 0.385 0.431 0.385 0.428 0.386 0.427 0.387 0.427 0.387 0.426 0.386 0.426 0.385 0.425 0.385 0.422
7 0.422 0.425 0.008 0.014 0.418 0.418 0.418 0.427 0.419 0.427 0.42 0.428 0.42 0.431 0.425 0.431 0.425 0.418
2 0.326 0.5650000000000001 0.116 0.03 0.274 0.55 0.274 0.551 0.273 0.552 0.268 0.552 0.268 0.565 0.269 0.565 0.27 0.566 0.27 0.569 0.281 0.569 0.282 0.57 0.282 0.571 0.311 0.571 0.312 0.572 0.312 0.573 0.321 0.573 0.322 0.574 0.322 0.575 0.337 0.575 0.338 0.576 0.338 0.577 0.365 0.577 0.366 0.578 0.366 0.579 0.375 0.579 0.375 0.578 0.376 0.577 0.377 0.577 0.377 0.572 0.378 0.571 0.379 0.571 0.379 0.568 0.38 0.567 0.381 0.567 0.381 0.566 0.382 0.565 0.383 0.565 0.383 0.564 0.382 0.564 0.381 0.563 0.381 0.562 0.378 0.562 0.377 0.561 0.377 0.56 0.368 0.56 0.367 0.559 0.367 0.558 0.35 0.558 0.349 0.557 0.349 0.556 0.326 0.556 0.325 0.555 0.325 0.554 0.304 0.554 0.303 0.553 0.303 0.552 0.282 0.552 0.281 0.551 0.281 0.55
4 0.515 0.53 0.022 0.032 0.508 0.514 0.508 0.517 0.507 0.518 0.506 0.518 0.506 0.523 0.505 0.524 0.504 0.524 0.504 0.543 0.509 0.543 0.51 0.544 0.51 0.545 0.521 0.545 0.521 0.544 0.522 0.543 0.525 0.543 0.525 0.516 0.524 0.516 0.523 0.515 0.523 0.514
4 0.985 0.559 0.03 0.034 0.974 0.542 0.974 0.543 0.973 0.544 0.972 0.544 0.972 0.557 0.971 0.558 0.97 0.558 0.97 0.573 0.971 0.573 0.972 0.574 0.972 0.575 0.999 0.575 0.999 0.548 0.992 0.548 0.991 0.547 0.991 0.546 0.986 0.546 0.985 0.545 0.985 0.544 0.98 0.544 0.979 0.543 0.979 0.542
7 0.405 0.421 0.01 0.014 0.4 0.414 0.4 0.425 0.403 0.425 0.404 0.426 0.404 0.427 0.405 0.427 0.405 0.426 0.406 0.425 0.409 0.425 0.409 0.416 0.408 0.416 0.407 0.415 0.407 0.414
