7 0.468 0.448 0.016 0.02 0.464 0.438 0.464 0.441 0.463 0.442 0.462 0.442 0.462 0.445 0.461 0.446 0.46 0.446 0.46 0.453 0.461 0.453 0.462 0.454 0.462 0.455 0.467 0.455 0.468 0.456 0.468 0.457 0.471 0.457 0.471 0.456 0.472 0.455 0.473 0.455 0.473 0.454 0.474 0.453 0.475 0.453 0.475 0.446 0.474 0.446 0.473 0.445 0.473 0.442 0.472 0.442 0.471 0.441 0.471 0.44 0.468 0.44 0.467 0.439 0.467 0.438
4 0.912 0.597 0.012 0.018000000000000002 0.908 0.588 0.908 0.589 0.907 0.59 0.906 0.59 0.906 0.603 0.907 0.603 0.908 0.604 0.908 0.605 0.917 0.605 0.917 0.588
4 0.977 0.602 0.01 0.016 0.974 0.594 0.974 0.595 0.973 0.596 0.972 0.596 0.972 0.607 0.973 0.607 0.974 0.608 0.974 0.609 0.979 0.609 0.979 0.608 0.98 0.607 0.981 0.607 0.981 0.596 0.98 0.596 0.979 0.595 0.979 0.594
5 0.268 0.219 0.016 0.01 0.262 0.214 0.262 0.215 0.261 0.216 0.26 0.216 0.26 0.219 0.261 0.219 0.262 0.22 0.262 0.221 0.263 0.221 0.264 0.222 0.264 0.223 0.273 0.223 0.273 0.222 0.274 0.221 0.275 0.221 0.275 0.216 0.272 0.216 0.271 0.215 0.271 0.214
5 0.9450000000000001 0.584 0.018000000000000002 0.02 0.942 0.574 0.942 0.575 0.941 0.576 0.938 0.576 0.938 0.577 0.937 0.578 0.936 0.578 0.936 0.593 0.951 0.593 0.951 0.59 0.952 0.589 0.953 0.589 0.953 0.578 0.952 0.578 0.951 0.577 0.951 0.574
4 0.9570000000000001 0.667 0.022 0.022 0.948 0.656 0.948 0.661 0.947 0.662 0.946 0.662 0.946 0.673 0.947 0.673 0.948 0.674 0.948 0.675 0.949 0.675 0.95 0.676 0.95 0.677 0.963 0.677 0.963 0.676 0.964 0.675 0.965 0.675 0.965 0.672 0.966 0.671 0.967 0.671 0.967 0.658 0.966 0.658 0.965 0.657 0.965 0.656
3 0.911 0.552 0.066 0.028 0.884 0.538 0.884 0.539 0.883 0.54 0.88 0.54 0.88 0.549 0.879 0.55 0.878 0.55 0.878 0.557 0.879 0.557 0.88 0.558 0.88 0.559 0.887 0.559 0.888 0.56 0.888 0.561 0.905 0.561 0.906 0.562 0.906 0.563 0.931 0.563 0.932 0.564 0.932 0.565 0.941 0.565 0.941 0.564 0.942 0.563 0.943 0.563 0.943 0.548 0.942 0.548 0.941 0.547 0.941 0.546 0.93 0.546 0.929 0.545 0.929 0.544 0.906 0.544 0.905 0.543 0.905 0.542 0.894 0.542 0.893 0.541 0.893 0.54 0.886 0.54 0.885 0.539 0.885 0.538
3 0.982 0.5640000000000001 0.036000000000000004 0.028 0.964 0.55 0.964 0.573 0.967 0.573 0.968 0.574 0.968 0.575 0.977 0.575 0.978 0.576 0.978 0.577 0.995 0.577 0.995 0.576 0.996 0.575 0.997 0.575 0.997 0.572 0.998 0.571 0.999 0.571 0.999 0.554 0.998 0.554 0.997 0.553 0.997 0.552 0.992 0.552 0.991 0.551 0.991 0.55
3 0.937 0.711 0.126 0.046 0.88 0.688 0.88 0.689 0.879 0.69 0.876 0.69 0.876 0.691 0.875 0.692 0.874 0.692 0.874 0.709 0.875 0.709 0.876 0.71 0.876 0.715 0.877 0.715 0.878 0.716 0.878 0.719 0.879 0.719 0.88 0.72 0.88 0.721 0.893 0.721 0.894 0.722 0.894 0.723 0.921 0.723 0.922 0.724 0.922 0.725 0.929 0.725 0.93 0.726 0.93 0.727 0.955 0.727 0.956 0.728 0.956 0.729 0.971 0.729 0.972 0.73 0.972 0.731 0.993 0.731 0.994 0.732 0.994 0.733 0.999 0.733 0.999 0.698 0.972 0.698 0.971 0.697 0.971 0.696 0.952 0.696 0.951 0.695 0.951 0.694 0.938 0.694 0.937 0.693 0.937 0.692 0.926 0.692 0.925 0.691 0.925 0.69 0.908 0.69 0.907 0.689 0.907 0.688
4 0.301 0.231 0.022 0.03 0.294 0.216 0.294 0.217 0.293 0.218 0.292 0.218 0.292 0.223 0.291 0.224 0.29 0.224 0.29 0.235 0.291 0.235 0.292 0.236 0.292 0.243 0.295 0.243 0.296 0.244 0.296 0.245 0.299 0.245 0.299 0.244 0.3 0.243 0.305 0.243 0.305 0.242 0.306 0.241 0.307 0.241 0.307 0.24 0.308 0.239 0.309 0.239 0.309 0.234 0.31 0.233 0.311 0.233 0.311 0.226 0.31 0.226 0.309 0.225 0.309 0.224 0.308 0.224 0.307 0.223 0.307 0.222 0.304 0.222 0.303 0.221 0.303 0.22 0.302 0.22 0.301 0.219 0.301 0.218 0.298 0.218 0.297 0.217 0.297 0.216
0 0.314 0.316 0.048 0.056 0.318 0.288 0.318 0.289 0.317 0.29 0.314 0.29 0.314 0.291 0.313 0.292 0.312 0.292 0.312 0.293 0.311 0.294 0.31 0.294 0.31 0.295 0.309 0.296 0.308 0.296 0.308 0.297 0.307 0.298 0.306 0.298 0.306 0.299 0.305 0.3 0.304 0.3 0.304 0.301 0.303 0.302 0.302 0.302 0.302 0.305 0.301 0.306 0.3 0.306 0.3 0.307 0.299 0.308 0.298 0.308 0.298 0.309 0.297 0.31 0.296 0.31 0.296 0.311 0.295 0.312 0.294 0.312 0.294 0.313 0.293 0.314 0.292 0.314 0.292 0.317 0.291 0.318 0.29 0.318 0.29 0.325 0.291 0.325 0.292 0.326 0.292 0.329 0.293 0.329 0.294 0.33 0.294 0.331 0.295 0.331 0.296 0.332 0.296 0.335 0.297 0.335 0.298 0.336 0.298 0.337 0.299 0.337 0.3 0.338 0.3 0.339 0.303 0.339 0.304 0.34 0.304 0.341 0.305 0.341 0.306 0.342 0.306 0.343 0.311 0.343 0.311 0.342 0.312 0.341 0.313 0.341 0.313 0.34 0.314 0.339 0.315 0.339 0.315 0.338 0.316 0.337 0.317 0.337 0.317 0.334 0.318 0.333 0.319 0.333 0.319 0.332 0.32 0.331 0.321 0.331 0.321 0.33 0.322 0.329 0.323 0.329 0.323 0.328 0.324 0.327 0.325 0.327 0.325 0.326 0.326 0.325 0.327 0.325 0.327 0.324 0.328 0.323 0.329 0.323 0.329 0.322 0.33 0.321 0.331 0.321 0.331 0.32 0.332 0.319 0.333 0.319 0.333 0.318 0.334 0.317 0.335 0.317 0.335 0.314 0.336 0.313 0.337 0.313 0.337 0.304 0.336 0.304 0.335 0.303 0.335 0.3 0.334 0.3 0.333 0.299 0.333 0.298 0.332 0.298 0.331 0.297 0.331 0.294 0.33 0.294 0.329 0.293 0.329 0.292 0.328 0.292 0.327 0.291 0.327 0.29 0.324 0.29 0.323 0.289 0.323 0.288
