4 0.01 0.919 0.02 0.034 0.0 0.902 0.0 0.935 0.005 0.935 0.005 0.934 0.006 0.933 0.009 0.933 0.009 0.932 0.01 0.931 0.017 0.931 0.017 0.93 0.018 0.929 0.019 0.929 0.019 0.918 0.018 0.918 0.017 0.917 0.017 0.914 0.016 0.914 0.015 0.913 0.015 0.912 0.014 0.912 0.013 0.911 0.013 0.91 0.012 0.91 0.011 0.909 0.011 0.908 0.01 0.908 0.009 0.907 0.009 0.906 0.008 0.906 0.007 0.905 0.007 0.904 0.002 0.904 0.001 0.903 0.001 0.902
5 0.668 0.591 0.024 0.018000000000000002 0.668 0.582 0.668 0.583 0.667 0.584 0.666 0.584 0.666 0.585 0.665 0.586 0.664 0.586 0.664 0.587 0.663 0.588 0.66 0.588 0.66 0.589 0.659 0.59 0.658 0.59 0.658 0.593 0.659 0.593 0.66 0.594 0.66 0.595 0.661 0.595 0.662 0.596 0.662 0.597 0.663 0.597 0.664 0.598 0.664 0.599 0.665 0.599 0.665 0.598 0.666 0.597 0.669 0.597 0.669 0.596 0.67 0.595 0.673 0.595 0.673 0.594 0.674 0.593 0.677 0.593 0.677 0.59 0.676 0.59 0.675 0.589 0.675 0.588 0.674 0.588 0.673 0.587 0.673 0.586 0.672 0.586 0.671 0.585 0.671 0.584 0.67 0.584 0.669 0.583 0.669 0.582
4 0.11 0.8230000000000001 0.02 0.018000000000000002 0.106 0.814 0.106 0.815 0.105 0.816 0.104 0.816 0.104 0.817 0.103 0.818 0.102 0.818 0.102 0.819 0.101 0.82 0.1 0.82 0.1 0.825 0.101 0.825 0.102 0.826 0.102 0.827 0.103 0.827 0.104 0.828 0.104 0.829 0.107 0.829 0.108 0.83 0.108 0.831 0.111 0.831 0.111 0.83 0.112 0.829 0.115 0.829 0.115 0.828 0.116 0.827 0.117 0.827 0.117 0.826 0.118 0.825 0.119 0.825 0.119 0.82 0.118 0.82 0.117 0.819 0.117 0.814
4 0.31 0.369 0.024 0.026000000000000002 0.308 0.356 0.308 0.357 0.307 0.358 0.302 0.358 0.302 0.359 0.301 0.36 0.3 0.36 0.3 0.361 0.299 0.362 0.298 0.362 0.298 0.373 0.299 0.373 0.3 0.374 0.3 0.377 0.301 0.377 0.302 0.378 0.302 0.379 0.305 0.379 0.306 0.38 0.306 0.381 0.311 0.381 0.311 0.38 0.312 0.379 0.313 0.379 0.313 0.378 0.314 0.377 0.317 0.377 0.317 0.374 0.318 0.373 0.319 0.373 0.319 0.368 0.32 0.367 0.321 0.367 0.321 0.366 0.32 0.366 0.319 0.365 0.319 0.36 0.318 0.36 0.317 0.359 0.317 0.358 0.316 0.358 0.315 0.357 0.315 0.356
4 0.451 0.352 0.022 0.024 0.45 0.34 0.45 0.341 0.449 0.342 0.444 0.342 0.444 0.343 0.443 0.344 0.442 0.344 0.442 0.345 0.441 0.346 0.44 0.346 0.44 0.353 0.441 0.353 0.442 0.354 0.442 0.357 0.443 0.357 0.444 0.358 0.444 0.361 0.445 0.361 0.446 0.362 0.446 0.363 0.455 0.363 0.455 0.362 0.456 0.361 0.459 0.361 0.459 0.36 0.46 0.359 0.461 0.359 0.461 0.35 0.46 0.35 0.459 0.349 0.459 0.344 0.458 0.344 0.457 0.343 0.457 0.342 0.452 0.342 0.451 0.341 0.451 0.34
4 0.484 0.337 0.024 0.026000000000000002 0.482 0.324 0.482 0.325 0.481 0.326 0.476 0.326 0.476 0.327 0.475 0.328 0.474 0.328 0.474 0.329 0.473 0.33 0.472 0.33 0.472 0.337 0.473 0.337 0.474 0.338 0.474 0.339 0.475 0.339 0.476 0.34 0.476 0.341 0.477 0.341 0.478 0.342 0.478 0.345 0.479 0.345 0.48 0.346 0.48 0.347 0.483 0.347 0.484 0.348 0.484 0.349 0.487 0.349 0.487 0.348 0.488 0.347 0.491 0.347 0.491 0.346 0.492 0.345 0.493 0.345 0.493 0.344 0.494 0.343 0.495 0.343 0.495 0.332 0.494 0.332 0.493 0.331 0.493 0.328 0.492 0.328 0.491 0.327 0.491 0.326 0.49 0.326 0.489 0.325 0.489 0.324
5 0.299 0.28800000000000003 0.022 0.028 0.302 0.274 0.302 0.275 0.301 0.276 0.296 0.276 0.296 0.277 0.295 0.278 0.292 0.278 0.292 0.279 0.291 0.28 0.29 0.28 0.29 0.281 0.289 0.282 0.288 0.282 0.288 0.287 0.289 0.287 0.29 0.288 0.29 0.293 0.291 0.293 0.292 0.294 0.292 0.299 0.293 0.299 0.294 0.3 0.294 0.301 0.299 0.301 0.299 0.3 0.3 0.299 0.301 0.299 0.301 0.298 0.302 0.297 0.305 0.297 0.305 0.296 0.306 0.295 0.309 0.295 0.309 0.284 0.308 0.284 0.307 0.283 0.307 0.278 0.306 0.278 0.305 0.277 0.305 0.276 0.304 0.276 0.303 0.275 0.303 0.274
4 0.633 0.594 0.022 0.024 0.632 0.582 0.632 0.583 0.631 0.584 0.628 0.584 0.628 0.585 0.627 0.586 0.626 0.586 0.626 0.587 0.625 0.588 0.624 0.588 0.624 0.589 0.623 0.59 0.622 0.59 0.622 0.595 0.623 0.595 0.624 0.596 0.624 0.601 0.625 0.601 0.626 0.602 0.626 0.603 0.629 0.603 0.63 0.604 0.63 0.605 0.631 0.605 0.631 0.604 0.632 0.603 0.635 0.603 0.635 0.602 0.636 0.601 0.637 0.601 0.637 0.6 0.638 0.599 0.639 0.599 0.639 0.598 0.64 0.597 0.641 0.597 0.641 0.596 0.642 0.595 0.643 0.595 0.643 0.59 0.642 0.59 0.641 0.589 0.641 0.586 0.64 0.586 0.639 0.585 0.639 0.584 0.636 0.584 0.635 0.583 0.635 0.582
5 0.077 0.9390000000000001 0.026000000000000002 0.03 0.072 0.924 0.072 0.925 0.071 0.926 0.066 0.926 0.066 0.927 0.065 0.928 0.064 0.928 0.064 0.935 0.065 0.935 0.066 0.936 0.066 0.939 0.067 0.939 0.068 0.94 0.068 0.941 0.069 0.941 0.07 0.942 0.07 0.945 0.071 0.945 0.072 0.946 0.072 0.951 0.075 0.951 0.076 0.952 0.076 0.953 0.081 0.953 0.081 0.952 0.082 0.951 0.085 0.951 0.085 0.95 0.086 0.949 0.087 0.949 0.087 0.948 0.088 0.947 0.089 0.947 0.089 0.944 0.088 0.944 0.087 0.943 0.087 0.938 0.086 0.938 0.085 0.937 0.085 0.934 0.084 0.934 0.083 0.933 0.083 0.93 0.082 0.93 0.081 0.929 0.081 0.928 0.08 0.928 0.079 0.927 0.079 0.926 0.078 0.926 0.077 0.925 0.077 0.924
4 0.651 0.638 0.022 0.024 0.652 0.626 0.652 0.627 0.651 0.628 0.648 0.628 0.648 0.629 0.647 0.63 0.642 0.63 0.642 0.631 0.641 0.632 0.64 0.632 0.64 0.643 0.641 0.643 0.642 0.644 0.642 0.645 0.643 0.645 0.644 0.646 0.644 0.647 0.645 0.647 0.646 0.648 0.646 0.649 0.649 0.649 0.649 0.648 0.65 0.647 0.655 0.647 0.655 0.646 0.656 0.645 0.659 0.645 0.659 0.644 0.66 0.643 0.661 0.643 0.661 0.634 0.66 0.634 0.659 0.633 0.659 0.63 0.658 0.63 0.657 0.629 0.657 0.628 0.656 0.628 0.655 0.627 0.655 0.626
2 0.593 0.668 0.05 0.07200000000000001 0.594 0.632 0.594 0.633 0.593 0.634 0.588 0.634 0.588 0.635 0.587 0.636 0.584 0.636 0.584 0.637 0.583 0.638 0.582 0.638 0.582 0.639 0.581 0.64 0.578 0.64 0.578 0.641 0.577 0.642 0.568 0.642 0.568 0.649 0.569 0.649 0.57 0.65 0.57 0.653 0.571 0.653 0.572 0.654 0.572 0.659 0.573 0.659 0.574 0.66 0.574 0.661 0.575 0.661 0.576 0.662 0.576 0.665 0.577 0.665 0.578 0.666 0.578 0.671 0.579 0.671 0.58 0.672 0.58 0.675 0.581 0.675 0.582 0.676 0.582 0.679 0.583 0.679 0.584 0.68 0.584 0.683 0.585 0.683 0.586 0.684 0.586 0.687 0.587 0.687 0.588 0.688 0.588 0.693 0.589 0.693 0.59 0.694 0.59 0.697 0.591 0.697 0.592 0.698 0.592 0.701 0.593 0.701 0.594 0.702 0.594 0.703 0.599 0.703 0.599 0.702 0.6 0.701 0.601 0.701 0.601 0.7 0.602 0.699 0.605 0.699 0.605 0.698 0.606 0.697 0.609 0.697 0.609 0.696 0.61 0.695 0.613 0.695 0.613 0.694 0.614 0.693 0.617 0.693 0.617 0.686 0.616 0.686 0.615 0.685 0.615 0.68 0.614 0.68 0.613 0.679 0.613 0.676 0.612 0.676 0.611 0.675 0.611 0.67 0.61 0.67 0.609 0.669 0.609 0.664 0.608 0.664 0.607 0.663 0.607 0.66 0.606 0.66 0.605 0.659 0.605 0.654 0.604 0.654 0.603 0.653 0.603 0.648 0.602 0.648 0.601 0.647 0.601 0.642 0.6 0.642 0.599 0.641 0.599 0.636 0.598 0.636 0.597 0.635 0.597 0.632
3 0.884 0.852 0.10400000000000001 0.112 0.902 0.796 0.902 0.797 0.901 0.798 0.896 0.798 0.896 0.799 0.895 0.8 0.892 0.8 0.892 0.801 0.891 0.802 0.886 0.802 0.886 0.803 0.885 0.804 0.88 0.804 0.88 0.805 0.879 0.806 0.876 0.806 0.876 0.807 0.875 0.808 0.87 0.808 0.87 0.809 0.869 0.81 0.866 0.81 0.866 0.811 0.865 0.812 0.86 0.812 0.86 0.813 0.859 0.814 0.856 0.814 0.856 0.815 0.855 0.816 0.85 0.816 0.85 0.817 0.849 0.818 0.844 0.818 0.844 0.819 0.843 0.82 0.84 0.82 0.84 0.821 0.839 0.822 0.834 0.822 0.834 0.823 0.833 0.824 0.832 0.824 0.832 0.825 0.833 0.825 0.834 0.826 0.834 0.829 0.835 0.829 0.836 0.83 0.836 0.833 0.837 0.833 0.838 0.834 0.838 0.837 0.839 0.837 0.84 0.838 0.84 0.841 0.841 0.841 0.842 0.842 0.842 0.847 0.843 0.847 0.844 0.848 0.844 0.851 0.845 0.851 0.846 0.852 0.846 0.855 0.847 0.855 0.848 0.856 0.848 0.859 0.849 0.859 0.85 0.86 0.85 0.863 0.851 0.863 0.852 0.864 0.852 0.867 0.853 0.867 0.854 0.868 0.854 0.871 0.855 0.871 0.856 0.872 0.856 0.875 0.857 0.875 0.858 0.876 0.858 0.879 0.859 0.879 0.86 0.88 0.86 0.883 0.861 0.883 0.862 0.884 0.862 0.889 0.863 0.889 0.864 0.89 0.864 0.893 0.865 0.893 0.866 0.894 0.866 0.897 0.867 0.897 0.868 0.898 0.868 0.901 0.869 0.901 0.87 0.902 0.87 0.905 0.871 0.905 0.872 0.906 0.872 0.907 0.873 0.907 0.873 0.906 0.874 0.905 0.877 0.905 0.877 0.904 0.878 0.903 0.881 0.903 0.881 0.902 0.882 0.901 0.885 0.901 0.885 0.9 0.886 0.899 0.889 0.899 0.889 0.898 0.89 0.897 0.893 0.897 0.893 0.896 0.894 0.895 0.897 0.895 0.897 0.894 0.898 0.893 0.901 0.893 0.901 0.892 0.902 0.891 0.905 0.891 0.905 0.89 0.906 0.889 0.909 0.889 0.909 0.888 0.91 0.887 0.913 0.887 0.913 0.886 0.914 0.885 0.917 0.885 0.917 0.884 0.918 0.883 0.921 0.883 0.921 0.882 0.922 0.881 0.925 0.881 0.925 0.88 0.926 0.879 0.929 0.879 0.929 0.878 0.93 0.877 0.933 0.877 0.933 0.876 0.934 0.875 0.935 0.875 0.935 0.874 0.934 0.874 0.933 0.873 0.933 0.868 0.932 0.868 0.931 0.867 0.931 0.864 0.93 0.864 0.929 0.863 0.929 0.858 0.928 0.858 0.927 0.857 0.927 0.854 0.926 0.854 0.925 0.853 0.925 0.848 0.924 0.848 0.923 0.847 0.923 0.844 0.922 0.844 0.921 0.843 0.921 0.838 0.92 0.838 0.919 0.837 0.919 0.834 0.918 0.834 0.917 0.833 0.917 0.828 0.916 0.828 0.915 0.827 0.915 0.824 0.914 0.824 0.913 0.823 0.913 0.818 0.912 0.818 0.911 0.817 0.911 0.814 0.91 0.814 0.909 0.813 0.909 0.808 0.908 0.808 0.907 0.807 0.907 0.804 0.906 0.804 0.905 0.803 0.905 0.798 0.904 0.798 0.903 0.797 0.903 0.796
5 0.8320000000000001 0.878 0.024 0.02 0.822 0.868 0.822 0.877 0.821 0.878 0.82 0.878 0.82 0.887 0.831 0.887 0.831 0.886 0.832 0.885 0.843 0.885 0.843 0.878 0.842 0.878 0.841 0.877 0.841 0.868
5 0.40900000000000003 0.28200000000000003 0.022 0.024 0.408 0.27 0.408 0.271 0.407 0.272 0.404 0.272 0.404 0.273 0.403 0.274 0.402 0.274 0.402 0.275 0.401 0.276 0.4 0.276 0.4 0.277 0.399 0.278 0.398 0.278 0.398 0.279 0.399 0.279 0.4 0.28 0.4 0.289 0.401 0.289 0.402 0.29 0.402 0.293 0.407 0.293 0.407 0.292 0.408 0.291 0.411 0.291 0.411 0.29 0.412 0.289 0.413 0.289 0.413 0.288 0.414 0.287 0.417 0.287 0.417 0.284 0.418 0.283 0.419 0.283 0.419 0.28 0.418 0.28 0.417 0.279 0.417 0.274 0.416 0.274 0.415 0.273 0.415 0.272 0.414 0.272 0.413 0.271 0.413 0.27
7 0.836 0.922 0.02 0.012 0.83 0.916 0.83 0.917 0.829 0.918 0.828 0.918 0.828 0.919 0.827 0.92 0.826 0.92 0.826 0.921 0.827 0.921 0.828 0.922 0.828 0.923 0.829 0.923 0.83 0.924 0.83 0.925 0.833 0.925 0.834 0.926 0.834 0.927 0.843 0.927 0.843 0.926 0.844 0.925 0.845 0.925 0.845 0.918 0.844 0.918 0.843 0.917 0.843 0.916
7 0.803 0.842 0.01 0.008 0.798 0.838 0.798 0.843 0.799 0.843 0.8 0.844 0.8 0.845 0.805 0.845 0.805 0.844 0.806 0.843 0.807 0.843 0.807 0.838
7 0.394 0.295 0.012 0.014 0.392 0.288 0.392 0.289 0.391 0.29 0.39 0.29 0.39 0.291 0.389 0.292 0.388 0.292 0.388 0.295 0.389 0.295 0.39 0.296 0.39 0.299 0.391 0.299 0.392 0.3 0.392 0.301 0.393 0.301 0.393 0.3 0.394 0.299 0.397 0.299 0.397 0.298 0.398 0.297 0.399 0.297 0.399 0.29 0.396 0.29 0.395 0.289 0.395 0.288
