7 0.262 0.994 0.024 0.012 0.26 0.988 0.26 0.989 0.259 0.99 0.254 0.99 0.254 0.991 0.253 0.992 0.252 0.992 0.252 0.995 0.251 0.996 0.25 0.996 0.25 0.999 0.273 0.999 0.273 0.992 0.272 0.992 0.271 0.991 0.271 0.99 0.268 0.99 0.267 0.989 0.267 0.988
7 0.197 0.997 0.014 0.006 0.192 0.994 0.192 0.995 0.191 0.996 0.19 0.996 0.19 0.999 0.203 0.999 0.203 0.998 0.202 0.998 0.201 0.997 0.201 0.994
7 0.47800000000000004 0.08600000000000001 0.008 0.008 0.474 0.082 0.474 0.087 0.475 0.087 0.476 0.088 0.476 0.089 0.479 0.089 0.479 0.088 0.48 0.087 0.481 0.087 0.481 0.082
5 0.45 0.255 0.02 0.018000000000000002 0.442 0.246 0.442 0.247 0.441 0.248 0.44 0.248 0.44 0.255 0.441 0.255 0.442 0.256 0.442 0.257 0.443 0.257 0.444 0.258 0.444 0.259 0.453 0.259 0.454 0.26 0.454 0.263 0.459 0.263 0.459 0.254 0.458 0.254 0.457 0.253 0.457 0.25 0.456 0.25 0.455 0.249 0.455 0.248 0.452 0.248 0.451 0.247 0.451 0.246
3 0.556 0.261 0.108 0.158 0.574 0.182 0.574 0.183 0.573 0.184 0.572 0.184 0.572 0.185 0.571 0.186 0.57 0.186 0.57 0.187 0.569 0.188 0.568 0.188 0.568 0.189 0.567 0.19 0.566 0.19 0.566 0.191 0.565 0.192 0.564 0.192 0.564 0.193 0.563 0.194 0.562 0.194 0.562 0.195 0.561 0.196 0.56 0.196 0.56 0.197 0.559 0.198 0.558 0.198 0.558 0.199 0.557 0.2 0.556 0.2 0.556 0.201 0.555 0.202 0.554 0.202 0.554 0.203 0.553 0.204 0.55 0.204 0.55 0.205 0.549 0.206 0.548 0.206 0.548 0.207 0.547 0.208 0.546 0.208 0.546 0.209 0.545 0.21 0.544 0.21 0.544 0.211 0.543 0.212 0.542 0.212 0.542 0.213 0.541 0.214 0.54 0.214 0.54 0.215 0.539 0.216 0.538 0.216 0.538 0.217 0.537 0.218 0.536 0.218 0.536 0.219 0.535 0.22 0.534 0.22 0.534 0.221 0.533 0.222 0.532 0.222 0.532 0.223 0.531 0.224 0.53 0.224 0.53 0.225 0.529 0.226 0.528 0.226 0.528 0.227 0.527 0.228 0.524 0.228 0.524 0.229 0.523 0.23 0.522 0.23 0.522 0.231 0.521 0.232 0.52 0.232 0.52 0.233 0.519 0.234 0.518 0.234 0.518 0.235 0.517 0.236 0.516 0.236 0.516 0.237 0.515 0.238 0.514 0.238 0.514 0.239 0.513 0.24 0.512 0.24 0.512 0.241 0.511 0.242 0.51 0.242 0.51 0.243 0.509 0.244 0.508 0.244 0.508 0.245 0.507 0.246 0.506 0.246 0.506 0.247 0.505 0.248 0.504 0.248 0.504 0.249 0.503 0.25 0.502 0.25 0.502 0.251 0.503 0.251 0.504 0.252 0.504 0.253 0.505 0.253 0.506 0.254 0.506 0.255 0.507 0.255 0.508 0.256 0.508 0.257 0.509 0.257 0.51 0.258 0.51 0.259 0.511 0.259 0.512 0.26 0.512 0.263 0.513 0.263 0.514 0.264 0.514 0.265 0.515 0.265 0.516 0.266 0.516 0.267 0.517 0.267 0.518 0.268 0.518 0.269 0.519 0.269 0.52 0.27 0.52 0.273 0.521 0.273 0.522 0.274 0.522 0.275 0.523 0.275 0.524 0.276 0.524 0.277 0.525 0.277 0.526 0.278 0.526 0.279 0.527 0.279 0.528 0.28 0.528 0.281 0.529 0.281 0.53 0.282 0.53 0.285 0.531 0.285 0.532 0.286 0.532 0.287 0.533 0.287 0.534 0.288 0.534 0.289 0.535 0.289 0.536 0.29 0.536 0.291 0.537 0.291 0.538 0.292 0.538 0.293 0.539 0.293 0.54 0.294 0.54 0.297 0.541 0.297 0.542 0.298 0.542 0.299 0.543 0.299 0.544 0.3 0.544 0.301 0.545 0.301 0.546 0.302 0.546 0.303 0.547 0.303 0.548 0.304 0.548 0.307 0.549 0.307 0.55 0.308 0.55 0.309 0.551 0.309 0.552 0.31 0.552 0.311 0.553 0.311 0.554 0.312 0.554 0.313 0.555 0.313 0.556 0.314 0.556 0.315 0.557 0.315 0.558 0.316 0.558 0.319 0.559 0.319 0.56 0.32 0.56 0.321 0.561 0.321 0.562 0.322 0.562 0.323 0.563 0.323 0.564 0.324 0.564 0.325 0.565 0.325 0.566 0.326 0.566 0.329 0.567 0.329 0.568 0.33 0.568 0.331 0.569 0.331 0.57 0.332 0.57 0.333 0.571 0.333 0.572 0.334 0.572 0.335 0.573 0.335 0.574 0.336 0.574 0.337 0.575 0.337 0.576 0.338 0.576 0.339 0.603 0.339 0.603 0.314 0.604 0.313 0.605 0.313 0.605 0.262 0.606 0.261 0.607 0.261 0.607 0.21 0.608 0.209 0.609 0.209 0.609 0.184 0.592 0.184 0.591 0.183 0.591 0.182
5 0.042 0.185 0.012 0.026000000000000002 0.038 0.172 0.038 0.173 0.037 0.174 0.036 0.174 0.036 0.195 0.037 0.195 0.038 0.196 0.038 0.197 0.045 0.197 0.045 0.196 0.046 0.195 0.047 0.195 0.047 0.174 0.046 0.174 0.045 0.173 0.045 0.172
5 0.466 0.322 0.02 0.024 0.46 0.31 0.46 0.311 0.459 0.312 0.458 0.312 0.458 0.317 0.457 0.318 0.456 0.318 0.456 0.327 0.457 0.327 0.458 0.328 0.458 0.329 0.459 0.329 0.46 0.33 0.46 0.331 0.461 0.331 0.462 0.332 0.462 0.333 0.473 0.333 0.473 0.332 0.474 0.331 0.475 0.331 0.475 0.314 0.474 0.314 0.473 0.313 0.473 0.312 0.472 0.312 0.471 0.311 0.471 0.31
5 0.257 0.209 0.018000000000000002 0.014 0.248 0.202 0.248 0.213 0.255 0.213 0.256 0.214 0.256 0.215 0.259 0.215 0.259 0.214 0.26 0.213 0.265 0.213 0.265 0.204 0.258 0.204 0.257 0.203 0.257 0.202
5 0.189 0.20600000000000002 0.018000000000000002 0.012 0.184 0.2 0.184 0.201 0.183 0.202 0.182 0.202 0.182 0.203 0.181 0.204 0.18 0.204 0.18 0.207 0.181 0.207 0.182 0.208 0.182 0.211 0.195 0.211 0.195 0.21 0.196 0.209 0.197 0.209 0.197 0.206 0.196 0.206 0.195 0.205 0.195 0.204 0.194 0.204 0.193 0.203 0.193 0.202 0.188 0.202 0.187 0.201 0.187 0.2
5 0.40700000000000003 0.195 0.018000000000000002 0.018000000000000002 0.4 0.186 0.4 0.187 0.399 0.188 0.398 0.188 0.398 0.197 0.399 0.197 0.4 0.198 0.4 0.199 0.401 0.199 0.402 0.2 0.402 0.201 0.409 0.201 0.41 0.202 0.41 0.203 0.413 0.203 0.413 0.202 0.414 0.201 0.415 0.201 0.415 0.188 0.412 0.188 0.411 0.187 0.411 0.186
5 0.17 0.169 0.032 0.022 0.16 0.158 0.16 0.159 0.159 0.16 0.154 0.16 0.154 0.175 0.155 0.175 0.156 0.176 0.156 0.177 0.157 0.177 0.158 0.178 0.158 0.179 0.181 0.179 0.181 0.178 0.182 0.177 0.183 0.177 0.183 0.176 0.184 0.175 0.185 0.175 0.185 0.17 0.184 0.17 0.183 0.169 0.183 0.164 0.182 0.164 0.181 0.163 0.181 0.162 0.18 0.162 0.179 0.161 0.179 0.16 0.178 0.16 0.177 0.159 0.177 0.158
5 0.314 0.169 0.028 0.022 0.312 0.158 0.312 0.159 0.311 0.16 0.308 0.16 0.308 0.161 0.307 0.162 0.306 0.162 0.306 0.163 0.305 0.164 0.304 0.164 0.304 0.165 0.303 0.166 0.302 0.166 0.302 0.171 0.301 0.172 0.3 0.172 0.3 0.177 0.301 0.177 0.302 0.178 0.302 0.179 0.321 0.179 0.321 0.178 0.322 0.177 0.325 0.177 0.325 0.176 0.326 0.175 0.327 0.175 0.327 0.164 0.326 0.164 0.325 0.163 0.325 0.16 0.324 0.16 0.323 0.159 0.323 0.158
5 0.139 0.168 0.03 0.024 0.134 0.156 0.134 0.157 0.133 0.158 0.128 0.158 0.128 0.159 0.127 0.16 0.124 0.16 0.124 0.175 0.125 0.175 0.126 0.176 0.126 0.177 0.129 0.177 0.13 0.178 0.13 0.179 0.149 0.179 0.149 0.178 0.15 0.177 0.151 0.177 0.151 0.176 0.152 0.175 0.153 0.175 0.153 0.168 0.152 0.168 0.151 0.167 0.151 0.16 0.15 0.16 0.149 0.159 0.149 0.158 0.146 0.158 0.145 0.157 0.145 0.156 0.144 0.156 0.144 0.157 0.143 0.158 0.142 0.158 0.141 0.157 0.141 0.156
5 0.497 0.134 0.018000000000000002 0.02 0.49 0.124 0.49 0.125 0.489 0.126 0.488 0.126 0.488 0.135 0.489 0.135 0.49 0.136 0.49 0.139 0.491 0.139 0.492 0.14 0.492 0.141 0.493 0.141 0.494 0.142 0.494 0.143 0.505 0.143 0.505 0.126 0.504 0.126 0.503 0.125 0.503 0.124
5 0.417 0.13 0.018000000000000002 0.024 0.416 0.118 0.416 0.119 0.415 0.12 0.41 0.12 0.41 0.123 0.409 0.124 0.408 0.124 0.408 0.137 0.409 0.137 0.41 0.138 0.41 0.139 0.411 0.139 0.412 0.14 0.412 0.141 0.423 0.141 0.423 0.14 0.424 0.139 0.425 0.139 0.425 0.122 0.424 0.122 0.423 0.121 0.423 0.12 0.418 0.12 0.417 0.119 0.417 0.118
7 0.225 0.202 0.022 0.024 0.216 0.19 0.216 0.191 0.215 0.192 0.214 0.192 0.214 0.211 0.215 0.211 0.216 0.212 0.216 0.213 0.231 0.213 0.231 0.212 0.232 0.211 0.233 0.211 0.233 0.21 0.234 0.209 0.235 0.209 0.235 0.192 0.232 0.192 0.231 0.191 0.231 0.19
7 0.309 0.228 0.014 0.016 0.306 0.22 0.306 0.221 0.305 0.222 0.304 0.222 0.304 0.223 0.303 0.224 0.302 0.224 0.302 0.233 0.303 0.233 0.304 0.234 0.304 0.235 0.311 0.235 0.311 0.234 0.312 0.233 0.313 0.233 0.313 0.232 0.314 0.231 0.315 0.231 0.315 0.22
7 0.401 0.31 0.014 0.012 0.398 0.304 0.398 0.305 0.397 0.306 0.396 0.306 0.396 0.309 0.395 0.31 0.394 0.31 0.394 0.311 0.395 0.311 0.396 0.312 0.396 0.315 0.405 0.315 0.405 0.314 0.406 0.313 0.407 0.313 0.407 0.308 0.406 0.308 0.405 0.307 0.405 0.306 0.404 0.306 0.403 0.305 0.403 0.304
7 0.427 0.312 0.022 0.02 0.416 0.302 0.416 0.319 0.419 0.319 0.42 0.32 0.42 0.321 0.435 0.321 0.435 0.32 0.436 0.319 0.437 0.319 0.437 0.302
7 0.20600000000000002 0.895 0.032 0.034 0.196 0.878 0.196 0.879 0.195 0.88 0.192 0.88 0.192 0.883 0.191 0.884 0.19 0.884 0.19 0.907 0.191 0.907 0.192 0.908 0.192 0.909 0.195 0.909 0.196 0.91 0.196 0.911 0.219 0.911 0.219 0.91 0.22 0.909 0.221 0.909 0.221 0.88 0.22 0.88 0.219 0.879 0.219 0.878
3 0.219 0.088 0.106 0.092 0.214 0.042 0.214 0.043 0.213 0.044 0.196 0.044 0.196 0.045 0.195 0.046 0.18 0.046 0.18 0.047 0.179 0.048 0.172 0.048 0.172 0.049 0.171 0.05 0.168 0.05 0.168 0.051 0.167 0.052 0.166 0.052 0.166 0.087 0.167 0.087 0.168 0.088 0.168 0.091 0.169 0.091 0.17 0.092 0.17 0.095 0.173 0.095 0.174 0.096 0.174 0.097 0.175 0.097 0.176 0.098 0.176 0.099 0.177 0.099 0.178 0.1 0.178 0.101 0.179 0.101 0.18 0.102 0.18 0.103 0.181 0.103 0.182 0.104 0.182 0.105 0.185 0.105 0.186 0.106 0.186 0.107 0.187 0.107 0.188 0.108 0.188 0.109 0.189 0.109 0.19 0.11 0.19 0.111 0.193 0.111 0.194 0.112 0.194 0.113 0.195 0.113 0.196 0.114 0.196 0.115 0.197 0.115 0.198 0.116 0.198 0.117 0.199 0.117 0.2 0.118 0.2 0.119 0.201 0.119 0.202 0.12 0.202 0.121 0.205 0.121 0.206 0.122 0.206 0.123 0.207 0.123 0.208 0.124 0.208 0.125 0.209 0.125 0.21 0.126 0.21 0.127 0.211 0.127 0.212 0.128 0.212 0.129 0.215 0.129 0.216 0.13 0.216 0.131 0.217 0.131 0.218 0.132 0.218 0.133 0.221 0.133 0.221 0.132 0.222 0.131 0.223 0.131 0.223 0.13 0.224 0.129 0.225 0.129 0.225 0.128 0.226 0.127 0.229 0.127 0.229 0.126 0.23 0.125 0.231 0.125 0.231 0.124 0.232 0.123 0.233 0.123 0.233 0.122 0.234 0.121 0.237 0.121 0.237 0.12 0.238 0.119 0.239 0.119 0.239 0.118 0.24 0.117 0.241 0.117 0.241 0.116 0.242 0.115 0.243 0.115 0.243 0.114 0.244 0.113 0.245 0.113 0.245 0.11 0.246 0.109 0.247 0.109 0.247 0.108 0.248 0.107 0.249 0.107 0.249 0.106 0.25 0.105 0.253 0.105 0.253 0.104 0.254 0.103 0.255 0.103 0.255 0.102 0.256 0.101 0.259 0.101 0.259 0.1 0.26 0.099 0.263 0.099 0.263 0.098 0.264 0.097 0.267 0.097 0.267 0.096 0.268 0.095 0.269 0.095 0.269 0.094 0.27 0.093 0.271 0.093 0.271 0.05 0.268 0.05 0.267 0.049 0.267 0.048 0.238 0.048 0.237 0.047 0.237 0.046 0.23 0.046 0.229 0.045 0.229 0.044 0.226 0.044 0.226 0.045 0.225 0.046 0.224 0.046 0.223 0.045 0.223 0.044 0.222 0.044 0.221 0.043 0.221 0.042
