6 0.365 0.73 0.094 0.12 0.38 0.67 0.38 0.671 0.379 0.672 0.37 0.672 0.37 0.673 0.369 0.674 0.36 0.674 0.36 0.675 0.359 0.676 0.352 0.676 0.352 0.677 0.351 0.678 0.34 0.678 0.34 0.679 0.339 0.68 0.334 0.68 0.334 0.681 0.333 0.682 0.32 0.682 0.32 0.683 0.319 0.684 0.318 0.684 0.318 0.691 0.319 0.691 0.32 0.692 0.32 0.697 0.321 0.697 0.322 0.698 0.322 0.703 0.323 0.703 0.324 0.704 0.324 0.719 0.325 0.719 0.326 0.72 0.326 0.727 0.327 0.727 0.328 0.728 0.328 0.743 0.329 0.743 0.33 0.744 0.33 0.751 0.331 0.751 0.332 0.752 0.332 0.763 0.333 0.763 0.334 0.764 0.334 0.769 0.335 0.769 0.336 0.77 0.336 0.781 0.337 0.781 0.338 0.782 0.338 0.785 0.339 0.785 0.34 0.786 0.34 0.787 0.341 0.787 0.342 0.788 0.342 0.789 0.349 0.789 0.349 0.788 0.35 0.787 0.359 0.787 0.359 0.786 0.36 0.785 0.367 0.785 0.367 0.784 0.368 0.783 0.381 0.783 0.381 0.782 0.382 0.781 0.389 0.781 0.389 0.78 0.39 0.779 0.399 0.779 0.399 0.778 0.4 0.777 0.409 0.777 0.409 0.776 0.41 0.775 0.411 0.775 0.411 0.764 0.41 0.764 0.409 0.763 0.409 0.752 0.408 0.752 0.407 0.751 0.407 0.738 0.406 0.738 0.405 0.737 0.405 0.73 0.404 0.73 0.403 0.729 0.403 0.72 0.402 0.72 0.401 0.719 0.401 0.712 0.4 0.712 0.399 0.711 0.399 0.702 0.398 0.702 0.397 0.701 0.397 0.694 0.396 0.694 0.395 0.693 0.395 0.686 0.394 0.686 0.393 0.685 0.393 0.676 0.392 0.676 0.391 0.675 0.391 0.672 0.39 0.672 0.389 0.671 0.389 0.67
7 0.41200000000000003 0.358 0.012 0.012 0.408 0.352 0.408 0.353 0.407 0.354 0.406 0.354 0.406 0.361 0.407 0.361 0.408 0.362 0.408 0.363 0.415 0.363 0.415 0.362 0.416 0.361 0.417 0.361 0.417 0.356 0.416 0.356 0.415 0.355 0.415 0.352
7 0.396 0.321 0.012 0.018000000000000002 0.396 0.312 0.396 0.313 0.395 0.314 0.392 0.314 0.392 0.315 0.391 0.316 0.39 0.316 0.39 0.323 0.391 0.323 0.392 0.324 0.392 0.327 0.395 0.327 0.396 0.328 0.396 0.329 0.397 0.329 0.397 0.328 0.398 0.327 0.399 0.327 0.399 0.324 0.4 0.323 0.401 0.323 0.401 0.318 0.4 0.318 0.399 0.317 0.399 0.314 0.398 0.314 0.397 0.313 0.397 0.312
5 0.559 0.6960000000000001 0.026000000000000002 0.024 0.558 0.684 0.558 0.685 0.557 0.686 0.552 0.686 0.552 0.687 0.551 0.688 0.548 0.688 0.548 0.691 0.547 0.692 0.546 0.692 0.546 0.707 0.553 0.707 0.553 0.706 0.554 0.705 0.563 0.705 0.563 0.704 0.564 0.703 0.569 0.703 0.569 0.702 0.57 0.701 0.571 0.701 0.571 0.694 0.57 0.694 0.569 0.693 0.569 0.686 0.568 0.686 0.567 0.685 0.567 0.684
7 0.399 0.021 0.014 0.014 0.394 0.014 0.394 0.015 0.393 0.016 0.392 0.016 0.392 0.017 0.393 0.017 0.394 0.018 0.394 0.023 0.395 0.023 0.396 0.024 0.396 0.027 0.403 0.027 0.403 0.026 0.404 0.025 0.405 0.025 0.405 0.018 0.404 0.018 0.403 0.017 0.403 0.016 0.402 0.016 0.401 0.015 0.401 0.014
3 0.531 0.769 0.058 0.062 0.538 0.738 0.538 0.739 0.537 0.74 0.524 0.74 0.524 0.741 0.523 0.742 0.51 0.742 0.51 0.743 0.509 0.744 0.502 0.744 0.502 0.749 0.503 0.749 0.504 0.75 0.504 0.759 0.505 0.759 0.506 0.76 0.506 0.771 0.507 0.771 0.508 0.772 0.508 0.783 0.509 0.783 0.51 0.784 0.51 0.793 0.511 0.793 0.512 0.794 0.512 0.799 0.517 0.799 0.517 0.798 0.518 0.797 0.529 0.797 0.529 0.796 0.53 0.795 0.541 0.795 0.541 0.794 0.542 0.793 0.553 0.793 0.553 0.792 0.554 0.791 0.559 0.791 0.559 0.788 0.558 0.788 0.557 0.787 0.557 0.78 0.556 0.78 0.555 0.779 0.555 0.772 0.554 0.772 0.553 0.771 0.553 0.766 0.552 0.766 0.551 0.765 0.551 0.758 0.55 0.758 0.549 0.757 0.549 0.75 0.548 0.75 0.547 0.749 0.547 0.742 0.546 0.742 0.545 0.741 0.545 0.738
7 0.552 0.718 0.016 0.016 0.546 0.71 0.546 0.711 0.545 0.712 0.544 0.712 0.544 0.725 0.551 0.725 0.551 0.724 0.552 0.723 0.557 0.723 0.557 0.718 0.558 0.717 0.559 0.717 0.559 0.716 0.558 0.716 0.557 0.715 0.557 0.71
5 0.427 0.02 0.014 0.012 0.422 0.014 0.422 0.015 0.421 0.016 0.42 0.016 0.42 0.021 0.421 0.021 0.422 0.022 0.422 0.023 0.423 0.023 0.424 0.024 0.424 0.025 0.429 0.025 0.429 0.024 0.43 0.023 0.433 0.023 0.433 0.014
5 0.979 0.28500000000000003 0.018000000000000002 0.03 0.982 0.27 0.982 0.271 0.981 0.272 0.978 0.272 0.978 0.273 0.977 0.274 0.974 0.274 0.974 0.275 0.973 0.276 0.972 0.276 0.972 0.279 0.971 0.28 0.97 0.28 0.97 0.287 0.971 0.287 0.972 0.288 0.972 0.297 0.973 0.297 0.974 0.298 0.974 0.299 0.983 0.299 0.983 0.298 0.984 0.297 0.985 0.297 0.985 0.29 0.986 0.289 0.987 0.289 0.987 0.274 0.986 0.274 0.985 0.273 0.985 0.27
4 0.375 0.108 0.018000000000000002 0.016 0.37 0.1 0.37 0.101 0.369 0.102 0.366 0.102 0.366 0.113 0.367 0.113 0.368 0.114 0.368 0.115 0.369 0.115 0.369 0.114 0.37 0.113 0.377 0.113 0.377 0.112 0.378 0.111 0.381 0.111 0.381 0.106 0.382 0.105 0.383 0.105 0.383 0.102 0.382 0.102 0.381 0.101 0.381 0.1
3 0.455 0.676 0.078 0.06 0.472 0.646 0.472 0.647 0.471 0.648 0.464 0.648 0.464 0.649 0.463 0.65 0.452 0.65 0.452 0.651 0.451 0.652 0.444 0.652 0.444 0.653 0.443 0.654 0.436 0.654 0.436 0.655 0.435 0.656 0.432 0.656 0.432 0.657 0.431 0.658 0.43 0.658 0.43 0.659 0.429 0.66 0.424 0.66 0.424 0.661 0.423 0.662 0.418 0.662 0.418 0.663 0.417 0.664 0.416 0.664 0.416 0.681 0.417 0.681 0.418 0.682 0.418 0.683 0.419 0.683 0.42 0.684 0.42 0.685 0.421 0.685 0.422 0.686 0.422 0.687 0.425 0.687 0.426 0.688 0.426 0.689 0.431 0.689 0.432 0.69 0.432 0.691 0.435 0.691 0.436 0.692 0.436 0.693 0.441 0.693 0.442 0.694 0.442 0.695 0.445 0.695 0.446 0.696 0.446 0.697 0.449 0.697 0.45 0.698 0.45 0.699 0.455 0.699 0.456 0.7 0.456 0.701 0.459 0.701 0.46 0.702 0.46 0.703 0.463 0.703 0.464 0.704 0.464 0.705 0.469 0.705 0.469 0.704 0.47 0.703 0.471 0.703 0.471 0.7 0.472 0.699 0.473 0.699 0.473 0.696 0.474 0.695 0.475 0.695 0.475 0.692 0.476 0.691 0.477 0.691 0.477 0.686 0.478 0.685 0.479 0.685 0.479 0.68 0.48 0.679 0.481 0.679 0.481 0.676 0.482 0.675 0.483 0.675 0.483 0.672 0.484 0.671 0.485 0.671 0.485 0.668 0.486 0.667 0.487 0.667 0.487 0.664 0.488 0.663 0.489 0.663 0.489 0.658 0.49 0.657 0.491 0.657 0.491 0.652 0.492 0.651 0.493 0.651 0.493 0.648 0.492 0.648 0.491 0.647 0.491 0.646
5 0.466 0.366 0.024 0.028 0.47 0.352 0.47 0.353 0.469 0.354 0.46 0.354 0.46 0.355 0.459 0.356 0.456 0.356 0.456 0.361 0.455 0.362 0.454 0.362 0.454 0.373 0.455 0.373 0.456 0.374 0.456 0.379 0.475 0.379 0.475 0.378 0.476 0.377 0.477 0.377 0.477 0.36 0.476 0.36 0.475 0.359 0.475 0.356 0.474 0.356 0.473 0.355 0.473 0.354 0.472 0.354 0.471 0.353 0.471 0.352
5 0.532 0.7020000000000001 0.024 0.02 0.534 0.692 0.534 0.693 0.533 0.694 0.52 0.694 0.52 0.707 0.521 0.707 0.522 0.708 0.522 0.711 0.533 0.711 0.533 0.71 0.534 0.709 0.539 0.709 0.539 0.708 0.54 0.707 0.541 0.707 0.541 0.7 0.542 0.699 0.543 0.699 0.543 0.692
6 0.9580000000000001 0.117 0.07200000000000001 0.094 0.972 0.07 0.972 0.071 0.971 0.072 0.962 0.072 0.962 0.073 0.961 0.074 0.954 0.074 0.954 0.075 0.953 0.076 0.94 0.076 0.94 0.077 0.939 0.078 0.924 0.078 0.924 0.079 0.923 0.08 0.922 0.08 0.922 0.089 0.923 0.089 0.924 0.09 0.924 0.103 0.925 0.103 0.926 0.104 0.926 0.115 0.927 0.115 0.928 0.116 0.928 0.133 0.929 0.133 0.93 0.134 0.93 0.141 0.931 0.141 0.932 0.142 0.932 0.153 0.933 0.153 0.934 0.154 0.934 0.159 0.935 0.159 0.936 0.16 0.936 0.161 0.937 0.161 0.938 0.162 0.938 0.163 0.939 0.163 0.939 0.16 0.94 0.159 0.941 0.159 0.941 0.152 0.942 0.151 0.943 0.151 0.943 0.15 0.944 0.149 0.945 0.149 0.945 0.148 0.946 0.147 0.949 0.147 0.949 0.146 0.95 0.145 0.951 0.145 0.951 0.144 0.952 0.143 0.955 0.143 0.955 0.142 0.956 0.141 0.961 0.141 0.961 0.14 0.962 0.139 0.969 0.139 0.969 0.138 0.97 0.137 0.981 0.137 0.981 0.136 0.982 0.135 0.989 0.135 0.989 0.134 0.99 0.133 0.991 0.133 0.991 0.132 0.992 0.131 0.993 0.131 0.993 0.114 0.992 0.114 0.991 0.113 0.991 0.07
