1 0.683 0.55 0.194 0.10400000000000001 0.616 0.498 0.616 0.501 0.615 0.502 0.614 0.502 0.614 0.503 0.613 0.504 0.602 0.504 0.601 0.503 0.601 0.502 0.598 0.502 0.598 0.503 0.597 0.504 0.596 0.504 0.596 0.505 0.595 0.506 0.594 0.506 0.594 0.509 0.593 0.51 0.592 0.51 0.592 0.531 0.591 0.532 0.59 0.532 0.59 0.555 0.589 0.556 0.588 0.556 0.588 0.575 0.587 0.576 0.586 0.576 0.586 0.585 0.587 0.585 0.588 0.586 0.588 0.587 0.593 0.587 0.594 0.588 0.594 0.589 0.609 0.589 0.61 0.59 0.61 0.591 0.631 0.591 0.632 0.592 0.632 0.593 0.649 0.593 0.65 0.594 0.65 0.595 0.673 0.595 0.674 0.596 0.674 0.597 0.691 0.597 0.692 0.598 0.692 0.599 0.709 0.599 0.71 0.6 0.71 0.601 0.731 0.601 0.731 0.56 0.732 0.559 0.733 0.559 0.733 0.546 0.734 0.545 0.735 0.545 0.735 0.528 0.736 0.527 0.737 0.527 0.737 0.526 0.738 0.525 0.739 0.525 0.739 0.524 0.74 0.523 0.771 0.523 0.772 0.524 0.772 0.525 0.777 0.525 0.777 0.524 0.778 0.523 0.779 0.523 0.779 0.516 0.778 0.516 0.777 0.515 0.777 0.514 0.776 0.514 0.775 0.513 0.775 0.512 0.754 0.512 0.753 0.511 0.753 0.51 0.752 0.51 0.751 0.509 0.751 0.508 0.724 0.508 0.723 0.507 0.723 0.506 0.694 0.506 0.693 0.505 0.693 0.504 0.676 0.504 0.675 0.503 0.675 0.502 0.656 0.502 0.655 0.501 0.655 0.5 0.632 0.5 0.631 0.499 0.631 0.498
1 0.5690000000000001 0.538 0.034 0.088 0.562 0.494 0.562 0.497 0.561 0.498 0.56 0.498 0.56 0.509 0.559 0.51 0.558 0.51 0.558 0.527 0.557 0.528 0.556 0.528 0.556 0.545 0.555 0.546 0.554 0.546 0.554 0.561 0.553 0.562 0.552 0.562 0.552 0.577 0.553 0.577 0.554 0.578 0.554 0.579 0.557 0.579 0.558 0.58 0.558 0.581 0.571 0.581 0.571 0.578 0.572 0.577 0.573 0.577 0.573 0.568 0.574 0.567 0.575 0.567 0.575 0.554 0.576 0.553 0.577 0.553 0.577 0.542 0.578 0.541 0.579 0.541 0.579 0.534 0.58 0.533 0.581 0.533 0.581 0.516 0.582 0.515 0.583 0.515 0.583 0.506 0.584 0.505 0.585 0.505 0.585 0.496 0.58 0.496 0.579 0.495 0.579 0.494
5 0.705 0.904 0.018000000000000002 0.016 0.7 0.896 0.7 0.897 0.699 0.898 0.698 0.898 0.698 0.899 0.697 0.9 0.696 0.9 0.696 0.907 0.697 0.907 0.698 0.908 0.698 0.909 0.699 0.909 0.7 0.91 0.7 0.911 0.707 0.911 0.707 0.91 0.708 0.909 0.711 0.909 0.711 0.906 0.712 0.905 0.713 0.905 0.713 0.902 0.712 0.902 0.711 0.901 0.711 0.898 0.708 0.898 0.707 0.897 0.707 0.896
3 0.66 0.92 0.07200000000000001 0.048 0.628 0.896 0.628 0.907 0.627 0.908 0.626 0.908 0.626 0.929 0.625 0.93 0.624 0.93 0.624 0.939 0.641 0.939 0.642 0.94 0.642 0.941 0.675 0.941 0.676 0.942 0.676 0.943 0.693 0.943 0.693 0.924 0.694 0.923 0.695 0.923 0.695 0.904 0.688 0.904 0.687 0.903 0.687 0.902 0.67 0.902 0.669 0.901 0.669 0.9 0.654 0.9 0.653 0.899 0.653 0.898 0.636 0.898 0.635 0.897 0.635 0.896
7 0.605 0.493 0.018000000000000002 0.026000000000000002 0.598 0.48 0.598 0.481 0.597 0.482 0.596 0.482 0.596 0.503 0.597 0.503 0.597 0.502 0.598 0.501 0.601 0.501 0.602 0.502 0.602 0.503 0.611 0.503 0.611 0.502 0.612 0.501 0.613 0.501 0.613 0.488 0.612 0.488 0.611 0.487 0.611 0.486 0.61 0.486 0.609 0.485 0.609 0.482 0.608 0.482 0.607 0.481 0.607 0.48
0 0.047 0.47800000000000004 0.042 0.044 0.028 0.456 0.028 0.471 0.027 0.472 0.026 0.472 0.026 0.495 0.027 0.495 0.028 0.496 0.028 0.497 0.053 0.497 0.054 0.498 0.054 0.499 0.059 0.499 0.059 0.498 0.06 0.497 0.067 0.497 0.067 0.458 0.064 0.458 0.063 0.457 0.063 0.456
7 0.651 0.9500000000000001 0.022 0.016 0.644 0.942 0.644 0.943 0.643 0.944 0.642 0.944 0.642 0.945 0.641 0.946 0.64 0.946 0.64 0.953 0.641 0.953 0.642 0.954 0.642 0.955 0.645 0.955 0.646 0.956 0.646 0.957 0.657 0.957 0.657 0.956 0.658 0.955 0.661 0.955 0.661 0.948 0.66 0.948 0.659 0.947 0.659 0.946 0.658 0.946 0.657 0.945 0.657 0.944 0.654 0.944 0.653 0.943 0.653 0.942
7 0.7030000000000001 0.887 0.014 0.014 0.7 0.88 0.7 0.881 0.699 0.882 0.696 0.882 0.696 0.891 0.697 0.891 0.698 0.892 0.698 0.893 0.709 0.893 0.709 0.882 0.706 0.882 0.705 0.881 0.705 0.88
7 0.604 0.47100000000000003 0.024 0.014 0.598 0.464 0.598 0.465 0.597 0.466 0.594 0.466 0.594 0.467 0.593 0.468 0.592 0.468 0.592 0.473 0.593 0.473 0.594 0.474 0.594 0.477 0.611 0.477 0.611 0.476 0.612 0.475 0.613 0.475 0.613 0.472 0.614 0.471 0.615 0.471 0.615 0.468 0.614 0.468 0.613 0.467 0.613 0.466 0.604 0.466 0.603 0.465 0.603 0.464
7 0.064 0.401 0.02 0.018000000000000002 0.056 0.392 0.056 0.393 0.055 0.394 0.054 0.394 0.054 0.405 0.055 0.405 0.056 0.406 0.056 0.409 0.061 0.409 0.061 0.408 0.062 0.407 0.065 0.407 0.065 0.406 0.066 0.405 0.071 0.405 0.071 0.404 0.072 0.403 0.073 0.403 0.073 0.394 0.072 0.394 0.071 0.393 0.071 0.392
7 0.034 0.367 0.012 0.01 0.03 0.362 0.03 0.363 0.029 0.364 0.028 0.364 0.028 0.365 0.029 0.365 0.03 0.366 0.03 0.371 0.037 0.371 0.037 0.37 0.038 0.369 0.039 0.369 0.039 0.366 0.038 0.366 0.037 0.365 0.037 0.362
5 0.581 0.484 0.026000000000000002 0.024 0.574 0.472 0.574 0.473 0.573 0.474 0.57 0.474 0.57 0.477 0.569 0.478 0.568 0.478 0.568 0.491 0.571 0.491 0.572 0.492 0.572 0.493 0.583 0.493 0.584 0.494 0.584 0.495 0.591 0.495 0.591 0.492 0.592 0.491 0.593 0.491 0.593 0.48 0.592 0.48 0.591 0.479 0.591 0.478 0.59 0.478 0.589 0.477 0.589 0.476 0.588 0.476 0.587 0.475 0.587 0.474 0.58 0.474 0.579 0.473 0.579 0.472
5 0.039 0.398 0.022 0.024 0.034 0.386 0.034 0.387 0.033 0.388 0.032 0.388 0.032 0.389 0.031 0.39 0.03 0.39 0.03 0.391 0.029 0.392 0.028 0.392 0.028 0.399 0.029 0.399 0.03 0.4 0.03 0.403 0.031 0.403 0.032 0.404 0.032 0.405 0.033 0.405 0.034 0.406 0.034 0.407 0.039 0.407 0.04 0.408 0.04 0.409 0.043 0.409 0.043 0.408 0.044 0.407 0.047 0.407 0.047 0.406 0.048 0.405 0.049 0.405 0.049 0.392 0.048 0.392 0.047 0.391 0.047 0.39 0.046 0.39 0.045 0.389 0.045 0.388 0.042 0.388 0.041 0.387 0.041 0.386
4 0.728 0.9420000000000001 0.016 0.02 0.722 0.932 0.722 0.933 0.721 0.934 0.72 0.934 0.72 0.949 0.721 0.949 0.722 0.95 0.722 0.951 0.733 0.951 0.733 0.95 0.734 0.949 0.735 0.949 0.735 0.934 0.734 0.934 0.733 0.933 0.733 0.932
3 0.683 0.432 0.182 0.084 0.614 0.39 0.614 0.391 0.613 0.392 0.608 0.392 0.608 0.393 0.607 0.394 0.604 0.394 0.604 0.395 0.603 0.396 0.598 0.396 0.598 0.397 0.597 0.398 0.594 0.398 0.594 0.399 0.593 0.4 0.592 0.4 0.592 0.425 0.593 0.425 0.594 0.426 0.594 0.439 0.595 0.439 0.596 0.44 0.596 0.447 0.597 0.447 0.598 0.448 0.598 0.455 0.599 0.455 0.6 0.456 0.6 0.459 0.601 0.459 0.602 0.46 0.602 0.461 0.609 0.461 0.61 0.462 0.61 0.463 0.651 0.463 0.652 0.464 0.652 0.465 0.683 0.465 0.684 0.466 0.684 0.467 0.697 0.467 0.698 0.468 0.698 0.469 0.717 0.469 0.718 0.47 0.718 0.471 0.739 0.471 0.74 0.472 0.74 0.473 0.755 0.473 0.755 0.472 0.756 0.471 0.757 0.471 0.757 0.468 0.758 0.467 0.759 0.467 0.759 0.462 0.76 0.461 0.761 0.461 0.761 0.456 0.762 0.455 0.763 0.455 0.763 0.448 0.764 0.447 0.765 0.447 0.765 0.442 0.766 0.441 0.767 0.441 0.767 0.438 0.768 0.437 0.769 0.437 0.769 0.432 0.77 0.431 0.771 0.431 0.771 0.426 0.772 0.425 0.773 0.425 0.773 0.412 0.772 0.412 0.771 0.411 0.771 0.408 0.768 0.408 0.767 0.407 0.767 0.406 0.764 0.406 0.763 0.405 0.763 0.404 0.76 0.404 0.759 0.403 0.759 0.402 0.756 0.402 0.755 0.401 0.755 0.4 0.732 0.4 0.731 0.399 0.731 0.398 0.716 0.398 0.715 0.397 0.715 0.396 0.662 0.396 0.661 0.395 0.661 0.394 0.652 0.394 0.651 0.393 0.651 0.392 0.64 0.392 0.639 0.391 0.639 0.39
2 0.507 0.481 0.094 0.17400000000000002 0.47 0.394 0.47 0.397 0.469 0.398 0.468 0.398 0.468 0.427 0.467 0.428 0.466 0.428 0.466 0.433 0.467 0.433 0.468 0.434 0.468 0.435 0.467 0.436 0.466 0.436 0.466 0.453 0.465 0.454 0.464 0.454 0.464 0.479 0.463 0.48 0.462 0.48 0.462 0.483 0.463 0.483 0.464 0.484 0.464 0.489 0.463 0.49 0.462 0.49 0.462 0.521 0.461 0.522 0.46 0.522 0.46 0.561 0.467 0.561 0.468 0.562 0.468 0.563 0.489 0.563 0.49 0.564 0.49 0.565 0.509 0.565 0.51 0.566 0.51 0.567 0.533 0.567 0.533 0.566 0.534 0.565 0.535 0.565 0.535 0.556 0.536 0.555 0.537 0.555 0.537 0.546 0.538 0.545 0.539 0.545 0.539 0.526 0.54 0.525 0.541 0.525 0.541 0.516 0.542 0.515 0.543 0.515 0.543 0.502 0.544 0.501 0.545 0.501 0.545 0.478 0.544 0.478 0.543 0.477 0.543 0.474 0.542 0.474 0.541 0.473 0.541 0.47 0.54 0.47 0.539 0.469 0.539 0.464 0.54 0.463 0.541 0.463 0.541 0.462 0.542 0.461 0.543 0.461 0.543 0.46 0.544 0.459 0.545 0.459 0.545 0.456 0.546 0.455 0.547 0.455 0.547 0.45 0.548 0.449 0.549 0.449 0.549 0.44 0.55 0.439 0.551 0.439 0.551 0.43 0.552 0.429 0.553 0.429 0.553 0.408 0.552 0.408 0.551 0.407 0.551 0.404 0.55 0.404 0.549 0.403 0.549 0.402 0.546 0.402 0.545 0.401 0.545 0.4 0.524 0.4 0.523 0.399 0.523 0.398 0.506 0.398 0.505 0.397 0.505 0.396 0.492 0.396 0.491 0.395 0.491 0.394
1 0.656 0.643 0.196 0.058 0.566 0.614 0.566 0.615 0.565 0.616 0.564 0.616 0.564 0.617 0.563 0.618 0.562 0.618 0.562 0.625 0.561 0.626 0.56 0.626 0.56 0.649 0.559 0.65 0.558 0.65 0.558 0.651 0.559 0.651 0.56 0.652 0.56 0.655 0.571 0.655 0.572 0.656 0.572 0.657 0.587 0.657 0.588 0.658 0.588 0.659 0.609 0.659 0.61 0.66 0.61 0.661 0.631 0.661 0.632 0.662 0.632 0.663 0.653 0.663 0.654 0.664 0.654 0.665 0.669 0.665 0.67 0.666 0.67 0.667 0.699 0.667 0.7 0.668 0.7 0.669 0.735 0.669 0.736 0.67 0.736 0.671 0.751 0.671 0.751 0.668 0.752 0.667 0.753 0.667 0.753 0.636 0.752 0.636 0.751 0.635 0.751 0.634 0.732 0.634 0.731 0.633 0.731 0.632 0.716 0.632 0.715 0.631 0.715 0.63 0.696 0.63 0.695 0.629 0.695 0.628 0.676 0.628 0.675 0.627 0.675 0.626 0.654 0.626 0.653 0.625 0.653 0.624 0.632 0.624 0.631 0.623 0.631 0.622 0.614 0.622 0.613 0.621 0.613 0.62 0.602 0.62 0.601 0.619 0.601 0.618 0.59 0.618 0.589 0.617 0.589 0.616 0.572 0.616 0.571 0.615 0.571 0.614
1 0.617 0.607 0.322 0.054 0.458 0.58 0.458 0.581 0.457 0.582 0.456 0.582 0.456 0.595 0.459 0.595 0.46 0.596 0.46 0.597 0.475 0.597 0.476 0.598 0.476 0.599 0.487 0.599 0.488 0.6 0.488 0.601 0.517 0.601 0.518 0.602 0.518 0.603 0.535 0.603 0.536 0.604 0.536 0.605 0.541 0.605 0.542 0.606 0.542 0.607 0.549 0.607 0.55 0.608 0.55 0.609 0.557 0.609 0.558 0.61 0.558 0.611 0.569 0.611 0.57 0.612 0.57 0.613 0.587 0.613 0.588 0.614 0.588 0.615 0.599 0.615 0.6 0.616 0.6 0.617 0.613 0.617 0.614 0.618 0.614 0.619 0.627 0.619 0.628 0.62 0.628 0.621 0.647 0.621 0.648 0.622 0.648 0.623 0.663 0.623 0.664 0.624 0.664 0.625 0.689 0.625 0.69 0.626 0.69 0.627 0.709 0.627 0.71 0.628 0.71 0.629 0.723 0.629 0.724 0.63 0.724 0.631 0.747 0.631 0.748 0.632 0.748 0.633 0.753 0.633 0.753 0.632 0.754 0.631 0.775 0.631 0.775 0.63 0.776 0.629 0.777 0.629 0.777 0.614 0.776 0.614 0.775 0.613 0.775 0.612 0.772 0.612 0.771 0.611 0.771 0.61 0.756 0.61 0.755 0.609 0.755 0.608 0.74 0.608 0.739 0.607 0.739 0.606 0.722 0.606 0.721 0.605 0.721 0.604 0.704 0.604 0.703 0.603 0.703 0.602 0.682 0.602 0.681 0.601 0.681 0.6 0.658 0.6 0.657 0.599 0.657 0.598 0.64 0.598 0.639 0.597 0.639 0.596 0.622 0.596 0.621 0.595 0.621 0.594 0.6 0.594 0.599 0.593 0.599 0.592 0.582 0.592 0.581 0.591 0.581 0.59 0.56 0.59 0.559 0.589 0.559 0.588 0.542 0.588 0.541 0.587 0.541 0.586 0.52 0.586 0.519 0.585 0.519 0.584 0.5 0.584 0.499 0.583 0.499 0.582 0.478 0.582 0.477 0.581 0.477 0.58
