4 0.545 0.36 0.022 0.024 0.538 0.348 0.538 0.349 0.537 0.35 0.536 0.35 0.536 0.355 0.535 0.356 0.534 0.356 0.534 0.365 0.535 0.365 0.536 0.366 0.536 0.369 0.541 0.369 0.542 0.37 0.542 0.371 0.549 0.371 0.549 0.37 0.55 0.369 0.553 0.369 0.553 0.362 0.554 0.361 0.555 0.361 0.555 0.352 0.554 0.352 0.553 0.351 0.553 0.35 0.552 0.35 0.551 0.349 0.551 0.348
4 0.491 0.35100000000000003 0.022 0.026000000000000002 0.484 0.338 0.484 0.339 0.483 0.34 0.482 0.34 0.482 0.343 0.481 0.344 0.48 0.344 0.48 0.359 0.481 0.359 0.482 0.36 0.482 0.361 0.487 0.361 0.488 0.362 0.488 0.363 0.495 0.363 0.495 0.362 0.496 0.361 0.497 0.361 0.497 0.36 0.498 0.359 0.499 0.359 0.499 0.356 0.5 0.355 0.501 0.355 0.501 0.342 0.5 0.342 0.499 0.341 0.499 0.34 0.498 0.34 0.497 0.339 0.497 0.338
4 0.389 0.966 0.026000000000000002 0.024 0.384 0.954 0.384 0.955 0.383 0.956 0.378 0.956 0.378 0.959 0.377 0.96 0.376 0.96 0.376 0.977 0.385 0.977 0.385 0.976 0.386 0.975 0.389 0.975 0.389 0.974 0.39 0.973 0.393 0.973 0.393 0.972 0.394 0.971 0.397 0.971 0.397 0.97 0.398 0.969 0.399 0.969 0.399 0.968 0.4 0.967 0.401 0.967 0.401 0.956 0.398 0.956 0.397 0.955 0.397 0.954
5 0.434 0.9410000000000001 0.02 0.014 0.424 0.934 0.424 0.943 0.425 0.943 0.426 0.944 0.426 0.945 0.433 0.945 0.434 0.946 0.434 0.947 0.439 0.947 0.439 0.946 0.44 0.945 0.443 0.945 0.443 0.938 0.442 0.938 0.441 0.937 0.441 0.936 0.44 0.936 0.439 0.935 0.439 0.934
5 0.5 0.263 0.02 0.014 0.492 0.256 0.492 0.259 0.491 0.26 0.49 0.26 0.49 0.261 0.491 0.261 0.492 0.262 0.492 0.267 0.501 0.267 0.502 0.268 0.502 0.269 0.509 0.269 0.509 0.26 0.508 0.26 0.507 0.259 0.507 0.258 0.504 0.258 0.503 0.257 0.503 0.256
5 0.485 0.605 0.022 0.014 0.474 0.598 0.474 0.607 0.475 0.607 0.476 0.608 0.476 0.609 0.489 0.609 0.49 0.61 0.49 0.611 0.491 0.611 0.491 0.61 0.492 0.609 0.493 0.609 0.493 0.608 0.494 0.607 0.495 0.607 0.495 0.602 0.494 0.602 0.493 0.601 0.493 0.6 0.492 0.6 0.491 0.599 0.491 0.598
7 0.509 0.6 0.022 0.012 0.5 0.594 0.5 0.599 0.499 0.6 0.498 0.6 0.498 0.603 0.499 0.603 0.5 0.604 0.5 0.605 0.517 0.605 0.517 0.604 0.518 0.603 0.519 0.603 0.519 0.598 0.518 0.598 0.517 0.597 0.517 0.596 0.514 0.596 0.513 0.595 0.513 0.594
1 0.597 0.023 0.138 0.046 0.53 0.0 0.53 0.011 0.529 0.012 0.528 0.012 0.528 0.025 0.533 0.025 0.534 0.026 0.534 0.027 0.547 0.027 0.548 0.028 0.548 0.029 0.553 0.029 0.554 0.03 0.554 0.031 0.563 0.031 0.564 0.032 0.564 0.033 0.579 0.033 0.58 0.034 0.58 0.035 0.589 0.035 0.59 0.036 0.59 0.037 0.601 0.037 0.602 0.038 0.602 0.039 0.615 0.039 0.616 0.04 0.616 0.041 0.633 0.041 0.634 0.042 0.634 0.043 0.647 0.043 0.648 0.044 0.648 0.045 0.657 0.045 0.657 0.044 0.658 0.043 0.661 0.043 0.661 0.042 0.662 0.041 0.663 0.041 0.663 0.024 0.664 0.023 0.665 0.023 0.665 0.0
4 0.554 0.306 0.02 0.024 0.554 0.294 0.554 0.295 0.553 0.296 0.548 0.296 0.548 0.297 0.547 0.298 0.546 0.298 0.546 0.303 0.545 0.304 0.544 0.304 0.544 0.313 0.545 0.313 0.546 0.314 0.546 0.315 0.547 0.315 0.548 0.316 0.548 0.317 0.559 0.317 0.559 0.316 0.56 0.315 0.561 0.315 0.561 0.314 0.562 0.313 0.563 0.313 0.563 0.298 0.562 0.298 0.561 0.297 0.561 0.296 0.556 0.296 0.555 0.295 0.555 0.294
3 0.543 0.20800000000000002 0.10200000000000001 0.044 0.492 0.186 0.492 0.213 0.509 0.213 0.51 0.214 0.51 0.215 0.511 0.215 0.512 0.216 0.512 0.217 0.519 0.217 0.52 0.218 0.52 0.219 0.529 0.219 0.53 0.22 0.53 0.221 0.535 0.221 0.536 0.222 0.536 0.223 0.545 0.223 0.546 0.224 0.546 0.225 0.565 0.225 0.566 0.226 0.566 0.227 0.569 0.227 0.57 0.228 0.57 0.229 0.577 0.229 0.577 0.228 0.578 0.227 0.581 0.227 0.581 0.226 0.582 0.225 0.585 0.225 0.585 0.224 0.586 0.223 0.587 0.223 0.587 0.22 0.588 0.219 0.589 0.219 0.589 0.214 0.59 0.213 0.591 0.213 0.591 0.21 0.592 0.209 0.593 0.209 0.593 0.208 0.59 0.208 0.589 0.207 0.589 0.206 0.58 0.206 0.579 0.205 0.579 0.204 0.57 0.204 0.569 0.203 0.569 0.202 0.562 0.202 0.561 0.201 0.561 0.2 0.552 0.2 0.551 0.199 0.551 0.198 0.542 0.198 0.541 0.197 0.541 0.196 0.534 0.196 0.533 0.195 0.533 0.194 0.524 0.194 0.523 0.193 0.523 0.192 0.516 0.192 0.515 0.191 0.515 0.19 0.506 0.19 0.505 0.189 0.505 0.188 0.496 0.188 0.495 0.187 0.495 0.186
0 0.449 0.298 0.106 0.052000000000000005 0.404 0.272 0.404 0.275 0.403 0.276 0.402 0.276 0.402 0.283 0.401 0.284 0.4 0.284 0.4 0.293 0.399 0.294 0.398 0.294 0.398 0.301 0.397 0.302 0.396 0.302 0.396 0.305 0.401 0.305 0.402 0.306 0.402 0.307 0.411 0.307 0.412 0.308 0.412 0.309 0.423 0.309 0.424 0.31 0.424 0.311 0.433 0.311 0.434 0.312 0.434 0.313 0.445 0.313 0.446 0.314 0.446 0.315 0.457 0.315 0.458 0.316 0.458 0.317 0.467 0.317 0.468 0.318 0.468 0.319 0.479 0.319 0.48 0.32 0.48 0.321 0.489 0.321 0.49 0.322 0.49 0.323 0.495 0.323 0.495 0.318 0.496 0.317 0.497 0.317 0.497 0.306 0.498 0.305 0.499 0.305 0.499 0.296 0.5 0.295 0.501 0.295 0.501 0.29 0.496 0.29 0.495 0.289 0.495 0.288 0.486 0.288 0.485 0.287 0.485 0.286 0.474 0.286 0.473 0.285 0.473 0.284 0.464 0.284 0.463 0.283 0.463 0.282 0.452 0.282 0.451 0.281 0.451 0.28 0.442 0.28 0.441 0.279 0.441 0.278 0.432 0.278 0.431 0.277 0.431 0.276 0.42 0.276 0.419 0.275 0.419 0.274 0.41 0.274 0.409 0.273 0.409 0.272
3 0.455 0.893 0.022 0.022 0.446 0.882 0.446 0.891 0.445 0.892 0.444 0.892 0.444 0.901 0.453 0.901 0.454 0.902 0.454 0.903 0.463 0.903 0.463 0.894 0.464 0.893 0.465 0.893 0.465 0.884 0.456 0.884 0.455 0.883 0.455 0.882
4 0.444 0.242 0.02 0.024 0.442 0.23 0.442 0.231 0.441 0.232 0.44 0.232 0.44 0.233 0.439 0.234 0.438 0.234 0.438 0.237 0.437 0.238 0.436 0.238 0.436 0.243 0.435 0.244 0.434 0.244 0.434 0.249 0.435 0.249 0.436 0.25 0.436 0.251 0.439 0.251 0.44 0.252 0.44 0.253 0.451 0.253 0.451 0.252 0.452 0.251 0.453 0.251 0.453 0.238 0.452 0.238 0.451 0.237 0.451 0.234 0.45 0.234 0.449 0.233 0.449 0.232 0.448 0.232 0.447 0.231 0.447 0.23
4 0.45 0.2 0.02 0.016 0.44 0.192 0.44 0.205 0.447 0.205 0.448 0.206 0.448 0.207 0.455 0.207 0.455 0.206 0.456 0.205 0.457 0.205 0.457 0.204 0.458 0.203 0.459 0.203 0.459 0.198 0.458 0.198 0.457 0.197 0.457 0.194 0.454 0.194 0.453 0.193 0.453 0.192
