4 0.453 0.5690000000000001 0.018000000000000002 0.022 0.446 0.558 0.446 0.559 0.445 0.56 0.444 0.56 0.444 0.577 0.445 0.577 0.446 0.578 0.446 0.579 0.457 0.579 0.457 0.578 0.458 0.577 0.461 0.577 0.461 0.56 0.458 0.56 0.457 0.559 0.457 0.558
7 0.064 0.41000000000000003 0.028 0.028 0.056 0.396 0.056 0.397 0.055 0.398 0.052 0.398 0.052 0.399 0.051 0.4 0.05 0.4 0.05 0.419 0.051 0.419 0.052 0.42 0.052 0.421 0.059 0.421 0.06 0.422 0.06 0.423 0.071 0.423 0.071 0.422 0.072 0.421 0.073 0.421 0.073 0.42 0.074 0.419 0.075 0.419 0.075 0.41 0.076 0.409 0.077 0.409 0.077 0.402 0.076 0.402 0.075 0.401 0.075 0.4 0.074 0.4 0.073 0.399 0.073 0.398 0.058 0.398 0.057 0.397 0.057 0.396
7 0.107 0.329 0.03 0.022 0.098 0.318 0.098 0.319 0.097 0.32 0.096 0.32 0.096 0.321 0.095 0.322 0.094 0.322 0.094 0.323 0.093 0.324 0.092 0.324 0.092 0.335 0.093 0.335 0.094 0.336 0.094 0.337 0.097 0.337 0.098 0.338 0.098 0.339 0.117 0.339 0.117 0.338 0.118 0.337 0.119 0.337 0.119 0.334 0.12 0.333 0.121 0.333 0.121 0.32 0.114 0.32 0.113 0.319 0.113 0.318
4 0.352 0.097 0.34400000000000003 0.11 0.18 0.042 0.18 0.063 0.181 0.063 0.182 0.064 0.182 0.065 0.183 0.065 0.184 0.066 0.184 0.069 0.185 0.069 0.186 0.07 0.186 0.071 0.187 0.071 0.188 0.072 0.188 0.075 0.189 0.075 0.19 0.076 0.19 0.079 0.191 0.079 0.192 0.08 0.192 0.081 0.193 0.081 0.194 0.082 0.194 0.085 0.195 0.085 0.196 0.086 0.196 0.087 0.197 0.087 0.198 0.088 0.198 0.091 0.199 0.091 0.2 0.092 0.2 0.093 0.201 0.093 0.202 0.094 0.202 0.097 0.203 0.097 0.204 0.098 0.204 0.099 0.205 0.099 0.206 0.1 0.206 0.103 0.207 0.103 0.208 0.104 0.208 0.105 0.209 0.105 0.21 0.106 0.21 0.109 0.211 0.109 0.212 0.11 0.212 0.113 0.213 0.113 0.214 0.114 0.214 0.115 0.215 0.115 0.216 0.116 0.216 0.119 0.217 0.119 0.218 0.12 0.218 0.121 0.219 0.121 0.22 0.122 0.22 0.123 0.227 0.123 0.228 0.124 0.228 0.125 0.245 0.125 0.246 0.126 0.246 0.127 0.263 0.127 0.264 0.128 0.264 0.129 0.281 0.129 0.282 0.13 0.282 0.131 0.299 0.131 0.3 0.132 0.3 0.133 0.315 0.133 0.316 0.134 0.316 0.135 0.333 0.135 0.334 0.136 0.334 0.137 0.351 0.137 0.352 0.138 0.352 0.139 0.369 0.139 0.37 0.14 0.37 0.141 0.387 0.141 0.388 0.142 0.388 0.143 0.403 0.143 0.404 0.144 0.404 0.145 0.421 0.145 0.422 0.146 0.422 0.147 0.439 0.147 0.44 0.148 0.44 0.149 0.457 0.149 0.458 0.15 0.458 0.151 0.465 0.151 0.465 0.15 0.466 0.149 0.467 0.149 0.467 0.148 0.468 0.147 0.469 0.147 0.469 0.146 0.47 0.145 0.471 0.145 0.471 0.144 0.472 0.143 0.473 0.143 0.473 0.14 0.474 0.139 0.475 0.139 0.475 0.138 0.476 0.137 0.477 0.137 0.477 0.136 0.478 0.135 0.479 0.135 0.479 0.134 0.48 0.133 0.481 0.133 0.481 0.13 0.482 0.129 0.483 0.129 0.483 0.128 0.484 0.127 0.485 0.127 0.485 0.126 0.486 0.125 0.487 0.125 0.487 0.124 0.488 0.123 0.489 0.123 0.489 0.12 0.49 0.119 0.491 0.119 0.491 0.118 0.492 0.117 0.493 0.117 0.493 0.116 0.494 0.115 0.495 0.115 0.495 0.114 0.496 0.113 0.497 0.113 0.497 0.112 0.498 0.111 0.499 0.111 0.499 0.108 0.5 0.107 0.501 0.107 0.501 0.106 0.502 0.105 0.503 0.105 0.503 0.104 0.504 0.103 0.505 0.103 0.505 0.102 0.506 0.101 0.507 0.101 0.507 0.098 0.508 0.097 0.509 0.097 0.509 0.096 0.51 0.095 0.511 0.095 0.511 0.094 0.512 0.093 0.513 0.093 0.513 0.092 0.514 0.091 0.515 0.091 0.515 0.088 0.516 0.087 0.517 0.087 0.517 0.086 0.518 0.085 0.519 0.085 0.519 0.084 0.52 0.083 0.521 0.083 0.521 0.082 0.522 0.081 0.523 0.081 0.523 0.08 0.514 0.08 0.513 0.079 0.513 0.078 0.496 0.078 0.495 0.077 0.495 0.076 0.478 0.076 0.477 0.075 0.477 0.074 0.46 0.074 0.459 0.073 0.459 0.072 0.442 0.072 0.441 0.071 0.441 0.07 0.424 0.07 0.423 0.069 0.423 0.068 0.406 0.068 0.405 0.067 0.405 0.066 0.388 0.066 0.387 0.065 0.387 0.064 0.37 0.064 0.369 0.063 0.369 0.062 0.352 0.062 0.351 0.061 0.351 0.06 0.334 0.06 0.333 0.059 0.333 0.058 0.316 0.058 0.315 0.057 0.315 0.056 0.298 0.056 0.297 0.055 0.297 0.054 0.28 0.054 0.279 0.053 0.279 0.052 0.262 0.052 0.261 0.051 0.261 0.05 0.244 0.05 0.243 0.049 0.243 0.048 0.226 0.048 0.225 0.047 0.225 0.046 0.208 0.046 0.207 0.045 0.207 0.044 0.188 0.044 0.187 0.043 0.187 0.042
5 0.366 0.179 0.02 0.022 0.358 0.168 0.358 0.169 0.357 0.17 0.356 0.17 0.356 0.185 0.357 0.185 0.358 0.186 0.358 0.187 0.359 0.187 0.36 0.188 0.36 0.189 0.371 0.189 0.371 0.188 0.372 0.187 0.373 0.187 0.373 0.184 0.374 0.183 0.375 0.183 0.375 0.17 0.372 0.17 0.371 0.169 0.371 0.168
5 0.015 0.321 0.022 0.022 0.01 0.31 0.01 0.311 0.009 0.312 0.006 0.312 0.006 0.315 0.005 0.316 0.004 0.316 0.004 0.325 0.005 0.325 0.006 0.326 0.006 0.327 0.009 0.327 0.01 0.328 0.01 0.329 0.015 0.329 0.016 0.33 0.016 0.331 0.017 0.331 0.017 0.33 0.018 0.329 0.021 0.329 0.021 0.328 0.022 0.327 0.023 0.327 0.023 0.324 0.024 0.323 0.025 0.323 0.025 0.316 0.024 0.316 0.023 0.315 0.023 0.312 0.022 0.312 0.021 0.311 0.021 0.31
7 0.14100000000000001 0.074 0.01 0.008 0.136 0.07 0.136 0.075 0.137 0.075 0.138 0.076 0.138 0.077 0.141 0.077 0.141 0.076 0.142 0.075 0.143 0.075 0.143 0.074 0.144 0.073 0.145 0.073 0.145 0.072 0.144 0.072 0.143 0.071 0.143 0.07
7 0.484 0.34500000000000003 0.008 0.01 0.482 0.34 0.482 0.341 0.481 0.342 0.48 0.342 0.48 0.347 0.481 0.347 0.482 0.348 0.482 0.349 0.483 0.349 0.483 0.348 0.484 0.347 0.487 0.347 0.487 0.342 0.484 0.342 0.483 0.341 0.483 0.34
7 0.526 0.377 0.028 0.022 0.524 0.366 0.524 0.367 0.523 0.368 0.516 0.368 0.516 0.369 0.515 0.37 0.514 0.37 0.514 0.377 0.513 0.378 0.512 0.378 0.512 0.383 0.513 0.383 0.514 0.384 0.514 0.385 0.515 0.385 0.516 0.386 0.516 0.387 0.535 0.387 0.535 0.386 0.536 0.385 0.537 0.385 0.537 0.378 0.538 0.377 0.539 0.377 0.539 0.37 0.538 0.37 0.537 0.369 0.537 0.368 0.534 0.368 0.533 0.367 0.533 0.366 0.53 0.366 0.53 0.367 0.529 0.368 0.528 0.368 0.527 0.367 0.527 0.366
4 0.56 0.316 0.02 0.02 0.552 0.306 0.552 0.309 0.551 0.31 0.55 0.31 0.55 0.311 0.551 0.311 0.552 0.312 0.552 0.323 0.555 0.323 0.556 0.324 0.556 0.325 0.569 0.325 0.569 0.308 0.566 0.308 0.565 0.307 0.565 0.306
7 0.18 0.17500000000000002 0.016 0.018000000000000002 0.178 0.166 0.178 0.167 0.177 0.168 0.174 0.168 0.174 0.171 0.173 0.172 0.172 0.172 0.172 0.181 0.173 0.181 0.174 0.182 0.174 0.183 0.181 0.183 0.181 0.182 0.182 0.181 0.183 0.181 0.183 0.18 0.184 0.179 0.185 0.179 0.185 0.178 0.186 0.177 0.187 0.177 0.187 0.168 0.186 0.168 0.185 0.167 0.185 0.166
7 0.063 0.203 0.03 0.022 0.074 0.192 0.074 0.193 0.073 0.194 0.056 0.194 0.056 0.195 0.055 0.196 0.054 0.196 0.054 0.201 0.053 0.202 0.052 0.202 0.052 0.203 0.051 0.204 0.05 0.204 0.05 0.205 0.049 0.206 0.048 0.206 0.048 0.211 0.053 0.211 0.054 0.212 0.054 0.213 0.071 0.213 0.071 0.212 0.072 0.211 0.073 0.211 0.073 0.206 0.074 0.205 0.075 0.205 0.075 0.2 0.076 0.199 0.077 0.199 0.077 0.194 0.076 0.194 0.075 0.193 0.075 0.192
7 0.49 0.211 0.016 0.018000000000000002 0.486 0.202 0.486 0.203 0.485 0.204 0.484 0.204 0.484 0.211 0.483 0.212 0.482 0.212 0.482 0.215 0.483 0.215 0.484 0.216 0.484 0.219 0.493 0.219 0.493 0.216 0.494 0.215 0.495 0.215 0.495 0.212 0.496 0.211 0.497 0.211 0.497 0.206 0.496 0.206 0.495 0.205 0.495 0.204 0.494 0.204 0.493 0.203 0.493 0.202
4 0.421 0.177 0.026000000000000002 0.022 0.412 0.166 0.412 0.167 0.411 0.168 0.41 0.168 0.41 0.171 0.409 0.172 0.408 0.172 0.408 0.183 0.409 0.183 0.41 0.184 0.41 0.185 0.413 0.185 0.414 0.186 0.414 0.187 0.431 0.187 0.431 0.184 0.432 0.183 0.433 0.183 0.433 0.168 0.43 0.168 0.429 0.167 0.429 0.166
4 0.289 0.165 0.026000000000000002 0.03 0.282 0.15 0.282 0.151 0.281 0.152 0.28 0.152 0.28 0.153 0.279 0.154 0.278 0.154 0.278 0.167 0.277 0.168 0.276 0.168 0.276 0.175 0.277 0.175 0.278 0.176 0.278 0.177 0.279 0.177 0.28 0.178 0.28 0.179 0.293 0.179 0.293 0.178 0.294 0.177 0.295 0.177 0.295 0.176 0.296 0.175 0.297 0.175 0.297 0.172 0.298 0.171 0.299 0.171 0.299 0.168 0.3 0.167 0.301 0.167 0.301 0.154 0.298 0.154 0.297 0.153 0.297 0.152 0.288 0.152 0.287 0.151 0.287 0.15
4 0.025 0.053 0.05 0.03 0.0 0.038 0.0 0.063 0.009 0.063 0.01 0.064 0.01 0.065 0.033 0.065 0.034 0.066 0.034 0.067 0.047 0.067 0.047 0.064 0.048 0.063 0.049 0.063 0.049 0.044 0.046 0.044 0.045 0.043 0.045 0.042 0.03 0.042 0.029 0.041 0.029 0.04 0.018 0.04 0.017 0.039 0.017 0.038
7 0.51 0.535 0.016 0.014 0.508 0.528 0.508 0.529 0.507 0.53 0.504 0.53 0.504 0.535 0.503 0.536 0.502 0.536 0.502 0.537 0.503 0.537 0.504 0.538 0.504 0.541 0.513 0.541 0.513 0.538 0.514 0.537 0.515 0.537 0.515 0.534 0.516 0.533 0.517 0.533 0.517 0.532 0.516 0.532 0.515 0.531 0.515 0.53 0.514 0.53 0.513 0.529 0.513 0.528
