5 0.057 0.912 0.054 0.056 0.034 0.884 0.034 0.889 0.033 0.89 0.032 0.89 0.032 0.893 0.031 0.894 0.03 0.894 0.03 0.895 0.031 0.895 0.032 0.896 0.032 0.899 0.033 0.899 0.034 0.9 0.034 0.901 0.037 0.901 0.038 0.902 0.038 0.905 0.039 0.905 0.04 0.906 0.04 0.907 0.041 0.907 0.042 0.908 0.042 0.909 0.043 0.909 0.044 0.91 0.044 0.911 0.045 0.911 0.046 0.912 0.046 0.913 0.047 0.913 0.048 0.914 0.048 0.915 0.049 0.915 0.05 0.916 0.05 0.917 0.051 0.917 0.052 0.918 0.052 0.919 0.053 0.919 0.054 0.92 0.054 0.921 0.055 0.921 0.056 0.922 0.056 0.923 0.057 0.923 0.058 0.924 0.058 0.925 0.059 0.925 0.06 0.926 0.06 0.927 0.063 0.927 0.064 0.928 0.064 0.929 0.065 0.929 0.066 0.93 0.066 0.931 0.067 0.931 0.068 0.932 0.068 0.933 0.069 0.933 0.07 0.934 0.07 0.935 0.071 0.935 0.072 0.936 0.072 0.937 0.073 0.937 0.074 0.938 0.074 0.939 0.077 0.939 0.077 0.934 0.078 0.933 0.079 0.933 0.079 0.93 0.08 0.929 0.083 0.929 0.083 0.926 0.082 0.926 0.081 0.925 0.081 0.922 0.08 0.922 0.079 0.921 0.079 0.918 0.078 0.918 0.077 0.917 0.077 0.916 0.076 0.916 0.075 0.915 0.075 0.914 0.074 0.914 0.073 0.913 0.073 0.912 0.072 0.912 0.071 0.911 0.071 0.908 0.07 0.908 0.069 0.907 0.069 0.906 0.068 0.906 0.067 0.905 0.067 0.904 0.066 0.904 0.065 0.903 0.065 0.902 0.064 0.902 0.063 0.901 0.063 0.9 0.062 0.9 0.061 0.899 0.061 0.898 0.06 0.898 0.059 0.897 0.059 0.896 0.058 0.896 0.057 0.895 0.057 0.894 0.056 0.894 0.055 0.893 0.055 0.892 0.054 0.892 0.053 0.891 0.053 0.89 0.046 0.89 0.045 0.889 0.045 0.888 0.042 0.888 0.041 0.887 0.041 0.886 0.04 0.886 0.039 0.885 0.039 0.884
4 0.455 0.642 0.018000000000000002 0.016 0.45 0.634 0.45 0.635 0.449 0.636 0.448 0.636 0.448 0.637 0.447 0.638 0.446 0.638 0.446 0.645 0.447 0.645 0.448 0.646 0.448 0.647 0.449 0.647 0.45 0.648 0.45 0.649 0.459 0.649 0.459 0.648 0.46 0.647 0.461 0.647 0.461 0.646 0.462 0.645 0.463 0.645 0.463 0.638 0.462 0.638 0.461 0.637 0.461 0.636 0.46 0.636 0.459 0.635 0.459 0.634
7 0.485 0.358 0.014 0.012 0.482 0.352 0.482 0.353 0.481 0.354 0.48 0.354 0.48 0.355 0.479 0.356 0.478 0.356 0.478 0.357 0.479 0.357 0.48 0.358 0.48 0.361 0.481 0.361 0.482 0.362 0.482 0.363 0.489 0.363 0.489 0.362 0.49 0.361 0.491 0.361 0.491 0.356 0.49 0.356 0.489 0.355 0.489 0.354 0.484 0.354 0.483 0.353 0.483 0.352
7 0.628 0.401 0.012 0.014 0.626 0.394 0.626 0.395 0.625 0.396 0.624 0.396 0.624 0.397 0.623 0.398 0.622 0.398 0.622 0.407 0.627 0.407 0.627 0.406 0.628 0.405 0.631 0.405 0.631 0.404 0.632 0.403 0.633 0.403 0.633 0.394
7 0.461 0.41500000000000004 0.01 0.01 0.458 0.41 0.458 0.411 0.457 0.412 0.456 0.412 0.456 0.417 0.459 0.417 0.46 0.418 0.46 0.419 0.463 0.419 0.463 0.418 0.464 0.417 0.465 0.417 0.465 0.412 0.464 0.412 0.463 0.411 0.463 0.41
7 0.627 0.401 0.014 0.014 0.63 0.394 0.63 0.395 0.629 0.396 0.624 0.396 0.624 0.397 0.623 0.398 0.622 0.398 0.622 0.401 0.621 0.402 0.62 0.402 0.62 0.405 0.621 0.405 0.622 0.406 0.622 0.407 0.627 0.407 0.627 0.406 0.628 0.405 0.629 0.405 0.629 0.404 0.63 0.403 0.631 0.403 0.631 0.4 0.632 0.399 0.633 0.399 0.633 0.398 0.632 0.398 0.631 0.397 0.631 0.394
7 0.431 0.432 0.014 0.012 0.434 0.426 0.434 0.427 0.433 0.428 0.428 0.428 0.428 0.429 0.427 0.43 0.426 0.43 0.426 0.433 0.425 0.434 0.424 0.434 0.424 0.435 0.425 0.435 0.426 0.436 0.426 0.437 0.429 0.437 0.429 0.436 0.43 0.435 0.431 0.435 0.431 0.434 0.432 0.433 0.433 0.433 0.433 0.432 0.434 0.431 0.435 0.431 0.435 0.428 0.436 0.427 0.437 0.427 0.437 0.426
7 0.435 0.47900000000000004 0.014 0.014 0.43 0.472 0.43 0.473 0.429 0.474 0.428 0.474 0.428 0.483 0.429 0.483 0.43 0.484 0.43 0.485 0.437 0.485 0.437 0.484 0.438 0.483 0.439 0.483 0.439 0.482 0.44 0.481 0.441 0.481 0.441 0.474 0.44 0.474 0.439 0.473 0.439 0.472
7 0.389 0.531 0.01 0.01 0.386 0.526 0.386 0.527 0.385 0.528 0.384 0.528 0.384 0.533 0.385 0.533 0.386 0.534 0.386 0.535 0.393 0.535 0.393 0.53 0.392 0.53 0.391 0.529 0.391 0.528 0.39 0.528 0.389 0.527 0.389 0.526
7 0.498 0.582 0.012 0.012 0.494 0.576 0.494 0.577 0.493 0.578 0.492 0.578 0.492 0.583 0.493 0.583 0.494 0.584 0.494 0.585 0.495 0.585 0.496 0.586 0.496 0.587 0.501 0.587 0.501 0.586 0.502 0.585 0.503 0.585 0.503 0.578 0.502 0.578 0.501 0.577 0.501 0.576
7 0.166 0.682 0.012 0.012 0.162 0.676 0.162 0.677 0.161 0.678 0.16 0.678 0.16 0.685 0.161 0.685 0.162 0.686 0.162 0.687 0.165 0.687 0.165 0.686 0.166 0.685 0.167 0.685 0.167 0.684 0.168 0.683 0.169 0.683 0.169 0.682 0.17 0.681 0.171 0.681 0.171 0.676
7 0.155 0.78 0.01 0.008 0.152 0.776 0.152 0.777 0.151 0.778 0.15 0.778 0.15 0.783 0.155 0.783 0.155 0.782 0.156 0.781 0.157 0.781 0.157 0.78 0.158 0.779 0.159 0.779 0.159 0.776
7 0.038 0.805 0.008 0.01 0.036 0.8 0.036 0.801 0.035 0.802 0.034 0.802 0.034 0.809 0.037 0.809 0.037 0.808 0.038 0.807 0.039 0.807 0.039 0.804 0.04 0.803 0.041 0.803 0.041 0.802 0.04 0.802 0.039 0.801 0.039 0.8
7 0.107 0.8270000000000001 0.014 0.01 0.106 0.822 0.106 0.823 0.105 0.824 0.102 0.824 0.102 0.825 0.101 0.826 0.1 0.826 0.1 0.829 0.101 0.829 0.102 0.83 0.102 0.831 0.111 0.831 0.111 0.828 0.112 0.827 0.113 0.827 0.113 0.826 0.112 0.826 0.111 0.825 0.111 0.822
5 0.124 0.852 0.016 0.016 0.118 0.846 0.118 0.847 0.117 0.848 0.116 0.848 0.116 0.857 0.117 0.857 0.118 0.858 0.118 0.859 0.125 0.859 0.125 0.858 0.126 0.857 0.127 0.857 0.127 0.854 0.128 0.853 0.129 0.853 0.129 0.852 0.13 0.851 0.131 0.851 0.131 0.85 0.128 0.85 0.127 0.849 0.127 0.848 0.126 0.848 0.125 0.847 0.125 0.846
4 0.302 0.539 0.076 0.078 0.31 0.5 0.31 0.501 0.309 0.502 0.308 0.502 0.308 0.503 0.307 0.504 0.306 0.504 0.306 0.505 0.305 0.506 0.304 0.506 0.304 0.507 0.303 0.508 0.302 0.508 0.302 0.509 0.301 0.51 0.3 0.51 0.3 0.511 0.299 0.512 0.298 0.512 0.298 0.513 0.297 0.514 0.296 0.514 0.296 0.515 0.295 0.516 0.294 0.516 0.294 0.517 0.293 0.518 0.292 0.518 0.292 0.519 0.291 0.52 0.29 0.52 0.29 0.521 0.289 0.522 0.288 0.522 0.288 0.523 0.287 0.524 0.286 0.524 0.286 0.525 0.285 0.526 0.284 0.526 0.284 0.527 0.283 0.528 0.282 0.528 0.282 0.529 0.281 0.53 0.28 0.53 0.28 0.531 0.279 0.532 0.278 0.532 0.278 0.533 0.277 0.534 0.276 0.534 0.276 0.535 0.275 0.536 0.274 0.536 0.274 0.537 0.273 0.538 0.272 0.538 0.272 0.539 0.271 0.54 0.27 0.54 0.27 0.543 0.269 0.544 0.268 0.544 0.268 0.545 0.267 0.546 0.266 0.546 0.266 0.547 0.265 0.548 0.264 0.548 0.264 0.553 0.265 0.553 0.266 0.554 0.266 0.555 0.267 0.555 0.268 0.556 0.268 0.557 0.269 0.557 0.27 0.558 0.27 0.559 0.271 0.559 0.272 0.56 0.272 0.561 0.273 0.561 0.274 0.562 0.274 0.563 0.275 0.563 0.276 0.564 0.276 0.567 0.277 0.567 0.278 0.568 0.278 0.569 0.279 0.569 0.28 0.57 0.28 0.571 0.281 0.571 0.282 0.572 0.282 0.573 0.283 0.573 0.284 0.574 0.284 0.575 0.285 0.575 0.286 0.576 0.286 0.577 0.291 0.577 0.291 0.576 0.292 0.575 0.293 0.575 0.293 0.574 0.294 0.573 0.297 0.573 0.297 0.572 0.298 0.571 0.299 0.571 0.299 0.57 0.3 0.569 0.301 0.569 0.301 0.568 0.302 0.567 0.303 0.567 0.303 0.566 0.304 0.565 0.305 0.565 0.305 0.564 0.306 0.563 0.307 0.563 0.307 0.562 0.308 0.561 0.309 0.561 0.309 0.56 0.31 0.559 0.311 0.559 0.311 0.558 0.312 0.557 0.313 0.557 0.313 0.556 0.314 0.555 0.315 0.555 0.315 0.552 0.316 0.551 0.317 0.551 0.317 0.55 0.318 0.549 0.319 0.549 0.319 0.548 0.32 0.547 0.323 0.547 0.323 0.544 0.324 0.543 0.325 0.543 0.325 0.542 0.326 0.541 0.327 0.541 0.327 0.54 0.328 0.539 0.329 0.539 0.329 0.538 0.33 0.537 0.331 0.537 0.331 0.536 0.332 0.535 0.333 0.535 0.333 0.534 0.334 0.533 0.335 0.533 0.335 0.53 0.336 0.529 0.337 0.529 0.337 0.528 0.338 0.527 0.339 0.527 0.339 0.522 0.338 0.522 0.337 0.521 0.337 0.518 0.336 0.518 0.335 0.517 0.335 0.516 0.332 0.516 0.331 0.515 0.331 0.514 0.33 0.514 0.329 0.513 0.329 0.512 0.328 0.512 0.327 0.511 0.327 0.51 0.326 0.51 0.325 0.509 0.325 0.508 0.324 0.508 0.323 0.507 0.323 0.506 0.322 0.506 0.321 0.505 0.321 0.504 0.32 0.504 0.319 0.503 0.319 0.502 0.318 0.502 0.317 0.501 0.317 0.5
2 0.47200000000000003 0.681 0.07200000000000001 0.07 0.49 0.646 0.49 0.647 0.489 0.648 0.488 0.648 0.488 0.649 0.487 0.65 0.486 0.65 0.486 0.651 0.485 0.652 0.482 0.652 0.482 0.653 0.481 0.654 0.48 0.654 0.48 0.655 0.479 0.656 0.478 0.656 0.478 0.657 0.477 0.658 0.476 0.658 0.476 0.659 0.475 0.66 0.474 0.66 0.474 0.661 0.473 0.662 0.472 0.662 0.472 0.663 0.471 0.664 0.47 0.664 0.47 0.667 0.469 0.668 0.468 0.668 0.468 0.669 0.467 0.67 0.466 0.67 0.466 0.671 0.465 0.672 0.464 0.672 0.464 0.673 0.463 0.674 0.462 0.674 0.462 0.675 0.461 0.676 0.46 0.676 0.46 0.677 0.459 0.678 0.458 0.678 0.458 0.679 0.457 0.68 0.456 0.68 0.456 0.681 0.455 0.682 0.454 0.682 0.454 0.683 0.453 0.684 0.452 0.684 0.452 0.685 0.451 0.686 0.45 0.686 0.45 0.687 0.449 0.688 0.448 0.688 0.448 0.689 0.447 0.69 0.446 0.69 0.446 0.691 0.445 0.692 0.444 0.692 0.444 0.693 0.443 0.694 0.442 0.694 0.442 0.695 0.441 0.696 0.44 0.696 0.44 0.699 0.439 0.7 0.438 0.7 0.438 0.701 0.437 0.702 0.436 0.702 0.436 0.705 0.437 0.705 0.438 0.706 0.438 0.709 0.439 0.709 0.44 0.71 0.44 0.711 0.445 0.711 0.446 0.712 0.446 0.713 0.449 0.713 0.45 0.714 0.45 0.715 0.451 0.715 0.451 0.714 0.452 0.713 0.455 0.713 0.455 0.712 0.456 0.711 0.457 0.711 0.457 0.71 0.458 0.709 0.459 0.709 0.459 0.708 0.46 0.707 0.461 0.707 0.461 0.706 0.462 0.705 0.463 0.705 0.463 0.704 0.464 0.703 0.465 0.703 0.465 0.702 0.466 0.701 0.467 0.701 0.467 0.7 0.468 0.699 0.469 0.699 0.469 0.698 0.47 0.697 0.471 0.697 0.471 0.696 0.472 0.695 0.473 0.695 0.473 0.694 0.474 0.693 0.475 0.693 0.475 0.692 0.476 0.691 0.477 0.691 0.477 0.69 0.478 0.689 0.479 0.689 0.479 0.688 0.48 0.687 0.481 0.687 0.481 0.686 0.482 0.685 0.483 0.685 0.483 0.682 0.484 0.681 0.485 0.681 0.485 0.68 0.486 0.679 0.487 0.679 0.487 0.678 0.488 0.677 0.489 0.677 0.489 0.676 0.49 0.675 0.491 0.675 0.491 0.674 0.492 0.673 0.493 0.673 0.493 0.672 0.494 0.671 0.495 0.671 0.495 0.67 0.496 0.669 0.497 0.669 0.497 0.668 0.498 0.667 0.499 0.667 0.499 0.666 0.5 0.665 0.503 0.665 0.503 0.662 0.504 0.661 0.505 0.661 0.505 0.66 0.506 0.659 0.507 0.659 0.507 0.652 0.506 0.652 0.505 0.651 0.505 0.65 0.504 0.65 0.503 0.649 0.503 0.648 0.5 0.648 0.499 0.647 0.499 0.646
2 0.211 0.9510000000000001 0.07 0.066 0.232 0.918 0.232 0.919 0.231 0.92 0.23 0.92 0.23 0.921 0.229 0.922 0.228 0.922 0.228 0.923 0.227 0.924 0.226 0.924 0.226 0.925 0.225 0.926 0.224 0.926 0.224 0.927 0.223 0.928 0.22 0.928 0.22 0.929 0.219 0.93 0.218 0.93 0.218 0.931 0.217 0.932 0.216 0.932 0.216 0.933 0.215 0.934 0.214 0.934 0.214 0.935 0.213 0.936 0.212 0.936 0.212 0.937 0.211 0.938 0.21 0.938 0.21 0.939 0.209 0.94 0.208 0.94 0.208 0.941 0.207 0.942 0.206 0.942 0.206 0.943 0.205 0.944 0.204 0.944 0.204 0.945 0.203 0.946 0.202 0.946 0.202 0.949 0.201 0.95 0.2 0.95 0.2 0.951 0.199 0.952 0.198 0.952 0.198 0.953 0.197 0.954 0.196 0.954 0.196 0.955 0.195 0.956 0.194 0.956 0.194 0.957 0.193 0.958 0.192 0.958 0.192 0.959 0.191 0.96 0.188 0.96 0.188 0.963 0.187 0.964 0.186 0.964 0.186 0.965 0.185 0.966 0.184 0.966 0.184 0.967 0.183 0.968 0.182 0.968 0.182 0.969 0.181 0.97 0.18 0.97 0.18 0.971 0.179 0.972 0.178 0.972 0.178 0.975 0.177 0.976 0.176 0.976 0.176 0.979 0.177 0.979 0.178 0.98 0.178 0.981 0.179 0.981 0.18 0.982 0.18 0.983 0.191 0.983 0.191 0.982 0.192 0.981 0.195 0.981 0.195 0.98 0.196 0.979 0.197 0.979 0.197 0.978 0.198 0.977 0.199 0.977 0.199 0.976 0.2 0.975 0.201 0.975 0.201 0.972 0.202 0.971 0.203 0.971 0.203 0.97 0.204 0.969 0.205 0.969 0.205 0.968 0.206 0.967 0.207 0.967 0.207 0.966 0.208 0.965 0.209 0.965 0.209 0.964 0.21 0.963 0.211 0.963 0.211 0.962 0.212 0.961 0.213 0.961 0.213 0.96 0.214 0.959 0.215 0.959 0.215 0.958 0.216 0.957 0.217 0.957 0.217 0.956 0.218 0.955 0.219 0.955 0.219 0.954 0.22 0.953 0.221 0.953 0.221 0.952 0.222 0.951 0.223 0.951 0.223 0.95 0.224 0.949 0.225 0.949 0.225 0.948 0.226 0.947 0.227 0.947 0.227 0.946 0.228 0.945 0.229 0.945 0.229 0.944 0.23 0.943 0.231 0.943 0.231 0.942 0.232 0.941 0.233 0.941 0.233 0.94 0.234 0.939 0.235 0.939 0.235 0.938 0.236 0.937 0.237 0.937 0.237 0.936 0.238 0.935 0.239 0.935 0.239 0.934 0.24 0.933 0.241 0.933 0.241 0.932 0.242 0.931 0.243 0.931 0.243 0.928 0.244 0.927 0.245 0.927 0.245 0.924 0.244 0.924 0.243 0.923 0.243 0.922 0.242 0.922 0.241 0.921 0.241 0.918
3 0.559 0.5640000000000001 0.10200000000000001 0.112 0.606 0.508 0.606 0.509 0.605 0.51 0.6 0.51 0.6 0.511 0.599 0.512 0.594 0.512 0.594 0.513 0.593 0.514 0.59 0.514 0.59 0.515 0.589 0.516 0.584 0.516 0.584 0.517 0.583 0.518 0.58 0.518 0.58 0.519 0.579 0.52 0.574 0.52 0.574 0.521 0.573 0.522 0.568 0.522 0.568 0.523 0.567 0.524 0.564 0.524 0.564 0.525 0.563 0.526 0.56 0.526 0.56 0.527 0.559 0.528 0.554 0.528 0.554 0.529 0.553 0.53 0.55 0.53 0.55 0.531 0.549 0.532 0.542 0.532 0.542 0.533 0.541 0.534 0.54 0.534 0.54 0.535 0.539 0.536 0.536 0.536 0.536 0.537 0.535 0.538 0.534 0.538 0.534 0.539 0.533 0.54 0.532 0.54 0.532 0.541 0.531 0.542 0.528 0.542 0.528 0.545 0.527 0.546 0.526 0.546 0.526 0.547 0.525 0.548 0.524 0.548 0.524 0.555 0.523 0.556 0.522 0.556 0.522 0.563 0.521 0.564 0.52 0.564 0.52 0.571 0.519 0.572 0.518 0.572 0.518 0.581 0.517 0.582 0.516 0.582 0.516 0.593 0.515 0.594 0.514 0.594 0.514 0.599 0.513 0.6 0.512 0.6 0.512 0.603 0.511 0.604 0.51 0.604 0.51 0.605 0.509 0.606 0.508 0.606 0.508 0.609 0.509 0.609 0.51 0.61 0.51 0.617 0.511 0.617 0.512 0.618 0.512 0.619 0.515 0.619 0.515 0.618 0.516 0.617 0.517 0.617 0.517 0.616 0.518 0.615 0.521 0.615 0.521 0.614 0.522 0.613 0.523 0.613 0.523 0.612 0.524 0.611 0.525 0.611 0.525 0.61 0.526 0.609 0.527 0.609 0.527 0.608 0.528 0.607 0.529 0.607 0.529 0.606 0.53 0.605 0.531 0.605 0.531 0.604 0.532 0.603 0.533 0.603 0.533 0.602 0.534 0.601 0.535 0.601 0.535 0.6 0.536 0.599 0.537 0.599 0.537 0.598 0.538 0.597 0.539 0.597 0.539 0.596 0.54 0.595 0.541 0.595 0.541 0.594 0.542 0.593 0.543 0.593 0.543 0.592 0.544 0.591 0.545 0.591 0.545 0.59 0.546 0.589 0.547 0.589 0.547 0.588 0.548 0.587 0.549 0.587 0.549 0.586 0.55 0.585 0.553 0.585 0.553 0.584 0.554 0.583 0.555 0.583 0.555 0.58 0.556 0.579 0.557 0.579 0.557 0.578 0.558 0.577 0.559 0.577 0.559 0.576 0.56 0.575 0.561 0.575 0.561 0.574 0.562 0.573 0.563 0.573 0.563 0.568 0.564 0.567 0.567 0.567 0.567 0.566 0.568 0.565 0.569 0.565 0.569 0.564 0.57 0.563 0.571 0.563 0.571 0.562 0.572 0.561 0.573 0.561 0.573 0.56 0.574 0.559 0.575 0.559 0.575 0.558 0.576 0.557 0.577 0.557 0.577 0.556 0.578 0.555 0.579 0.555 0.579 0.554 0.58 0.553 0.581 0.553 0.581 0.552 0.582 0.551 0.583 0.551 0.583 0.55 0.584 0.549 0.585 0.549 0.585 0.548 0.586 0.547 0.587 0.547 0.587 0.546 0.588 0.545 0.589 0.545 0.589 0.544 0.59 0.543 0.591 0.543 0.591 0.54 0.592 0.539 0.593 0.539 0.593 0.538 0.594 0.537 0.595 0.537 0.595 0.536 0.596 0.535 0.597 0.535 0.597 0.534 0.598 0.533 0.599 0.533 0.599 0.532 0.6 0.531 0.601 0.531 0.601 0.53 0.602 0.529 0.603 0.529 0.603 0.526 0.604 0.525 0.605 0.525 0.605 0.524 0.606 0.523 0.607 0.523 0.607 0.522 0.608 0.521 0.609 0.521 0.609 0.51 0.608 0.51 0.607 0.509 0.607 0.508
3 0.081 0.605 0.09 0.08600000000000001 0.036 0.592 0.036 0.597 0.039 0.597 0.039 0.594 0.038 0.594 0.037 0.593 0.037 0.592
4 0.489 0.438 0.034 0.032 0.486 0.422 0.486 0.423 0.485 0.424 0.484 0.424 0.484 0.425 0.483 0.426 0.482 0.426 0.482 0.427 0.481 0.428 0.48 0.428 0.48 0.429 0.479 0.43 0.478 0.43 0.478 0.431 0.477 0.432 0.476 0.432 0.476 0.433 0.475 0.434 0.474 0.434 0.474 0.437 0.473 0.438 0.472 0.438 0.472 0.439 0.473 0.439 0.474 0.44 0.474 0.443 0.475 0.443 0.476 0.444 0.476 0.445 0.477 0.445 0.478 0.446 0.478 0.447 0.479 0.447 0.48 0.448 0.48 0.449 0.481 0.449 0.482 0.45 0.482 0.451 0.485 0.451 0.486 0.452 0.486 0.453 0.491 0.453 0.491 0.452 0.492 0.451 0.493 0.451 0.493 0.45 0.494 0.449 0.495 0.449 0.495 0.448 0.496 0.447 0.497 0.447 0.497 0.446 0.498 0.445 0.499 0.445 0.499 0.444 0.5 0.443 0.501 0.443 0.501 0.442 0.502 0.441 0.503 0.441 0.503 0.44 0.504 0.439 0.505 0.439 0.505 0.434 0.504 0.434 0.503 0.433 0.503 0.43 0.502 0.43 0.501 0.429 0.501 0.428 0.498 0.428 0.497 0.427 0.497 0.426 0.496 0.426 0.495 0.425 0.495 0.424 0.492 0.424 0.491 0.423 0.491 0.422
4 0.34900000000000003 0.493 0.034 0.034 0.344 0.476 0.344 0.477 0.343 0.478 0.34 0.478 0.34 0.479 0.339 0.48 0.338 0.48 0.338 0.481 0.337 0.482 0.336 0.482 0.336 0.483 0.335 0.484 0.334 0.484 0.334 0.485 0.333 0.486 0.332 0.486 0.332 0.495 0.333 0.495 0.334 0.496 0.334 0.497 0.337 0.497 0.338 0.498 0.338 0.499 0.341 0.499 0.342 0.5 0.342 0.501 0.343 0.501 0.344 0.502 0.344 0.503 0.345 0.503 0.346 0.504 0.346 0.505 0.347 0.505 0.348 0.506 0.348 0.507 0.351 0.507 0.352 0.508 0.352 0.509 0.353 0.509 0.353 0.508 0.354 0.507 0.357 0.507 0.357 0.506 0.358 0.505 0.359 0.505 0.359 0.504 0.36 0.503 0.361 0.503 0.361 0.502 0.362 0.501 0.363 0.501 0.363 0.498 0.364 0.497 0.365 0.497 0.365 0.488 0.364 0.488 0.363 0.487 0.363 0.486 0.362 0.486 0.361 0.485 0.361 0.484 0.36 0.484 0.359 0.483 0.359 0.482 0.358 0.482 0.357 0.481 0.357 0.48 0.354 0.48 0.353 0.479 0.353 0.478 0.348 0.478 0.347 0.477 0.347 0.476
4 0.176 0.557 0.036000000000000004 0.03 0.172 0.542 0.172 0.543 0.171 0.544 0.164 0.544 0.164 0.545 0.163 0.546 0.16 0.546 0.16 0.547 0.159 0.548 0.158 0.548 0.158 0.549 0.159 0.549 0.16 0.55 0.16 0.551 0.161 0.551 0.162 0.552 0.162 0.555 0.163 0.555 0.164 0.556 0.164 0.557 0.165 0.557 0.166 0.558 0.166 0.559 0.167 0.559 0.168 0.56 0.168 0.561 0.171 0.561 0.172 0.562 0.172 0.563 0.175 0.563 0.176 0.564 0.176 0.565 0.179 0.565 0.18 0.566 0.18 0.567 0.181 0.567 0.182 0.568 0.182 0.569 0.183 0.569 0.184 0.57 0.184 0.571 0.189 0.571 0.189 0.57 0.19 0.569 0.191 0.569 0.191 0.568 0.192 0.567 0.193 0.567 0.193 0.562 0.192 0.562 0.191 0.561 0.191 0.554 0.19 0.554 0.189 0.553 0.189 0.548 0.188 0.548 0.187 0.547 0.187 0.544 0.186 0.544 0.185 0.543 0.185 0.542
4 0.094 0.6 0.028 0.028 0.09 0.586 0.09 0.587 0.089 0.588 0.086 0.588 0.086 0.589 0.085 0.59 0.082 0.59 0.082 0.593 0.081 0.594 0.08 0.594 0.08 0.601 0.081 0.601 0.082 0.602 0.082 0.603 0.083 0.603 0.084 0.604 0.084 0.605 0.085 0.605 0.086 0.606 0.086 0.607 0.087 0.607 0.088 0.608 0.088 0.609 0.089 0.609 0.09 0.61 0.09 0.611 0.093 0.611 0.094 0.612 0.094 0.613 0.099 0.613 0.099 0.612 0.1 0.611 0.103 0.611 0.103 0.61 0.104 0.609 0.105 0.609 0.105 0.608 0.106 0.607 0.107 0.607 0.107 0.598 0.106 0.598 0.105 0.597 0.105 0.594 0.104 0.594 0.103 0.593 0.103 0.592 0.102 0.592 0.101 0.591 0.101 0.59 0.098 0.59 0.097 0.589 0.097 0.588 0.094 0.588 0.093 0.587 0.093 0.586
4 0.073 0.795 0.022 0.018000000000000002 0.07 0.786 0.07 0.787 0.069 0.788 0.064 0.788 0.064 0.789 0.063 0.79 0.062 0.79 0.062 0.795 0.063 0.795 0.064 0.796 0.064 0.797 0.065 0.797 0.066 0.798 0.066 0.799 0.069 0.799 0.07 0.8 0.07 0.801 0.073 0.801 0.074 0.802 0.074 0.803 0.077 0.803 0.077 0.802 0.078 0.801 0.081 0.801 0.081 0.8 0.082 0.799 0.083 0.799 0.083 0.792 0.082 0.792 0.081 0.791 0.081 0.79 0.08 0.79 0.079 0.789 0.079 0.788 0.076 0.788 0.075 0.787 0.075 0.786
4 0.188 0.8130000000000001 0.028 0.03 0.184 0.798 0.184 0.799 0.183 0.8 0.182 0.8 0.182 0.801 0.181 0.802 0.18 0.802 0.18 0.803 0.179 0.804 0.178 0.804 0.178 0.805 0.177 0.806 0.176 0.806 0.176 0.807 0.175 0.808 0.174 0.808 0.174 0.815 0.175 0.815 0.176 0.816 0.176 0.819 0.177 0.819 0.178 0.82 0.178 0.821 0.179 0.821 0.18 0.822 0.18 0.823 0.181 0.823 0.182 0.824 0.182 0.825 0.183 0.825 0.184 0.826 0.184 0.827 0.189 0.827 0.189 0.826 0.19 0.825 0.191 0.825 0.191 0.824 0.192 0.823 0.193 0.823 0.193 0.822 0.194 0.821 0.195 0.821 0.195 0.82 0.196 0.819 0.197 0.819 0.197 0.818 0.198 0.817 0.199 0.817 0.199 0.816 0.2 0.815 0.201 0.815 0.201 0.806 0.2 0.806 0.199 0.805 0.199 0.804 0.198 0.804 0.197 0.803 0.197 0.802 0.196 0.802 0.195 0.801 0.195 0.8 0.192 0.8 0.191 0.799 0.191 0.798
4 0.915 0.994 0.026000000000000002 0.012 0.914 0.988 0.914 0.989 0.913 0.99 0.91 0.99 0.91 0.991 0.909 0.992 0.908 0.992 0.908 0.993 0.907 0.994 0.904 0.994 0.904 0.995 0.903 0.996 0.902 0.996 0.902 0.999 0.927 0.999 0.927 0.996 0.926 0.996 0.925 0.995 0.925 0.992 0.924 0.992 0.923 0.991 0.923 0.99 0.92 0.99 0.919 0.989 0.919 0.988
5 0.645 0.32 0.018000000000000002 0.012 0.638 0.314 0.638 0.317 0.637 0.318 0.636 0.318 0.636 0.325 0.641 0.325 0.641 0.324 0.642 0.323 0.645 0.323 0.645 0.322 0.646 0.321 0.649 0.321 0.649 0.32 0.65 0.319 0.651 0.319 0.651 0.316 0.652 0.315 0.653 0.315 0.653 0.314
5 0.602 0.35000000000000003 0.012 0.012 0.6 0.344 0.6 0.345 0.599 0.346 0.598 0.346 0.598 0.347 0.597 0.348 0.596 0.348 0.596 0.353 0.597 0.353 0.598 0.354 0.598 0.355 0.605 0.355 0.605 0.35 0.606 0.349 0.607 0.349 0.607 0.344
5 0.525 0.431 0.026000000000000002 0.022 0.528 0.42 0.528 0.421 0.527 0.422 0.524 0.422 0.524 0.423 0.523 0.424 0.522 0.424 0.522 0.425 0.521 0.426 0.518 0.426 0.518 0.429 0.517 0.43 0.516 0.43 0.516 0.431 0.515 0.432 0.514 0.432 0.514 0.433 0.513 0.434 0.512 0.434 0.512 0.437 0.513 0.437 0.514 0.438 0.514 0.439 0.515 0.439 0.516 0.44 0.516 0.441 0.521 0.441 0.521 0.44 0.522 0.439 0.525 0.439 0.525 0.436 0.526 0.435 0.527 0.435 0.527 0.434 0.528 0.433 0.529 0.433 0.529 0.432 0.53 0.431 0.531 0.431 0.531 0.43 0.532 0.429 0.533 0.429 0.533 0.428 0.534 0.427 0.535 0.427 0.535 0.426 0.536 0.425 0.537 0.425 0.537 0.422 0.53 0.422 0.529 0.421 0.529 0.42
4 0.923 0.93 0.042 0.04 0.928 0.91 0.928 0.911 0.927 0.912 0.926 0.912 0.926 0.913 0.925 0.914 0.924 0.914 0.924 0.915 0.923 0.916 0.922 0.916 0.922 0.917 0.921 0.918 0.92 0.918 0.92 0.919 0.919 0.92 0.918 0.92 0.918 0.921 0.917 0.922 0.914 0.922 0.914 0.923 0.913 0.924 0.912 0.924 0.912 0.925 0.911 0.926 0.91 0.926 0.91 0.927 0.909 0.928 0.908 0.928 0.908 0.929 0.907 0.93 0.906 0.93 0.906 0.931 0.905 0.932 0.904 0.932 0.904 0.933 0.903 0.934 0.902 0.934 0.902 0.935 0.903 0.935 0.904 0.936 0.904 0.937 0.905 0.937 0.906 0.938 0.906 0.939 0.907 0.939 0.908 0.94 0.908 0.941 0.909 0.941 0.91 0.942 0.91 0.943 0.911 0.943 0.912 0.944 0.912 0.945 0.913 0.945 0.914 0.946 0.914 0.947 0.915 0.947 0.916 0.948 0.916 0.949 0.917 0.949 0.917 0.948 0.918 0.947 0.919 0.947 0.919 0.946 0.92 0.945 0.921 0.945 0.921 0.944 0.922 0.943 0.923 0.943 0.923 0.942 0.924 0.941 0.925 0.941 0.925 0.94 0.926 0.939 0.927 0.939 0.927 0.938 0.928 0.937 0.929 0.937 0.929 0.936 0.93 0.935 0.931 0.935 0.931 0.934 0.932 0.933 0.933 0.933 0.933 0.932 0.934 0.931 0.935 0.931 0.935 0.93 0.936 0.929 0.937 0.929 0.937 0.928 0.938 0.927 0.939 0.927 0.939 0.926 0.94 0.925 0.941 0.925 0.941 0.922 0.94 0.922 0.939 0.921 0.939 0.92 0.938 0.92 0.937 0.919 0.937 0.918 0.936 0.918 0.935 0.917 0.935 0.916 0.934 0.916 0.933 0.915 0.933 0.914 0.932 0.914 0.931 0.913 0.931 0.912 0.93 0.912 0.929 0.911 0.929 0.91
4 0.459 0.336 0.018000000000000002 0.016 0.454 0.328 0.454 0.329 0.453 0.33 0.452 0.33 0.452 0.331 0.451 0.332 0.45 0.332 0.45 0.339 0.451 0.339 0.452 0.34 0.452 0.341 0.453 0.341 0.454 0.342 0.454 0.343 0.463 0.343 0.463 0.342 0.464 0.341 0.465 0.341 0.465 0.34 0.466 0.339 0.467 0.339 0.467 0.332 0.466 0.332 0.465 0.331 0.465 0.33 0.464 0.33 0.463 0.329 0.463 0.328
5 0.56 0.309 0.016 0.01 0.562 0.304 0.562 0.305 0.561 0.306 0.556 0.306 0.556 0.307 0.555 0.308 0.554 0.308 0.554 0.309 0.555 0.309 0.556 0.31 0.556 0.311 0.557 0.311 0.558 0.312 0.558 0.313 0.561 0.313 0.561 0.312 0.562 0.311 0.567 0.311 0.567 0.308 0.566 0.308 0.565 0.307 0.565 0.304
2 0.668 0.48 0.048 0.044 0.674 0.458 0.674 0.459 0.673 0.46 0.67 0.46 0.67 0.461 0.669 0.462 0.668 0.462 0.668 0.463 0.667 0.464 0.666 0.464 0.666 0.465 0.665 0.466 0.664 0.466 0.664 0.467 0.663 0.468 0.662 0.468 0.662 0.469 0.661 0.47 0.66 0.47 0.66 0.471 0.659 0.472 0.658 0.472 0.658 0.473 0.657 0.474 0.656 0.474 0.656 0.475 0.655 0.476 0.654 0.476 0.654 0.477 0.653 0.478 0.652 0.478 0.652 0.479 0.651 0.48 0.65 0.48 0.65 0.481 0.649 0.482 0.648 0.482 0.648 0.483 0.647 0.484 0.646 0.484 0.646 0.485 0.645 0.486 0.644 0.486 0.644 0.491 0.645 0.491 0.646 0.492 0.646 0.493 0.647 0.493 0.648 0.494 0.648 0.497 0.649 0.497 0.65 0.498 0.65 0.499 0.651 0.499 0.652 0.5 0.652 0.501 0.659 0.501 0.659 0.5 0.66 0.499 0.663 0.499 0.663 0.498 0.664 0.497 0.665 0.497 0.665 0.496 0.666 0.495 0.667 0.495 0.667 0.492 0.668 0.491 0.669 0.491 0.669 0.49 0.67 0.489 0.671 0.489 0.671 0.488 0.672 0.487 0.673 0.487 0.673 0.486 0.674 0.485 0.675 0.485 0.675 0.484 0.676 0.483 0.677 0.483 0.677 0.482 0.678 0.481 0.679 0.481 0.679 0.48 0.68 0.479 0.681 0.479 0.681 0.478 0.682 0.477 0.683 0.477 0.683 0.476 0.684 0.475 0.685 0.475 0.685 0.474 0.686 0.473 0.687 0.473 0.687 0.472 0.688 0.471 0.689 0.471 0.689 0.468 0.69 0.467 0.691 0.467 0.691 0.462 0.69 0.462 0.689 0.461 0.689 0.46 0.68 0.46 0.679 0.459 0.679 0.458
4 0.598 0.488 0.016 0.016 0.596 0.48 0.596 0.481 0.595 0.482 0.592 0.482 0.592 0.485 0.591 0.486 0.59 0.486 0.59 0.489 0.591 0.489 0.592 0.49 0.592 0.493 0.595 0.493 0.596 0.494 0.596 0.495 0.599 0.495 0.599 0.494 0.6 0.493 0.603 0.493 0.603 0.49 0.604 0.489 0.605 0.489 0.605 0.486 0.604 0.486 0.603 0.485 0.603 0.482 0.6 0.482 0.599 0.481 0.599 0.48
4 0.644 0.446 0.016 0.016 0.64 0.438 0.64 0.439 0.639 0.44 0.638 0.44 0.638 0.441 0.637 0.442 0.636 0.442 0.636 0.449 0.637 0.449 0.638 0.45 0.638 0.451 0.639 0.451 0.64 0.452 0.64 0.453 0.647 0.453 0.647 0.452 0.648 0.451 0.649 0.451 0.649 0.45 0.65 0.449 0.651 0.449 0.651 0.442 0.65 0.442 0.649 0.441 0.649 0.44 0.648 0.44 0.647 0.439 0.647 0.438
4 0.6940000000000001 0.392 0.016 0.016 0.692 0.384 0.692 0.385 0.691 0.386 0.688 0.386 0.688 0.389 0.687 0.39 0.686 0.39 0.686 0.393 0.687 0.393 0.688 0.394 0.688 0.397 0.691 0.397 0.692 0.398 0.692 0.399 0.695 0.399 0.695 0.398 0.696 0.397 0.699 0.397 0.699 0.394 0.7 0.393 0.701 0.393 0.701 0.39 0.7 0.39 0.699 0.389 0.699 0.386 0.696 0.386 0.695 0.385 0.695 0.384
5 0.231 0.741 0.014 0.018000000000000002 0.228 0.734 0.228 0.737 0.227 0.738 0.226 0.738 0.226 0.739 0.225 0.74 0.224 0.74 0.224 0.741 0.225 0.741 0.226 0.742 0.226 0.743 0.227 0.743 0.228 0.744 0.228 0.745 0.229 0.745 0.23 0.746 0.23 0.747 0.233 0.747 0.233 0.744 0.234 0.743 0.235 0.743 0.235 0.742 0.236 0.741 0.237 0.741 0.237 0.74 0.236 0.74 0.235 0.739 0.235 0.738 0.234 0.738 0.233 0.737 0.233 0.736 0.232 0.736 0.231 0.735 0.231 0.734
2 0.373 0.786 0.042 0.044 0.378 0.764 0.378 0.765 0.377 0.766 0.376 0.766 0.376 0.767 0.375 0.768 0.374 0.768 0.374 0.769 0.373 0.77 0.372 0.77 0.372 0.773 0.371 0.774 0.37 0.774 0.37 0.775 0.369 0.776 0.368 0.776 0.368 0.779 0.367 0.78 0.366 0.78 0.366 0.781 0.365 0.782 0.364 0.782 0.364 0.783 0.363 0.784 0.362 0.784 0.362 0.785 0.361 0.786 0.36 0.786 0.36 0.787 0.359 0.788 0.358 0.788 0.358 0.789 0.357 0.79 0.354 0.79 0.354 0.793 0.353 0.794 0.352 0.794 0.352 0.801 0.353 0.801 0.354 0.802 0.354 0.803 0.355 0.803 0.356 0.804 0.356 0.805 0.357 0.805 0.358 0.806 0.358 0.807 0.363 0.807 0.363 0.806 0.364 0.805 0.365 0.805 0.365 0.804 0.366 0.803 0.367 0.803 0.367 0.802 0.368 0.801 0.369 0.801 0.369 0.8 0.37 0.799 0.371 0.799 0.371 0.798 0.372 0.797 0.373 0.797 0.373 0.796 0.374 0.795 0.375 0.795 0.375 0.794 0.376 0.793 0.379 0.793 0.379 0.792 0.38 0.791 0.381 0.791 0.381 0.79 0.382 0.789 0.383 0.789 0.383 0.788 0.384 0.787 0.385 0.787 0.385 0.784 0.386 0.783 0.387 0.783 0.387 0.78 0.388 0.779 0.389 0.779 0.389 0.778 0.39 0.777 0.391 0.777 0.391 0.776 0.392 0.775 0.393 0.775 0.393 0.768 0.39 0.768 0.389 0.767 0.389 0.766 0.388 0.766 0.387 0.765 0.387 0.764
3 0.295 0.845 0.134 0.138 0.342 0.776 0.342 0.777 0.341 0.778 0.338 0.778 0.338 0.779 0.337 0.78 0.334 0.78 0.334 0.781 0.333 0.782 0.33 0.782 0.33 0.783 0.329 0.784 0.326 0.784 0.326 0.785 0.325 0.786 0.322 0.786 0.322 0.787 0.321 0.788 0.318 0.788 0.318 0.789 0.317 0.79 0.312 0.79 0.312 0.791 0.311 0.792 0.308 0.792 0.308 0.793 0.307 0.794 0.304 0.794 0.304 0.795 0.303 0.796 0.3 0.796 0.3 0.797 0.299 0.798 0.296 0.798 0.296 0.799 0.295 0.8 0.292 0.8 0.292 0.801 0.291 0.802 0.288 0.802 0.288 0.803 0.287 0.804 0.284 0.804 0.284 0.805 0.283 0.806 0.28 0.806 0.28 0.807 0.279 0.808 0.274 0.808 0.274 0.809 0.273 0.81 0.272 0.81 0.272 0.811 0.271 0.812 0.27 0.812 0.27 0.817 0.269 0.818 0.268 0.818 0.268 0.821 0.267 0.822 0.266 0.822 0.266 0.825 0.265 0.826 0.264 0.826 0.264 0.829 0.263 0.83 0.262 0.83 0.262 0.835 0.261 0.836 0.26 0.836 0.26 0.839 0.259 0.84 0.258 0.84 0.258 0.843 0.257 0.844 0.256 0.844 0.256 0.849 0.255 0.85 0.254 0.85 0.254 0.853 0.253 0.854 0.252 0.854 0.252 0.857 0.251 0.858 0.25 0.858 0.25 0.863 0.249 0.864 0.248 0.864 0.248 0.867 0.247 0.868 0.246 0.868 0.246 0.871 0.245 0.872 0.244 0.872 0.244 0.877 0.243 0.878 0.242 0.878 0.242 0.881 0.241 0.882 0.24 0.882 0.24 0.885 0.239 0.886 0.238 0.886 0.238 0.887 0.237 0.888 0.236 0.888 0.236 0.891 0.235 0.892 0.234 0.892 0.234 0.893 0.233 0.894 0.232 0.894 0.232 0.897 0.231 0.898 0.23 0.898 0.23 0.899 0.229 0.9 0.228 0.9 0.228 0.901 0.229 0.901 0.23 0.902 0.23 0.905 0.231 0.905 0.232 0.906 0.232 0.907 0.233 0.907 0.234 0.908 0.234 0.909 0.235 0.909 0.236 0.91 0.236 0.911 0.239 0.911 0.239 0.91 0.24 0.909 0.241 0.909 0.241 0.908 0.242 0.907 0.243 0.907 0.243 0.906 0.244 0.905 0.245 0.905 0.245 0.904 0.246 0.903 0.247 0.903 0.247 0.902 0.248 0.901 0.249 0.901 0.249 0.9 0.25 0.899 0.251 0.899 0.251 0.898 0.252 0.897 0.253 0.897 0.253 0.896 0.254 0.895 0.255 0.895 0.255 0.894 0.256 0.893 0.257 0.893 0.257 0.89 0.258 0.889 0.259 0.889 0.259 0.888 0.26 0.887 0.261 0.887 0.261 0.886 0.262 0.885 0.263 0.885 0.263 0.884 0.264 0.883 0.265 0.883 0.265 0.882 0.266 0.881 0.267 0.881 0.267 0.88 0.268 0.879 0.269 0.879 0.269 0.878 0.27 0.877 0.271 0.877 0.271 0.876 0.272 0.875 0.273 0.875 0.273 0.874 0.274 0.873 0.275 0.873 0.275 0.872 0.276 0.871 0.277 0.871 0.277 0.868 0.278 0.867 0.279 0.867 0.279 0.866 0.28 0.865 0.281 0.865 0.281 0.864 0.282 0.863 0.283 0.863 0.283 0.862 0.284 0.861 0.285 0.861 0.285 0.86 0.286 0.859 0.287 0.859 0.287 0.858 0.288 0.857 0.289 0.857 0.289 0.856 0.29 0.855 0.291 0.855 0.291 0.854 0.292 0.853 0.293 0.853 0.293 0.852 0.294 0.851 0.295 0.851 0.295 0.85 0.296 0.849 0.297 0.849 0.297 0.848 0.298 0.847 0.299 0.847 0.299 0.844 0.3 0.843 0.301 0.843 0.301 0.842 0.302 0.841 0.303 0.841 0.303 0.84 0.304 0.839 0.305 0.839 0.305 0.838 0.306 0.837 0.307 0.837 0.307 0.836 0.308 0.835 0.309 0.835 0.309 0.834 0.31 0.833 0.311 0.833 0.311 0.832 0.312 0.831 0.313 0.831 0.313 0.83 0.314 0.829 0.315 0.829 0.315 0.828 0.316 0.827 0.317 0.827 0.317 0.826 0.318 0.825 0.319 0.825 0.319 0.822 0.32 0.821 0.321 0.821 0.321 0.82 0.322 0.819 0.323 0.819 0.323 0.818 0.324 0.817 0.325 0.817 0.325 0.816 0.326 0.815 0.327 0.815 0.327 0.814 0.328 0.813 0.329 0.813 0.329 0.812 0.33 0.811 0.331 0.811 0.331 0.81 0.332 0.809 0.333 0.809 0.333 0.808 0.334 0.807 0.335 0.807 0.335 0.806 0.336 0.805 0.337 0.805 0.337 0.804 0.338 0.803 0.339 0.803 0.339 0.8 0.34 0.799 0.341 0.799 0.341 0.798 0.342 0.797 0.343 0.797 0.343 0.796 0.344 0.795 0.345 0.795 0.345 0.794 0.346 0.793 0.347 0.793 0.347 0.792 0.348 0.791 0.349 0.791 0.349 0.79 0.35 0.789 0.351 0.789 0.351 0.788 0.352 0.787 0.353 0.787 0.353 0.786 0.354 0.785 0.355 0.785 0.355 0.784 0.356 0.783 0.357 0.783 0.357 0.782 0.358 0.781 0.359 0.781 0.359 0.78 0.36 0.779 0.361 0.779 0.361 0.778 0.352 0.778 0.351 0.777 0.351 0.776
4 0.17 0.9380000000000001 0.02 0.02 0.17 0.928 0.17 0.929 0.169 0.93 0.168 0.93 0.168 0.931 0.167 0.932 0.166 0.932 0.166 0.933 0.165 0.934 0.164 0.934 0.164 0.935 0.163 0.936 0.162 0.936 0.162 0.939 0.163 0.939 0.164 0.94 0.164 0.941 0.165 0.941 0.166 0.942 0.166 0.943 0.167 0.943 0.168 0.944 0.168 0.945 0.171 0.945 0.171 0.944 0.172 0.943 0.173 0.943 0.173 0.942 0.174 0.941 0.175 0.941 0.175 0.94 0.176 0.939 0.177 0.939 0.177 0.938 0.178 0.937 0.179 0.937 0.179 0.936 0.178 0.936 0.177 0.935 0.177 0.934 0.176 0.934 0.175 0.933 0.175 0.932 0.174 0.932 0.173 0.931 0.173 0.93 0.172 0.93 0.171 0.929 0.171 0.928
5 0.506 0.514 0.028 0.028 0.5 0.5 0.5 0.501 0.499 0.502 0.496 0.502 0.496 0.503 0.495 0.504 0.494 0.504 0.494 0.505 0.493 0.506 0.492 0.506 0.492 0.511 0.493 0.511 0.494 0.512 0.494 0.515 0.495 0.515 0.496 0.516 0.496 0.519 0.497 0.519 0.498 0.52 0.498 0.521 0.499 0.521 0.5 0.522 0.5 0.523 0.501 0.523 0.502 0.524 0.502 0.525 0.505 0.525 0.506 0.526 0.506 0.527 0.511 0.527 0.511 0.526 0.512 0.525 0.513 0.525 0.513 0.524 0.514 0.523 0.515 0.523 0.515 0.522 0.516 0.521 0.517 0.521 0.517 0.52 0.518 0.519 0.519 0.519 0.519 0.512 0.518 0.512 0.517 0.511 0.517 0.51 0.516 0.51 0.515 0.509 0.515 0.508 0.514 0.508 0.513 0.507 0.513 0.506 0.512 0.506 0.511 0.505 0.511 0.504 0.51 0.504 0.509 0.503 0.509 0.502 0.506 0.502 0.505 0.501 0.505 0.5
5 0.379 0.583 0.022 0.022 0.38 0.572 0.38 0.573 0.379 0.574 0.378 0.574 0.378 0.575 0.377 0.576 0.376 0.576 0.376 0.577 0.375 0.578 0.374 0.578 0.374 0.579 0.373 0.58 0.372 0.58 0.372 0.581 0.371 0.582 0.37 0.582 0.37 0.583 0.369 0.584 0.368 0.584 0.368 0.591 0.371 0.591 0.372 0.592 0.372 0.593 0.373 0.593 0.373 0.592 0.374 0.591 0.377 0.591 0.377 0.59 0.378 0.589 0.379 0.589 0.379 0.588 0.38 0.587 0.381 0.587 0.381 0.586 0.382 0.585 0.383 0.585 0.383 0.584 0.384 0.583 0.385 0.583 0.385 0.582 0.386 0.581 0.387 0.581 0.387 0.578 0.388 0.577 0.389 0.577 0.389 0.576 0.388 0.576 0.387 0.575 0.387 0.574 0.386 0.574 0.385 0.573 0.385 0.572
5 0.301 0.612 0.026000000000000002 0.032 0.298 0.596 0.298 0.599 0.297 0.6 0.296 0.6 0.296 0.603 0.295 0.604 0.294 0.604 0.294 0.605 0.293 0.606 0.292 0.606 0.292 0.607 0.291 0.608 0.29 0.608 0.29 0.609 0.289 0.61 0.288 0.61 0.288 0.611 0.289 0.611 0.29 0.612 0.29 0.615 0.291 0.615 0.292 0.616 0.292 0.617 0.293 0.617 0.294 0.618 0.294 0.619 0.295 0.619 0.296 0.62 0.296 0.621 0.297 0.621 0.298 0.622 0.298 0.623 0.301 0.623 0.302 0.624 0.302 0.625 0.305 0.625 0.306 0.626 0.306 0.627 0.307 0.627 0.307 0.626 0.308 0.625 0.311 0.625 0.311 0.624 0.312 0.623 0.313 0.623 0.313 0.612 0.312 0.612 0.311 0.611 0.311 0.61 0.31 0.61 0.309 0.609 0.309 0.606 0.308 0.606 0.307 0.605 0.307 0.602 0.306 0.602 0.305 0.601 0.305 0.6 0.304 0.6 0.303 0.599 0.303 0.598 0.3 0.598 0.299 0.597 0.299 0.596
5 0.322 0.639 0.036000000000000004 0.034 0.31 0.622 0.31 0.623 0.309 0.624 0.306 0.624 0.306 0.625 0.305 0.626 0.304 0.626 0.304 0.629 0.305 0.629 0.306 0.63 0.306 0.633 0.307 0.633 0.308 0.634 0.308 0.635 0.309 0.635 0.31 0.636 0.31 0.639 0.311 0.639 0.312 0.64 0.312 0.641 0.313 0.641 0.314 0.642 0.314 0.643 0.315 0.643 0.316 0.644 0.316 0.645 0.317 0.645 0.318 0.646 0.318 0.647 0.319 0.647 0.32 0.648 0.32 0.649 0.321 0.649 0.322 0.65 0.322 0.651 0.331 0.651 0.332 0.652 0.332 0.653 0.333 0.653 0.334 0.654 0.334 0.655 0.335 0.655 0.335 0.646 0.336 0.645 0.339 0.645 0.339 0.634 0.336 0.634 0.335 0.633 0.335 0.632 0.326 0.632 0.325 0.631 0.325 0.63 0.322 0.63 0.321 0.629 0.321 0.628 0.32 0.628 0.319 0.627 0.319 0.626 0.318 0.626 0.317 0.625 0.317 0.624 0.316 0.624 0.315 0.623 0.315 0.622
5 0.274 0.6970000000000001 0.016 0.018000000000000002 0.274 0.688 0.274 0.689 0.273 0.69 0.272 0.69 0.272 0.691 0.271 0.692 0.27 0.692 0.27 0.693 0.269 0.694 0.268 0.694 0.268 0.695 0.267 0.696 0.266 0.696 0.266 0.703 0.269 0.703 0.27 0.704 0.27 0.705 0.271 0.705 0.271 0.704 0.272 0.703 0.273 0.703 0.273 0.702 0.274 0.701 0.275 0.701 0.275 0.7 0.276 0.699 0.277 0.699 0.277 0.698 0.278 0.697 0.279 0.697 0.279 0.694 0.28 0.693 0.281 0.693 0.281 0.688
5 0.155 0.749 0.03 0.03 0.144 0.734 0.144 0.737 0.143 0.738 0.142 0.738 0.142 0.739 0.141 0.74 0.14 0.74 0.14 0.747 0.141 0.747 0.142 0.748 0.142 0.749 0.143 0.749 0.144 0.75 0.144 0.751 0.145 0.751 0.146 0.752 0.146 0.753 0.147 0.753 0.148 0.754 0.148 0.755 0.149 0.755 0.15 0.756 0.15 0.757 0.151 0.757 0.152 0.758 0.152 0.759 0.153 0.759 0.154 0.76 0.154 0.761 0.157 0.761 0.158 0.762 0.158 0.763 0.159 0.763 0.159 0.76 0.16 0.759 0.161 0.759 0.161 0.758 0.162 0.757 0.165 0.757 0.165 0.756 0.166 0.755 0.169 0.755 0.169 0.75 0.168 0.75 0.167 0.749 0.167 0.748 0.164 0.748 0.163 0.747 0.163 0.746 0.162 0.746 0.161 0.745 0.161 0.744 0.16 0.744 0.159 0.743 0.159 0.742 0.158 0.742 0.157 0.741 0.157 0.74 0.156 0.74 0.155 0.739 0.155 0.738 0.154 0.738 0.153 0.737 0.153 0.734
5 0.11900000000000001 0.787 0.034 0.034 0.114 0.77 0.114 0.771 0.113 0.772 0.112 0.772 0.112 0.773 0.111 0.774 0.108 0.774 0.108 0.775 0.107 0.776 0.106 0.776 0.106 0.777 0.105 0.778 0.104 0.778 0.104 0.783 0.103 0.784 0.102 0.784 0.102 0.787 0.105 0.787 0.106 0.788 0.106 0.789 0.107 0.789 0.108 0.79 0.108 0.791 0.109 0.791 0.11 0.792 0.11 0.795 0.113 0.795 0.114 0.796 0.114 0.797 0.115 0.797 0.116 0.798 0.116 0.799 0.117 0.799 0.118 0.8 0.118 0.801 0.121 0.801 0.122 0.802 0.122 0.803 0.131 0.803 0.131 0.802 0.132 0.801 0.133 0.801 0.133 0.8 0.134 0.799 0.135 0.799 0.135 0.792 0.134 0.792 0.133 0.791 0.133 0.79 0.132 0.79 0.131 0.789 0.131 0.788 0.13 0.788 0.129 0.787 0.129 0.786 0.124 0.786 0.123 0.785 0.123 0.784 0.122 0.784 0.121 0.783 0.121 0.782 0.12 0.782 0.119 0.781 0.119 0.78 0.118 0.78 0.117 0.779 0.117 0.774 0.116 0.774 0.115 0.773 0.115 0.77
5 0.244 0.779 0.02 0.018000000000000002 0.238 0.77 0.238 0.771 0.237 0.772 0.236 0.772 0.236 0.777 0.235 0.778 0.234 0.778 0.234 0.779 0.235 0.779 0.236 0.78 0.236 0.785 0.239 0.785 0.24 0.786 0.24 0.787 0.249 0.787 0.249 0.786 0.25 0.785 0.251 0.785 0.251 0.784 0.252 0.783 0.253 0.783 0.253 0.778 0.252 0.778 0.251 0.777 0.251 0.774 0.25 0.774 0.249 0.773 0.249 0.772 0.246 0.772 0.245 0.771 0.245 0.77
4 0.354 0.752 0.02 0.016 0.354 0.744 0.354 0.745 0.353 0.746 0.352 0.746 0.352 0.747 0.351 0.748 0.35 0.748 0.35 0.749 0.349 0.75 0.348 0.75 0.348 0.751 0.347 0.752 0.346 0.752 0.346 0.755 0.349 0.755 0.35 0.756 0.35 0.757 0.351 0.757 0.352 0.758 0.352 0.759 0.353 0.759 0.353 0.758 0.354 0.757 0.355 0.757 0.355 0.756 0.356 0.755 0.357 0.755 0.357 0.754 0.358 0.753 0.359 0.753 0.359 0.752 0.36 0.751 0.361 0.751 0.361 0.748 0.36 0.748 0.359 0.747 0.359 0.746 0.358 0.746 0.357 0.745 0.357 0.744
