4 0.432 0.441 0.016 0.018000000000000002 0.426 0.432 0.426 0.433 0.425 0.434 0.424 0.434 0.424 0.447 0.427 0.447 0.428 0.448 0.428 0.449 0.435 0.449 0.435 0.448 0.436 0.447 0.437 0.447 0.437 0.444 0.438 0.443 0.439 0.443 0.439 0.436 0.438 0.436 0.437 0.435 0.437 0.432
3 0.87 0.786 0.032 0.084 0.854 0.744 0.854 0.785 0.855 0.785 0.856 0.786 0.856 0.827 0.857 0.827 0.857 0.826 0.858 0.825 0.859 0.825 0.859 0.824 0.86 0.823 0.861 0.823 0.861 0.822 0.862 0.821 0.863 0.821 0.863 0.82 0.864 0.819 0.865 0.819 0.865 0.818 0.866 0.817 0.867 0.817 0.867 0.816 0.868 0.815 0.869 0.815 0.869 0.814 0.87 0.813 0.871 0.813 0.871 0.812 0.872 0.811 0.873 0.811 0.873 0.81 0.874 0.809 0.875 0.809 0.875 0.808 0.876 0.807 0.877 0.807 0.877 0.806 0.878 0.805 0.879 0.805 0.879 0.804 0.88 0.803 0.881 0.803 0.881 0.802 0.882 0.801 0.883 0.801 0.883 0.782 0.884 0.781 0.885 0.781 0.885 0.762 0.884 0.762 0.883 0.761 0.883 0.76 0.88 0.76 0.879 0.759 0.879 0.758 0.878 0.758 0.877 0.757 0.877 0.756 0.874 0.756 0.873 0.755 0.873 0.754 0.87 0.754 0.869 0.753 0.869 0.752 0.866 0.752 0.865 0.751 0.865 0.75 0.862 0.75 0.861 0.749 0.861 0.748 0.86 0.748 0.859 0.747 0.859 0.746 0.856 0.746 0.855 0.745 0.855 0.744
3 0.9480000000000001 0.885 0.04 0.162 0.966 0.804 0.966 0.805 0.965 0.806 0.964 0.806 0.964 0.807 0.963 0.808 0.962 0.808 0.962 0.809 0.961 0.81 0.96 0.81 0.96 0.811 0.959 0.812 0.958 0.812 0.958 0.813 0.957 0.814 0.954 0.814 0.954 0.815 0.953 0.816 0.952 0.816 0.952 0.817 0.951 0.818 0.95 0.818 0.95 0.819 0.949 0.82 0.948 0.82 0.948 0.821 0.947 0.822 0.946 0.822 0.946 0.823 0.945 0.824 0.944 0.824 0.944 0.825 0.943 0.826 0.94 0.826 0.94 0.827 0.939 0.828 0.938 0.828 0.938 0.829 0.937 0.83 0.936 0.83 0.936 0.831 0.935 0.832 0.934 0.832 0.934 0.833 0.933 0.834 0.932 0.834 0.932 0.835 0.931 0.836 0.93 0.836 0.93 0.883 0.929 0.884 0.928 0.884 0.928 0.931 0.929 0.931 0.93 0.932 0.93 0.933 0.931 0.933 0.932 0.934 0.932 0.935 0.933 0.935 0.934 0.936 0.934 0.937 0.935 0.937 0.936 0.938 0.936 0.939 0.937 0.939 0.938 0.94 0.938 0.943 0.939 0.943 0.94 0.944 0.94 0.945 0.941 0.945 0.942 0.946 0.942 0.947 0.943 0.947 0.944 0.948 0.944 0.949 0.945 0.949 0.946 0.95 0.946 0.951 0.947 0.951 0.948 0.952 0.948 0.955 0.949 0.955 0.95 0.956 0.95 0.957 0.951 0.957 0.952 0.958 0.952 0.959 0.953 0.959 0.954 0.96 0.954 0.961 0.955 0.961 0.956 0.962 0.956 0.963 0.957 0.963 0.957 0.95 0.958 0.949 0.959 0.949 0.959 0.918 0.96 0.917 0.961 0.917 0.961 0.884 0.962 0.883 0.963 0.883 0.963 0.852 0.964 0.851 0.965 0.851 0.965 0.82 0.966 0.819 0.967 0.819 0.967 0.804
5 0.917 0.743 0.018000000000000002 0.03 0.912 0.728 0.912 0.731 0.911 0.732 0.91 0.732 0.91 0.741 0.909 0.742 0.908 0.742 0.908 0.753 0.909 0.753 0.91 0.754 0.91 0.755 0.913 0.755 0.914 0.756 0.914 0.757 0.921 0.757 0.921 0.756 0.922 0.755 0.925 0.755 0.925 0.73 0.922 0.73 0.921 0.729 0.921 0.728
5 0.139 0.613 0.014 0.018000000000000002 0.134 0.604 0.134 0.605 0.133 0.606 0.132 0.606 0.132 0.619 0.133 0.619 0.134 0.62 0.134 0.621 0.143 0.621 0.143 0.62 0.144 0.619 0.145 0.619 0.145 0.606 0.138 0.606 0.137 0.605 0.137 0.604
5 0.359 0.323 0.014 0.018000000000000002 0.352 0.314 0.352 0.329 0.353 0.329 0.354 0.33 0.354 0.331 0.363 0.331 0.363 0.33 0.364 0.329 0.365 0.329 0.365 0.316 0.364 0.316 0.363 0.315 0.363 0.314
5 0.91 0.994 0.016 0.012 0.904 0.988 0.904 0.989 0.903 0.99 0.902 0.99 0.902 0.999 0.917 0.999 0.917 0.99 0.916 0.99 0.915 0.989 0.915 0.988
5 0.138 0.665 0.016 0.018000000000000002 0.132 0.656 0.132 0.663 0.131 0.664 0.13 0.664 0.13 0.667 0.131 0.667 0.132 0.668 0.132 0.671 0.133 0.671 0.134 0.672 0.134 0.673 0.141 0.673 0.141 0.672 0.142 0.671 0.143 0.671 0.143 0.67 0.144 0.669 0.145 0.669 0.145 0.658 0.144 0.658 0.143 0.657 0.143 0.656
4 0.585 0.65 0.018000000000000002 0.02 0.578 0.64 0.578 0.641 0.577 0.642 0.576 0.642 0.576 0.657 0.579 0.657 0.58 0.658 0.58 0.659 0.581 0.659 0.581 0.658 0.582 0.657 0.591 0.657 0.591 0.656 0.592 0.655 0.593 0.655 0.593 0.642 0.592 0.642 0.591 0.641 0.591 0.64
3 0.857 0.966 0.03 0.068 0.844 0.932 0.844 0.967 0.843 0.968 0.842 0.968 0.842 0.999 0.849 0.999 0.849 0.998 0.85 0.997 0.853 0.997 0.853 0.996 0.854 0.995 0.855 0.995 0.855 0.994 0.856 0.993 0.859 0.993 0.859 0.992 0.86 0.991 0.863 0.991 0.863 0.99 0.864 0.989 0.865 0.989 0.865 0.988 0.866 0.987 0.869 0.987 0.869 0.986 0.87 0.985 0.871 0.985 0.871 0.95 0.87 0.95 0.869 0.949 0.869 0.948 0.868 0.948 0.867 0.947 0.867 0.946 0.864 0.946 0.863 0.945 0.863 0.944 0.862 0.944 0.861 0.943 0.861 0.942 0.858 0.942 0.857 0.941 0.857 0.94 0.854 0.94 0.853 0.939 0.853 0.938 0.852 0.938 0.851 0.937 0.851 0.936 0.848 0.936 0.847 0.935 0.847 0.934 0.846 0.934 0.845 0.933 0.845 0.932
5 0.54 0.621 0.02 0.026000000000000002 0.534 0.608 0.534 0.609 0.533 0.61 0.53 0.61 0.53 0.631 0.533 0.631 0.534 0.632 0.534 0.633 0.547 0.633 0.547 0.632 0.548 0.631 0.549 0.631 0.549 0.61 0.546 0.61 0.545 0.609 0.545 0.608
3 0.49 0.655 0.04 0.05 0.472 0.63 0.472 0.669 0.471 0.67 0.47 0.67 0.47 0.671 0.471 0.671 0.472 0.672 0.472 0.679 0.507 0.679 0.507 0.678 0.508 0.677 0.509 0.677 0.509 0.636 0.508 0.636 0.507 0.635 0.507 0.634 0.502 0.634 0.501 0.633 0.501 0.632 0.496 0.632 0.495 0.631 0.495 0.63
3 0.08700000000000001 0.645 0.042 0.098 0.068 0.596 0.068 0.645 0.067 0.646 0.066 0.646 0.066 0.693 0.071 0.693 0.071 0.692 0.072 0.691 0.083 0.691 0.083 0.69 0.084 0.689 0.089 0.689 0.089 0.688 0.09 0.687 0.091 0.687 0.091 0.686 0.092 0.685 0.093 0.685 0.093 0.684 0.094 0.683 0.095 0.683 0.095 0.682 0.096 0.681 0.097 0.681 0.097 0.68 0.098 0.679 0.099 0.679 0.099 0.678 0.1 0.677 0.101 0.677 0.101 0.676 0.102 0.675 0.103 0.675 0.103 0.674 0.104 0.673 0.105 0.673 0.105 0.672 0.106 0.671 0.107 0.671 0.107 0.634 0.106 0.634 0.105 0.633 0.105 0.632 0.104 0.632 0.103 0.631 0.103 0.63 0.102 0.63 0.101 0.629 0.101 0.628 0.1 0.628 0.099 0.627 0.099 0.624 0.098 0.624 0.097 0.623 0.097 0.622 0.096 0.622 0.095 0.621 0.095 0.62 0.094 0.62 0.093 0.619 0.093 0.616 0.092 0.616 0.091 0.615 0.091 0.614 0.09 0.614 0.089 0.613 0.089 0.612 0.088 0.612 0.087 0.611 0.087 0.61 0.086 0.61 0.085 0.609 0.085 0.606 0.084 0.606 0.083 0.605 0.083 0.604 0.082 0.604 0.081 0.603 0.081 0.602 0.08 0.602 0.079 0.601 0.079 0.6 0.076 0.6 0.075 0.599 0.075 0.598 0.07 0.598 0.069 0.597 0.069 0.596
