5 0.425 0.519 0.018000000000000002 0.022 0.422 0.508 0.422 0.509 0.421 0.51 0.416 0.51 0.416 0.527 0.419 0.527 0.42 0.528 0.42 0.529 0.429 0.529 0.429 0.528 0.43 0.527 0.431 0.527 0.431 0.526 0.432 0.525 0.433 0.525 0.433 0.516 0.432 0.516 0.431 0.515 0.431 0.51 0.43 0.51 0.429 0.509 0.429 0.508
7 0.48 0.496 0.016 0.036000000000000004 0.474 0.478 0.474 0.479 0.473 0.48 0.472 0.48 0.472 0.513 0.481 0.513 0.481 0.512 0.482 0.511 0.487 0.511 0.487 0.482 0.486 0.482 0.485 0.481 0.485 0.48 0.484 0.48 0.483 0.479 0.483 0.478
3 0.23600000000000002 0.445 0.076 0.078 0.252 0.406 0.252 0.407 0.251 0.408 0.24 0.408 0.24 0.409 0.239 0.41 0.236 0.41 0.236 0.411 0.235 0.412 0.2 0.412 0.2 0.413 0.199 0.414 0.198 0.414 0.198 0.429 0.199 0.429 0.2 0.43 0.2 0.453 0.201 0.453 0.202 0.454 0.202 0.459 0.203 0.459 0.204 0.46 0.204 0.461 0.205 0.461 0.206 0.462 0.206 0.463 0.207 0.463 0.208 0.464 0.208 0.465 0.209 0.465 0.21 0.466 0.21 0.467 0.211 0.467 0.212 0.468 0.212 0.469 0.215 0.469 0.216 0.47 0.216 0.471 0.217 0.471 0.218 0.472 0.218 0.473 0.221 0.473 0.222 0.474 0.222 0.475 0.223 0.475 0.224 0.476 0.224 0.477 0.227 0.477 0.228 0.478 0.228 0.479 0.229 0.479 0.23 0.48 0.23 0.481 0.233 0.481 0.234 0.482 0.234 0.483 0.241 0.483 0.241 0.482 0.242 0.481 0.243 0.481 0.243 0.48 0.244 0.479 0.245 0.479 0.245 0.478 0.246 0.477 0.247 0.477 0.247 0.476 0.248 0.475 0.251 0.475 0.251 0.474 0.252 0.473 0.253 0.473 0.253 0.472 0.254 0.471 0.255 0.471 0.255 0.47 0.256 0.469 0.257 0.469 0.257 0.468 0.258 0.467 0.259 0.467 0.259 0.466 0.26 0.465 0.261 0.465 0.261 0.464 0.262 0.463 0.265 0.463 0.265 0.462 0.266 0.461 0.267 0.461 0.267 0.46 0.268 0.459 0.269 0.459 0.269 0.458 0.27 0.457 0.271 0.457 0.271 0.456 0.272 0.455 0.273 0.455 0.273 0.434 0.272 0.434 0.271 0.433 0.271 0.424 0.27 0.424 0.269 0.423 0.269 0.412 0.268 0.412 0.267 0.411 0.267 0.406
3 0.322 0.5630000000000001 0.04 0.034 0.316 0.546 0.316 0.547 0.315 0.548 0.31 0.548 0.31 0.549 0.309 0.55 0.306 0.55 0.306 0.551 0.305 0.552 0.304 0.552 0.304 0.553 0.303 0.554 0.302 0.554 0.302 0.571 0.303 0.571 0.304 0.572 0.304 0.577 0.305 0.577 0.306 0.578 0.306 0.579 0.323 0.579 0.323 0.578 0.324 0.577 0.331 0.577 0.331 0.576 0.332 0.575 0.335 0.575 0.335 0.574 0.336 0.573 0.337 0.573 0.337 0.572 0.338 0.571 0.339 0.571 0.339 0.566 0.34 0.565 0.341 0.565 0.341 0.562 0.34 0.562 0.339 0.561 0.339 0.556 0.338 0.556 0.337 0.555 0.337 0.554 0.336 0.554 0.335 0.553 0.335 0.552 0.334 0.552 0.333 0.551 0.333 0.55 0.328 0.55 0.327 0.549 0.327 0.548 0.322 0.548 0.321 0.547 0.321 0.546
4 0.435 0.085 0.022 0.026000000000000002 0.426 0.072 0.426 0.073 0.425 0.074 0.424 0.074 0.424 0.093 0.425 0.093 0.426 0.094 0.426 0.095 0.427 0.095 0.428 0.096 0.428 0.097 0.441 0.097 0.441 0.096 0.442 0.095 0.445 0.095 0.445 0.074 0.444 0.074 0.443 0.073 0.443 0.072
4 0.96 0.465 0.012 0.014 0.956 0.458 0.956 0.459 0.955 0.46 0.954 0.46 0.954 0.469 0.955 0.469 0.956 0.47 0.956 0.471 0.963 0.471 0.963 0.47 0.964 0.469 0.965 0.469 0.965 0.458
4 0.736 0.505 0.028 0.038 0.728 0.486 0.728 0.487 0.727 0.488 0.726 0.488 0.726 0.489 0.725 0.49 0.724 0.49 0.724 0.507 0.723 0.508 0.722 0.508 0.722 0.521 0.723 0.521 0.724 0.522 0.724 0.523 0.739 0.523 0.739 0.522 0.74 0.521 0.743 0.521 0.743 0.52 0.744 0.519 0.745 0.519 0.745 0.514 0.746 0.513 0.747 0.513 0.747 0.508 0.748 0.507 0.749 0.507 0.749 0.494 0.748 0.494 0.747 0.493 0.747 0.49 0.746 0.49 0.745 0.489 0.745 0.488 0.734 0.488 0.733 0.487 0.733 0.486
3 0.519 0.387 0.046 0.05 0.528 0.362 0.528 0.363 0.527 0.364 0.504 0.364 0.504 0.365 0.503 0.366 0.498 0.366 0.498 0.367 0.497 0.368 0.496 0.368 0.496 0.391 0.497 0.391 0.498 0.392 0.498 0.399 0.499 0.399 0.5 0.4 0.5 0.405 0.501 0.405 0.502 0.406 0.502 0.409 0.505 0.409 0.506 0.41 0.506 0.411 0.529 0.411 0.529 0.41 0.53 0.409 0.533 0.409 0.533 0.408 0.534 0.407 0.535 0.407 0.535 0.406 0.536 0.405 0.537 0.405 0.537 0.404 0.538 0.403 0.539 0.403 0.539 0.402 0.54 0.401 0.541 0.401 0.541 0.374 0.54 0.374 0.539 0.373 0.539 0.368 0.538 0.368 0.537 0.367 0.537 0.364 0.534 0.364 0.533 0.363 0.533 0.362
7 0.47100000000000003 0.514 0.01 0.008 0.466 0.51 0.466 0.517 0.473 0.517 0.473 0.516 0.474 0.515 0.475 0.515 0.475 0.512 0.474 0.512 0.473 0.511 0.473 0.51
3 0.445 0.399 0.05 0.05 0.438 0.374 0.438 0.375 0.437 0.376 0.436 0.376 0.436 0.377 0.435 0.378 0.434 0.378 0.434 0.381 0.433 0.382 0.432 0.382 0.432 0.383 0.431 0.384 0.428 0.384 0.428 0.385 0.427 0.386 0.424 0.386 0.424 0.387 0.423 0.388 0.422 0.388 0.422 0.389 0.421 0.39 0.42 0.39 0.42 0.397 0.421 0.397 0.422 0.398 0.422 0.403 0.423 0.403 0.424 0.404 0.424 0.413 0.425 0.413 0.426 0.414 0.426 0.417 0.427 0.417 0.428 0.418 0.428 0.421 0.429 0.421 0.43 0.422 0.43 0.423 0.453 0.423 0.453 0.422 0.454 0.421 0.457 0.421 0.457 0.42 0.458 0.419 0.463 0.419 0.463 0.418 0.464 0.417 0.467 0.417 0.467 0.41 0.468 0.409 0.469 0.409 0.469 0.408 0.468 0.408 0.467 0.407 0.467 0.394 0.466 0.394 0.465 0.393 0.465 0.382 0.464 0.382 0.463 0.381 0.463 0.378 0.458 0.378 0.457 0.377 0.457 0.376 0.452 0.376 0.451 0.375 0.451 0.374
4 0.229 0.533 0.014 0.014 0.222 0.526 0.222 0.537 0.223 0.537 0.224 0.538 0.224 0.539 0.229 0.539 0.229 0.538 0.23 0.537 0.233 0.537 0.233 0.536 0.234 0.535 0.235 0.535 0.235 0.53 0.234 0.53 0.233 0.529 0.233 0.526
7 0.406 0.022 0.012 0.016 0.404 0.014 0.404 0.015 0.403 0.016 0.4 0.016 0.4 0.025 0.401 0.025 0.402 0.026 0.402 0.029 0.409 0.029 0.409 0.026 0.41 0.025 0.411 0.025 0.411 0.02 0.41 0.02 0.409 0.019 0.409 0.014
7 0.853 0.429 0.01 0.014 0.852 0.422 0.852 0.423 0.851 0.424 0.848 0.424 0.848 0.433 0.849 0.433 0.85 0.434 0.85 0.435 0.855 0.435 0.855 0.434 0.856 0.433 0.857 0.433 0.857 0.424 0.854 0.424 0.853 0.423 0.853 0.422
7 0.88 0.442 0.012 0.012 0.882 0.436 0.882 0.437 0.881 0.438 0.874 0.438 0.874 0.445 0.875 0.445 0.876 0.446 0.876 0.447 0.885 0.447 0.885 0.436
7 0.48 0.489 0.016 0.022 0.474 0.478 0.474 0.479 0.473 0.48 0.472 0.48 0.472 0.497 0.473 0.497 0.474 0.498 0.474 0.499 0.481 0.499 0.481 0.498 0.482 0.497 0.485 0.497 0.485 0.496 0.486 0.495 0.487 0.495 0.487 0.484 0.486 0.484 0.485 0.483 0.485 0.478
7 0.537 0.482 0.014 0.02 0.532 0.472 0.532 0.473 0.531 0.474 0.53 0.474 0.53 0.489 0.531 0.489 0.532 0.49 0.532 0.491 0.541 0.491 0.541 0.49 0.542 0.489 0.543 0.489 0.543 0.48 0.542 0.48 0.541 0.479 0.541 0.476 0.54 0.476 0.539 0.475 0.539 0.474 0.538 0.474 0.537 0.473 0.537 0.472
4 0.845 0.483 0.01 0.01 0.842 0.478 0.842 0.479 0.841 0.48 0.84 0.48 0.84 0.487 0.847 0.487 0.847 0.486 0.848 0.485 0.849 0.485 0.849 0.478
5 0.424 0.018000000000000002 0.024 0.016 0.414 0.01 0.414 0.011 0.413 0.012 0.412 0.012 0.412 0.019 0.413 0.019 0.414 0.02 0.414 0.025 0.427 0.025 0.427 0.024 0.428 0.023 0.433 0.023 0.433 0.022 0.434 0.021 0.435 0.021 0.435 0.014 0.434 0.014 0.433 0.013 0.433 0.012 0.432 0.012 0.431 0.011 0.431 0.01
7 0.178 0.52 0.016 0.016 0.178 0.512 0.178 0.513 0.177 0.514 0.174 0.514 0.174 0.515 0.173 0.516 0.172 0.516 0.172 0.517 0.171 0.518 0.17 0.518 0.17 0.527 0.175 0.527 0.175 0.526 0.176 0.525 0.177 0.525 0.177 0.524 0.178 0.523 0.181 0.523 0.181 0.522 0.182 0.521 0.185 0.521 0.185 0.512
4 0.262 0.5750000000000001 0.016 0.014 0.256 0.568 0.256 0.571 0.255 0.572 0.254 0.572 0.254 0.577 0.255 0.577 0.256 0.578 0.256 0.581 0.265 0.581 0.265 0.58 0.266 0.579 0.269 0.579 0.269 0.568
