7 0.443 0.404 0.01 0.012 0.44 0.398 0.44 0.401 0.439 0.402 0.438 0.402 0.438 0.405 0.439 0.405 0.44 0.406 0.44 0.407 0.441 0.407 0.442 0.408 0.442 0.409 0.443 0.409 0.443 0.408 0.444 0.407 0.447 0.407 0.447 0.402 0.446 0.402 0.445 0.401 0.445 0.398
7 0.722 0.317 0.012 0.014 0.72 0.31 0.72 0.311 0.719 0.312 0.718 0.312 0.718 0.313 0.717 0.314 0.716 0.314 0.716 0.319 0.717 0.319 0.718 0.32 0.718 0.321 0.719 0.321 0.72 0.322 0.72 0.323 0.723 0.323 0.723 0.322 0.724 0.321 0.725 0.321 0.725 0.32 0.726 0.319 0.727 0.319 0.727 0.316 0.726 0.316 0.725 0.315 0.725 0.312 0.724 0.312 0.723 0.311 0.723 0.31
7 0.607 0.125 0.006 0.01 0.604 0.12 0.604 0.127 0.605 0.127 0.606 0.128 0.606 0.129 0.609 0.129 0.609 0.12
7 0.661 0.145 0.022 0.014 0.656 0.138 0.656 0.139 0.655 0.14 0.652 0.14 0.652 0.143 0.651 0.144 0.65 0.144 0.65 0.145 0.651 0.145 0.652 0.146 0.652 0.147 0.653 0.147 0.654 0.148 0.654 0.149 0.657 0.149 0.658 0.15 0.658 0.151 0.667 0.151 0.667 0.15 0.668 0.149 0.669 0.149 0.669 0.148 0.67 0.147 0.671 0.147 0.671 0.142 0.668 0.142 0.667 0.141 0.667 0.14 0.664 0.14 0.663 0.139 0.663 0.138
7 0.6920000000000001 0.176 0.008 0.012 0.688 0.17 0.688 0.179 0.689 0.179 0.69 0.18 0.69 0.181 0.693 0.181 0.693 0.178 0.694 0.177 0.695 0.177 0.695 0.17
7 0.553 0.218 0.01 0.012 0.552 0.212 0.552 0.213 0.551 0.214 0.548 0.214 0.548 0.219 0.549 0.219 0.55 0.22 0.55 0.221 0.553 0.221 0.554 0.222 0.554 0.223 0.555 0.223 0.555 0.222 0.556 0.221 0.557 0.221 0.557 0.214 0.554 0.214 0.553 0.213 0.553 0.212
7 0.391 0.88 0.01 0.012 0.388 0.874 0.388 0.875 0.387 0.876 0.386 0.876 0.386 0.883 0.387 0.883 0.388 0.884 0.388 0.885 0.393 0.885 0.393 0.884 0.394 0.883 0.395 0.883 0.395 0.876 0.394 0.876 0.393 0.875 0.393 0.874
7 0.361 0.839 0.026000000000000002 0.026000000000000002 0.354 0.826 0.354 0.827 0.353 0.828 0.352 0.828 0.352 0.829 0.351 0.83 0.35 0.83 0.35 0.833 0.349 0.834 0.348 0.834 0.348 0.839 0.349 0.839 0.35 0.84 0.35 0.843 0.351 0.843 0.352 0.844 0.352 0.845 0.353 0.845 0.354 0.846 0.354 0.847 0.357 0.847 0.358 0.848 0.358 0.849 0.359 0.849 0.36 0.85 0.36 0.851 0.365 0.851 0.365 0.85 0.366 0.849 0.367 0.849 0.367 0.848 0.368 0.847 0.369 0.847 0.369 0.846 0.37 0.845 0.371 0.845 0.371 0.842 0.372 0.841 0.373 0.841 0.373 0.832 0.372 0.832 0.371 0.831 0.371 0.83 0.368 0.83 0.367 0.829 0.367 0.828 0.364 0.828 0.363 0.827 0.363 0.826
7 0.305 0.8270000000000001 0.01 0.01 0.304 0.822 0.304 0.823 0.303 0.824 0.3 0.824 0.3 0.831 0.309 0.831 0.309 0.824 0.308 0.824 0.307 0.823 0.307 0.822
7 0.445 0.787 0.01 0.01 0.442 0.782 0.442 0.785 0.441 0.786 0.44 0.786 0.44 0.787 0.441 0.787 0.442 0.788 0.442 0.791 0.449 0.791 0.449 0.782
7 0.222 0.779 0.012 0.01 0.216 0.774 0.216 0.779 0.217 0.779 0.218 0.78 0.218 0.781 0.219 0.781 0.22 0.782 0.22 0.783 0.227 0.783 0.227 0.78 0.226 0.78 0.225 0.779 0.225 0.776 0.224 0.776 0.223 0.775 0.223 0.774
7 0.5 0.6920000000000001 0.012 0.012 0.496 0.686 0.496 0.687 0.495 0.688 0.494 0.688 0.494 0.693 0.495 0.693 0.496 0.694 0.496 0.697 0.503 0.697 0.503 0.694 0.504 0.693 0.505 0.693 0.505 0.692 0.504 0.692 0.503 0.691 0.503 0.688 0.502 0.688 0.501 0.687 0.501 0.686
7 0.277 0.686 0.01 0.008 0.272 0.682 0.272 0.689 0.281 0.689 0.281 0.682
7 0.776 0.226 0.008 0.012 0.772 0.22 0.772 0.229 0.773 0.229 0.774 0.23 0.774 0.231 0.777 0.231 0.777 0.23 0.778 0.229 0.779 0.229 0.779 0.222 0.778 0.222 0.777 0.221 0.777 0.22
7 0.433 0.6880000000000001 0.018000000000000002 0.02 0.43 0.678 0.43 0.679 0.429 0.68 0.428 0.68 0.428 0.681 0.427 0.682 0.426 0.682 0.426 0.683 0.425 0.684 0.424 0.684 0.424 0.693 0.427 0.693 0.428 0.694 0.428 0.697 0.437 0.697 0.437 0.694 0.438 0.693 0.439 0.693 0.439 0.69 0.44 0.689 0.441 0.689 0.441 0.684 0.44 0.684 0.439 0.683 0.439 0.682 0.436 0.682 0.435 0.681 0.435 0.68 0.434 0.68 0.433 0.679 0.433 0.678
7 0.557 0.599 0.01 0.01 0.552 0.594 0.552 0.601 0.553 0.601 0.554 0.602 0.554 0.603 0.559 0.603 0.559 0.602 0.56 0.601 0.561 0.601 0.561 0.596 0.56 0.596 0.559 0.595 0.559 0.594
7 0.333 0.593 0.01 0.01 0.33 0.588 0.33 0.589 0.329 0.59 0.328 0.59 0.328 0.595 0.331 0.595 0.332 0.596 0.332 0.597 0.337 0.597 0.337 0.592 0.336 0.592 0.335 0.591 0.335 0.59 0.334 0.59 0.333 0.589 0.333 0.588
7 0.612 0.506 0.012 0.012 0.608 0.5 0.608 0.501 0.607 0.502 0.606 0.502 0.606 0.507 0.607 0.507 0.608 0.508 0.608 0.511 0.615 0.511 0.615 0.508 0.616 0.507 0.617 0.507 0.617 0.504 0.616 0.504 0.615 0.503 0.615 0.502 0.614 0.502 0.613 0.501 0.613 0.5
7 0.387 0.499 0.01 0.01 0.382 0.494 0.382 0.499 0.383 0.499 0.384 0.5 0.384 0.503 0.391 0.503 0.391 0.496 0.39 0.496 0.389 0.495 0.389 0.494
7 0.666 0.41300000000000003 0.012 0.014 0.662 0.406 0.662 0.407 0.661 0.408 0.66 0.408 0.66 0.413 0.661 0.413 0.662 0.414 0.662 0.415 0.663 0.415 0.664 0.416 0.664 0.417 0.665 0.417 0.666 0.418 0.666 0.419 0.667 0.419 0.667 0.418 0.668 0.417 0.669 0.417 0.669 0.414 0.67 0.413 0.671 0.413 0.671 0.412 0.67 0.412 0.669 0.411 0.669 0.408 0.668 0.408 0.667 0.407 0.667 0.406
7 0.497 0.311 0.01 0.01 0.494 0.306 0.494 0.307 0.493 0.308 0.492 0.308 0.492 0.313 0.493 0.313 0.494 0.314 0.494 0.315 0.501 0.315 0.501 0.308 0.5 0.308 0.499 0.307 0.499 0.306
7 0.553 0.336 0.034 0.032 0.546 0.32 0.546 0.321 0.545 0.322 0.544 0.322 0.544 0.323 0.543 0.324 0.542 0.324 0.542 0.325 0.541 0.326 0.54 0.326 0.54 0.329 0.539 0.33 0.538 0.33 0.538 0.331 0.537 0.332 0.536 0.332 0.536 0.343 0.539 0.343 0.54 0.344 0.54 0.345 0.543 0.345 0.544 0.346 0.544 0.347 0.547 0.347 0.548 0.348 0.548 0.349 0.553 0.349 0.554 0.35 0.554 0.351 0.557 0.351 0.557 0.35 0.558 0.349 0.559 0.349 0.559 0.348 0.56 0.347 0.561 0.347 0.561 0.346 0.562 0.345 0.563 0.345 0.563 0.344 0.564 0.343 0.565 0.343 0.565 0.34 0.566 0.339 0.567 0.339 0.567 0.336 0.568 0.335 0.569 0.335 0.569 0.33 0.568 0.33 0.567 0.329 0.567 0.326 0.566 0.326 0.565 0.325 0.565 0.324 0.56 0.324 0.559 0.323 0.559 0.322 0.554 0.322 0.553 0.321 0.553 0.32
