7 0.5640000000000001 0.371 0.012 0.014 0.56 0.364 0.56 0.365 0.559 0.366 0.558 0.366 0.558 0.375 0.559 0.375 0.56 0.376 0.56 0.377 0.565 0.377 0.565 0.376 0.566 0.375 0.567 0.375 0.567 0.374 0.568 0.373 0.569 0.373 0.569 0.372 0.568 0.372 0.567 0.371 0.567 0.366 0.564 0.366 0.563 0.365 0.563 0.364
7 0.562 0.405 0.012 0.014 0.558 0.398 0.558 0.401 0.557 0.402 0.556 0.402 0.556 0.405 0.557 0.405 0.558 0.406 0.558 0.409 0.559 0.409 0.56 0.41 0.56 0.411 0.565 0.411 0.565 0.408 0.566 0.407 0.567 0.407 0.567 0.4 0.566 0.4 0.565 0.399 0.565 0.398
7 0.991 0.199 0.018000000000000002 0.022 0.992 0.188 0.992 0.191 0.991 0.192 0.986 0.192 0.986 0.195 0.985 0.196 0.984 0.196 0.984 0.201 0.983 0.202 0.982 0.202 0.982 0.205 0.983 0.205 0.984 0.206 0.984 0.207 0.985 0.207 0.986 0.208 0.986 0.209 0.987 0.209 0.987 0.208 0.988 0.207 0.999 0.207 0.999 0.188
4 0.993 0.231 0.014 0.034 0.988 0.214 0.988 0.215 0.987 0.216 0.986 0.216 0.986 0.239 0.987 0.239 0.988 0.24 0.988 0.245 0.991 0.245 0.992 0.246 0.992 0.247 0.999 0.247 0.999 0.214
6 0.524 0.017 0.084 0.034 0.482 0.0 0.482 0.005 0.483 0.005 0.484 0.006 0.484 0.015 0.485 0.015 0.486 0.016 0.486 0.027 0.487 0.027 0.488 0.028 0.488 0.033 0.507 0.033 0.507 0.032 0.508 0.031 0.545 0.031 0.545 0.03 0.546 0.029 0.565 0.029 0.565 0.0
4 0.983 0.28600000000000003 0.014 0.016 0.976 0.278 0.976 0.283 0.977 0.283 0.978 0.284 0.978 0.291 0.983 0.291 0.984 0.292 0.984 0.293 0.989 0.293 0.989 0.288 0.988 0.288 0.987 0.287 0.987 0.28 0.982 0.28 0.981 0.279 0.981 0.278
7 0.995 0.322 0.01 0.024 0.998 0.31 0.998 0.311 0.997 0.312 0.992 0.312 0.992 0.313 0.991 0.314 0.99 0.314 0.99 0.317 0.991 0.317 0.992 0.318 0.992 0.327 0.993 0.327 0.994 0.328 0.994 0.333 0.995 0.333 0.995 0.332 0.996 0.331 0.999 0.331 0.999 0.31
1 0.967 0.364 0.062 0.108 0.944 0.31 0.944 0.311 0.943 0.312 0.936 0.312 0.936 0.319 0.937 0.319 0.938 0.32 0.938 0.337 0.939 0.337 0.94 0.338 0.94 0.355 0.941 0.355 0.942 0.356 0.942 0.371 0.943 0.371 0.944 0.372 0.944 0.389 0.945 0.389 0.946 0.39 0.946 0.407 0.947 0.407 0.948 0.408 0.948 0.417 0.959 0.417 0.959 0.416 0.96 0.415 0.985 0.415 0.985 0.414 0.986 0.413 0.997 0.413 0.997 0.35 0.99 0.35 0.989 0.349 0.989 0.348 0.982 0.348 0.981 0.347 0.981 0.344 0.98 0.344 0.979 0.343 0.979 0.338 0.978 0.338 0.977 0.337 0.977 0.332 0.976 0.332 0.975 0.331 0.975 0.328 0.958 0.328 0.957 0.327 0.957 0.326 0.956 0.326 0.955 0.325 0.955 0.32 0.954 0.32 0.953 0.319 0.953 0.314 0.952 0.314 0.951 0.313 0.951 0.31
4 0.428 0.555 0.024 0.026000000000000002 0.43 0.542 0.43 0.543 0.429 0.544 0.422 0.544 0.422 0.545 0.421 0.546 0.418 0.546 0.418 0.547 0.417 0.548 0.416 0.548 0.416 0.561 0.417 0.561 0.418 0.562 0.418 0.565 0.419 0.565 0.42 0.566 0.42 0.567 0.435 0.567 0.435 0.566 0.436 0.565 0.437 0.565 0.437 0.562 0.438 0.561 0.439 0.561 0.439 0.544 0.436 0.544 0.435 0.543 0.435 0.542
4 0.579 0.49 0.03 0.028 0.578 0.476 0.578 0.477 0.577 0.478 0.568 0.478 0.568 0.479 0.567 0.48 0.566 0.48 0.566 0.481 0.565 0.482 0.564 0.482 0.564 0.489 0.565 0.489 0.566 0.49 0.566 0.499 0.567 0.499 0.568 0.5 0.568 0.503 0.583 0.503 0.583 0.502 0.584 0.501 0.589 0.501 0.589 0.5 0.59 0.499 0.593 0.499 0.593 0.484 0.592 0.484 0.591 0.483 0.591 0.48 0.59 0.48 0.589 0.479 0.589 0.478 0.586 0.478 0.585 0.477 0.585 0.476
4 0.41200000000000003 0.458 0.024 0.024 0.408 0.446 0.408 0.447 0.407 0.448 0.402 0.448 0.402 0.451 0.401 0.452 0.4 0.452 0.4 0.467 0.401 0.467 0.402 0.468 0.402 0.469 0.419 0.469 0.419 0.468 0.42 0.467 0.421 0.467 0.421 0.466 0.422 0.465 0.423 0.465 0.423 0.452 0.422 0.452 0.421 0.451 0.421 0.448 0.42 0.448 0.419 0.447 0.419 0.446
