7 0.969 0.963 0.018000000000000002 0.014 0.966 0.956 0.966 0.957 0.965 0.958 0.96 0.958 0.96 0.967 0.961 0.967 0.962 0.968 0.962 0.969 0.965 0.969 0.965 0.968 0.966 0.967 0.967 0.967 0.968 0.968 0.968 0.969 0.969 0.969 0.969 0.968 0.97 0.967 0.975 0.967 0.975 0.964 0.976 0.963 0.977 0.963 0.977 0.96 0.976 0.96 0.975 0.959 0.975 0.956
6 0.653 0.47500000000000003 0.07 0.162 0.67 0.394 0.67 0.395 0.669 0.396 0.636 0.396 0.636 0.397 0.635 0.398 0.618 0.398 0.618 0.417 0.619 0.417 0.62 0.418 0.62 0.457 0.621 0.457 0.622 0.458 0.622 0.495 0.623 0.495 0.624 0.496 0.624 0.535 0.625 0.535 0.626 0.536 0.626 0.555 0.655 0.555 0.655 0.554 0.656 0.553 0.687 0.553 0.687 0.394
1 0.421 0.5640000000000001 0.074 0.092 0.4 0.518 0.4 0.519 0.399 0.52 0.394 0.52 0.394 0.521 0.393 0.522 0.392 0.522 0.392 0.523 0.391 0.524 0.39 0.524 0.39 0.535 0.389 0.536 0.388 0.536 0.388 0.553 0.387 0.554 0.386 0.554 0.386 0.557 0.385 0.558 0.384 0.558 0.384 0.565 0.385 0.565 0.386 0.566 0.386 0.571 0.385 0.572 0.384 0.572 0.384 0.583 0.385 0.583 0.386 0.584 0.386 0.585 0.385 0.586 0.384 0.586 0.384 0.593 0.385 0.593 0.386 0.594 0.386 0.603 0.387 0.603 0.388 0.604 0.388 0.605 0.389 0.605 0.39 0.606 0.39 0.607 0.395 0.607 0.396 0.608 0.396 0.609 0.419 0.609 0.419 0.608 0.42 0.607 0.431 0.607 0.431 0.606 0.432 0.605 0.455 0.605 0.455 0.604 0.456 0.603 0.457 0.603 0.457 0.568 0.456 0.568 0.455 0.567 0.455 0.548 0.454 0.548 0.453 0.547 0.453 0.546 0.452 0.546 0.451 0.545 0.451 0.544 0.428 0.544 0.427 0.543 0.427 0.53 0.426 0.53 0.425 0.529 0.425 0.52 0.422 0.52 0.421 0.519 0.421 0.518
1 0.506 0.5630000000000001 0.068 0.082 0.476 0.522 0.476 0.523 0.475 0.524 0.474 0.524 0.474 0.527 0.473 0.528 0.472 0.528 0.472 0.599 0.473 0.599 0.474 0.6 0.474 0.601 0.475 0.601 0.476 0.602 0.476 0.603 0.513 0.603 0.513 0.602 0.514 0.601 0.519 0.601 0.519 0.6 0.52 0.599 0.521 0.599 0.522 0.6 0.522 0.601 0.525 0.601 0.525 0.6 0.526 0.599 0.533 0.599 0.533 0.598 0.534 0.597 0.535 0.597 0.535 0.586 0.536 0.585 0.537 0.585 0.537 0.574 0.538 0.573 0.539 0.573 0.539 0.57 0.538 0.57 0.537 0.569 0.537 0.536 0.536 0.536 0.535 0.535 0.535 0.526 0.534 0.526 0.533 0.525 0.533 0.524 0.528 0.524 0.527 0.523 0.527 0.522
1 0.583 0.5690000000000001 0.07 0.066 0.576 0.536 0.576 0.537 0.575 0.538 0.562 0.538 0.562 0.539 0.561 0.54 0.55 0.54 0.55 0.541 0.549 0.542 0.548 0.542 0.548 0.561 0.549 0.561 0.55 0.562 0.55 0.587 0.551 0.587 0.552 0.588 0.552 0.595 0.553 0.595 0.554 0.596 0.554 0.599 0.561 0.599 0.562 0.6 0.562 0.601 0.567 0.601 0.567 0.6 0.568 0.599 0.571 0.599 0.571 0.598 0.572 0.597 0.597 0.597 0.597 0.596 0.598 0.595 0.607 0.595 0.607 0.594 0.608 0.593 0.615 0.593 0.615 0.592 0.616 0.591 0.617 0.591 0.617 0.584 0.616 0.584 0.615 0.583 0.615 0.57 0.614 0.57 0.613 0.569 0.613 0.546 0.612 0.546 0.611 0.545 0.611 0.538 0.608 0.538 0.607 0.537 0.607 0.536
4 0.488 0.422 0.02 0.024 0.482 0.41 0.482 0.411 0.481 0.412 0.48 0.412 0.48 0.415 0.479 0.416 0.478 0.416 0.478 0.431 0.483 0.431 0.484 0.432 0.484 0.433 0.491 0.433 0.491 0.432 0.492 0.431 0.497 0.431 0.497 0.414 0.496 0.414 0.495 0.413 0.495 0.41
4 0.5730000000000001 0.519 0.014 0.022 0.57 0.508 0.57 0.509 0.569 0.51 0.566 0.51 0.566 0.527 0.567 0.527 0.568 0.528 0.568 0.529 0.575 0.529 0.575 0.528 0.576 0.527 0.579 0.527 0.579 0.512 0.578 0.512 0.577 0.511 0.577 0.51 0.576 0.51 0.575 0.509 0.575 0.508
7 0.601 0.516 0.018000000000000002 0.012 0.592 0.51 0.592 0.519 0.593 0.519 0.594 0.52 0.594 0.521 0.605 0.521 0.605 0.52 0.606 0.519 0.607 0.519 0.607 0.518 0.608 0.517 0.609 0.517 0.609 0.51
4 0.442 0.53 0.016 0.02 0.438 0.52 0.438 0.521 0.437 0.522 0.434 0.522 0.434 0.535 0.435 0.535 0.436 0.536 0.436 0.537 0.439 0.537 0.44 0.538 0.44 0.539 0.441 0.539 0.441 0.538 0.442 0.537 0.447 0.537 0.447 0.536 0.448 0.535 0.449 0.535 0.449 0.522 0.446 0.522 0.445 0.521 0.445 0.52
4 0.078 0.8190000000000001 0.016 0.018000000000000002 0.074 0.81 0.074 0.811 0.073 0.812 0.07 0.812 0.07 0.825 0.071 0.825 0.072 0.826 0.072 0.827 0.077 0.827 0.077 0.826 0.078 0.825 0.081 0.825 0.081 0.824 0.082 0.823 0.083 0.823 0.083 0.822 0.084 0.821 0.085 0.821 0.085 0.81
5 0.538 0.497 0.024 0.022 0.536 0.486 0.536 0.487 0.535 0.488 0.528 0.488 0.528 0.489 0.527 0.49 0.526 0.49 0.526 0.503 0.527 0.503 0.528 0.504 0.528 0.505 0.529 0.505 0.53 0.506 0.53 0.507 0.541 0.507 0.541 0.506 0.542 0.505 0.549 0.505 0.549 0.49 0.548 0.49 0.547 0.489 0.547 0.488 0.544 0.488 0.543 0.487 0.543 0.486
5 0.893 0.971 0.014 0.018000000000000002 0.886 0.962 0.886 0.977 0.887 0.977 0.888 0.978 0.888 0.979 0.895 0.979 0.895 0.978 0.896 0.977 0.897 0.977 0.897 0.976 0.898 0.975 0.899 0.975 0.899 0.97 0.898 0.97 0.897 0.969 0.897 0.962
7 0.14200000000000002 0.781 0.012 0.014 0.14 0.774 0.14 0.775 0.139 0.776 0.138 0.776 0.138 0.779 0.137 0.78 0.136 0.78 0.136 0.787 0.143 0.787 0.143 0.786 0.144 0.785 0.145 0.785 0.145 0.784 0.146 0.783 0.147 0.783 0.147 0.774
7 0.963 0.925 0.014 0.014 0.956 0.918 0.956 0.929 0.957 0.929 0.958 0.93 0.958 0.931 0.963 0.931 0.963 0.93 0.964 0.929 0.967 0.929 0.967 0.928 0.968 0.927 0.969 0.927 0.969 0.92 0.968 0.92 0.967 0.919 0.967 0.918
6 0.972 0.8240000000000001 0.056 0.08 0.944 0.784 0.944 0.801 0.945 0.801 0.946 0.802 0.946 0.839 0.947 0.839 0.948 0.84 0.948 0.859 0.959 0.859 0.96 0.86 0.96 0.861 0.985 0.861 0.986 0.862 0.986 0.863 0.997 0.863 0.997 0.824 0.998 0.823 0.999 0.823 0.999 0.786 0.972 0.786 0.971 0.785 0.971 0.784
5 0.218 0.763 0.032 0.014 0.204 0.756 0.204 0.761 0.203 0.762 0.202 0.762 0.202 0.765 0.209 0.765 0.21 0.766 0.21 0.767 0.223 0.767 0.224 0.768 0.224 0.769 0.231 0.769 0.231 0.764 0.232 0.763 0.233 0.763 0.233 0.758 0.218 0.758 0.217 0.757 0.217 0.756
6 0.147 0.721 0.14200000000000002 0.066 0.08 0.688 0.08 0.703 0.079 0.704 0.078 0.704 0.078 0.735 0.077 0.736 0.076 0.736 0.076 0.751 0.145 0.751 0.146 0.752 0.146 0.753 0.213 0.753 0.213 0.738 0.214 0.737 0.215 0.737 0.215 0.708 0.216 0.707 0.217 0.707 0.217 0.694 0.194 0.694 0.193 0.693 0.193 0.692 0.148 0.692 0.147 0.691 0.147 0.69 0.102 0.69 0.101 0.689 0.101 0.688
