7 0.628 0.47900000000000004 0.012 0.01 0.624 0.474 0.624 0.475 0.623 0.476 0.622 0.476 0.622 0.479 0.623 0.479 0.624 0.48 0.624 0.481 0.625 0.481 0.626 0.482 0.626 0.483 0.627 0.483 0.627 0.482 0.628 0.481 0.631 0.481 0.631 0.48 0.632 0.479 0.633 0.479 0.633 0.474
3 0.975 0.185 0.038 0.034 0.976 0.168 0.976 0.169 0.975 0.17 0.974 0.17 0.974 0.171 0.973 0.172 0.97 0.172 0.97 0.173 0.969 0.174 0.968 0.174 0.968 0.175 0.967 0.176 0.966 0.176 0.966 0.177 0.965 0.178 0.962 0.178 0.962 0.179 0.961 0.18 0.96 0.18 0.96 0.181 0.959 0.182 0.958 0.182 0.958 0.183 0.957 0.184 0.956 0.184 0.956 0.193 0.957 0.193 0.958 0.194 0.958 0.197 0.959 0.197 0.96 0.198 0.96 0.199 0.963 0.199 0.964 0.2 0.964 0.201 0.973 0.201 0.973 0.2 0.974 0.199 0.977 0.199 0.977 0.198 0.978 0.197 0.979 0.197 0.979 0.196 0.98 0.195 0.981 0.195 0.981 0.194 0.982 0.193 0.985 0.193 0.985 0.192 0.986 0.191 0.987 0.191 0.987 0.19 0.988 0.189 0.989 0.189 0.989 0.186 0.99 0.185 0.991 0.185 0.991 0.182 0.992 0.181 0.993 0.181 0.993 0.18 0.992 0.18 0.991 0.179 0.991 0.176 0.99 0.176 0.989 0.175 0.989 0.174 0.988 0.174 0.987 0.173 0.987 0.172 0.986 0.172 0.985 0.171 0.985 0.17 0.984 0.17 0.983 0.169 0.983 0.168
3 0.922 0.254 0.036000000000000004 0.04 0.918 0.234 0.918 0.235 0.917 0.236 0.916 0.236 0.916 0.237 0.915 0.238 0.912 0.238 0.912 0.239 0.911 0.24 0.91 0.24 0.91 0.241 0.909 0.242 0.906 0.242 0.906 0.243 0.905 0.244 0.904 0.244 0.904 0.249 0.905 0.249 0.906 0.25 0.906 0.251 0.907 0.251 0.908 0.252 0.908 0.255 0.909 0.255 0.91 0.256 0.91 0.259 0.911 0.259 0.912 0.26 0.912 0.261 0.913 0.261 0.914 0.262 0.914 0.265 0.915 0.265 0.916 0.266 0.916 0.267 0.917 0.267 0.918 0.268 0.918 0.271 0.919 0.271 0.92 0.272 0.92 0.273 0.925 0.273 0.925 0.272 0.926 0.271 0.929 0.271 0.929 0.27 0.93 0.269 0.931 0.269 0.931 0.268 0.932 0.267 0.933 0.267 0.933 0.266 0.934 0.265 0.935 0.265 0.935 0.264 0.936 0.263 0.937 0.263 0.937 0.262 0.938 0.261 0.939 0.261 0.939 0.256 0.938 0.256 0.937 0.255 0.937 0.252 0.936 0.252 0.935 0.251 0.935 0.25 0.934 0.25 0.933 0.249 0.933 0.246 0.932 0.246 0.931 0.245 0.931 0.244 0.93 0.244 0.929 0.243 0.929 0.24 0.928 0.24 0.927 0.239 0.927 0.238 0.926 0.238 0.925 0.237 0.925 0.236 0.924 0.236 0.923 0.235 0.923 0.234
4 0.447 0.72 0.03 0.028 0.44 0.706 0.44 0.707 0.439 0.708 0.438 0.708 0.438 0.709 0.437 0.71 0.434 0.71 0.434 0.711 0.433 0.712 0.432 0.712 0.432 0.721 0.433 0.721 0.434 0.722 0.434 0.723 0.435 0.723 0.436 0.724 0.436 0.727 0.437 0.727 0.438 0.728 0.438 0.729 0.439 0.729 0.44 0.73 0.44 0.731 0.441 0.731 0.442 0.732 0.442 0.733 0.449 0.733 0.449 0.732 0.45 0.731 0.451 0.731 0.451 0.73 0.452 0.729 0.453 0.729 0.453 0.728 0.454 0.727 0.457 0.727 0.457 0.726 0.458 0.725 0.459 0.725 0.459 0.724 0.46 0.723 0.461 0.723 0.461 0.72 0.46 0.72 0.459 0.719 0.459 0.718 0.458 0.718 0.457 0.717 0.457 0.714 0.456 0.714 0.455 0.713 0.455 0.712 0.454 0.712 0.453 0.711 0.453 0.71 0.452 0.71 0.451 0.709 0.451 0.708 0.45 0.708 0.449 0.707 0.449 0.706
5 0.48 0.74 0.024 0.024 0.478 0.728 0.478 0.729 0.477 0.73 0.474 0.73 0.474 0.731 0.473 0.732 0.472 0.732 0.472 0.735 0.471 0.736 0.47 0.736 0.47 0.737 0.469 0.738 0.468 0.738 0.468 0.743 0.469 0.743 0.47 0.744 0.47 0.745 0.471 0.745 0.472 0.746 0.472 0.747 0.473 0.747 0.474 0.748 0.474 0.749 0.477 0.749 0.478 0.75 0.478 0.751 0.485 0.751 0.485 0.75 0.486 0.749 0.487 0.749 0.487 0.746 0.488 0.745 0.489 0.745 0.489 0.742 0.49 0.741 0.491 0.741 0.491 0.736 0.49 0.736 0.489 0.735 0.489 0.73 0.488 0.73 0.487 0.729 0.487 0.728
3 0.983 0.308 0.034 0.04 0.98 0.288 0.98 0.289 0.979 0.29 0.976 0.29 0.976 0.291 0.975 0.292 0.972 0.292 0.972 0.293 0.971 0.294 0.968 0.294 0.968 0.297 0.967 0.298 0.966 0.298 0.966 0.303 0.967 0.303 0.968 0.304 0.968 0.307 0.969 0.307 0.97 0.308 0.97 0.309 0.971 0.309 0.972 0.31 0.972 0.313 0.973 0.313 0.974 0.314 0.974 0.315 0.975 0.315 0.976 0.316 0.976 0.319 0.977 0.319 0.978 0.32 0.978 0.321 0.979 0.321 0.98 0.322 0.98 0.323 0.981 0.323 0.982 0.324 0.982 0.325 0.983 0.325 0.984 0.326 0.984 0.327 0.989 0.327 0.989 0.326 0.99 0.325 0.991 0.325 0.991 0.324 0.992 0.323 0.995 0.323 0.995 0.322 0.996 0.321 0.997 0.321 0.997 0.32 0.998 0.319 0.999 0.319 0.999 0.304 0.998 0.304 0.997 0.303 0.997 0.3 0.996 0.3 0.995 0.299 0.995 0.298 0.994 0.298 0.993 0.297 0.993 0.296 0.992 0.296 0.991 0.295 0.991 0.292 0.99 0.292 0.989 0.291 0.989 0.29 0.988 0.29 0.987 0.289 0.987 0.288
4 0.492 0.687 0.028 0.026000000000000002 0.486 0.674 0.486 0.675 0.485 0.676 0.482 0.676 0.482 0.677 0.481 0.678 0.48 0.678 0.48 0.679 0.479 0.68 0.478 0.68 0.478 0.687 0.479 0.687 0.48 0.688 0.48 0.691 0.481 0.691 0.482 0.692 0.482 0.695 0.483 0.695 0.484 0.696 0.484 0.697 0.485 0.697 0.486 0.698 0.486 0.699 0.495 0.699 0.495 0.698 0.496 0.697 0.497 0.697 0.497 0.696 0.498 0.695 0.501 0.695 0.501 0.694 0.502 0.693 0.503 0.693 0.503 0.692 0.504 0.691 0.505 0.691 0.505 0.686 0.504 0.686 0.503 0.685 0.503 0.684 0.502 0.684 0.501 0.683 0.501 0.68 0.498 0.68 0.497 0.679 0.497 0.678 0.496 0.678 0.495 0.677 0.495 0.674
7 0.967 0.243 0.01 0.01 0.964 0.238 0.964 0.239 0.963 0.24 0.962 0.24 0.962 0.245 0.963 0.245 0.964 0.246 0.964 0.247 0.967 0.247 0.967 0.246 0.968 0.245 0.969 0.245 0.969 0.244 0.97 0.243 0.971 0.243 0.971 0.238
7 0.9500000000000001 0.26 0.02 0.016 0.942 0.252 0.942 0.253 0.941 0.254 0.94 0.254 0.94 0.259 0.941 0.259 0.942 0.26 0.942 0.263 0.943 0.263 0.944 0.264 0.944 0.265 0.945 0.265 0.946 0.266 0.946 0.267 0.955 0.267 0.955 0.266 0.956 0.265 0.957 0.265 0.957 0.264 0.958 0.263 0.959 0.263 0.959 0.258 0.958 0.258 0.957 0.257 0.957 0.256 0.956 0.256 0.955 0.255 0.955 0.254 0.954 0.254 0.953 0.253 0.953 0.252
7 0.915 0.306 0.014 0.012 0.912 0.3 0.912 0.301 0.911 0.302 0.91 0.302 0.91 0.303 0.909 0.304 0.908 0.304 0.908 0.307 0.909 0.307 0.91 0.308 0.91 0.309 0.911 0.309 0.912 0.31 0.912 0.311 0.921 0.311 0.921 0.308 0.92 0.308 0.919 0.307 0.919 0.304 0.918 0.304 0.917 0.303 0.917 0.302 0.914 0.302 0.913 0.301 0.913 0.3
3 0.055 0.836 0.09 0.084 0.056 0.794 0.056 0.795 0.055 0.796 0.05 0.796 0.05 0.797 0.049 0.798 0.046 0.798 0.046 0.799 0.045 0.8 0.042 0.8 0.042 0.801 0.041 0.802 0.038 0.802 0.038 0.803 0.037 0.804 0.034 0.804 0.034 0.805 0.033 0.806 0.03 0.806 0.03 0.807 0.029 0.808 0.026 0.808 0.026 0.809 0.025 0.81 0.022 0.81 0.022 0.811 0.021 0.812 0.018 0.812 0.018 0.813 0.017 0.814 0.014 0.814 0.014 0.815 0.013 0.816 0.012 0.816 0.012 0.817 0.011 0.818 0.01 0.818 0.01 0.819 0.011 0.819 0.012 0.82 0.012 0.823 0.013 0.823 0.014 0.824 0.014 0.827 0.015 0.827 0.016 0.828 0.016 0.831 0.017 0.831 0.018 0.832 0.018 0.835 0.019 0.835 0.02 0.836 0.02 0.839 0.021 0.839 0.022 0.84 0.022 0.841 0.023 0.841 0.024 0.842 0.024 0.845 0.025 0.845 0.026 0.846 0.026 0.849 0.027 0.849 0.028 0.85 0.028 0.851 0.029 0.851 0.03 0.852 0.03 0.855 0.031 0.855 0.032 0.856 0.032 0.857 0.033 0.857 0.034 0.858 0.034 0.859 0.045 0.859 0.046 0.86 0.046 0.861 0.051 0.861 0.052 0.862 0.052 0.863 0.057 0.863 0.058 0.864 0.058 0.865 0.063 0.865 0.064 0.866 0.064 0.867 0.067 0.867 0.068 0.868 0.068 0.869 0.073 0.869 0.074 0.87 0.074 0.871 0.081 0.871 0.082 0.872 0.082 0.873 0.085 0.873 0.086 0.874 0.086 0.875 0.095 0.875 0.096 0.876 0.096 0.877 0.097 0.877 0.097 0.876 0.098 0.875 0.099 0.875 0.099 0.87 0.098 0.87 0.097 0.869 0.097 0.866 0.096 0.866 0.095 0.865 0.095 0.862 0.094 0.862 0.093 0.861 0.093 0.858 0.092 0.858 0.091 0.857 0.091 0.856 0.09 0.856 0.089 0.855 0.089 0.852 0.088 0.852 0.087 0.851 0.087 0.848 0.086 0.848 0.085 0.847 0.085 0.842 0.084 0.842 0.083 0.841 0.083 0.838 0.082 0.838 0.081 0.837 0.081 0.834 0.08 0.834 0.079 0.833 0.079 0.83 0.078 0.83 0.077 0.829 0.077 0.826 0.076 0.826 0.075 0.825 0.075 0.822 0.074 0.822 0.073 0.821 0.073 0.818 0.072 0.818 0.071 0.817 0.071 0.814 0.07 0.814 0.069 0.813 0.069 0.81 0.068 0.81 0.067 0.809 0.067 0.806 0.066 0.806 0.065 0.805 0.065 0.804 0.064 0.804 0.063 0.803 0.063 0.8 0.062 0.8 0.061 0.799 0.061 0.796 0.058 0.796 0.057 0.795 0.057 0.794
4 0.798 0.527 0.02 0.026000000000000002 0.802 0.514 0.802 0.515 0.801 0.516 0.796 0.516 0.796 0.517 0.795 0.518 0.792 0.518 0.792 0.519 0.791 0.52 0.79 0.52 0.79 0.523 0.789 0.524 0.788 0.524 0.788 0.537 0.789 0.537 0.79 0.538 0.79 0.539 0.791 0.539 0.791 0.538 0.792 0.537 0.795 0.537 0.795 0.536 0.796 0.535 0.797 0.535 0.797 0.534 0.798 0.533 0.799 0.533 0.799 0.532 0.8 0.531 0.801 0.531 0.801 0.53 0.802 0.529 0.803 0.529 0.803 0.528 0.804 0.527 0.805 0.527 0.805 0.526 0.806 0.525 0.807 0.525 0.807 0.518 0.806 0.518 0.805 0.517 0.805 0.516 0.804 0.516 0.803 0.515 0.803 0.514
7 0.485 0.716 0.022 0.024 0.48 0.704 0.48 0.705 0.479 0.706 0.478 0.706 0.478 0.707 0.477 0.708 0.476 0.708 0.476 0.713 0.475 0.714 0.474 0.714 0.474 0.721 0.475 0.721 0.476 0.722 0.476 0.725 0.477 0.725 0.478 0.726 0.478 0.727 0.483 0.727 0.483 0.726 0.484 0.725 0.487 0.725 0.487 0.722 0.488 0.721 0.489 0.721 0.489 0.72 0.49 0.719 0.491 0.719 0.491 0.718 0.492 0.717 0.493 0.717 0.493 0.716 0.494 0.715 0.495 0.715 0.495 0.71 0.494 0.71 0.493 0.709 0.493 0.708 0.492 0.708 0.491 0.707 0.491 0.706 0.488 0.706 0.487 0.705 0.487 0.704
2 0.9460000000000001 0.10300000000000001 0.108 0.11 0.974 0.048 0.974 0.049 0.973 0.05 0.968 0.05 0.968 0.051 0.967 0.052 0.966 0.052 0.966 0.053 0.965 0.054 0.962 0.054 0.962 0.055 0.961 0.056 0.96 0.056 0.96 0.057 0.959 0.058 0.956 0.058 0.956 0.059 0.955 0.06 0.954 0.06 0.954 0.061 0.953 0.062 0.95 0.062 0.95 0.063 0.949 0.064 0.948 0.064 0.948 0.065 0.947 0.066 0.944 0.066 0.944 0.067 0.943 0.068 0.942 0.068 0.942 0.069 0.941 0.07 0.938 0.07 0.938 0.071 0.937 0.072 0.936 0.072 0.936 0.073 0.935 0.074 0.932 0.074 0.932 0.075 0.931 0.076 0.928 0.076 0.928 0.077 0.927 0.078 0.926 0.078 0.926 0.079 0.925 0.08 0.922 0.08 0.922 0.081 0.921 0.082 0.92 0.082 0.92 0.083 0.919 0.084 0.916 0.084 0.916 0.085 0.915 0.086 0.914 0.086 0.914 0.087 0.913 0.088 0.912 0.088 0.912 0.089 0.911 0.09 0.908 0.09 0.908 0.091 0.907 0.092 0.904 0.092 0.904 0.093 0.903 0.094 0.9 0.094 0.9 0.095 0.899 0.096 0.896 0.096 0.896 0.097 0.895 0.098 0.892 0.098 0.892 0.103 0.895 0.103 0.896 0.104 0.896 0.105 0.897 0.105 0.898 0.106 0.898 0.109 0.899 0.109 0.9 0.11 0.9 0.111 0.901 0.111 0.902 0.112 0.902 0.113 0.903 0.113 0.904 0.114 0.904 0.115 0.905 0.115 0.906 0.116 0.906 0.117 0.907 0.117 0.908 0.118 0.908 0.119 0.909 0.119 0.91 0.12 0.91 0.123 0.911 0.123 0.912 0.124 0.912 0.125 0.913 0.125 0.914 0.126 0.914 0.129 0.915 0.129 0.916 0.13 0.916 0.131 0.917 0.131 0.918 0.132 0.918 0.133 0.919 0.133 0.92 0.134 0.92 0.135 0.921 0.135 0.922 0.136 0.922 0.139 0.923 0.139 0.924 0.14 0.924 0.143 0.925 0.143 0.926 0.144 0.926 0.147 0.927 0.147 0.928 0.148 0.928 0.149 0.929 0.149 0.93 0.15 0.93 0.151 0.931 0.151 0.932 0.152 0.932 0.153 0.933 0.153 0.934 0.154 0.934 0.155 0.937 0.155 0.938 0.156 0.938 0.157 0.943 0.157 0.943 0.156 0.944 0.155 0.947 0.155 0.947 0.154 0.948 0.153 0.949 0.153 0.949 0.152 0.95 0.151 0.953 0.151 0.953 0.15 0.954 0.149 0.955 0.149 0.955 0.148 0.956 0.147 0.957 0.147 0.957 0.144 0.958 0.143 0.959 0.143 0.959 0.142 0.96 0.141 0.961 0.141 0.961 0.14 0.962 0.139 0.963 0.139 0.963 0.136 0.964 0.135 0.965 0.135 0.965 0.134 0.966 0.133 0.967 0.133 0.967 0.132 0.968 0.131 0.969 0.131 0.969 0.128 0.97 0.127 0.971 0.127 0.971 0.126 0.972 0.125 0.973 0.125 0.973 0.124 0.974 0.123 0.975 0.123 0.975 0.12 0.976 0.119 0.977 0.119 0.977 0.118 0.978 0.117 0.979 0.117 0.979 0.116 0.98 0.115 0.983 0.115 0.983 0.114 0.984 0.113 0.985 0.113 0.985 0.112 0.986 0.111 0.987 0.111 0.987 0.11 0.988 0.109 0.991 0.109 0.991 0.108 0.992 0.107 0.993 0.107 0.993 0.106 0.994 0.105 0.995 0.105 0.995 0.104 0.996 0.103 0.999 0.103 0.999 0.084 0.998 0.084 0.997 0.083 0.997 0.08 0.996 0.08 0.995 0.079 0.995 0.076 0.994 0.076 0.993 0.075 0.993 0.074 0.992 0.074 0.991 0.073 0.991 0.068 0.99 0.068 0.989 0.067 0.989 0.064 0.988 0.064 0.987 0.063 0.987 0.06 0.986 0.06 0.985 0.059 0.985 0.056 0.984 0.056 0.983 0.055 0.983 0.054 0.982 0.054 0.981 0.053 0.981 0.05 0.978 0.05 0.977 0.049 0.977 0.048
4 0.73 0.496 0.032 0.032 0.724 0.48 0.724 0.481 0.723 0.482 0.722 0.482 0.722 0.483 0.721 0.484 0.718 0.484 0.718 0.485 0.717 0.486 0.716 0.486 0.716 0.489 0.715 0.49 0.714 0.49 0.714 0.493 0.715 0.493 0.716 0.494 0.716 0.501 0.717 0.501 0.718 0.502 0.718 0.503 0.719 0.503 0.72 0.504 0.72 0.507 0.721 0.507 0.722 0.508 0.722 0.511 0.729 0.511 0.729 0.51 0.73 0.509 0.735 0.509 0.735 0.508 0.736 0.507 0.737 0.507 0.737 0.506 0.738 0.505 0.741 0.505 0.741 0.504 0.742 0.503 0.743 0.503 0.743 0.5 0.744 0.499 0.745 0.499 0.745 0.496 0.744 0.496 0.743 0.495 0.743 0.49 0.742 0.49 0.741 0.489 0.741 0.488 0.74 0.488 0.739 0.487 0.739 0.484 0.738 0.484 0.737 0.483 0.737 0.482 0.736 0.482 0.735 0.481 0.735 0.48
