7 0.181 0.47800000000000004 0.022 0.024 0.174 0.466 0.174 0.467 0.173 0.468 0.172 0.468 0.172 0.469 0.171 0.47 0.17 0.47 0.17 0.487 0.171 0.487 0.172 0.488 0.172 0.489 0.189 0.489 0.189 0.488 0.19 0.487 0.191 0.487 0.191 0.468 0.19 0.468 0.189 0.467 0.189 0.466
7 0.221 0.47900000000000004 0.018000000000000002 0.022 0.212 0.468 0.212 0.489 0.227 0.489 0.227 0.486 0.228 0.485 0.229 0.485 0.229 0.472 0.228 0.472 0.227 0.471 0.227 0.468
2 0.123 0.453 0.226 0.41000000000000003 0.22 0.344 0.22 0.349 0.221 0.349 0.221 0.348 0.222 0.347 0.223 0.347 0.223 0.346 0.222 0.346 0.221 0.345 0.221 0.344
7 0.20500000000000002 0.419 0.022 0.022 0.196 0.408 0.196 0.409 0.195 0.41 0.194 0.41 0.194 0.423 0.195 0.423 0.196 0.424 0.196 0.427 0.199 0.427 0.2 0.428 0.2 0.429 0.205 0.429 0.205 0.428 0.206 0.427 0.213 0.427 0.213 0.426 0.214 0.425 0.215 0.425 0.215 0.41 0.214 0.41 0.213 0.409 0.213 0.408
7 0.776 0.455 0.044 0.214 0.758 0.348 0.758 0.349 0.757 0.35 0.756 0.35 0.756 0.351 0.755 0.352 0.754 0.352 0.754 0.401 0.755 0.401 0.756 0.402 0.756 0.499 0.755 0.5 0.754 0.5 0.754 0.553 0.755 0.553 0.756 0.554 0.756 0.557 0.757 0.557 0.758 0.558 0.758 0.559 0.767 0.559 0.768 0.56 0.768 0.561 0.775 0.561 0.775 0.56 0.776 0.559 0.777 0.559 0.778 0.56 0.778 0.561 0.791 0.561 0.791 0.56 0.792 0.559 0.795 0.559 0.795 0.556 0.796 0.555 0.797 0.555 0.797 0.35 0.782 0.35 0.781 0.349 0.781 0.348
7 0.222 0.386 0.016 0.02 0.216 0.376 0.216 0.377 0.215 0.378 0.214 0.378 0.214 0.391 0.215 0.391 0.216 0.392 0.216 0.393 0.219 0.393 0.22 0.394 0.22 0.395 0.227 0.395 0.227 0.394 0.228 0.393 0.229 0.393 0.229 0.38 0.228 0.38 0.227 0.379 0.227 0.378 0.226 0.378 0.225 0.377 0.225 0.376
7 0.20700000000000002 0.368 0.022 0.02 0.198 0.358 0.198 0.359 0.197 0.36 0.196 0.36 0.196 0.375 0.197 0.375 0.198 0.376 0.198 0.377 0.213 0.377 0.213 0.376 0.214 0.375 0.215 0.375 0.215 0.374 0.216 0.373 0.217 0.373 0.217 0.358
7 0.41400000000000003 0.453 0.036000000000000004 0.214 0.402 0.346 0.402 0.347 0.401 0.348 0.4 0.348 0.4 0.349 0.399 0.35 0.398 0.35 0.398 0.363 0.397 0.364 0.396 0.364 0.396 0.365 0.397 0.365 0.398 0.366 0.398 0.373 0.397 0.374 0.396 0.374 0.396 0.421 0.397 0.421 0.398 0.422 0.398 0.425 0.397 0.426 0.396 0.426 0.396 0.555 0.397 0.555 0.398 0.556 0.398 0.557 0.399 0.557 0.4 0.558 0.4 0.559 0.429 0.559 0.429 0.556 0.43 0.555 0.431 0.555 0.431 0.494 0.43 0.494 0.429 0.493 0.429 0.48 0.43 0.479 0.431 0.479 0.431 0.478 0.43 0.478 0.429 0.477 0.429 0.472 0.43 0.471 0.431 0.471 0.431 0.446 0.43 0.446 0.429 0.445 0.429 0.422 0.428 0.422 0.427 0.421 0.427 0.42 0.428 0.419 0.429 0.419 0.429 0.394 0.43 0.393 0.431 0.393 0.431 0.352 0.43 0.352 0.429 0.351 0.429 0.35 0.428 0.35 0.427 0.349 0.427 0.348 0.414 0.348 0.413 0.347 0.413 0.346
5 0.593 0.47700000000000004 0.042 0.062 0.6 0.446 0.6 0.447 0.599 0.448 0.598 0.448 0.598 0.461 0.597 0.462 0.596 0.462 0.596 0.467 0.595 0.468 0.594 0.468 0.594 0.471 0.593 0.472 0.592 0.472 0.592 0.475 0.591 0.476 0.59 0.476 0.59 0.477 0.589 0.478 0.588 0.478 0.588 0.479 0.587 0.48 0.586 0.48 0.586 0.483 0.585 0.484 0.584 0.484 0.584 0.485 0.583 0.486 0.582 0.486 0.582 0.489 0.581 0.49 0.58 0.49 0.58 0.491 0.579 0.492 0.578 0.492 0.578 0.493 0.577 0.494 0.576 0.494 0.576 0.495 0.575 0.496 0.574 0.496 0.574 0.497 0.573 0.498 0.572 0.498 0.572 0.503 0.573 0.503 0.574 0.504 0.574 0.505 0.575 0.505 0.576 0.506 0.576 0.507 0.581 0.507 0.581 0.506 0.582 0.505 0.583 0.505 0.583 0.504 0.584 0.503 0.587 0.503 0.587 0.502 0.588 0.501 0.589 0.501 0.589 0.498 0.59 0.497 0.591 0.497 0.591 0.496 0.592 0.495 0.593 0.495 0.593 0.494 0.594 0.493 0.595 0.493 0.595 0.49 0.596 0.489 0.597 0.489 0.597 0.488 0.598 0.487 0.599 0.487 0.599 0.486 0.6 0.485 0.601 0.485 0.601 0.484 0.602 0.483 0.603 0.483 0.603 0.48 0.604 0.479 0.605 0.479 0.605 0.476 0.606 0.475 0.607 0.475 0.607 0.474 0.608 0.473 0.609 0.473 0.609 0.47 0.61 0.469 0.611 0.469 0.611 0.466 0.612 0.465 0.613 0.465 0.613 0.456 0.612 0.456 0.611 0.455 0.611 0.448 0.61 0.448 0.609 0.447 0.609 0.446
5 0.13 0.427 0.024 0.038 0.122 0.408 0.122 0.409 0.121 0.41 0.12 0.41 0.12 0.427 0.119 0.428 0.118 0.428 0.118 0.439 0.119 0.439 0.12 0.44 0.12 0.443 0.121 0.443 0.122 0.444 0.122 0.445 0.139 0.445 0.139 0.442 0.14 0.441 0.141 0.441 0.141 0.414 0.14 0.414 0.139 0.413 0.139 0.412 0.138 0.412 0.137 0.411 0.137 0.41 0.132 0.41 0.131 0.409 0.131 0.408
7 0.121 0.71 0.186 0.04 0.148 0.69 0.148 0.691 0.147 0.692 0.1 0.692 0.1 0.693 0.099 0.694 0.098 0.694 0.097 0.693 0.097 0.692 0.094 0.692 0.094 0.693 0.093 0.694 0.038 0.694 0.038 0.695 0.037 0.696 0.03 0.696 0.03 0.697 0.029 0.698 0.028 0.698 0.028 0.703 0.029 0.703 0.03 0.704 0.03 0.705 0.031 0.705 0.032 0.706 0.032 0.707 0.035 0.707 0.036 0.708 0.036 0.709 0.039 0.709 0.04 0.71 0.04 0.711 0.047 0.711 0.048 0.712 0.048 0.713 0.055 0.713 0.056 0.714 0.056 0.715 0.063 0.715 0.064 0.716 0.064 0.717 0.071 0.717 0.072 0.718 0.072 0.719 0.079 0.719 0.08 0.72 0.08 0.721 0.081 0.721 0.082 0.722 0.082 0.723 0.087 0.723 0.088 0.724 0.088 0.725 0.097 0.725 0.098 0.726 0.098 0.727 0.105 0.727 0.106 0.728 0.106 0.729 0.113 0.729 0.113 0.728 0.114 0.727 0.115 0.727 0.115 0.722 0.114 0.722 0.113 0.721 0.113 0.72 0.114 0.719 0.117 0.719 0.118 0.72 0.118 0.721 0.121 0.721 0.122 0.722 0.122 0.725 0.125 0.725 0.125 0.724 0.126 0.723 0.129 0.723 0.129 0.72 0.13 0.719 0.131 0.719 0.132 0.72 0.132 0.721 0.137 0.721 0.137 0.72 0.138 0.719 0.139 0.719 0.14 0.72 0.14 0.723 0.149 0.723 0.15 0.724 0.15 0.725 0.155 0.725 0.155 0.724 0.156 0.723 0.157 0.723 0.157 0.722 0.158 0.721 0.207 0.721 0.208 0.722 0.208 0.723 0.213 0.723 0.213 0.718 0.212 0.718 0.211 0.717 0.211 0.714 0.21 0.714 0.209 0.713 0.209 0.712 0.208 0.712 0.207 0.711 0.207 0.708 0.208 0.707 0.209 0.707 0.209 0.702 0.208 0.702 0.207 0.701 0.207 0.7 0.204 0.7 0.203 0.699 0.203 0.698 0.2 0.698 0.199 0.697 0.199 0.696 0.184 0.696 0.183 0.695 0.183 0.694 0.18 0.694 0.18 0.695 0.179 0.696 0.168 0.696 0.167 0.695 0.167 0.694 0.164 0.694 0.163 0.693 0.163 0.692 0.158 0.692 0.157 0.691 0.157 0.69
7 0.661 0.454 0.042 0.212 0.642 0.348 0.642 0.349 0.641 0.35 0.64 0.35 0.64 0.431 0.641 0.431 0.642 0.432 0.642 0.493 0.641 0.494 0.64 0.494 0.64 0.555 0.641 0.555 0.642 0.556 0.642 0.557 0.647 0.557 0.648 0.558 0.648 0.559 0.679 0.559 0.679 0.558 0.68 0.557 0.681 0.557 0.681 0.352 0.68 0.352 0.679 0.351 0.679 0.35 0.668 0.35 0.667 0.349 0.667 0.348
7 0.28600000000000003 0.453 0.04 0.214 0.268 0.346 0.268 0.347 0.267 0.348 0.266 0.348 0.266 0.365 0.267 0.365 0.268 0.366 0.268 0.367 0.267 0.368 0.266 0.368 0.266 0.369 0.267 0.369 0.268 0.37 0.268 0.373 0.267 0.374 0.266 0.374 0.266 0.379 0.267 0.379 0.268 0.38 0.268 0.481 0.267 0.482 0.266 0.482 0.266 0.483 0.267 0.483 0.268 0.484 0.268 0.487 0.267 0.488 0.266 0.488 0.266 0.553 0.267 0.553 0.268 0.554 0.268 0.557 0.271 0.557 0.272 0.558 0.272 0.559 0.303 0.559 0.303 0.558 0.304 0.557 0.305 0.557 0.305 0.35 0.304 0.35 0.303 0.349 0.303 0.348 0.294 0.348 0.293 0.347 0.293 0.346
7 0.538 0.6900000000000001 0.028 0.024 0.534 0.678 0.534 0.679 0.533 0.68 0.532 0.68 0.532 0.681 0.531 0.682 0.53 0.682 0.53 0.685 0.529 0.686 0.528 0.686 0.528 0.689 0.527 0.69 0.526 0.69 0.526 0.691 0.525 0.692 0.524 0.692 0.524 0.697 0.525 0.697 0.526 0.698 0.526 0.699 0.529 0.699 0.53 0.7 0.53 0.701 0.541 0.701 0.541 0.7 0.542 0.699 0.543 0.699 0.543 0.696 0.544 0.695 0.545 0.695 0.545 0.692 0.546 0.691 0.547 0.691 0.547 0.69 0.548 0.689 0.549 0.689 0.549 0.684 0.55 0.683 0.551 0.683 0.551 0.68 0.55 0.68 0.549 0.679 0.549 0.678
7 0.672 0.6950000000000001 0.06 0.038 0.664 0.676 0.664 0.677 0.663 0.678 0.662 0.678 0.662 0.681 0.661 0.682 0.66 0.682 0.66 0.685 0.659 0.686 0.658 0.686 0.658 0.687 0.657 0.688 0.656 0.688 0.656 0.689 0.655 0.69 0.654 0.69 0.654 0.691 0.653 0.692 0.652 0.692 0.652 0.693 0.651 0.694 0.644 0.694 0.644 0.695 0.643 0.696 0.642 0.696 0.642 0.699 0.643 0.699 0.644 0.7 0.644 0.701 0.647 0.701 0.648 0.702 0.648 0.703 0.653 0.703 0.654 0.704 0.654 0.705 0.659 0.705 0.66 0.706 0.66 0.707 0.663 0.707 0.664 0.708 0.664 0.709 0.667 0.709 0.668 0.71 0.668 0.711 0.675 0.711 0.676 0.712 0.676 0.713 0.697 0.713 0.697 0.712 0.698 0.711 0.699 0.711 0.699 0.702 0.7 0.701 0.701 0.701 0.701 0.696 0.7 0.696 0.699 0.695 0.699 0.69 0.698 0.69 0.697 0.689 0.697 0.686 0.696 0.686 0.695 0.685 0.695 0.682 0.694 0.682 0.693 0.681 0.693 0.678 0.69 0.678 0.689 0.677 0.689 0.676 0.688 0.676 0.688 0.677 0.687 0.678 0.684 0.678 0.684 0.679 0.683 0.68 0.682 0.68 0.682 0.681 0.681 0.682 0.68 0.682 0.68 0.685 0.679 0.686 0.678 0.686 0.678 0.687 0.677 0.688 0.676 0.688 0.676 0.689 0.675 0.69 0.67 0.69 0.669 0.689 0.669 0.684 0.67 0.683 0.671 0.683 0.671 0.68 0.67 0.68 0.669 0.679 0.669 0.676
7 0.432 0.7000000000000001 0.06 0.044 0.436 0.678 0.436 0.679 0.435 0.68 0.434 0.68 0.434 0.681 0.433 0.682 0.432 0.682 0.432 0.683 0.431 0.684 0.43 0.684 0.43 0.685 0.429 0.686 0.428 0.686 0.428 0.689 0.427 0.69 0.426 0.69 0.426 0.691 0.425 0.692 0.424 0.692 0.424 0.693 0.423 0.694 0.406 0.694 0.406 0.695 0.405 0.696 0.402 0.696 0.402 0.701 0.403 0.701 0.404 0.702 0.404 0.703 0.407 0.703 0.408 0.704 0.408 0.705 0.413 0.705 0.414 0.706 0.414 0.707 0.417 0.707 0.418 0.708 0.418 0.709 0.421 0.709 0.422 0.71 0.422 0.711 0.427 0.711 0.428 0.712 0.428 0.713 0.431 0.713 0.432 0.714 0.432 0.715 0.439 0.715 0.44 0.716 0.44 0.717 0.443 0.717 0.444 0.718 0.444 0.719 0.455 0.719 0.456 0.72 0.456 0.721 0.459 0.721 0.459 0.72 0.46 0.719 0.461 0.719 0.461 0.706 0.46 0.706 0.459 0.705 0.459 0.696 0.458 0.696 0.457 0.695 0.457 0.694 0.456 0.694 0.455 0.693 0.455 0.692 0.452 0.692 0.451 0.691 0.451 0.68 0.45 0.68 0.449 0.679 0.449 0.678
7 0.809 0.6950000000000001 0.042 0.038 0.806 0.676 0.806 0.677 0.805 0.678 0.796 0.678 0.796 0.681 0.795 0.682 0.794 0.682 0.794 0.683 0.793 0.684 0.792 0.684 0.792 0.685 0.791 0.686 0.79 0.686 0.79 0.689 0.789 0.69 0.788 0.69 0.788 0.697 0.789 0.697 0.79 0.698 0.79 0.699 0.791 0.699 0.792 0.7 0.792 0.701 0.793 0.701 0.794 0.702 0.794 0.703 0.797 0.703 0.798 0.704 0.798 0.705 0.799 0.705 0.8 0.706 0.8 0.707 0.809 0.707 0.81 0.708 0.81 0.709 0.813 0.709 0.814 0.71 0.814 0.711 0.817 0.711 0.818 0.712 0.818 0.713 0.829 0.713 0.829 0.702 0.828 0.702 0.827 0.701 0.827 0.7 0.826 0.7 0.825 0.699 0.825 0.698 0.816 0.698 0.815 0.697 0.815 0.696 0.814 0.696 0.813 0.695 0.813 0.694 0.812 0.694 0.811 0.693 0.811 0.692 0.812 0.691 0.813 0.691 0.813 0.684 0.814 0.683 0.815 0.683 0.815 0.678 0.814 0.678 0.813 0.677 0.813 0.676
7 0.875 0.506 0.034 0.052000000000000005 0.858 0.48 0.858 0.529 0.861 0.529 0.862 0.53 0.862 0.531 0.887 0.531 0.887 0.53 0.888 0.529 0.889 0.529 0.889 0.492 0.89 0.491 0.891 0.491 0.891 0.486 0.89 0.486 0.889 0.485 0.889 0.482 0.88 0.482 0.879 0.481 0.879 0.48
