5 0.057 0.316 0.014 0.012 0.05 0.31 0.05 0.321 0.057 0.321 0.057 0.32 0.058 0.319 0.061 0.319 0.061 0.318 0.062 0.317 0.063 0.317 0.063 0.312 0.062 0.312 0.061 0.311 0.061 0.31
7 0.063 0.866 0.022 0.024 0.054 0.854 0.054 0.855 0.053 0.856 0.052 0.856 0.052 0.875 0.053 0.875 0.054 0.876 0.054 0.877 0.063 0.877 0.063 0.876 0.064 0.875 0.071 0.875 0.071 0.874 0.072 0.873 0.073 0.873 0.073 0.858 0.072 0.858 0.071 0.857 0.071 0.854
7 0.057 0.8270000000000001 0.026000000000000002 0.026000000000000002 0.056 0.814 0.056 0.815 0.055 0.816 0.048 0.816 0.048 0.817 0.047 0.818 0.046 0.818 0.046 0.821 0.045 0.822 0.044 0.822 0.044 0.833 0.045 0.833 0.046 0.834 0.046 0.837 0.047 0.837 0.048 0.838 0.048 0.839 0.063 0.839 0.063 0.838 0.064 0.837 0.067 0.837 0.067 0.834 0.068 0.833 0.069 0.833 0.069 0.826 0.068 0.826 0.067 0.825 0.067 0.818 0.066 0.818 0.065 0.817 0.065 0.816 0.062 0.816 0.061 0.815 0.061 0.814
7 0.053 0.791 0.026000000000000002 0.026000000000000002 0.048 0.778 0.048 0.779 0.047 0.78 0.044 0.78 0.044 0.781 0.043 0.782 0.042 0.782 0.042 0.785 0.041 0.786 0.04 0.786 0.04 0.789 0.041 0.789 0.042 0.79 0.042 0.793 0.041 0.794 0.04 0.794 0.04 0.795 0.041 0.795 0.042 0.796 0.042 0.801 0.043 0.801 0.044 0.802 0.044 0.803 0.057 0.803 0.057 0.802 0.058 0.801 0.063 0.801 0.063 0.8 0.064 0.799 0.065 0.799 0.065 0.794 0.064 0.794 0.063 0.793 0.063 0.788 0.062 0.788 0.061 0.787 0.061 0.78 0.06 0.78 0.059 0.779 0.059 0.778
4 0.448 0.5740000000000001 0.04 0.032 0.446 0.558 0.446 0.559 0.445 0.56 0.44 0.56 0.44 0.561 0.439 0.562 0.432 0.562 0.432 0.563 0.431 0.564 0.428 0.564 0.428 0.575 0.429 0.575 0.43 0.576 0.43 0.583 0.431 0.583 0.432 0.584 0.432 0.587 0.435 0.587 0.436 0.588 0.436 0.589 0.455 0.589 0.455 0.588 0.456 0.587 0.457 0.587 0.457 0.586 0.458 0.585 0.459 0.585 0.459 0.584 0.46 0.583 0.461 0.583 0.461 0.582 0.462 0.581 0.463 0.581 0.463 0.58 0.464 0.579 0.465 0.579 0.465 0.578 0.466 0.577 0.467 0.577 0.467 0.576 0.466 0.576 0.465 0.575 0.465 0.574 0.464 0.574 0.463 0.573 0.463 0.572 0.462 0.572 0.461 0.571 0.461 0.568 0.46 0.568 0.459 0.567 0.459 0.564 0.458 0.564 0.457 0.563 0.457 0.56 0.456 0.56 0.455 0.559 0.455 0.558
4 0.519 0.556 0.038 0.036000000000000004 0.52 0.538 0.52 0.539 0.519 0.54 0.514 0.54 0.514 0.541 0.513 0.542 0.504 0.542 0.504 0.543 0.503 0.544 0.502 0.544 0.502 0.547 0.501 0.548 0.5 0.548 0.5 0.549 0.501 0.549 0.502 0.55 0.502 0.553 0.503 0.553 0.504 0.554 0.504 0.557 0.505 0.557 0.506 0.558 0.506 0.561 0.507 0.561 0.508 0.562 0.508 0.567 0.509 0.567 0.51 0.568 0.51 0.571 0.511 0.571 0.512 0.572 0.512 0.573 0.525 0.573 0.525 0.572 0.526 0.571 0.531 0.571 0.531 0.57 0.532 0.569 0.535 0.569 0.535 0.568 0.536 0.567 0.537 0.567 0.537 0.564 0.536 0.564 0.535 0.563 0.535 0.56 0.534 0.56 0.533 0.559 0.533 0.554 0.532 0.554 0.531 0.553 0.531 0.548 0.53 0.548 0.529 0.547 0.529 0.54 0.528 0.54 0.527 0.539 0.527 0.538
4 0.451 0.463 0.022 0.026000000000000002 0.444 0.45 0.444 0.451 0.443 0.452 0.44 0.452 0.44 0.471 0.441 0.471 0.442 0.472 0.442 0.473 0.443 0.473 0.444 0.474 0.444 0.475 0.451 0.475 0.451 0.474 0.452 0.473 0.455 0.473 0.455 0.472 0.456 0.471 0.459 0.471 0.459 0.47 0.46 0.469 0.461 0.469 0.461 0.466 0.46 0.466 0.459 0.465 0.459 0.462 0.458 0.462 0.457 0.461 0.457 0.452 0.456 0.452 0.455 0.451 0.455 0.45
4 0.499 0.443 0.014 0.026000000000000002 0.496 0.43 0.496 0.431 0.495 0.432 0.494 0.432 0.494 0.433 0.493 0.434 0.492 0.434 0.492 0.439 0.493 0.439 0.494 0.44 0.494 0.447 0.495 0.447 0.496 0.448 0.496 0.453 0.497 0.453 0.498 0.454 0.498 0.455 0.501 0.455 0.501 0.454 0.502 0.453 0.505 0.453 0.505 0.432 0.504 0.432 0.503 0.431 0.503 0.43
5 0.099 0.124 0.018000000000000002 0.02 0.098 0.114 0.098 0.115 0.097 0.116 0.094 0.116 0.094 0.117 0.093 0.118 0.09 0.118 0.09 0.121 0.091 0.121 0.092 0.122 0.092 0.129 0.093 0.129 0.094 0.13 0.094 0.133 0.101 0.133 0.101 0.132 0.102 0.131 0.105 0.131 0.105 0.13 0.106 0.129 0.107 0.129 0.107 0.122 0.106 0.122 0.105 0.121 0.105 0.116 0.104 0.116 0.103 0.115 0.103 0.114
4 0.065 0.088 0.014 0.016 0.06 0.08 0.06 0.081 0.059 0.082 0.058 0.082 0.058 0.087 0.059 0.087 0.06 0.088 0.06 0.091 0.061 0.091 0.062 0.092 0.062 0.093 0.063 0.093 0.064 0.094 0.064 0.095 0.069 0.095 0.069 0.094 0.07 0.093 0.071 0.093 0.071 0.084 0.07 0.084 0.069 0.083 0.069 0.082 0.068 0.082 0.067 0.081 0.067 0.08
2 0.074 0.34700000000000003 0.052000000000000005 0.042 0.086 0.326 0.086 0.327 0.085 0.328 0.082 0.328 0.082 0.329 0.081 0.33 0.074 0.33 0.074 0.331 0.073 0.332 0.068 0.332 0.068 0.333 0.067 0.334 0.062 0.334 0.062 0.335 0.061 0.336 0.06 0.336 0.06 0.337 0.059 0.338 0.058 0.338 0.058 0.339 0.057 0.34 0.056 0.34 0.056 0.341 0.055 0.342 0.052 0.342 0.052 0.343 0.051 0.344 0.048 0.344 0.048 0.355 0.049 0.355 0.05 0.356 0.05 0.363 0.051 0.363 0.052 0.364 0.052 0.367 0.057 0.367 0.057 0.366 0.058 0.365 0.063 0.365 0.063 0.364 0.064 0.363 0.069 0.363 0.069 0.362 0.07 0.361 0.075 0.361 0.075 0.36 0.076 0.359 0.079 0.359 0.079 0.358 0.08 0.357 0.083 0.357 0.083 0.356 0.084 0.355 0.089 0.355 0.089 0.354 0.09 0.353 0.093 0.353 0.093 0.352 0.094 0.351 0.097 0.351 0.097 0.35 0.098 0.349 0.099 0.349 0.099 0.34 0.098 0.34 0.097 0.339 0.097 0.336 0.096 0.336 0.095 0.335 0.095 0.332 0.094 0.332 0.093 0.331 0.093 0.33 0.092 0.33 0.091 0.329 0.091 0.326
7 0.068 0.902 0.024 0.024 0.064 0.89 0.064 0.891 0.063 0.892 0.058 0.892 0.058 0.893 0.057 0.894 0.056 0.894 0.056 0.907 0.057 0.907 0.058 0.908 0.058 0.911 0.059 0.911 0.06 0.912 0.06 0.913 0.065 0.913 0.065 0.912 0.066 0.911 0.075 0.911 0.075 0.91 0.076 0.909 0.079 0.909 0.079 0.904 0.078 0.904 0.077 0.903 0.077 0.892 0.076 0.892 0.075 0.891 0.075 0.89
7 0.04 0.336 0.012 0.012 0.036 0.33 0.036 0.331 0.035 0.332 0.034 0.332 0.034 0.337 0.035 0.337 0.036 0.338 0.036 0.341 0.043 0.341 0.043 0.338 0.044 0.337 0.045 0.337 0.045 0.33
5 0.489 0.495 0.022 0.026000000000000002 0.488 0.482 0.488 0.483 0.487 0.484 0.482 0.484 0.482 0.485 0.481 0.486 0.48 0.486 0.48 0.487 0.479 0.488 0.478 0.488 0.478 0.495 0.479 0.495 0.48 0.496 0.48 0.503 0.481 0.503 0.482 0.504 0.482 0.507 0.489 0.507 0.489 0.506 0.49 0.505 0.497 0.505 0.497 0.504 0.498 0.503 0.499 0.503 0.499 0.496 0.498 0.496 0.497 0.495 0.497 0.484 0.496 0.484 0.495 0.483 0.495 0.482
4 0.132 0.269 0.016 0.018000000000000002 0.124 0.26 0.124 0.271 0.125 0.271 0.126 0.272 0.126 0.275 0.127 0.275 0.128 0.276 0.128 0.277 0.135 0.277 0.135 0.276 0.136 0.275 0.137 0.275 0.137 0.274 0.138 0.273 0.139 0.273 0.139 0.27 0.138 0.27 0.137 0.269 0.137 0.264 0.136 0.264 0.135 0.263 0.135 0.262 0.134 0.262 0.133 0.261 0.133 0.26
4 0.077 0.28800000000000003 0.018000000000000002 0.024 0.07 0.276 0.07 0.277 0.069 0.278 0.068 0.278 0.068 0.281 0.069 0.281 0.07 0.282 0.07 0.285 0.071 0.285 0.072 0.286 0.072 0.289 0.073 0.289 0.074 0.29 0.074 0.293 0.075 0.293 0.076 0.294 0.076 0.297 0.077 0.297 0.078 0.298 0.078 0.299 0.081 0.299 0.081 0.298 0.082 0.297 0.085 0.297 0.085 0.288 0.084 0.288 0.083 0.287 0.083 0.282 0.082 0.282 0.081 0.281 0.081 0.278 0.08 0.278 0.079 0.277 0.079 0.276
