3 0.481 0.10400000000000001 0.034 0.036000000000000004 0.47 0.086 0.47 0.087 0.469 0.088 0.468 0.088 0.468 0.091 0.467 0.092 0.466 0.092 0.466 0.101 0.465 0.102 0.464 0.102 0.464 0.103 0.465 0.103 0.466 0.104 0.466 0.115 0.467 0.115 0.468 0.116 0.468 0.119 0.473 0.119 0.474 0.12 0.474 0.121 0.487 0.121 0.487 0.12 0.488 0.119 0.491 0.119 0.491 0.118 0.492 0.117 0.493 0.117 0.493 0.114 0.494 0.113 0.495 0.113 0.495 0.108 0.496 0.107 0.497 0.107 0.497 0.092 0.496 0.092 0.495 0.091 0.495 0.09 0.494 0.09 0.493 0.089 0.493 0.088 0.482 0.088 0.481 0.087 0.481 0.086
6 0.71 0.9490000000000001 0.092 0.10200000000000001 0.668 0.898 0.668 0.899 0.667 0.9 0.666 0.9 0.666 0.903 0.665 0.904 0.664 0.904 0.664 0.905 0.665 0.905 0.666 0.906 0.666 0.999 0.751 0.999 0.751 0.996 0.75 0.996 0.749 0.995 0.749 0.992 0.748 0.992 0.747 0.991 0.747 0.982 0.748 0.981 0.749 0.981 0.749 0.978 0.75 0.977 0.751 0.977 0.751 0.968 0.752 0.967 0.753 0.967 0.753 0.946 0.754 0.945 0.755 0.945 0.755 0.9 0.702 0.9 0.701 0.899 0.701 0.898
6 0.492 0.876 0.10400000000000001 0.056 0.524 0.848 0.524 0.849 0.523 0.85 0.44 0.85 0.44 0.901 0.441 0.901 0.442 0.902 0.442 0.903 0.481 0.903 0.481 0.902 0.482 0.901 0.533 0.901 0.533 0.9 0.534 0.899 0.539 0.899 0.539 0.894 0.54 0.893 0.541 0.893 0.541 0.856 0.542 0.855 0.543 0.855 0.543 0.85 0.542 0.85 0.541 0.849 0.541 0.848
3 0.096 0.928 0.024 0.032 0.088 0.912 0.088 0.915 0.087 0.916 0.086 0.916 0.086 0.923 0.085 0.924 0.084 0.924 0.084 0.941 0.085 0.941 0.086 0.942 0.086 0.943 0.103 0.943 0.103 0.942 0.104 0.941 0.105 0.941 0.105 0.934 0.106 0.933 0.107 0.933 0.107 0.924 0.106 0.924 0.105 0.923 0.105 0.914 0.104 0.914 0.103 0.913 0.103 0.912 0.102 0.912 0.102 0.913 0.101 0.914 0.096 0.914 0.095 0.913 0.095 0.912
5 0.05 0.874 0.012 0.016 0.046 0.866 0.046 0.867 0.045 0.868 0.044 0.868 0.044 0.881 0.049 0.881 0.049 0.88 0.05 0.879 0.053 0.879 0.053 0.878 0.054 0.877 0.055 0.877 0.055 0.868 0.054 0.868 0.053 0.867 0.053 0.866
5 0.069 0.5690000000000001 0.01 0.018000000000000002 0.068 0.56 0.068 0.563 0.067 0.564 0.066 0.564 0.066 0.567 0.065 0.568 0.064 0.568 0.064 0.573 0.065 0.573 0.066 0.574 0.066 0.577 0.069 0.577 0.069 0.572 0.07 0.571 0.071 0.571 0.071 0.566 0.072 0.565 0.073 0.565 0.073 0.562 0.072 0.562 0.071 0.561 0.071 0.56
5 0.681 0.47900000000000004 0.026000000000000002 0.022 0.672 0.468 0.672 0.469 0.671 0.47 0.67 0.47 0.67 0.471 0.669 0.472 0.668 0.472 0.668 0.485 0.669 0.485 0.67 0.486 0.67 0.487 0.673 0.487 0.674 0.488 0.674 0.489 0.687 0.489 0.687 0.488 0.688 0.487 0.689 0.487 0.689 0.482 0.69 0.481 0.691 0.481 0.691 0.478 0.692 0.477 0.693 0.477 0.693 0.472 0.692 0.472 0.691 0.471 0.691 0.47 0.684 0.47 0.683 0.469 0.683 0.468
3 0.421 0.491 0.03 0.034 0.414 0.474 0.414 0.475 0.413 0.476 0.41 0.476 0.41 0.477 0.409 0.478 0.408 0.478 0.408 0.481 0.407 0.482 0.406 0.482 0.406 0.503 0.407 0.503 0.408 0.504 0.408 0.505 0.417 0.505 0.418 0.506 0.418 0.507 0.431 0.507 0.431 0.506 0.432 0.505 0.433 0.505 0.433 0.498 0.434 0.497 0.435 0.497 0.435 0.478 0.432 0.478 0.431 0.477 0.431 0.476 0.42 0.476 0.419 0.475 0.419 0.474
5 0.088 0.368 0.012 0.016 0.084 0.36 0.084 0.363 0.083 0.364 0.082 0.364 0.082 0.373 0.083 0.373 0.084 0.374 0.084 0.375 0.091 0.375 0.091 0.374 0.092 0.373 0.093 0.373 0.093 0.36
5 0.51 0.165 0.016 0.018000000000000002 0.504 0.156 0.504 0.161 0.503 0.162 0.502 0.162 0.502 0.167 0.503 0.167 0.504 0.168 0.504 0.171 0.507 0.171 0.508 0.172 0.508 0.173 0.511 0.173 0.511 0.172 0.512 0.171 0.515 0.171 0.515 0.17 0.516 0.169 0.517 0.169 0.517 0.16 0.516 0.16 0.515 0.159 0.515 0.158 0.514 0.158 0.513 0.157 0.513 0.156
5 0.121 0.019 0.014 0.022 0.118 0.008 0.118 0.015 0.117 0.016 0.116 0.016 0.116 0.017 0.115 0.018 0.114 0.018 0.114 0.021 0.115 0.021 0.116 0.022 0.116 0.027 0.117 0.027 0.118 0.028 0.118 0.029 0.121 0.029 0.121 0.028 0.122 0.027 0.123 0.027 0.123 0.026 0.124 0.025 0.125 0.025 0.125 0.02 0.126 0.019 0.127 0.019 0.127 0.018 0.126 0.018 0.125 0.017 0.125 0.016 0.124 0.016 0.123 0.015 0.123 0.012 0.12 0.012 0.119 0.011 0.119 0.008
4 0.018000000000000002 0.579 0.016 0.014 0.014 0.572 0.014 0.573 0.013 0.574 0.01 0.574 0.01 0.583 0.011 0.583 0.012 0.584 0.012 0.585 0.023 0.585 0.023 0.584 0.024 0.583 0.025 0.583 0.025 0.574 0.018 0.574 0.017 0.573 0.017 0.572
4 0.9550000000000001 0.529 0.026000000000000002 0.03 0.946 0.514 0.946 0.515 0.945 0.516 0.944 0.516 0.944 0.519 0.943 0.52 0.942 0.52 0.942 0.537 0.943 0.537 0.944 0.538 0.944 0.539 0.945 0.539 0.946 0.54 0.946 0.541 0.957 0.541 0.958 0.542 0.958 0.543 0.963 0.543 0.963 0.542 0.964 0.541 0.965 0.541 0.965 0.538 0.966 0.537 0.967 0.537 0.967 0.532 0.966 0.532 0.965 0.531 0.965 0.528 0.966 0.527 0.967 0.527 0.967 0.524 0.966 0.524 0.965 0.523 0.965 0.518 0.956 0.518 0.955 0.517 0.955 0.516 0.952 0.516 0.951 0.515 0.951 0.514
4 0.11900000000000001 0.483 0.014 0.018000000000000002 0.114 0.474 0.114 0.477 0.113 0.478 0.112 0.478 0.112 0.487 0.113 0.487 0.114 0.488 0.114 0.491 0.123 0.491 0.123 0.488 0.124 0.487 0.125 0.487 0.125 0.476 0.124 0.476 0.123 0.475 0.123 0.474
4 0.131 0.362 0.03 0.028 0.12 0.348 0.12 0.349 0.119 0.35 0.118 0.35 0.118 0.359 0.117 0.36 0.116 0.36 0.116 0.367 0.117 0.367 0.118 0.368 0.118 0.371 0.119 0.371 0.12 0.372 0.12 0.373 0.125 0.373 0.126 0.374 0.126 0.375 0.143 0.375 0.143 0.374 0.144 0.373 0.145 0.373 0.145 0.352 0.142 0.352 0.141 0.351 0.141 0.35 0.134 0.35 0.133 0.349 0.133 0.348
4 0.156 0.063 0.016 0.014 0.15 0.056 0.15 0.057 0.149 0.058 0.148 0.058 0.148 0.067 0.151 0.067 0.152 0.068 0.152 0.069 0.157 0.069 0.157 0.068 0.158 0.067 0.161 0.067 0.161 0.066 0.162 0.065 0.163 0.065 0.163 0.058 0.162 0.058 0.161 0.057 0.161 0.056
4 0.074 0.057 0.024 0.022 0.064 0.046 0.064 0.051 0.063 0.052 0.062 0.052 0.062 0.065 0.063 0.065 0.064 0.066 0.064 0.067 0.077 0.067 0.077 0.066 0.078 0.065 0.081 0.065 0.081 0.062 0.082 0.061 0.083 0.061 0.083 0.054 0.084 0.053 0.085 0.053 0.085 0.048 0.084 0.048 0.083 0.047 0.083 0.046
3 0.538 0.979 0.06 0.042 0.52 0.958 0.52 0.959 0.519 0.96 0.512 0.96 0.512 0.961 0.511 0.962 0.508 0.962 0.508 0.963 0.509 0.963 0.51 0.964 0.51 0.975 0.509 0.976 0.508 0.976 0.508 0.983 0.509 0.983 0.51 0.984 0.51 0.989 0.511 0.989 0.512 0.99 0.512 0.993 0.511 0.994 0.51 0.994 0.51 0.999 0.567 0.999 0.567 0.96 0.566 0.96 0.565 0.959 0.565 0.958 0.55 0.958 0.55 0.959 0.549 0.96 0.522 0.96 0.521 0.959 0.521 0.958
3 0.86 0.9500000000000001 0.14 0.1 0.832 0.9 0.832 0.901 0.831 0.902 0.83 0.902 0.83 0.903 0.829 0.904 0.828 0.904 0.828 0.905 0.827 0.906 0.826 0.906 0.826 0.907 0.825 0.908 0.824 0.908 0.824 0.909 0.823 0.91 0.822 0.91 0.822 0.911 0.821 0.912 0.82 0.912 0.82 0.913 0.819 0.914 0.818 0.914 0.818 0.915 0.817 0.916 0.816 0.916 0.816 0.917 0.815 0.918 0.814 0.918 0.814 0.919 0.813 0.92 0.812 0.92 0.812 0.921 0.811 0.922 0.81 0.922 0.81 0.923 0.809 0.924 0.808 0.924 0.808 0.925 0.807 0.926 0.806 0.926 0.806 0.927 0.805 0.928 0.804 0.928 0.804 0.929 0.803 0.93 0.802 0.93 0.802 0.931 0.801 0.932 0.8 0.932 0.8 0.933 0.799 0.934 0.798 0.934 0.798 0.935 0.797 0.936 0.796 0.936 0.796 0.937 0.795 0.938 0.794 0.938 0.794 0.939 0.793 0.94 0.792 0.94 0.792 0.943 0.791 0.944 0.79 0.944 0.79 0.951 0.791 0.951 0.792 0.952 0.792 0.953 0.793 0.953 0.794 0.954 0.794 0.957 0.795 0.957 0.796 0.958 0.796 0.961 0.797 0.961 0.798 0.962 0.798 0.963 0.799 0.963 0.8 0.964 0.8 0.967 0.801 0.967 0.802 0.968 0.802 0.969 0.803 0.969 0.804 0.97 0.804 0.973 0.805 0.973 0.806 0.974 0.806 0.977 0.807 0.977 0.808 0.978 0.808 0.979 0.809 0.979 0.81 0.98 0.81 0.981 0.811 0.981 0.812 0.982 0.812 0.985 0.813 0.985 0.814 0.986 0.814 0.989 0.815 0.989 0.816 0.99 0.816 0.993 0.817 0.993 0.818 0.994 0.818 0.995 0.819 0.995 0.82 0.996 0.82 0.997 0.821 0.997 0.822 0.998 0.822 0.999 0.927 0.999 0.927 0.956 0.926 0.956 0.925 0.955 0.925 0.946 0.926 0.945 0.927 0.945 0.927 0.932 0.928 0.931 0.929 0.931 0.929 0.914 0.928 0.914 0.927 0.913 0.927 0.91 0.926 0.91 0.925 0.909 0.925 0.908 0.906 0.908 0.905 0.907 0.905 0.906 0.89 0.906 0.889 0.905 0.889 0.904 0.872 0.904 0.871 0.903 0.871 0.902 0.854 0.902 0.853 0.901 0.853 0.9
3 0.494 0.675 0.036000000000000004 0.042 0.484 0.654 0.484 0.655 0.483 0.656 0.482 0.656 0.482 0.657 0.481 0.658 0.48 0.658 0.48 0.665 0.479 0.666 0.478 0.666 0.478 0.673 0.477 0.674 0.476 0.674 0.476 0.689 0.477 0.689 0.478 0.69 0.478 0.691 0.479 0.691 0.48 0.692 0.48 0.693 0.489 0.693 0.49 0.694 0.49 0.695 0.507 0.695 0.507 0.694 0.508 0.693 0.511 0.693 0.511 0.66 0.51 0.66 0.509 0.659 0.509 0.658 0.502 0.658 0.501 0.657 0.501 0.656 0.492 0.656 0.491 0.655 0.491 0.654
3 0.401 0.61 0.038 0.036000000000000004 0.388 0.592 0.388 0.593 0.387 0.594 0.386 0.594 0.386 0.599 0.385 0.6 0.384 0.6 0.384 0.613 0.383 0.614 0.382 0.614 0.382 0.621 0.383 0.621 0.384 0.622 0.384 0.623 0.387 0.623 0.388 0.624 0.388 0.625 0.393 0.625 0.394 0.626 0.394 0.627 0.415 0.627 0.415 0.626 0.416 0.625 0.417 0.625 0.417 0.612 0.418 0.611 0.419 0.611 0.419 0.596 0.416 0.596 0.415 0.595 0.415 0.594 0.404 0.594 0.403 0.593 0.403 0.592
3 0.514 0.5680000000000001 0.036000000000000004 0.036000000000000004 0.506 0.55 0.506 0.551 0.505 0.552 0.502 0.552 0.502 0.553 0.501 0.554 0.5 0.554 0.5 0.561 0.499 0.562 0.498 0.562 0.498 0.569 0.497 0.57 0.496 0.57 0.496 0.577 0.497 0.577 0.498 0.578 0.498 0.579 0.499 0.579 0.5 0.58 0.5 0.581 0.503 0.581 0.504 0.582 0.504 0.583 0.517 0.583 0.518 0.584 0.518 0.585 0.525 0.585 0.525 0.584 0.526 0.583 0.527 0.583 0.527 0.578 0.528 0.577 0.529 0.577 0.529 0.562 0.53 0.561 0.531 0.561 0.531 0.56 0.53 0.56 0.529 0.559 0.529 0.556 0.528 0.556 0.527 0.555 0.527 0.554 0.514 0.554 0.513 0.553 0.513 0.552 0.508 0.552 0.507 0.551 0.507 0.55
3 0.123 0.547 0.022 0.03 0.114 0.534 0.114 0.537 0.113 0.538 0.112 0.538 0.112 0.559 0.113 0.559 0.114 0.56 0.114 0.561 0.129 0.561 0.129 0.56 0.13 0.559 0.133 0.559 0.133 0.536 0.122 0.536 0.121 0.535 0.121 0.534
3 0.713 0.542 0.042 0.044 0.71 0.52 0.71 0.521 0.709 0.522 0.708 0.522 0.708 0.523 0.707 0.524 0.704 0.524 0.704 0.525 0.703 0.526 0.702 0.526 0.702 0.527 0.701 0.528 0.698 0.528 0.698 0.529 0.697 0.53 0.696 0.53 0.696 0.533 0.695 0.534 0.694 0.534 0.694 0.535 0.693 0.536 0.692 0.536 0.692 0.543 0.693 0.543 0.694 0.544 0.694 0.547 0.695 0.547 0.696 0.548 0.696 0.553 0.697 0.553 0.698 0.554 0.698 0.559 0.701 0.559 0.702 0.56 0.702 0.561 0.711 0.561 0.712 0.562 0.712 0.563 0.729 0.563 0.729 0.562 0.73 0.561 0.731 0.561 0.731 0.552 0.732 0.551 0.733 0.551 0.733 0.53 0.732 0.53 0.731 0.529 0.731 0.526 0.728 0.526 0.727 0.525 0.727 0.524 0.726 0.524 0.725 0.523 0.725 0.522 0.716 0.522 0.715 0.521 0.715 0.52
3 0.02 0.539 0.028 0.034 0.01 0.522 0.01 0.523 0.009 0.524 0.008 0.524 0.008 0.543 0.007 0.544 0.006 0.544 0.006 0.551 0.007 0.551 0.008 0.552 0.008 0.553 0.009 0.553 0.01 0.554 0.01 0.555 0.031 0.555 0.031 0.554 0.032 0.553 0.033 0.553 0.033 0.524 0.032 0.524 0.031 0.523 0.031 0.522
3 0.654 0.533 0.044 0.046 0.648 0.51 0.648 0.511 0.647 0.512 0.646 0.512 0.646 0.513 0.645 0.514 0.644 0.514 0.644 0.517 0.643 0.518 0.64 0.518 0.64 0.519 0.639 0.52 0.638 0.52 0.638 0.521 0.637 0.522 0.636 0.522 0.636 0.523 0.635 0.524 0.634 0.524 0.634 0.527 0.633 0.528 0.632 0.528 0.632 0.533 0.633 0.533 0.634 0.534 0.634 0.535 0.635 0.535 0.636 0.536 0.636 0.537 0.637 0.537 0.638 0.538 0.638 0.547 0.639 0.547 0.64 0.548 0.64 0.549 0.641 0.549 0.642 0.55 0.642 0.551 0.653 0.551 0.654 0.552 0.654 0.553 0.659 0.553 0.66 0.554 0.66 0.555 0.671 0.555 0.671 0.554 0.672 0.553 0.673 0.553 0.673 0.542 0.674 0.541 0.675 0.541 0.675 0.518 0.672 0.518 0.671 0.517 0.671 0.516 0.668 0.516 0.667 0.515 0.667 0.514 0.662 0.514 0.661 0.513 0.661 0.512 0.658 0.512 0.657 0.511 0.657 0.51
3 0.582 0.521 0.044 0.046 0.576 0.498 0.576 0.499 0.575 0.5 0.574 0.5 0.574 0.501 0.573 0.502 0.57 0.502 0.57 0.503 0.569 0.504 0.568 0.504 0.568 0.505 0.567 0.506 0.566 0.506 0.566 0.507 0.565 0.508 0.564 0.508 0.564 0.509 0.563 0.51 0.562 0.51 0.562 0.513 0.561 0.514 0.56 0.514 0.56 0.521 0.561 0.521 0.562 0.522 0.562 0.523 0.563 0.523 0.564 0.524 0.564 0.533 0.565 0.533 0.566 0.534 0.566 0.537 0.569 0.537 0.57 0.538 0.57 0.539 0.575 0.539 0.576 0.54 0.576 0.541 0.589 0.541 0.59 0.542 0.59 0.543 0.597 0.543 0.597 0.542 0.598 0.541 0.599 0.541 0.599 0.54 0.6 0.539 0.601 0.539 0.601 0.52 0.602 0.519 0.603 0.519 0.603 0.508 0.602 0.508 0.601 0.507 0.601 0.506 0.598 0.506 0.597 0.505 0.597 0.504 0.596 0.504 0.595 0.503 0.595 0.502 0.59 0.502 0.589 0.501 0.589 0.5 0.584 0.5 0.583 0.499 0.583 0.498
3 0.026000000000000002 0.47800000000000004 0.032 0.032 0.014 0.462 0.014 0.463 0.013 0.464 0.012 0.464 0.012 0.475 0.011 0.476 0.01 0.476 0.01 0.491 0.015 0.491 0.016 0.492 0.016 0.493 0.037 0.493 0.037 0.492 0.038 0.491 0.039 0.491 0.039 0.488 0.04 0.487 0.041 0.487 0.041 0.466 0.04 0.466 0.039 0.465 0.039 0.464 0.038 0.464 0.037 0.463 0.037 0.462
3 0.736 0.446 0.044 0.048 0.722 0.422 0.722 0.423 0.721 0.424 0.72 0.424 0.72 0.427 0.719 0.428 0.718 0.428 0.718 0.435 0.717 0.436 0.716 0.436 0.716 0.445 0.715 0.446 0.714 0.446 0.714 0.451 0.715 0.451 0.716 0.452 0.716 0.457 0.717 0.457 0.718 0.458 0.718 0.459 0.719 0.459 0.72 0.46 0.72 0.461 0.721 0.461 0.722 0.462 0.722 0.465 0.723 0.465 0.724 0.466 0.724 0.467 0.725 0.467 0.726 0.468 0.726 0.469 0.729 0.469 0.729 0.468 0.73 0.467 0.735 0.467 0.735 0.466 0.736 0.465 0.741 0.465 0.741 0.464 0.742 0.463 0.747 0.463 0.747 0.462 0.748 0.461 0.749 0.461 0.749 0.452 0.75 0.451 0.751 0.451 0.751 0.448 0.752 0.447 0.753 0.447 0.753 0.444 0.754 0.443 0.755 0.443 0.755 0.44 0.756 0.439 0.757 0.439 0.757 0.428 0.756 0.428 0.755 0.427 0.755 0.426 0.748 0.426 0.747 0.425 0.747 0.424 0.734 0.424 0.733 0.423 0.733 0.422
3 0.677 0.437 0.042 0.054 0.664 0.41 0.664 0.411 0.663 0.412 0.66 0.412 0.66 0.421 0.659 0.422 0.658 0.422 0.658 0.427 0.657 0.428 0.656 0.428 0.656 0.447 0.657 0.447 0.658 0.448 0.658 0.449 0.659 0.449 0.66 0.45 0.66 0.453 0.661 0.453 0.662 0.454 0.662 0.455 0.663 0.455 0.664 0.456 0.664 0.457 0.665 0.457 0.666 0.458 0.666 0.461 0.669 0.461 0.67 0.462 0.67 0.463 0.679 0.463 0.679 0.462 0.68 0.461 0.681 0.461 0.681 0.46 0.682 0.459 0.683 0.459 0.683 0.458 0.684 0.457 0.685 0.457 0.685 0.456 0.686 0.455 0.687 0.455 0.687 0.454 0.688 0.453 0.689 0.453 0.689 0.452 0.69 0.451 0.691 0.451 0.691 0.442 0.692 0.441 0.693 0.441 0.693 0.434 0.694 0.433 0.695 0.433 0.695 0.428 0.696 0.427 0.697 0.427 0.697 0.42 0.696 0.42 0.695 0.419 0.695 0.418 0.694 0.418 0.693 0.417 0.693 0.416 0.69 0.416 0.689 0.415 0.689 0.414 0.678 0.414 0.677 0.413 0.677 0.412 0.668 0.412 0.667 0.411 0.667 0.41
3 0.133 0.427 0.026000000000000002 0.034 0.126 0.41 0.126 0.411 0.125 0.412 0.124 0.412 0.124 0.413 0.123 0.414 0.122 0.414 0.122 0.421 0.121 0.422 0.12 0.422 0.12 0.437 0.121 0.437 0.122 0.438 0.122 0.439 0.123 0.439 0.124 0.44 0.124 0.441 0.131 0.441 0.132 0.442 0.132 0.443 0.143 0.443 0.143 0.442 0.144 0.441 0.145 0.441 0.145 0.42 0.144 0.42 0.143 0.419 0.143 0.414 0.142 0.414 0.141 0.413 0.141 0.412 0.136 0.412 0.135 0.411 0.135 0.41
3 0.604 0.424 0.044 0.048 0.588 0.4 0.588 0.401 0.587 0.402 0.586 0.402 0.586 0.405 0.585 0.406 0.584 0.406 0.584 0.421 0.583 0.422 0.582 0.422 0.582 0.437 0.583 0.437 0.584 0.438 0.584 0.439 0.585 0.439 0.586 0.44 0.586 0.441 0.587 0.441 0.588 0.442 0.588 0.443 0.589 0.443 0.59 0.444 0.59 0.445 0.591 0.445 0.592 0.446 0.592 0.447 0.597 0.447 0.597 0.446 0.598 0.445 0.603 0.445 0.603 0.444 0.604 0.443 0.609 0.443 0.609 0.442 0.61 0.441 0.615 0.441 0.615 0.438 0.616 0.437 0.617 0.437 0.617 0.428 0.618 0.427 0.619 0.427 0.619 0.424 0.62 0.423 0.621 0.423 0.621 0.416 0.622 0.415 0.623 0.415 0.623 0.41 0.624 0.409 0.625 0.409 0.625 0.408 0.624 0.408 0.623 0.407 0.623 0.404 0.618 0.404 0.617 0.403 0.617 0.402 0.606 0.402 0.605 0.401 0.605 0.4
3 0.03 0.417 0.032 0.034 0.02 0.4 0.02 0.403 0.019 0.404 0.018 0.404 0.018 0.413 0.017 0.414 0.016 0.414 0.016 0.423 0.015 0.424 0.014 0.424 0.014 0.429 0.015 0.429 0.016 0.43 0.016 0.431 0.025 0.431 0.026 0.432 0.026 0.433 0.039 0.433 0.039 0.432 0.04 0.431 0.043 0.431 0.043 0.43 0.044 0.429 0.045 0.429 0.045 0.404 0.044 0.404 0.043 0.403 0.043 0.402 0.03 0.402 0.029 0.401 0.029 0.4
3 0.59 0.117 0.032 0.03 0.578 0.102 0.578 0.103 0.577 0.104 0.576 0.104 0.576 0.113 0.575 0.114 0.574 0.114 0.574 0.129 0.575 0.129 0.576 0.13 0.576 0.131 0.595 0.131 0.595 0.13 0.596 0.129 0.597 0.129 0.597 0.128 0.598 0.127 0.599 0.127 0.599 0.124 0.6 0.123 0.601 0.123 0.601 0.12 0.602 0.119 0.603 0.119 0.603 0.114 0.604 0.113 0.605 0.113 0.605 0.108 0.602 0.108 0.601 0.107 0.601 0.106 0.598 0.106 0.597 0.105 0.597 0.104 0.588 0.104 0.587 0.103 0.587 0.102
3 0.596 0.048 0.028 0.036000000000000004 0.594 0.03 0.594 0.031 0.593 0.032 0.59 0.032 0.59 0.033 0.589 0.034 0.588 0.034 0.588 0.035 0.587 0.036 0.586 0.036 0.586 0.037 0.585 0.038 0.584 0.038 0.584 0.041 0.583 0.042 0.582 0.042 0.582 0.061 0.583 0.061 0.584 0.062 0.584 0.063 0.585 0.063 0.586 0.064 0.586 0.065 0.605 0.065 0.605 0.064 0.606 0.063 0.607 0.063 0.607 0.06 0.608 0.059 0.609 0.059 0.609 0.046 0.608 0.046 0.607 0.045 0.607 0.038 0.606 0.038 0.605 0.037 0.605 0.032 0.604 0.032 0.603 0.031 0.603 0.03
3 0.607 0.009000000000000001 0.05 0.018000000000000002 0.584 0.0 0.584 0.001 0.583 0.002 0.582 0.002 0.582 0.009 0.583 0.009 0.584 0.01 0.584 0.015 0.589 0.015 0.59 0.016 0.59 0.017 0.609 0.017 0.609 0.016 0.61 0.015 0.619 0.015 0.619 0.014 0.62 0.013 0.621 0.013 0.621 0.012 0.622 0.011 0.623 0.011 0.623 0.01 0.624 0.009 0.629 0.009 0.629 0.004 0.63 0.003 0.631 0.003 0.631 0.0
2 0.785 0.511 0.038 0.08600000000000001 0.778 0.468 0.778 0.469 0.777 0.47 0.776 0.47 0.776 0.473 0.775 0.474 0.774 0.474 0.774 0.475 0.773 0.476 0.772 0.476 0.772 0.479 0.771 0.48 0.77 0.48 0.77 0.483 0.769 0.484 0.768 0.484 0.768 0.489 0.767 0.49 0.766 0.49 0.766 0.547 0.767 0.547 0.768 0.548 0.768 0.549 0.769 0.549 0.77 0.55 0.77 0.551 0.781 0.551 0.782 0.552 0.782 0.553 0.789 0.553 0.789 0.552 0.79 0.551 0.791 0.551 0.791 0.548 0.792 0.547 0.793 0.547 0.793 0.534 0.794 0.533 0.795 0.533 0.795 0.522 0.796 0.521 0.797 0.521 0.797 0.51 0.798 0.509 0.799 0.509 0.799 0.5 0.8 0.499 0.801 0.499 0.801 0.486 0.802 0.485 0.803 0.485 0.803 0.474 0.796 0.474 0.795 0.473 0.795 0.472 0.792 0.472 0.791 0.471 0.791 0.47 0.784 0.47 0.783 0.469 0.783 0.468
4 0.44 0.427 0.02 0.018000000000000002 0.432 0.418 0.432 0.419 0.431 0.42 0.43 0.42 0.43 0.431 0.431 0.431 0.432 0.432 0.432 0.433 0.433 0.433 0.434 0.434 0.434 0.435 0.443 0.435 0.443 0.434 0.444 0.433 0.447 0.433 0.447 0.432 0.448 0.431 0.449 0.431 0.449 0.422 0.448 0.422 0.447 0.421 0.447 0.42 0.444 0.42 0.443 0.419 0.443 0.418
5 0.468 0.45 0.02 0.016 0.462 0.442 0.462 0.443 0.461 0.444 0.46 0.444 0.46 0.445 0.459 0.446 0.458 0.446 0.458 0.453 0.459 0.453 0.46 0.454 0.46 0.455 0.461 0.455 0.462 0.456 0.462 0.457 0.473 0.457 0.473 0.456 0.474 0.455 0.475 0.455 0.475 0.454 0.476 0.453 0.477 0.453 0.477 0.446 0.476 0.446 0.475 0.445 0.475 0.444 0.474 0.444 0.473 0.443 0.473 0.442
6 0.656 0.113 0.068 0.054 0.628 0.086 0.628 0.087 0.627 0.088 0.626 0.088 0.626 0.091 0.625 0.092 0.624 0.092 0.624 0.117 0.623 0.118 0.622 0.118 0.622 0.133 0.623 0.133 0.624 0.134 0.624 0.135 0.637 0.135 0.638 0.136 0.638 0.137 0.645 0.137 0.646 0.138 0.646 0.139 0.665 0.139 0.665 0.138 0.666 0.137 0.671 0.137 0.671 0.136 0.672 0.135 0.675 0.135 0.675 0.134 0.676 0.133 0.679 0.133 0.679 0.132 0.68 0.131 0.681 0.131 0.681 0.13 0.682 0.129 0.683 0.129 0.683 0.128 0.684 0.127 0.685 0.127 0.685 0.126 0.686 0.125 0.687 0.125 0.687 0.118 0.688 0.117 0.689 0.117 0.689 0.096 0.688 0.096 0.687 0.095 0.687 0.094 0.682 0.094 0.681 0.093 0.681 0.092 0.672 0.092 0.671 0.091 0.671 0.09 0.656 0.09 0.655 0.089 0.655 0.088 0.646 0.088 0.645 0.087 0.645 0.086
4 0.709 0.281 0.114 0.042 0.656 0.26 0.656 0.263 0.655 0.264 0.654 0.264 0.654 0.275 0.653 0.276 0.652 0.276 0.652 0.279 0.653 0.279 0.654 0.28 0.654 0.283 0.669 0.283 0.67 0.284 0.67 0.285 0.681 0.285 0.682 0.286 0.682 0.287 0.691 0.287 0.692 0.288 0.692 0.289 0.699 0.289 0.7 0.29 0.7 0.291 0.713 0.291 0.714 0.292 0.714 0.293 0.725 0.293 0.726 0.294 0.726 0.295 0.737 0.295 0.738 0.296 0.738 0.297 0.745 0.297 0.746 0.298 0.746 0.299 0.757 0.299 0.758 0.3 0.758 0.301 0.761 0.301 0.761 0.3 0.762 0.299 0.763 0.299 0.763 0.292 0.764 0.291 0.765 0.291 0.765 0.278 0.758 0.278 0.757 0.277 0.757 0.276 0.75 0.276 0.749 0.275 0.749 0.274 0.738 0.274 0.737 0.273 0.737 0.272 0.726 0.272 0.725 0.271 0.725 0.27 0.714 0.27 0.713 0.269 0.713 0.268 0.704 0.268 0.703 0.267 0.703 0.266 0.696 0.266 0.695 0.265 0.695 0.264 0.684 0.264 0.683 0.263 0.683 0.262 0.67 0.262 0.669 0.261 0.669 0.26
4 0.7030000000000001 0.323 0.114 0.042 0.65 0.302 0.65 0.303 0.649 0.304 0.648 0.304 0.648 0.309 0.647 0.31 0.646 0.31 0.646 0.321 0.647 0.321 0.648 0.322 0.648 0.323 0.661 0.323 0.662 0.324 0.662 0.325 0.671 0.325 0.672 0.326 0.672 0.327 0.681 0.327 0.682 0.328 0.682 0.329 0.691 0.329 0.692 0.33 0.692 0.331 0.703 0.331 0.704 0.332 0.704 0.333 0.713 0.333 0.714 0.334 0.714 0.335 0.723 0.335 0.724 0.336 0.724 0.337 0.733 0.337 0.734 0.338 0.734 0.339 0.743 0.339 0.744 0.34 0.744 0.341 0.749 0.341 0.75 0.342 0.75 0.343 0.755 0.343 0.755 0.34 0.756 0.339 0.757 0.339 0.757 0.334 0.758 0.333 0.759 0.333 0.759 0.318 0.748 0.318 0.747 0.317 0.747 0.316 0.74 0.316 0.739 0.315 0.739 0.314 0.728 0.314 0.727 0.313 0.727 0.312 0.72 0.312 0.719 0.311 0.719 0.31 0.706 0.31 0.705 0.309 0.705 0.308 0.696 0.308 0.695 0.307 0.695 0.306 0.682 0.306 0.681 0.305 0.681 0.304 0.67 0.304 0.669 0.303 0.669 0.302
3 0.005 0.922 0.01 0.032 0.0 0.906 0.0 0.937 0.003 0.937 0.003 0.936 0.004 0.935 0.005 0.935 0.005 0.934 0.006 0.933 0.007 0.933 0.007 0.924 0.008 0.923 0.009 0.923 0.009 0.91 0.008 0.91 0.007 0.909 0.007 0.908 0.006 0.908 0.005 0.907 0.005 0.906
3 0.45 0.995 0.036000000000000004 0.01 0.438 0.99 0.438 0.991 0.437 0.992 0.434 0.992 0.434 0.993 0.433 0.994 0.432 0.994 0.432 0.999 0.467 0.999 0.467 0.998 0.466 0.998 0.465 0.997 0.465 0.992 0.464 0.992 0.463 0.991 0.463 0.99
6 0.654 0.6930000000000001 0.096 0.094 0.614 0.646 0.614 0.655 0.613 0.656 0.612 0.656 0.612 0.671 0.611 0.672 0.61 0.672 0.61 0.689 0.609 0.69 0.608 0.69 0.608 0.717 0.607 0.718 0.606 0.718 0.606 0.727 0.607 0.727 0.608 0.728 0.608 0.731 0.643 0.731 0.644 0.732 0.644 0.733 0.651 0.733 0.652 0.734 0.652 0.735 0.655 0.735 0.656 0.736 0.656 0.737 0.657 0.737 0.658 0.738 0.658 0.739 0.659 0.739 0.659 0.738 0.66 0.737 0.669 0.737 0.669 0.724 0.67 0.723 0.671 0.723 0.671 0.708 0.672 0.707 0.673 0.707 0.673 0.698 0.674 0.697 0.675 0.697 0.675 0.684 0.676 0.683 0.677 0.683 0.677 0.674 0.678 0.673 0.679 0.673 0.679 0.656 0.678 0.656 0.677 0.655 0.677 0.654 0.672 0.654 0.671 0.653 0.671 0.652 0.658 0.652 0.657 0.651 0.657 0.65 0.646 0.65 0.645 0.649 0.645 0.648 0.63 0.648 0.629 0.647 0.629 0.646
7 0.106 0.018000000000000002 0.012 0.02 0.102 0.008 0.102 0.015 0.101 0.016 0.1 0.016 0.1 0.025 0.101 0.025 0.102 0.026 0.102 0.027 0.109 0.027 0.109 0.026 0.11 0.025 0.111 0.025 0.111 0.01 0.11 0.01 0.109 0.009 0.109 0.008
7 0.065 0.47700000000000004 0.014 0.014 0.06 0.47 0.06 0.473 0.059 0.474 0.058 0.474 0.058 0.481 0.059 0.481 0.06 0.482 0.06 0.483 0.069 0.483 0.069 0.48 0.07 0.479 0.071 0.479 0.071 0.478 0.07 0.478 0.069 0.477 0.069 0.47
7 0.9550000000000001 0.47500000000000003 0.014 0.01 0.948 0.47 0.948 0.479 0.959 0.479 0.959 0.478 0.96 0.477 0.961 0.477 0.961 0.47
7 0.47800000000000004 0.509 0.008 0.014 0.478 0.502 0.478 0.503 0.477 0.504 0.476 0.504 0.476 0.507 0.475 0.508 0.474 0.508 0.474 0.509 0.475 0.509 0.476 0.51 0.476 0.513 0.477 0.513 0.478 0.514 0.478 0.515 0.481 0.515 0.481 0.502
7 0.459 0.603 0.022 0.018000000000000002 0.454 0.594 0.454 0.595 0.453 0.596 0.452 0.596 0.452 0.597 0.451 0.598 0.45 0.598 0.45 0.603 0.449 0.604 0.448 0.604 0.448 0.609 0.449 0.609 0.45 0.61 0.45 0.611 0.465 0.611 0.465 0.61 0.466 0.609 0.467 0.609 0.467 0.608 0.468 0.607 0.469 0.607 0.469 0.596 0.468 0.596 0.467 0.595 0.467 0.594
7 0.516 0.726 0.012 0.012 0.51 0.72 0.51 0.727 0.511 0.727 0.512 0.728 0.512 0.731 0.517 0.731 0.517 0.73 0.518 0.729 0.519 0.729 0.519 0.728 0.52 0.727 0.521 0.727 0.521 0.724 0.52 0.724 0.519 0.723 0.519 0.722 0.518 0.722 0.517 0.721 0.517 0.72
5 0.485 0.9580000000000001 0.018000000000000002 0.02 0.478 0.948 0.478 0.949 0.477 0.95 0.476 0.95 0.476 0.961 0.477 0.961 0.478 0.962 0.478 0.965 0.479 0.965 0.48 0.966 0.48 0.967 0.489 0.967 0.489 0.966 0.49 0.965 0.491 0.965 0.491 0.964 0.492 0.963 0.493 0.963 0.493 0.952 0.492 0.952 0.491 0.951 0.491 0.95 0.488 0.95 0.487 0.949 0.487 0.948
7 0.502 0.971 0.016 0.018000000000000002 0.498 0.962 0.498 0.963 0.497 0.964 0.496 0.964 0.496 0.967 0.495 0.968 0.494 0.968 0.494 0.977 0.495 0.977 0.496 0.978 0.496 0.979 0.503 0.979 0.503 0.978 0.504 0.977 0.507 0.977 0.507 0.974 0.508 0.973 0.509 0.973 0.509 0.968 0.508 0.968 0.507 0.967 0.507 0.964 0.506 0.964 0.505 0.963 0.505 0.962
3 0.498 0.628 0.032 0.04 0.49 0.608 0.49 0.609 0.489 0.61 0.488 0.61 0.488 0.611 0.487 0.612 0.486 0.612 0.486 0.619 0.485 0.62 0.484 0.62 0.484 0.627 0.483 0.628 0.482 0.628 0.482 0.635 0.483 0.635 0.484 0.636 0.484 0.641 0.485 0.641 0.486 0.642 0.486 0.645 0.503 0.645 0.504 0.646 0.504 0.647 0.507 0.647 0.507 0.646 0.508 0.645 0.509 0.645 0.509 0.644 0.51 0.643 0.511 0.643 0.511 0.632 0.512 0.631 0.513 0.631 0.513 0.61 0.508 0.61 0.507 0.609 0.507 0.608
