7 0.011 0.973 0.022 0.014 0.006 0.966 0.006 0.967 0.005 0.968 0.0 0.968 0.0 0.979 0.015 0.979 0.015 0.978 0.016 0.977 0.019 0.977 0.019 0.976 0.02 0.975 0.021 0.975 0.021 0.968 0.02 0.968 0.019 0.967 0.019 0.966
7 0.613 0.278 0.014 0.012 0.61 0.272 0.61 0.273 0.609 0.274 0.608 0.274 0.608 0.275 0.607 0.276 0.606 0.276 0.606 0.279 0.607 0.279 0.608 0.28 0.608 0.283 0.617 0.283 0.617 0.28 0.618 0.279 0.619 0.279 0.619 0.278 0.618 0.278 0.617 0.277 0.617 0.274 0.614 0.274 0.613 0.273 0.613 0.272
7 0.871 0.431 0.01 0.014 0.868 0.424 0.868 0.425 0.867 0.426 0.866 0.426 0.866 0.435 0.867 0.435 0.868 0.436 0.868 0.437 0.871 0.437 0.871 0.436 0.872 0.435 0.875 0.435 0.875 0.43 0.874 0.43 0.873 0.429 0.873 0.426 0.872 0.426 0.871 0.425 0.871 0.424
7 0.587 0.46900000000000003 0.014 0.01 0.582 0.464 0.582 0.465 0.581 0.466 0.58 0.466 0.58 0.469 0.581 0.469 0.582 0.47 0.582 0.471 0.583 0.471 0.584 0.472 0.584 0.473 0.589 0.473 0.589 0.472 0.59 0.471 0.593 0.471 0.593 0.466 0.592 0.466 0.591 0.465 0.591 0.464
7 0.9540000000000001 0.47700000000000004 0.032 0.034 0.946 0.46 0.946 0.461 0.945 0.462 0.942 0.462 0.942 0.463 0.941 0.464 0.94 0.464 0.94 0.467 0.939 0.468 0.938 0.468 0.938 0.483 0.939 0.483 0.94 0.484 0.94 0.489 0.943 0.489 0.944 0.49 0.944 0.491 0.947 0.491 0.948 0.492 0.948 0.493 0.963 0.493 0.963 0.492 0.964 0.491 0.967 0.491 0.967 0.488 0.968 0.487 0.969 0.487 0.969 0.468 0.968 0.468 0.967 0.467 0.967 0.466 0.966 0.466 0.965 0.465 0.965 0.464 0.962 0.464 0.961 0.463 0.961 0.462 0.958 0.462 0.957 0.461 0.957 0.46
5 0.611 0.42 0.014 0.012 0.614 0.414 0.614 0.415 0.613 0.416 0.608 0.416 0.608 0.417 0.607 0.418 0.606 0.418 0.606 0.421 0.605 0.422 0.604 0.422 0.604 0.423 0.605 0.423 0.606 0.424 0.606 0.425 0.615 0.425 0.615 0.424 0.616 0.423 0.617 0.423 0.617 0.416 0.616 0.416 0.615 0.415 0.615 0.414
7 0.358 0.402 0.028 0.036000000000000004 0.358 0.384 0.358 0.385 0.357 0.386 0.344 0.386 0.344 0.409 0.345 0.409 0.346 0.41 0.346 0.415 0.347 0.415 0.348 0.416 0.348 0.417 0.349 0.417 0.35 0.418 0.35 0.419 0.361 0.419 0.361 0.418 0.362 0.417 0.365 0.417 0.365 0.416 0.366 0.415 0.369 0.415 0.369 0.414 0.37 0.413 0.371 0.413 0.371 0.396 0.37 0.396 0.369 0.395 0.369 0.39 0.368 0.39 0.367 0.389 0.367 0.386 0.362 0.386 0.361 0.385 0.361 0.384
7 0.14100000000000001 0.41300000000000003 0.17400000000000002 0.05 0.206 0.388 0.206 0.389 0.205 0.39 0.194 0.39 0.194 0.391 0.193 0.392 0.186 0.392 0.186 0.393 0.185 0.394 0.176 0.394 0.176 0.395 0.175 0.396 0.16 0.396 0.16 0.397 0.159 0.398 0.144 0.398 0.144 0.399 0.143 0.4 0.134 0.4 0.134 0.401 0.133 0.402 0.12 0.402 0.12 0.403 0.119 0.404 0.112 0.404 0.112 0.405 0.111 0.406 0.1 0.406 0.1 0.407 0.099 0.408 0.09 0.408 0.09 0.409 0.089 0.41 0.076 0.41 0.076 0.411 0.075 0.412 0.064 0.412 0.064 0.413 0.063 0.414 0.062 0.414 0.062 0.415 0.061 0.416 0.058 0.416 0.058 0.419 0.057 0.42 0.056 0.42 0.056 0.421 0.055 0.422 0.054 0.422 0.054 0.431 0.055 0.431 0.056 0.432 0.056 0.433 0.057 0.433 0.058 0.434 0.058 0.435 0.061 0.435 0.061 0.434 0.062 0.433 0.063 0.433 0.063 0.432 0.064 0.431 0.065 0.431 0.065 0.428 0.066 0.427 0.067 0.427 0.067 0.426 0.068 0.425 0.069 0.425 0.069 0.424 0.07 0.423 0.075 0.423 0.075 0.422 0.076 0.421 0.089 0.421 0.089 0.42 0.09 0.419 0.099 0.419 0.099 0.418 0.1 0.417 0.109 0.417 0.109 0.416 0.11 0.415 0.121 0.415 0.121 0.414 0.122 0.413 0.135 0.413 0.135 0.412 0.136 0.411 0.145 0.411 0.145 0.41 0.146 0.409 0.155 0.409 0.155 0.408 0.156 0.407 0.167 0.407 0.167 0.406 0.168 0.405 0.179 0.405 0.179 0.404 0.18 0.403 0.195 0.403 0.195 0.402 0.196 0.401 0.207 0.401 0.208 0.402 0.208 0.403 0.209 0.403 0.21 0.404 0.21 0.411 0.209 0.412 0.204 0.412 0.204 0.413 0.203 0.414 0.2 0.414 0.2 0.419 0.201 0.419 0.202 0.42 0.202 0.425 0.203 0.425 0.204 0.426 0.204 0.433 0.205 0.433 0.206 0.434 0.206 0.437 0.217 0.437 0.217 0.436 0.218 0.435 0.225 0.435 0.225 0.434 0.226 0.433 0.227 0.433 0.227 0.42 0.226 0.42 0.225 0.419 0.225 0.406 0.224 0.406 0.223 0.405 0.223 0.398 0.222 0.398 0.221 0.397 0.221 0.394 0.22 0.394 0.219 0.393 0.219 0.392 0.218 0.392 0.217 0.391 0.217 0.39 0.214 0.39 0.213 0.389 0.213 0.388
7 0.445 0.364 0.026000000000000002 0.036000000000000004 0.44 0.346 0.44 0.347 0.439 0.348 0.436 0.348 0.436 0.349 0.435 0.35 0.432 0.35 0.432 0.375 0.433 0.375 0.434 0.376 0.434 0.379 0.443 0.379 0.444 0.38 0.444 0.381 0.451 0.381 0.451 0.38 0.452 0.379 0.455 0.379 0.455 0.378 0.456 0.377 0.457 0.377 0.457 0.366 0.456 0.366 0.455 0.365 0.455 0.352 0.454 0.352 0.453 0.351 0.453 0.35 0.452 0.35 0.451 0.349 0.451 0.348 0.45 0.348 0.449 0.347 0.449 0.346
7 0.151 0.36 0.09 0.056 0.142 0.362 0.142 0.363 0.141 0.364 0.14 0.364 0.14 0.365 0.143 0.365 0.143 0.364 0.144 0.363 0.145 0.363 0.145 0.362
5 0.96 0.314 0.028 0.016 0.964 0.306 0.964 0.307 0.963 0.308 0.95 0.308 0.95 0.309 0.949 0.31 0.948 0.31 0.948 0.313 0.947 0.314 0.946 0.314 0.946 0.315 0.947 0.315 0.948 0.316 0.948 0.321 0.957 0.321 0.957 0.32 0.958 0.319 0.967 0.319 0.967 0.318 0.968 0.317 0.971 0.317 0.971 0.316 0.972 0.315 0.973 0.315 0.973 0.31 0.97 0.31 0.969 0.309 0.969 0.308 0.966 0.308 0.965 0.307 0.965 0.306
7 0.07100000000000001 0.436 0.046 0.048 0.068 0.412 0.068 0.413 0.067 0.414 0.062 0.414 0.062 0.415 0.061 0.416 0.058 0.416 0.058 0.417 0.057 0.418 0.056 0.418 0.056 0.423 0.055 0.424 0.054 0.424 0.054 0.435 0.053 0.436 0.05 0.436 0.05 0.439 0.049 0.44 0.048 0.44 0.048 0.447 0.049 0.447 0.05 0.448 0.05 0.449 0.053 0.449 0.054 0.45 0.054 0.451 0.055 0.451 0.056 0.452 0.056 0.455 0.057 0.455 0.058 0.456 0.058 0.457 0.071 0.457 0.071 0.456 0.072 0.455 0.077 0.455 0.078 0.456 0.078 0.457 0.087 0.457 0.088 0.458 0.088 0.459 0.093 0.459 0.093 0.446 0.092 0.446 0.091 0.445 0.091 0.442 0.09 0.442 0.089 0.441 0.089 0.438 0.088 0.438 0.087 0.437 0.087 0.43 0.086 0.43 0.085 0.429 0.085 0.428 0.084 0.428 0.083 0.427 0.083 0.422 0.082 0.422 0.081 0.421 0.081 0.418 0.08 0.418 0.079 0.417 0.079 0.414 0.076 0.414 0.075 0.413 0.075 0.412
5 0.581 0.294 0.018000000000000002 0.02 0.58 0.284 0.58 0.285 0.579 0.286 0.574 0.286 0.574 0.287 0.573 0.288 0.572 0.288 0.572 0.301 0.573 0.301 0.574 0.302 0.574 0.303 0.587 0.303 0.587 0.302 0.588 0.301 0.589 0.301 0.589 0.288 0.588 0.288 0.587 0.287 0.587 0.286 0.586 0.286 0.585 0.285 0.585 0.284
7 0.644 0.551 0.016 0.018000000000000002 0.638 0.542 0.638 0.543 0.637 0.544 0.636 0.544 0.636 0.549 0.637 0.549 0.638 0.55 0.638 0.557 0.639 0.557 0.64 0.558 0.64 0.559 0.649 0.559 0.649 0.556 0.65 0.555 0.651 0.555 0.651 0.55 0.65 0.55 0.649 0.549 0.649 0.544 0.648 0.544 0.647 0.543 0.647 0.542
7 0.644 0.555 0.012 0.01 0.638 0.55 0.638 0.555 0.639 0.555 0.64 0.556 0.64 0.559 0.649 0.559 0.649 0.55
7 0.656 0.594 0.012 0.012 0.652 0.588 0.652 0.589 0.651 0.59 0.65 0.59 0.65 0.599 0.661 0.599 0.661 0.59 0.66 0.59 0.659 0.589 0.659 0.588
7 0.705 0.593 0.014 0.014 0.702 0.586 0.702 0.587 0.701 0.588 0.7 0.588 0.7 0.593 0.699 0.594 0.698 0.594 0.698 0.597 0.699 0.597 0.7 0.598 0.7 0.599 0.707 0.599 0.707 0.598 0.708 0.597 0.711 0.597 0.711 0.59 0.71 0.59 0.709 0.589 0.709 0.588 0.706 0.588 0.705 0.587 0.705 0.586
4 0.642 0.489 0.07200000000000001 0.082 0.66 0.448 0.66 0.449 0.659 0.45 0.652 0.45 0.652 0.451 0.651 0.452 0.644 0.452 0.644 0.453 0.643 0.454 0.63 0.454 0.63 0.455 0.629 0.456 0.614 0.456 0.614 0.457 0.613 0.458 0.606 0.458 0.606 0.465 0.607 0.465 0.608 0.466 0.608 0.475 0.609 0.475 0.61 0.476 0.61 0.487 0.611 0.487 0.612 0.488 0.612 0.499 0.613 0.499 0.614 0.5 0.614 0.511 0.615 0.511 0.616 0.512 0.616 0.525 0.617 0.525 0.618 0.526 0.618 0.529 0.627 0.529 0.627 0.528 0.628 0.527 0.643 0.527 0.643 0.526 0.644 0.525 0.653 0.525 0.653 0.524 0.654 0.523 0.663 0.523 0.663 0.522 0.664 0.521 0.671 0.521 0.671 0.52 0.672 0.519 0.675 0.519 0.675 0.518 0.676 0.517 0.677 0.517 0.677 0.512 0.676 0.512 0.675 0.511 0.675 0.504 0.674 0.504 0.673 0.503 0.673 0.492 0.672 0.492 0.671 0.491 0.671 0.48 0.67 0.48 0.669 0.479 0.669 0.468 0.668 0.468 0.667 0.467 0.667 0.458 0.666 0.458 0.665 0.457 0.665 0.45 0.662 0.45 0.661 0.449 0.661 0.448
7 0.6880000000000001 0.992 0.04 0.016 0.688 0.984 0.688 0.985 0.687 0.986 0.68 0.986 0.68 0.987 0.679 0.988 0.672 0.988 0.672 0.989 0.671 0.99 0.67 0.99 0.67 0.993 0.669 0.994 0.668 0.994 0.668 0.999 0.707 0.999 0.707 0.996 0.706 0.996 0.705 0.995 0.705 0.99 0.704 0.99 0.703 0.989 0.703 0.988 0.702 0.988 0.701 0.987 0.701 0.986 0.698 0.986 0.697 0.985 0.697 0.984
5 0.897 0.635 0.034 0.03 0.902 0.62 0.902 0.621 0.901 0.622 0.89 0.622 0.89 0.623 0.889 0.624 0.884 0.624 0.884 0.625 0.883 0.626 0.882 0.626 0.882 0.627 0.881 0.628 0.88 0.628 0.88 0.635 0.885 0.635 0.886 0.636 0.886 0.637 0.887 0.637 0.888 0.638 0.888 0.643 0.889 0.643 0.89 0.644 0.89 0.647 0.893 0.647 0.894 0.648 0.894 0.649 0.899 0.649 0.899 0.648 0.9 0.647 0.911 0.647 0.911 0.646 0.912 0.645 0.913 0.645 0.913 0.628 0.912 0.628 0.911 0.627 0.911 0.624 0.91 0.624 0.909 0.623 0.909 0.622 0.906 0.622 0.905 0.621 0.905 0.62
5 0.642 0.681 0.032 0.03 0.644 0.666 0.644 0.667 0.643 0.668 0.638 0.668 0.638 0.669 0.637 0.67 0.632 0.67 0.632 0.671 0.631 0.672 0.628 0.672 0.628 0.673 0.627 0.674 0.626 0.674 0.626 0.679 0.627 0.679 0.628 0.68 0.628 0.683 0.629 0.683 0.63 0.684 0.63 0.691 0.631 0.691 0.632 0.692 0.632 0.695 0.641 0.695 0.641 0.694 0.642 0.693 0.649 0.693 0.649 0.692 0.65 0.691 0.655 0.691 0.655 0.69 0.656 0.689 0.657 0.689 0.657 0.676 0.656 0.676 0.655 0.675 0.655 0.672 0.654 0.672 0.653 0.671 0.653 0.668 0.65 0.668 0.649 0.667 0.649 0.666
