4 0.5650000000000001 0.917 0.022 0.022 0.56 0.906 0.56 0.907 0.559 0.908 0.558 0.908 0.558 0.909 0.557 0.91 0.556 0.91 0.556 0.913 0.555 0.914 0.554 0.914 0.554 0.923 0.555 0.923 0.556 0.924 0.556 0.925 0.557 0.925 0.558 0.926 0.558 0.927 0.563 0.927 0.563 0.926 0.564 0.925 0.571 0.925 0.571 0.924 0.572 0.923 0.575 0.923 0.575 0.91 0.574 0.91 0.573 0.909 0.573 0.908 0.572 0.908 0.571 0.907 0.571 0.906
4 0.519 0.10200000000000001 0.022 0.048 0.512 0.078 0.512 0.089 0.511 0.09 0.51 0.09 0.51 0.101 0.509 0.102 0.508 0.102 0.508 0.125 0.523 0.125 0.523 0.124 0.524 0.123 0.525 0.123 0.525 0.116 0.526 0.115 0.527 0.115 0.527 0.096 0.528 0.095 0.529 0.095 0.529 0.078
0 0.842 0.258 0.032 0.052000000000000005 0.828 0.232 0.828 0.235 0.827 0.236 0.826 0.236 0.826 0.275 0.827 0.275 0.828 0.276 0.828 0.279 0.835 0.279 0.836 0.28 0.836 0.281 0.843 0.281 0.844 0.282 0.844 0.283 0.855 0.283 0.855 0.268 0.856 0.267 0.857 0.267 0.857 0.236 0.856 0.236 0.855 0.235 0.855 0.234 0.842 0.234 0.841 0.233 0.841 0.232
3 0.853 0.112 0.11800000000000001 0.092 0.796 0.066 0.796 0.081 0.795 0.082 0.794 0.082 0.794 0.117 0.795 0.117 0.796 0.118 0.796 0.119 0.797 0.119 0.798 0.12 0.798 0.121 0.801 0.121 0.802 0.122 0.802 0.123 0.803 0.123 0.804 0.124 0.804 0.125 0.805 0.125 0.806 0.126 0.806 0.127 0.807 0.127 0.808 0.128 0.808 0.129 0.811 0.129 0.812 0.13 0.812 0.131 0.813 0.131 0.814 0.132 0.814 0.133 0.815 0.133 0.816 0.134 0.816 0.135 0.819 0.135 0.82 0.136 0.82 0.137 0.821 0.137 0.822 0.138 0.822 0.139 0.823 0.139 0.824 0.14 0.824 0.141 0.825 0.141 0.826 0.142 0.826 0.143 0.829 0.143 0.83 0.144 0.83 0.145 0.831 0.145 0.832 0.146 0.832 0.147 0.833 0.147 0.834 0.148 0.834 0.149 0.835 0.149 0.836 0.15 0.836 0.151 0.837 0.151 0.838 0.152 0.838 0.153 0.839 0.153 0.84 0.154 0.84 0.155 0.843 0.155 0.844 0.156 0.844 0.157 0.849 0.157 0.849 0.156 0.85 0.155 0.851 0.155 0.851 0.154 0.852 0.153 0.855 0.153 0.855 0.152 0.856 0.151 0.857 0.151 0.857 0.15 0.858 0.149 0.861 0.149 0.861 0.148 0.862 0.147 0.865 0.147 0.865 0.146 0.866 0.145 0.869 0.145 0.869 0.144 0.87 0.143 0.871 0.143 0.871 0.142 0.872 0.141 0.875 0.141 0.875 0.14 0.876 0.139 0.879 0.139 0.879 0.138 0.88 0.137 0.881 0.137 0.881 0.136 0.882 0.135 0.885 0.135 0.885 0.134 0.886 0.133 0.889 0.133 0.889 0.132 0.89 0.131 0.893 0.131 0.893 0.13 0.894 0.129 0.897 0.129 0.897 0.128 0.898 0.127 0.901 0.127 0.901 0.126 0.902 0.125 0.903 0.125 0.903 0.124 0.904 0.123 0.905 0.123 0.905 0.122 0.906 0.121 0.907 0.121 0.907 0.116 0.908 0.115 0.909 0.115 0.909 0.094 0.91 0.093 0.911 0.093 0.911 0.072 0.898 0.072 0.897 0.071 0.897 0.07 0.896 0.07 0.896 0.071 0.895 0.072 0.88 0.072 0.879 0.071 0.879 0.07 0.878 0.07 0.878 0.071 0.877 0.072 0.846 0.072 0.845 0.071 0.845 0.07 0.83 0.07 0.829 0.069 0.829 0.068 0.806 0.068 0.805 0.067 0.805 0.066
3 0.779 0.20400000000000001 0.058 0.056 0.774 0.176 0.774 0.177 0.773 0.178 0.77 0.178 0.77 0.179 0.769 0.18 0.766 0.18 0.766 0.181 0.765 0.182 0.764 0.182 0.764 0.183 0.763 0.184 0.76 0.184 0.76 0.185 0.759 0.186 0.756 0.186 0.756 0.187 0.755 0.188 0.754 0.188 0.754 0.189 0.753 0.19 0.752 0.19 0.752 0.191 0.751 0.192 0.75 0.192 0.75 0.229 0.753 0.229 0.754 0.23 0.754 0.231 0.801 0.231 0.801 0.23 0.802 0.229 0.807 0.229 0.807 0.192 0.806 0.192 0.805 0.191 0.805 0.188 0.804 0.188 0.803 0.187 0.803 0.186 0.802 0.186 0.801 0.185 0.801 0.184 0.8 0.184 0.799 0.183 0.799 0.182 0.796 0.182 0.795 0.181 0.795 0.18 0.79 0.18 0.789 0.179 0.789 0.178 0.786 0.178 0.785 0.177 0.785 0.176
3 0.51 0.769 0.04 0.014 0.498 0.762 0.498 0.763 0.497 0.764 0.492 0.764 0.492 0.765 0.491 0.766 0.49 0.766 0.49 0.773 0.491 0.773 0.492 0.774 0.492 0.775 0.527 0.775 0.527 0.774 0.528 0.773 0.529 0.773 0.529 0.766 0.528 0.766 0.527 0.765 0.527 0.764 0.526 0.764 0.525 0.763 0.525 0.762
5 0.47600000000000003 0.18 0.028 0.024 0.482 0.168 0.482 0.169 0.481 0.17 0.474 0.17 0.474 0.171 0.473 0.172 0.468 0.172 0.468 0.173 0.467 0.174 0.464 0.174 0.464 0.175 0.463 0.176 0.462 0.176 0.462 0.185 0.463 0.185 0.464 0.186 0.464 0.189 0.467 0.189 0.468 0.19 0.468 0.191 0.479 0.191 0.479 0.19 0.48 0.189 0.481 0.189 0.481 0.188 0.482 0.187 0.483 0.187 0.483 0.186 0.484 0.185 0.485 0.185 0.485 0.184 0.486 0.183 0.487 0.183 0.487 0.182 0.488 0.181 0.489 0.181 0.489 0.172 0.488 0.172 0.487 0.171 0.487 0.17 0.484 0.17 0.483 0.169 0.483 0.168
5 0.442 0.521 0.02 0.022 0.438 0.51 0.438 0.511 0.437 0.512 0.436 0.512 0.436 0.513 0.435 0.514 0.434 0.514 0.434 0.519 0.433 0.52 0.432 0.52 0.432 0.529 0.433 0.529 0.434 0.53 0.434 0.531 0.447 0.531 0.447 0.53 0.448 0.529 0.449 0.529 0.449 0.526 0.45 0.525 0.451 0.525 0.451 0.512 0.45 0.512 0.449 0.511 0.449 0.51
5 0.537 0.923 0.022 0.018000000000000002 0.53 0.914 0.53 0.915 0.529 0.916 0.528 0.916 0.528 0.921 0.527 0.922 0.526 0.922 0.526 0.927 0.527 0.927 0.528 0.928 0.528 0.929 0.529 0.929 0.53 0.93 0.53 0.931 0.547 0.931 0.547 0.92 0.546 0.92 0.545 0.919 0.545 0.914
4 0.759 0.082 0.01 0.012 0.756 0.076 0.756 0.077 0.755 0.078 0.754 0.078 0.754 0.085 0.755 0.085 0.756 0.086 0.756 0.087 0.761 0.087 0.761 0.084 0.762 0.083 0.763 0.083 0.763 0.08 0.762 0.08 0.761 0.079 0.761 0.078 0.76 0.078 0.759 0.077 0.759 0.076
3 0.395 0.537 0.054 0.066 0.372 0.504 0.372 0.507 0.371 0.508 0.37 0.508 0.37 0.511 0.369 0.512 0.368 0.512 0.368 0.565 0.369 0.565 0.37 0.566 0.37 0.567 0.383 0.567 0.384 0.568 0.384 0.569 0.403 0.569 0.403 0.568 0.404 0.567 0.407 0.567 0.407 0.566 0.408 0.565 0.409 0.565 0.409 0.564 0.41 0.563 0.411 0.563 0.411 0.56 0.412 0.559 0.413 0.559 0.413 0.558 0.414 0.557 0.415 0.557 0.415 0.556 0.416 0.555 0.417 0.555 0.417 0.552 0.418 0.551 0.419 0.551 0.419 0.542 0.418 0.542 0.417 0.541 0.417 0.538 0.418 0.537 0.419 0.537 0.419 0.536 0.42 0.535 0.421 0.535 0.421 0.53 0.42 0.53 0.419 0.529 0.419 0.524 0.418 0.524 0.417 0.523 0.417 0.52 0.416 0.52 0.415 0.519 0.415 0.518 0.414 0.518 0.413 0.517 0.413 0.516 0.412 0.516 0.411 0.515 0.411 0.514 0.41 0.514 0.409 0.513 0.409 0.51 0.408 0.51 0.407 0.509 0.407 0.506 0.404 0.506 0.403 0.505 0.403 0.504
3 0.547 0.547 0.05 0.066 0.544 0.514 0.544 0.515 0.543 0.516 0.54 0.516 0.54 0.519 0.539 0.52 0.538 0.52 0.538 0.521 0.537 0.522 0.536 0.522 0.536 0.523 0.535 0.524 0.534 0.524 0.534 0.527 0.533 0.528 0.532 0.528 0.532 0.529 0.531 0.53 0.53 0.53 0.53 0.533 0.529 0.534 0.528 0.534 0.528 0.539 0.527 0.54 0.526 0.54 0.526 0.549 0.525 0.55 0.524 0.55 0.524 0.555 0.523 0.556 0.522 0.556 0.522 0.557 0.523 0.557 0.524 0.558 0.524 0.565 0.525 0.565 0.526 0.566 0.526 0.569 0.527 0.569 0.528 0.57 0.528 0.573 0.529 0.573 0.53 0.574 0.53 0.575 0.531 0.575 0.532 0.576 0.532 0.577 0.535 0.577 0.536 0.578 0.536 0.579 0.569 0.579 0.569 0.578 0.57 0.577 0.571 0.577 0.571 0.554 0.57 0.554 0.569 0.553 0.569 0.518 0.568 0.518 0.567 0.517 0.567 0.516 0.564 0.516 0.563 0.515 0.563 0.514
4 0.5740000000000001 0.152 0.028 0.02 0.566 0.142 0.566 0.143 0.565 0.144 0.564 0.144 0.564 0.145 0.563 0.146 0.562 0.146 0.562 0.147 0.561 0.148 0.56 0.148 0.56 0.157 0.561 0.157 0.562 0.158 0.562 0.159 0.563 0.159 0.564 0.16 0.564 0.161 0.575 0.161 0.575 0.16 0.576 0.159 0.583 0.159 0.583 0.158 0.584 0.157 0.585 0.157 0.585 0.156 0.586 0.155 0.587 0.155 0.587 0.144 0.586 0.144 0.585 0.143 0.585 0.142
4 0.5710000000000001 0.186 0.026000000000000002 0.02 0.568 0.176 0.568 0.177 0.567 0.178 0.56 0.178 0.56 0.179 0.559 0.18 0.558 0.18 0.558 0.193 0.559 0.193 0.56 0.194 0.56 0.195 0.579 0.195 0.579 0.194 0.58 0.193 0.581 0.193 0.581 0.192 0.582 0.191 0.583 0.191 0.583 0.178 0.58 0.178 0.579 0.177 0.579 0.176
4 0.5630000000000001 0.527 0.014 0.014 0.56 0.52 0.56 0.521 0.559 0.522 0.558 0.522 0.558 0.523 0.557 0.524 0.556 0.524 0.556 0.529 0.557 0.529 0.558 0.53 0.558 0.531 0.559 0.531 0.56 0.532 0.56 0.533 0.569 0.533 0.569 0.522 0.568 0.522 0.567 0.521 0.567 0.52
7 0.461 0.523 0.018000000000000002 0.01 0.454 0.518 0.454 0.519 0.453 0.52 0.452 0.52 0.452 0.527 0.459 0.527 0.459 0.526 0.46 0.525 0.467 0.525 0.467 0.524 0.468 0.523 0.469 0.523 0.469 0.518
3 0.46900000000000003 0.602 0.062 0.064 0.47 0.57 0.47 0.571 0.469 0.572 0.466 0.572 0.466 0.573 0.465 0.574 0.462 0.574 0.462 0.575 0.461 0.576 0.458 0.576 0.458 0.577 0.457 0.578 0.452 0.578 0.452 0.579 0.451 0.58 0.448 0.58 0.448 0.581 0.447 0.582 0.444 0.582 0.444 0.583 0.443 0.584 0.44 0.584 0.44 0.585 0.439 0.586 0.438 0.586 0.438 0.627 0.447 0.627 0.448 0.628 0.448 0.629 0.467 0.629 0.468 0.63 0.468 0.631 0.487 0.631 0.488 0.632 0.488 0.633 0.497 0.633 0.497 0.608 0.498 0.607 0.499 0.607 0.499 0.584 0.498 0.584 0.497 0.583 0.497 0.582 0.494 0.582 0.493 0.581 0.493 0.58 0.49 0.58 0.489 0.579 0.489 0.578 0.486 0.578 0.485 0.577 0.485 0.576 0.482 0.576 0.481 0.575 0.481 0.574 0.478 0.574 0.477 0.573 0.477 0.572 0.474 0.572 0.473 0.571 0.473 0.57
7 0.604 0.109 0.008 0.01 0.6 0.104 0.6 0.111 0.601 0.111 0.602 0.112 0.602 0.113 0.603 0.113 0.603 0.112 0.604 0.111 0.605 0.111 0.605 0.11 0.606 0.109 0.607 0.109 0.607 0.104
7 0.514 0.488 0.012 0.028 0.51 0.474 0.51 0.475 0.509 0.476 0.508 0.476 0.508 0.499 0.509 0.499 0.51 0.5 0.51 0.501 0.517 0.501 0.517 0.5 0.518 0.499 0.519 0.499 0.519 0.486 0.518 0.486 0.517 0.485 0.517 0.48 0.516 0.48 0.515 0.479 0.515 0.478 0.514 0.478 0.513 0.477 0.513 0.476 0.512 0.476 0.511 0.475 0.511 0.474
3 0.635 0.987 0.018000000000000002 0.026000000000000002 0.628 0.974 0.628 0.981 0.627 0.982 0.626 0.982 0.626 0.999 0.643 0.999 0.643 0.976 0.642 0.976 0.641 0.975 0.641 0.974
3 0.638 0.91 0.016 0.044 0.638 0.888 0.638 0.889 0.637 0.89 0.632 0.89 0.632 0.891 0.631 0.892 0.63 0.892 0.63 0.931 0.643 0.931 0.643 0.93 0.644 0.929 0.645 0.929 0.645 0.89 0.644 0.89 0.643 0.889 0.643 0.888
3 0.641 0.8250000000000001 0.018000000000000002 0.046 0.644 0.802 0.644 0.803 0.643 0.804 0.636 0.804 0.636 0.805 0.635 0.806 0.634 0.806 0.634 0.809 0.633 0.81 0.632 0.81 0.632 0.845 0.633 0.845 0.634 0.846 0.634 0.847 0.647 0.847 0.647 0.846 0.648 0.845 0.649 0.845 0.649 0.804 0.648 0.804 0.647 0.803 0.647 0.802
3 0.448 0.985 0.016 0.03 0.442 0.97 0.442 0.973 0.441 0.974 0.44 0.974 0.44 0.999 0.455 0.999 0.455 0.972 0.454 0.972 0.453 0.971 0.453 0.97
3 0.451 0.907 0.018000000000000002 0.042 0.446 0.886 0.446 0.889 0.445 0.89 0.444 0.89 0.444 0.915 0.443 0.916 0.442 0.916 0.442 0.923 0.443 0.923 0.444 0.924 0.444 0.927 0.457 0.927 0.457 0.92 0.458 0.919 0.459 0.919 0.459 0.888 0.458 0.888 0.457 0.887 0.457 0.886
3 0.455 0.8220000000000001 0.018000000000000002 0.044 0.452 0.8 0.452 0.801 0.451 0.802 0.45 0.802 0.45 0.803 0.449 0.804 0.448 0.804 0.448 0.829 0.447 0.83 0.446 0.83 0.446 0.839 0.447 0.839 0.448 0.84 0.448 0.843 0.461 0.843 0.461 0.836 0.462 0.835 0.463 0.835 0.463 0.804 0.462 0.804 0.461 0.803 0.461 0.802 0.458 0.802 0.457 0.801 0.457 0.8
3 0.592 0.77 0.04 0.012 0.58 0.764 0.58 0.765 0.579 0.766 0.572 0.766 0.572 0.773 0.573 0.773 0.574 0.774 0.574 0.775 0.609 0.775 0.609 0.774 0.61 0.773 0.611 0.773 0.611 0.766 0.608 0.766 0.607 0.765 0.607 0.764
