2 0.339 0.915 0.11800000000000001 0.07 0.384 0.88 0.384 0.881 0.383 0.882 0.372 0.882 0.372 0.883 0.371 0.884 0.366 0.884 0.366 0.885 0.365 0.886 0.36 0.886 0.359 0.885 0.359 0.884 0.328 0.884 0.327 0.883 0.327 0.882 0.316 0.882 0.316 0.883 0.315 0.884 0.282 0.884 0.282 0.885 0.281 0.886 0.28 0.886 0.28 0.945 0.281 0.945 0.282 0.946 0.282 0.947 0.287 0.947 0.288 0.948 0.288 0.949 0.385 0.949 0.385 0.948 0.386 0.947 0.395 0.947 0.395 0.946 0.396 0.945 0.397 0.945 0.397 0.912 0.396 0.912 0.395 0.911 0.395 0.91 0.396 0.909 0.397 0.909 0.397 0.908 0.396 0.908 0.395 0.907 0.395 0.89 0.394 0.89 0.393 0.889 0.393 0.882 0.392 0.882 0.391 0.881 0.391 0.88
3 0.728 0.9470000000000001 0.024 0.03 0.732 0.932 0.732 0.933 0.731 0.934 0.728 0.934 0.728 0.935 0.727 0.936 0.722 0.936 0.722 0.937 0.721 0.938 0.718 0.938 0.718 0.939 0.717 0.94 0.716 0.94 0.716 0.943 0.717 0.943 0.718 0.944 0.718 0.949 0.719 0.949 0.72 0.95 0.72 0.955 0.721 0.955 0.722 0.956 0.722 0.959 0.731 0.959 0.732 0.96 0.732 0.961 0.739 0.961 0.739 0.958 0.738 0.958 0.737 0.957 0.737 0.948 0.736 0.948 0.735 0.947 0.735 0.938 0.734 0.938 0.733 0.937 0.733 0.932
7 0.105 0.9430000000000001 0.01 0.01 0.102 0.938 0.102 0.941 0.101 0.942 0.1 0.942 0.1 0.945 0.101 0.945 0.102 0.946 0.102 0.947 0.109 0.947 0.109 0.94 0.108 0.94 0.107 0.939 0.107 0.938
7 0.009000000000000001 0.988 0.018000000000000002 0.024 0.0 0.976 0.0 0.999 0.015 0.999 0.015 0.998 0.016 0.997 0.017 0.997 0.017 0.982 0.016 0.982 0.015 0.981 0.015 0.978 0.014 0.978 0.013 0.977 0.013 0.976
7 0.094 0.984 0.016 0.032 0.09 0.968 0.09 0.969 0.089 0.97 0.088 0.97 0.088 0.971 0.087 0.972 0.086 0.972 0.086 0.977 0.087 0.977 0.088 0.978 0.088 0.983 0.087 0.984 0.086 0.984 0.086 0.995 0.087 0.995 0.088 0.996 0.088 0.999 0.101 0.999 0.101 0.99 0.1 0.99 0.099 0.989 0.099 0.97 0.098 0.97 0.097 0.969 0.097 0.968
7 0.151 0.988 0.09 0.024 0.106 0.976 0.106 0.999 0.195 0.999 0.195 0.996 0.194 0.996 0.193 0.995 0.193 0.978 0.192 0.978 0.191 0.977 0.191 0.976
7 0.965 0.314 0.022 0.02 0.962 0.304 0.962 0.305 0.961 0.306 0.956 0.306 0.956 0.307 0.955 0.308 0.954 0.308 0.954 0.319 0.955 0.319 0.956 0.32 0.956 0.321 0.957 0.321 0.958 0.322 0.958 0.323 0.963 0.323 0.963 0.322 0.964 0.321 0.973 0.321 0.973 0.318 0.974 0.317 0.975 0.317 0.975 0.31 0.974 0.31 0.973 0.309 0.973 0.308 0.972 0.308 0.971 0.307 0.971 0.306 0.964 0.306 0.963 0.305 0.963 0.304
5 0.711 0.8300000000000001 0.018000000000000002 0.024 0.712 0.818 0.712 0.819 0.711 0.82 0.704 0.82 0.704 0.821 0.703 0.822 0.702 0.822 0.702 0.837 0.703 0.837 0.704 0.838 0.704 0.839 0.711 0.839 0.712 0.84 0.712 0.841 0.719 0.841 0.719 0.82 0.714 0.82 0.713 0.819 0.713 0.818
3 0.54 0.9500000000000001 0.04 0.028 0.52 0.936 0.52 0.949 0.521 0.949 0.522 0.95 0.522 0.963 0.541 0.963 0.541 0.962 0.542 0.961 0.543 0.961 0.543 0.96 0.544 0.959 0.545 0.959 0.545 0.958 0.546 0.957 0.547 0.957 0.547 0.956 0.548 0.955 0.549 0.955 0.549 0.954 0.55 0.953 0.551 0.953 0.551 0.952 0.552 0.951 0.553 0.951 0.553 0.95 0.554 0.949 0.555 0.949 0.555 0.948 0.556 0.947 0.557 0.947 0.557 0.944 0.554 0.944 0.553 0.943 0.553 0.942 0.548 0.942 0.547 0.941 0.547 0.94 0.544 0.94 0.543 0.939 0.543 0.938 0.53 0.938 0.529 0.937 0.529 0.936
7 0.7000000000000001 0.868 0.012 0.012 0.694 0.862 0.694 0.869 0.695 0.869 0.696 0.87 0.696 0.871 0.699 0.871 0.7 0.872 0.7 0.873 0.703 0.873 0.703 0.872 0.704 0.871 0.705 0.871 0.705 0.866 0.704 0.866 0.703 0.865 0.703 0.864 0.7 0.864 0.699 0.863 0.699 0.862
2 0.8300000000000001 0.388 0.048 0.112 0.816 0.334 0.816 0.335 0.815 0.336 0.81 0.336 0.81 0.339 0.809 0.34 0.808 0.34 0.808 0.349 0.807 0.35 0.806 0.35 0.806 0.387 0.807 0.387 0.808 0.388 0.808 0.423 0.809 0.423 0.81 0.424 0.81 0.441 0.811 0.441 0.812 0.442 0.812 0.443 0.841 0.443 0.841 0.442 0.842 0.441 0.843 0.441 0.843 0.44 0.844 0.439 0.845 0.439 0.845 0.436 0.846 0.435 0.849 0.435 0.849 0.434 0.85 0.433 0.851 0.433 0.851 0.43 0.852 0.429 0.853 0.429 0.853 0.426 0.852 0.426 0.851 0.425 0.851 0.422 0.852 0.421 0.853 0.421 0.853 0.414 0.852 0.414 0.851 0.413 0.851 0.394 0.852 0.393 0.853 0.393 0.853 0.35 0.852 0.35 0.851 0.349 0.851 0.348 0.852 0.347 0.853 0.347 0.853 0.344 0.852 0.344 0.851 0.343 0.851 0.334
2 0.14400000000000002 0.912 0.06 0.06 0.146 0.882 0.146 0.883 0.145 0.884 0.116 0.884 0.116 0.887 0.115 0.888 0.114 0.888 0.114 0.891 0.115 0.891 0.116 0.892 0.116 0.897 0.117 0.897 0.118 0.898 0.118 0.937 0.119 0.937 0.12 0.938 0.12 0.939 0.121 0.939 0.122 0.94 0.122 0.941 0.165 0.941 0.165 0.94 0.166 0.939 0.171 0.939 0.171 0.938 0.172 0.937 0.173 0.937 0.173 0.904 0.172 0.904 0.171 0.903 0.171 0.884 0.168 0.884 0.167 0.883 0.167 0.882
2 0.459 0.802 0.10200000000000001 0.084 0.452 0.76 0.452 0.761 0.451 0.762 0.45 0.762 0.45 0.763 0.449 0.764 0.446 0.764 0.446 0.765 0.445 0.766 0.44 0.766 0.44 0.767 0.439 0.768 0.414 0.768 0.414 0.769 0.413 0.77 0.412 0.77 0.412 0.781 0.411 0.782 0.41 0.782 0.41 0.789 0.409 0.79 0.408 0.79 0.408 0.801 0.409 0.801 0.41 0.802 0.41 0.817 0.411 0.817 0.412 0.818 0.412 0.819 0.411 0.82 0.41 0.82 0.41 0.825 0.411 0.825 0.412 0.826 0.412 0.839 0.413 0.839 0.414 0.84 0.414 0.841 0.415 0.841 0.416 0.842 0.416 0.843 0.503 0.843 0.503 0.842 0.504 0.841 0.505 0.841 0.505 0.816 0.504 0.816 0.503 0.815 0.503 0.814 0.504 0.813 0.505 0.813 0.505 0.778 0.506 0.777 0.507 0.777 0.507 0.772 0.508 0.771 0.509 0.771 0.509 0.762 0.508 0.762 0.507 0.761 0.507 0.76
2 0.756 0.796 0.096 0.088 0.728 0.752 0.728 0.753 0.727 0.754 0.71 0.754 0.71 0.755 0.709 0.756 0.708 0.756 0.708 0.757 0.709 0.757 0.71 0.758 0.71 0.807 0.711 0.807 0.712 0.808 0.712 0.815 0.713 0.815 0.714 0.816 0.714 0.817 0.717 0.817 0.718 0.818 0.718 0.819 0.719 0.819 0.72 0.82 0.72 0.821 0.721 0.821 0.722 0.822 0.722 0.833 0.723 0.833 0.724 0.834 0.724 0.835 0.729 0.835 0.73 0.836 0.73 0.837 0.735 0.837 0.736 0.838 0.736 0.839 0.795 0.839 0.795 0.838 0.796 0.837 0.799 0.837 0.799 0.836 0.8 0.835 0.801 0.835 0.801 0.832 0.802 0.831 0.803 0.831 0.803 0.808 0.802 0.808 0.801 0.807 0.801 0.796 0.8 0.796 0.799 0.795 0.799 0.792 0.798 0.792 0.797 0.791 0.797 0.79 0.794 0.79 0.793 0.789 0.793 0.788 0.792 0.788 0.791 0.787 0.791 0.784 0.79 0.784 0.789 0.783 0.789 0.78 0.788 0.78 0.787 0.779 0.787 0.762 0.786 0.762 0.785 0.761 0.785 0.754 0.784 0.754 0.783 0.753 0.783 0.752
3 0.879 0.806 0.058 0.128 0.86 0.742 0.86 0.743 0.859 0.744 0.858 0.744 0.858 0.745 0.857 0.746 0.856 0.746 0.856 0.753 0.855 0.754 0.854 0.754 0.854 0.759 0.853 0.76 0.852 0.76 0.852 0.775 0.853 0.775 0.854 0.776 0.854 0.779 0.853 0.78 0.852 0.78 0.852 0.787 0.853 0.787 0.854 0.788 0.854 0.797 0.853 0.798 0.852 0.798 0.852 0.801 0.853 0.801 0.854 0.802 0.854 0.813 0.853 0.814 0.852 0.814 0.852 0.817 0.853 0.817 0.854 0.818 0.854 0.819 0.853 0.82 0.852 0.82 0.852 0.837 0.851 0.838 0.85 0.838 0.85 0.865 0.851 0.865 0.852 0.866 0.852 0.869 0.857 0.869 0.857 0.868 0.858 0.867 0.875 0.867 0.875 0.866 0.876 0.865 0.877 0.865 0.877 0.864 0.878 0.863 0.883 0.863 0.883 0.862 0.884 0.861 0.887 0.861 0.887 0.86 0.888 0.859 0.889 0.859 0.889 0.858 0.89 0.857 0.891 0.857 0.891 0.846 0.892 0.845 0.899 0.845 0.899 0.842 0.9 0.841 0.901 0.841 0.901 0.83 0.902 0.829 0.903 0.829 0.903 0.818 0.904 0.817 0.905 0.817 0.905 0.794 0.906 0.793 0.907 0.793 0.907 0.77 0.906 0.77 0.905 0.769 0.905 0.754 0.904 0.754 0.903 0.753 0.903 0.748 0.902 0.748 0.901 0.747 0.901 0.746 0.892 0.746 0.891 0.745 0.891 0.744 0.882 0.744 0.881 0.743 0.881 0.742
2 0.864 0.277 0.044 0.094 0.852 0.23 0.852 0.231 0.851 0.232 0.85 0.232 0.85 0.233 0.849 0.234 0.848 0.234 0.848 0.241 0.847 0.242 0.844 0.242 0.844 0.243 0.843 0.244 0.842 0.244 0.842 0.251 0.843 0.251 0.844 0.252 0.844 0.279 0.845 0.279 0.846 0.28 0.846 0.293 0.845 0.294 0.844 0.294 0.844 0.295 0.845 0.295 0.846 0.296 0.846 0.305 0.845 0.306 0.844 0.306 0.844 0.311 0.845 0.311 0.846 0.312 0.846 0.319 0.845 0.32 0.844 0.32 0.844 0.321 0.853 0.321 0.854 0.322 0.854 0.323 0.873 0.323 0.873 0.322 0.874 0.321 0.875 0.321 0.875 0.32 0.876 0.319 0.877 0.319 0.877 0.31 0.878 0.309 0.879 0.309 0.879 0.306 0.88 0.305 0.881 0.305 0.881 0.298 0.882 0.297 0.883 0.297 0.883 0.292 0.884 0.291 0.885 0.291 0.885 0.246 0.884 0.246 0.883 0.245 0.883 0.236 0.882 0.236 0.881 0.235 0.881 0.234 0.88 0.234 0.879 0.233 0.879 0.232 0.858 0.232 0.857 0.231 0.857 0.23
5 0.9450000000000001 0.182 0.018000000000000002 0.016 0.94 0.174 0.94 0.175 0.939 0.176 0.938 0.176 0.938 0.177 0.937 0.178 0.936 0.178 0.936 0.185 0.937 0.185 0.938 0.186 0.938 0.187 0.939 0.187 0.94 0.188 0.94 0.189 0.947 0.189 0.947 0.188 0.948 0.187 0.951 0.187 0.951 0.184 0.952 0.183 0.953 0.183 0.953 0.18 0.952 0.18 0.951 0.179 0.951 0.176 0.948 0.176 0.947 0.175 0.947 0.174
2 0.903 0.234 0.034 0.092 0.904 0.188 0.904 0.189 0.903 0.19 0.892 0.19 0.892 0.191 0.891 0.192 0.89 0.192 0.89 0.193 0.889 0.194 0.888 0.194 0.888 0.195 0.887 0.196 0.886 0.196 0.886 0.245 0.887 0.245 0.888 0.246 0.888 0.249 0.889 0.249 0.89 0.25 0.89 0.265 0.891 0.265 0.892 0.266 0.892 0.273 0.893 0.273 0.894 0.274 0.894 0.279 0.897 0.279 0.897 0.278 0.898 0.277 0.905 0.277 0.905 0.276 0.906 0.275 0.907 0.275 0.907 0.274 0.908 0.273 0.911 0.273 0.911 0.272 0.912 0.271 0.913 0.271 0.913 0.268 0.914 0.267 0.915 0.267 0.915 0.266 0.916 0.265 0.917 0.265 0.917 0.264 0.918 0.263 0.919 0.263 0.919 0.256 0.918 0.256 0.917 0.255 0.917 0.254 0.918 0.253 0.919 0.253 0.919 0.216 0.918 0.216 0.917 0.215 0.917 0.208 0.918 0.207 0.919 0.207 0.919 0.196 0.918 0.196 0.917 0.195 0.917 0.194 0.916 0.194 0.915 0.193 0.915 0.188
