3 0.47700000000000004 0.87 0.042 0.024 0.46 0.858 0.46 0.859 0.459 0.86 0.458 0.86 0.458 0.861 0.457 0.862 0.456 0.862 0.456 0.873 0.457 0.873 0.458 0.874 0.458 0.875 0.461 0.875 0.462 0.876 0.462 0.877 0.463 0.877 0.464 0.878 0.464 0.879 0.469 0.879 0.47 0.88 0.47 0.881 0.471 0.881 0.471 0.88 0.472 0.879 0.477 0.879 0.477 0.878 0.478 0.877 0.493 0.877 0.493 0.876 0.494 0.875 0.495 0.875 0.495 0.874 0.496 0.873 0.497 0.873 0.497 0.862 0.488 0.862 0.487 0.861 0.487 0.86 0.464 0.86 0.463 0.859 0.463 0.858
7 0.028 0.9400000000000001 0.008 0.012 0.026 0.934 0.026 0.935 0.025 0.936 0.024 0.936 0.024 0.945 0.029 0.945 0.029 0.944 0.03 0.943 0.031 0.943 0.031 0.936 0.03 0.936 0.029 0.935 0.029 0.934
0 0.484 0.9510000000000001 0.024 0.054 0.472 0.924 0.472 0.969 0.473 0.969 0.474 0.97 0.474 0.973 0.483 0.973 0.484 0.974 0.484 0.975 0.491 0.975 0.492 0.976 0.492 0.977 0.495 0.977 0.495 0.926 0.494 0.926 0.493 0.925 0.493 0.924
4 0.017 0.809 0.018000000000000002 0.022 0.01 0.798 0.01 0.799 0.009 0.8 0.008 0.8 0.008 0.819 0.023 0.819 0.023 0.818 0.024 0.817 0.025 0.817 0.025 0.798
5 0.533 0.919 0.018000000000000002 0.018000000000000002 0.526 0.91 0.526 0.911 0.525 0.912 0.524 0.912 0.524 0.923 0.525 0.923 0.526 0.924 0.526 0.927 0.537 0.927 0.537 0.926 0.538 0.925 0.539 0.925 0.539 0.924 0.54 0.923 0.541 0.923 0.541 0.914 0.54 0.914 0.539 0.913 0.539 0.91
7 0.514 0.542 0.016 0.016 0.506 0.534 0.506 0.547 0.513 0.547 0.514 0.548 0.514 0.549 0.519 0.549 0.519 0.548 0.52 0.547 0.521 0.547 0.521 0.542 0.52 0.542 0.519 0.541 0.519 0.536 0.518 0.536 0.517 0.535 0.517 0.534
4 0.41200000000000003 0.845 0.024 0.014 0.412 0.838 0.412 0.839 0.411 0.84 0.404 0.84 0.404 0.841 0.403 0.842 0.402 0.842 0.402 0.843 0.401 0.844 0.4 0.844 0.4 0.849 0.401 0.849 0.402 0.85 0.402 0.851 0.411 0.851 0.411 0.85 0.412 0.849 0.417 0.849 0.417 0.848 0.418 0.847 0.419 0.847 0.419 0.846 0.42 0.845 0.421 0.845 0.421 0.844 0.422 0.843 0.423 0.843 0.423 0.84 0.422 0.84 0.421 0.839 0.421 0.838
4 0.708 0.012 0.028 0.016 0.7 0.004 0.7 0.005 0.699 0.006 0.694 0.006 0.694 0.017 0.695 0.017 0.696 0.018 0.696 0.019 0.713 0.019 0.713 0.018 0.714 0.017 0.719 0.017 0.719 0.016 0.72 0.015 0.721 0.015 0.721 0.006 0.72 0.006 0.719 0.005 0.719 0.004
5 0.121 0.862 0.022 0.028 0.116 0.848 0.116 0.849 0.115 0.85 0.112 0.85 0.112 0.851 0.111 0.852 0.11 0.852 0.11 0.873 0.111 0.873 0.112 0.874 0.112 0.875 0.129 0.875 0.129 0.872 0.13 0.871 0.131 0.871 0.131 0.85 0.13 0.85 0.129 0.849 0.129 0.848
5 0.123 0.924 0.022 0.024 0.114 0.912 0.114 0.913 0.113 0.914 0.112 0.914 0.112 0.927 0.113 0.927 0.114 0.928 0.114 0.933 0.115 0.933 0.116 0.934 0.116 0.935 0.129 0.935 0.129 0.934 0.13 0.933 0.131 0.933 0.131 0.932 0.132 0.931 0.133 0.931 0.133 0.912
6 0.507 0.713 0.094 0.058 0.466 0.684 0.466 0.685 0.465 0.686 0.462 0.686 0.462 0.687 0.461 0.688 0.46 0.688 0.46 0.737 0.461 0.737 0.462 0.738 0.462 0.741 0.473 0.741 0.473 0.74 0.474 0.739 0.477 0.739 0.477 0.738 0.478 0.737 0.481 0.737 0.482 0.738 0.482 0.739 0.495 0.739 0.496 0.74 0.496 0.741 0.499 0.741 0.499 0.74 0.5 0.739 0.501 0.739 0.502 0.74 0.502 0.741 0.513 0.741 0.513 0.74 0.514 0.739 0.531 0.739 0.531 0.738 0.532 0.737 0.541 0.737 0.541 0.736 0.542 0.735 0.547 0.735 0.547 0.734 0.548 0.733 0.549 0.733 0.549 0.722 0.55 0.721 0.551 0.721 0.551 0.714 0.552 0.713 0.553 0.713 0.553 0.712 0.552 0.712 0.551 0.711 0.551 0.688 0.55 0.688 0.549 0.687 0.549 0.684 0.484 0.684 0.484 0.685 0.483 0.686 0.474 0.686 0.473 0.685 0.473 0.684
4 0.5640000000000001 0.888 0.032 0.02 0.554 0.878 0.554 0.879 0.553 0.88 0.552 0.88 0.552 0.883 0.551 0.884 0.55 0.884 0.55 0.887 0.549 0.888 0.548 0.888 0.548 0.891 0.549 0.891 0.55 0.892 0.55 0.895 0.555 0.895 0.556 0.896 0.556 0.897 0.579 0.897 0.579 0.88 0.578 0.88 0.577 0.879 0.577 0.878
5 0.524 0.838 0.016 0.016 0.516 0.83 0.516 0.841 0.517 0.841 0.518 0.842 0.518 0.843 0.519 0.843 0.52 0.844 0.52 0.845 0.525 0.845 0.525 0.844 0.526 0.843 0.527 0.843 0.527 0.842 0.528 0.841 0.529 0.841 0.529 0.84 0.53 0.839 0.531 0.839 0.531 0.836 0.53 0.836 0.529 0.835 0.529 0.834 0.524 0.834 0.523 0.833 0.523 0.832 0.522 0.832 0.521 0.831 0.521 0.83
4 0.765 0.013000000000000001 0.026000000000000002 0.018000000000000002 0.756 0.004 0.756 0.005 0.755 0.006 0.752 0.006 0.752 0.019 0.753 0.019 0.754 0.02 0.754 0.021 0.769 0.021 0.769 0.02 0.77 0.019 0.773 0.019 0.773 0.018 0.774 0.017 0.775 0.017 0.775 0.012 0.776 0.011 0.777 0.011 0.777 0.006 0.776 0.006 0.775 0.005 0.775 0.004
4 0.88 0.047 0.024 0.022 0.872 0.036 0.872 0.037 0.871 0.038 0.868 0.038 0.868 0.055 0.871 0.055 0.872 0.056 0.872 0.057 0.883 0.057 0.883 0.056 0.884 0.055 0.889 0.055 0.889 0.052 0.89 0.051 0.891 0.051 0.891 0.038 0.89 0.038 0.889 0.037 0.889 0.036
