4 0.7020000000000001 0.987 0.028 0.026000000000000002 0.704 0.974 0.704 0.975 0.703 0.976 0.702 0.976 0.702 0.977 0.701 0.978 0.698 0.978 0.698 0.979 0.697 0.98 0.696 0.98 0.696 0.981 0.695 0.982 0.692 0.982 0.692 0.983 0.691 0.984 0.69 0.984 0.69 0.987 0.689 0.988 0.688 0.988 0.688 0.991 0.689 0.991 0.69 0.992 0.69 0.997 0.691 0.997 0.692 0.998 0.692 0.999 0.713 0.999 0.713 0.996 0.714 0.995 0.715 0.995 0.715 0.984 0.714 0.984 0.713 0.983 0.713 0.978 0.712 0.978 0.711 0.977 0.711 0.976 0.71 0.976 0.709 0.975 0.709 0.974
4 0.601 0.985 0.026000000000000002 0.03 0.598 0.97 0.598 0.971 0.597 0.972 0.592 0.972 0.592 0.973 0.591 0.974 0.59 0.974 0.59 0.977 0.589 0.978 0.588 0.978 0.588 0.979 0.589 0.979 0.59 0.98 0.59 0.987 0.591 0.987 0.592 0.988 0.592 0.991 0.593 0.991 0.594 0.992 0.594 0.999 0.613 0.999 0.613 0.988 0.612 0.988 0.611 0.987 0.611 0.984 0.61 0.984 0.609 0.983 0.609 0.98 0.608 0.98 0.607 0.979 0.607 0.976 0.606 0.976 0.605 0.975 0.605 0.972 0.6 0.972 0.599 0.971 0.599 0.97
7 0.919 0.069 0.018000000000000002 0.014 0.918 0.062 0.918 0.063 0.917 0.064 0.912 0.064 0.912 0.065 0.911 0.066 0.91 0.066 0.91 0.071 0.913 0.071 0.914 0.072 0.914 0.073 0.917 0.073 0.918 0.074 0.918 0.075 0.925 0.075 0.925 0.074 0.926 0.073 0.927 0.073 0.927 0.064 0.922 0.064 0.921 0.063 0.921 0.062
7 0.9510000000000001 0.112 0.022 0.024 0.942 0.1 0.942 0.101 0.941 0.102 0.94 0.102 0.94 0.105 0.941 0.105 0.942 0.106 0.942 0.109 0.943 0.109 0.944 0.11 0.944 0.111 0.945 0.111 0.946 0.112 0.946 0.119 0.947 0.119 0.948 0.12 0.948 0.123 0.957 0.123 0.957 0.122 0.958 0.121 0.959 0.121 0.959 0.12 0.96 0.119 0.961 0.119 0.961 0.106 0.96 0.106 0.959 0.105 0.959 0.104 0.958 0.104 0.957 0.103 0.957 0.102 0.956 0.102 0.955 0.101 0.955 0.1
7 0.392 0.28600000000000003 0.008 0.008 0.388 0.282 0.388 0.289 0.395 0.289 0.395 0.282
7 0.43 0.302 0.008 0.008 0.428 0.298 0.428 0.299 0.427 0.3 0.426 0.3 0.426 0.303 0.427 0.303 0.428 0.304 0.428 0.305 0.433 0.305 0.433 0.298
7 0.397 0.41500000000000004 0.014 0.018000000000000002 0.396 0.406 0.396 0.407 0.395 0.408 0.394 0.408 0.394 0.409 0.393 0.41 0.392 0.41 0.392 0.415 0.391 0.416 0.39 0.416 0.39 0.421 0.391 0.421 0.392 0.422 0.392 0.423 0.397 0.423 0.397 0.422 0.398 0.421 0.399 0.421 0.399 0.42 0.4 0.419 0.401 0.419 0.401 0.416 0.402 0.415 0.403 0.415 0.403 0.41 0.402 0.41 0.401 0.409 0.401 0.406
4 0.758 0.585 0.028 0.026000000000000002 0.754 0.572 0.754 0.573 0.753 0.574 0.75 0.574 0.75 0.575 0.749 0.576 0.748 0.576 0.748 0.579 0.747 0.58 0.746 0.58 0.746 0.583 0.745 0.584 0.744 0.584 0.744 0.587 0.745 0.587 0.746 0.588 0.746 0.589 0.747 0.589 0.748 0.59 0.748 0.591 0.749 0.591 0.75 0.592 0.75 0.593 0.753 0.593 0.754 0.594 0.754 0.595 0.757 0.595 0.758 0.596 0.758 0.597 0.765 0.597 0.765 0.596 0.766 0.595 0.767 0.595 0.767 0.592 0.768 0.591 0.769 0.591 0.769 0.59 0.77 0.589 0.771 0.589 0.771 0.582 0.77 0.582 0.769 0.581 0.769 0.58 0.766 0.58 0.765 0.579 0.765 0.578 0.762 0.578 0.761 0.577 0.761 0.576 0.758 0.576 0.757 0.575 0.757 0.574 0.756 0.574 0.755 0.573 0.755 0.572
4 0.62 0.562 0.016 0.016 0.614 0.554 0.614 0.557 0.613 0.558 0.612 0.558 0.612 0.565 0.613 0.565 0.614 0.566 0.614 0.567 0.617 0.567 0.618 0.568 0.618 0.569 0.621 0.569 0.621 0.568 0.622 0.567 0.625 0.567 0.625 0.566 0.626 0.565 0.627 0.565 0.627 0.556 0.626 0.556 0.625 0.555 0.625 0.554
4 0.786 0.498 0.02 0.024 0.78 0.486 0.78 0.489 0.779 0.49 0.778 0.49 0.778 0.493 0.777 0.494 0.776 0.494 0.776 0.501 0.777 0.501 0.778 0.502 0.778 0.503 0.779 0.503 0.78 0.504 0.78 0.505 0.781 0.505 0.782 0.506 0.782 0.507 0.785 0.507 0.786 0.508 0.786 0.509 0.787 0.509 0.787 0.508 0.788 0.507 0.791 0.507 0.791 0.504 0.792 0.503 0.793 0.503 0.793 0.5 0.794 0.499 0.795 0.499 0.795 0.49 0.794 0.49 0.793 0.489 0.793 0.488 0.79 0.488 0.789 0.487 0.789 0.486
4 0.51 0.375 0.02 0.022 0.506 0.364 0.506 0.365 0.505 0.366 0.504 0.366 0.504 0.367 0.503 0.368 0.502 0.368 0.502 0.371 0.501 0.372 0.5 0.372 0.5 0.381 0.501 0.381 0.502 0.382 0.502 0.383 0.507 0.383 0.508 0.384 0.508 0.385 0.511 0.385 0.511 0.384 0.512 0.383 0.515 0.383 0.515 0.382 0.516 0.381 0.517 0.381 0.517 0.38 0.518 0.379 0.519 0.379 0.519 0.368 0.518 0.368 0.517 0.367 0.517 0.366 0.514 0.366 0.513 0.365 0.513 0.364
4 0.47300000000000003 0.352 0.014 0.02 0.468 0.342 0.468 0.345 0.467 0.346 0.466 0.346 0.466 0.357 0.467 0.357 0.468 0.358 0.468 0.359 0.471 0.359 0.472 0.36 0.472 0.361 0.477 0.361 0.477 0.36 0.478 0.359 0.479 0.359 0.479 0.346 0.478 0.346 0.477 0.345 0.477 0.344 0.476 0.344 0.475 0.343 0.475 0.342
4 0.384 0.34500000000000003 0.024 0.03 0.382 0.33 0.382 0.331 0.381 0.332 0.38 0.332 0.38 0.333 0.379 0.334 0.378 0.334 0.378 0.335 0.377 0.336 0.376 0.336 0.376 0.339 0.375 0.34 0.374 0.34 0.374 0.341 0.373 0.342 0.372 0.342 0.372 0.353 0.373 0.353 0.374 0.354 0.374 0.355 0.375 0.355 0.376 0.356 0.376 0.357 0.379 0.357 0.38 0.358 0.38 0.359 0.383 0.359 0.383 0.358 0.384 0.357 0.387 0.357 0.387 0.356 0.388 0.355 0.389 0.355 0.389 0.354 0.39 0.353 0.391 0.353 0.391 0.35 0.392 0.349 0.393 0.349 0.393 0.344 0.394 0.343 0.395 0.343 0.395 0.336 0.394 0.336 0.393 0.335 0.393 0.332 0.39 0.332 0.389 0.331 0.389 0.33
4 0.626 0.058 0.02 0.02 0.618 0.048 0.618 0.049 0.617 0.05 0.616 0.05 0.616 0.063 0.617 0.063 0.618 0.064 0.618 0.065 0.621 0.065 0.622 0.066 0.622 0.067 0.631 0.067 0.631 0.066 0.632 0.065 0.633 0.065 0.633 0.064 0.634 0.063 0.635 0.063 0.635 0.052 0.634 0.052 0.633 0.051 0.633 0.05 0.63 0.05 0.629 0.049 0.629 0.048
1 0.752 0.618 0.148 0.16 0.736 0.538 0.736 0.539 0.735 0.54 0.734 0.54 0.734 0.541 0.733 0.542 0.732 0.542 0.732 0.543 0.731 0.544 0.73 0.544 0.73 0.547 0.729 0.548 0.728 0.548 0.728 0.549 0.727 0.55 0.726 0.55 0.726 0.553 0.725 0.554 0.724 0.554 0.724 0.557 0.723 0.558 0.722 0.558 0.722 0.561 0.721 0.562 0.72 0.562 0.72 0.563 0.719 0.564 0.718 0.564 0.718 0.567 0.717 0.568 0.716 0.568 0.716 0.571 0.715 0.572 0.714 0.572 0.714 0.575 0.713 0.576 0.712 0.576 0.712 0.577 0.711 0.578 0.71 0.578 0.71 0.581 0.709 0.582 0.708 0.582 0.708 0.583 0.707 0.584 0.706 0.584 0.706 0.587 0.705 0.588 0.704 0.588 0.704 0.589 0.703 0.59 0.702 0.59 0.702 0.593 0.701 0.594 0.7 0.594 0.7 0.597 0.699 0.598 0.698 0.598 0.698 0.601 0.697 0.602 0.696 0.602 0.696 0.605 0.695 0.606 0.694 0.606 0.694 0.607 0.693 0.608 0.692 0.608 0.692 0.611 0.691 0.612 0.69 0.612 0.69 0.615 0.689 0.616 0.688 0.616 0.688 0.617 0.687 0.618 0.686 0.618 0.686 0.621 0.685 0.622 0.684 0.622 0.684 0.623 0.683 0.624 0.682 0.624 0.682 0.627 0.681 0.628 0.68 0.628 0.68 0.631 0.679 0.632 0.678 0.632 0.678 0.639 0.679 0.639 0.68 0.64 0.68 0.641 0.685 0.641 0.686 0.642 0.686 0.643 0.689 0.643 0.69 0.644 0.69 0.645 0.693 0.645 0.694 0.646 0.694 0.647 0.699 0.647 0.7 0.648 0.7 0.649 0.709 0.649 0.71 0.65 0.71 0.651 0.711 0.651 0.712 0.652 0.712 0.653 0.713 0.653 0.714 0.654 0.714 0.655 0.717 0.655 0.718 0.656 0.718 0.657 0.721 0.657 0.722 0.658 0.722 0.659 0.725 0.659 0.726 0.66 0.726 0.661 0.727 0.661 0.728 0.662 0.728 0.663 0.733 0.663 0.734 0.664 0.734 0.665 0.737 0.665 0.738 0.666 0.738 0.667 0.739 0.667 0.74 0.668 0.74 0.669 0.741 0.669 0.742 0.67 0.742 0.671 0.745 0.671 0.746 0.672 0.746 0.673 0.747 0.673 0.748 0.674 0.748 0.675 0.751 0.675 0.752 0.676 0.752 0.677 0.753 0.677 0.754 0.678 0.754 0.679 0.757 0.679 0.758 0.68 0.758 0.681 0.759 0.681 0.76 0.682 0.76 0.683 0.761 0.683 0.762 0.684 0.762 0.685 0.765 0.685 0.766 0.686 0.766 0.687 0.769 0.687 0.77 0.688 0.77 0.689 0.773 0.689 0.774 0.69 0.774 0.691 0.777 0.691 0.778 0.692 0.778 0.693 0.779 0.693 0.78 0.694 0.78 0.695 0.785 0.695 0.786 0.696 0.786 0.697 0.795 0.697 0.795 0.696 0.796 0.695 0.797 0.695 0.797 0.694 0.798 0.693 0.799 0.693 0.799 0.692 0.8 0.691 0.801 0.691 0.801 0.688 0.802 0.687 0.803 0.687 0.803 0.684 0.804 0.683 0.805 0.683 0.805 0.68 0.806 0.679 0.807 0.679 0.807 0.676 0.808 0.675 0.809 0.675 0.809 0.674 0.81 0.673 0.811 0.673 0.811 0.67 0.812 0.669 0.813 0.669 0.813 0.666 0.814 0.665 0.815 0.665 0.815 0.662 0.816 0.661 0.817 0.661 0.817 0.658 0.818 0.657 0.819 0.657 0.819 0.654 0.82 0.653 0.821 0.653 0.821 0.65 0.822 0.649 0.823 0.649 0.823 0.644 0.824 0.643 0.825 0.643 0.825 0.64 0.824 0.64 0.823 0.639 0.823 0.638 0.82 0.638 0.819 0.637 0.819 0.636 0.816 0.636 0.815 0.635 0.815 0.634 0.81 0.634 0.809 0.633 0.809 0.632 0.806 0.632 0.805 0.631 0.805 0.63 0.8 0.63 0.799 0.629 0.799 0.628 0.798 0.628 0.797 0.627 0.797 0.626 0.796 0.626 0.795 0.625 0.795 0.622 0.792 0.622 0.791 0.621 0.791 0.62 0.79 0.62 0.789 0.619 0.789 0.618 0.788 0.618 0.787 0.617 0.787 0.616 0.782 0.616 0.781 0.615 0.781 0.614 0.78 0.614 0.779 0.613 0.779 0.612 0.776 0.612 0.775 0.611 0.775 0.61 0.768 0.61 0.767 0.609 0.767 0.608 0.762 0.608 0.761 0.607 0.761 0.606 0.758 0.606 0.757 0.605 0.757 0.604 0.756 0.604 0.755 0.603 0.755 0.602 0.754 0.602 0.753 0.601 0.753 0.6 0.752 0.6 0.751 0.599 0.751 0.598 0.75 0.598 0.749 0.597 0.749 0.596 0.748 0.596 0.747 0.595 0.747 0.594 0.738 0.594 0.737 0.593 0.737 0.592 0.736 0.592 0.735 0.591 0.735 0.59 0.734 0.59 0.733 0.589 0.733 0.586 0.734 0.585 0.735 0.585 0.735 0.582 0.736 0.581 0.737 0.581 0.737 0.576 0.738 0.575 0.739 0.575 0.739 0.574 0.74 0.573 0.741 0.573 0.741 0.572 0.742 0.571 0.743 0.571 0.743 0.57 0.744 0.569 0.747 0.569 0.748 0.57 0.748 0.571 0.749 0.571 0.75 0.572 0.75 0.573 0.753 0.573 0.753 0.572 0.754 0.571 0.755 0.571 0.756 0.572 0.756 0.573 0.757 0.573 0.758 0.574 0.758 0.575 0.761 0.575 0.762 0.576 0.762 0.577 0.767 0.577 0.768 0.578 0.768 0.579 0.785 0.579 0.785 0.578 0.786 0.577 0.787 0.577 0.787 0.576 0.788 0.575 0.789 0.575 0.789 0.57 0.79 0.569 0.791 0.569 0.791 0.568 0.79 0.568 0.789 0.567 0.789 0.566 0.788 0.566 0.787 0.565 0.787 0.564 0.786 0.564 0.785 0.563 0.785 0.562 0.782 0.562 0.781 0.561 0.781 0.56 0.778 0.56 0.777 0.559 0.777 0.558 0.774 0.558 0.773 0.557 0.773 0.556 0.772 0.556 0.771 0.555 0.771 0.554 0.768 0.554 0.767 0.553 0.767 0.552 0.764 0.552 0.763 0.551 0.763 0.55 0.76 0.55 0.759 0.549 0.759 0.548 0.756 0.548 0.755 0.547 0.755 0.546 0.752 0.546 0.751 0.545 0.751 0.544 0.748 0.544 0.747 0.543 0.747 0.542 0.746 0.542 0.745 0.541 0.745 0.54 0.742 0.54 0.741 0.539 0.741 0.538
7 0.365 0.425 0.022 0.018000000000000002 0.364 0.416 0.364 0.417 0.363 0.418 0.354 0.418 0.354 0.423 0.355 0.423 0.356 0.424 0.356 0.425 0.357 0.425 0.358 0.426 0.358 0.427 0.359 0.427 0.36 0.428 0.36 0.431 0.363 0.431 0.364 0.432 0.364 0.433 0.369 0.433 0.369 0.432 0.37 0.431 0.371 0.431 0.371 0.43 0.372 0.429 0.373 0.429 0.373 0.424 0.374 0.423 0.375 0.423 0.375 0.418 0.374 0.418 0.373 0.417 0.373 0.416
5 0.8160000000000001 0.619 0.024 0.03 0.814 0.604 0.814 0.605 0.813 0.606 0.812 0.606 0.812 0.607 0.811 0.608 0.808 0.608 0.808 0.611 0.807 0.612 0.806 0.612 0.806 0.615 0.805 0.616 0.804 0.616 0.804 0.627 0.805 0.627 0.806 0.628 0.806 0.631 0.809 0.631 0.81 0.632 0.81 0.633 0.817 0.633 0.817 0.632 0.818 0.631 0.819 0.631 0.819 0.63 0.82 0.629 0.821 0.629 0.821 0.626 0.822 0.625 0.823 0.625 0.823 0.622 0.824 0.621 0.825 0.621 0.825 0.618 0.826 0.617 0.827 0.617 0.827 0.608 0.826 0.608 0.825 0.607 0.825 0.606 0.824 0.606 0.823 0.605 0.823 0.604
7 0.851 0.546 0.01 0.008 0.848 0.542 0.848 0.543 0.847 0.544 0.846 0.544 0.846 0.545 0.847 0.545 0.848 0.546 0.848 0.549 0.853 0.549 0.853 0.546 0.854 0.545 0.855 0.545 0.855 0.544 0.854 0.544 0.853 0.543 0.853 0.542
1 0.877 0.12 0.13 0.132 0.862 0.054 0.862 0.055 0.861 0.056 0.86 0.056 0.86 0.057 0.859 0.058 0.858 0.058 0.858 0.059 0.857 0.06 0.856 0.06 0.856 0.061 0.855 0.062 0.854 0.062 0.854 0.063 0.853 0.064 0.852 0.064 0.852 0.067 0.851 0.068 0.85 0.068 0.85 0.071 0.849 0.072 0.848 0.072 0.848 0.073 0.847 0.074 0.846 0.074 0.846 0.077 0.845 0.078 0.844 0.078 0.844 0.079 0.843 0.08 0.842 0.08 0.842 0.083 0.841 0.084 0.84 0.084 0.84 0.085 0.839 0.086 0.838 0.086 0.838 0.089 0.837 0.09 0.836 0.09 0.836 0.093 0.835 0.094 0.834 0.094 0.834 0.097 0.833 0.098 0.832 0.098 0.832 0.099 0.831 0.1 0.83 0.1 0.83 0.103 0.829 0.104 0.828 0.104 0.828 0.105 0.827 0.106 0.826 0.106 0.826 0.109 0.825 0.11 0.824 0.11 0.824 0.113 0.823 0.114 0.822 0.114 0.822 0.115 0.821 0.116 0.82 0.116 0.82 0.119 0.819 0.12 0.818 0.12 0.818 0.121 0.817 0.122 0.816 0.122 0.816 0.125 0.815 0.126 0.814 0.126 0.814 0.129 0.813 0.13 0.812 0.13 0.812 0.137 0.815 0.137 0.816 0.138 0.816 0.139 0.819 0.139 0.82 0.14 0.82 0.141 0.823 0.141 0.824 0.142 0.824 0.143 0.827 0.143 0.828 0.144 0.828 0.145 0.829 0.145 0.83 0.146 0.83 0.147 0.833 0.147 0.834 0.148 0.834 0.149 0.837 0.149 0.838 0.15 0.838 0.151 0.841 0.151 0.842 0.152 0.842 0.153 0.845 0.153 0.846 0.154 0.846 0.155 0.849 0.155 0.85 0.156 0.85 0.157 0.851 0.157 0.852 0.158 0.852 0.159 0.855 0.159 0.856 0.16 0.856 0.161 0.859 0.161 0.86 0.162 0.86 0.163 0.863 0.163 0.864 0.164 0.864 0.165 0.867 0.165 0.868 0.166 0.868 0.167 0.871 0.167 0.872 0.168 0.872 0.169 0.875 0.169 0.876 0.17 0.876 0.171 0.879 0.171 0.88 0.172 0.88 0.173 0.883 0.173 0.884 0.174 0.884 0.175 0.887 0.175 0.888 0.176 0.888 0.177 0.891 0.177 0.892 0.178 0.892 0.179 0.895 0.179 0.896 0.18 0.896 0.181 0.899 0.181 0.9 0.182 0.9 0.183 0.905 0.183 0.906 0.184 0.906 0.185 0.911 0.185 0.911 0.184 0.912 0.183 0.913 0.183 0.913 0.182 0.914 0.181 0.915 0.181 0.915 0.18 0.916 0.179 0.917 0.179 0.917 0.176 0.918 0.175 0.919 0.175 0.919 0.172 0.92 0.171 0.921 0.171 0.921 0.168 0.922 0.167 0.923 0.167 0.923 0.164 0.924 0.163 0.925 0.163 0.925 0.162 0.926 0.161 0.927 0.161 0.927 0.158 0.928 0.157 0.929 0.157 0.929 0.154 0.93 0.153 0.931 0.153 0.931 0.152 0.932 0.151 0.933 0.151 0.933 0.148 0.934 0.147 0.935 0.147 0.935 0.142 0.936 0.141 0.937 0.141 0.937 0.136 0.938 0.135 0.939 0.135 0.939 0.128 0.94 0.127 0.941 0.127 0.941 0.126 0.94 0.126 0.939 0.125 0.939 0.12 0.938 0.12 0.937 0.119 0.937 0.116 0.934 0.116 0.933 0.115 0.933 0.114 0.932 0.114 0.931 0.113 0.931 0.112 0.928 0.112 0.927 0.111 0.927 0.11 0.926 0.11 0.925 0.109 0.925 0.108 0.922 0.108 0.921 0.107 0.921 0.106 0.918 0.106 0.917 0.105 0.917 0.104 0.914 0.104 0.913 0.103 0.913 0.102 0.91 0.102 0.909 0.101 0.909 0.1 0.908 0.1 0.907 0.099 0.907 0.098 0.904 0.098 0.903 0.097 0.903 0.096 0.902 0.096 0.901 0.095 0.901 0.094 0.9 0.094 0.899 0.093 0.899 0.086 0.9 0.085 0.901 0.085 0.901 0.082 0.902 0.081 0.903 0.081 0.903 0.078 0.904 0.077 0.905 0.077 0.905 0.074 0.904 0.074 0.903 0.073 0.903 0.072 0.902 0.072 0.901 0.071 0.901 0.07 0.898 0.07 0.897 0.069 0.897 0.068 0.894 0.068 0.893 0.067 0.893 0.066 0.89 0.066 0.889 0.065 0.889 0.064 0.888 0.064 0.887 0.063 0.887 0.062 0.884 0.062 0.883 0.061 0.883 0.06 0.878 0.06 0.877 0.059 0.877 0.058 0.874 0.058 0.873 0.057 0.873 0.056 0.872 0.056 0.871 0.055 0.871 0.054
5 0.636 0.496 0.028 0.032 0.628 0.48 0.628 0.483 0.627 0.484 0.626 0.484 0.626 0.489 0.625 0.49 0.624 0.49 0.624 0.497 0.623 0.498 0.622 0.498 0.622 0.501 0.623 0.501 0.624 0.502 0.624 0.507 0.625 0.507 0.626 0.508 0.626 0.509 0.631 0.509 0.632 0.51 0.632 0.511 0.635 0.511 0.635 0.51 0.636 0.509 0.637 0.509 0.637 0.508 0.638 0.507 0.639 0.507 0.639 0.506 0.64 0.505 0.641 0.505 0.641 0.502 0.642 0.501 0.643 0.501 0.643 0.498 0.644 0.497 0.645 0.497 0.645 0.494 0.646 0.493 0.647 0.493 0.647 0.492 0.648 0.491 0.649 0.491 0.649 0.484 0.648 0.484 0.647 0.483 0.647 0.482 0.644 0.482 0.643 0.481 0.643 0.48
7 0.665 0.511 0.01 0.014 0.664 0.504 0.664 0.505 0.663 0.506 0.662 0.506 0.662 0.507 0.661 0.508 0.66 0.508 0.66 0.511 0.661 0.511 0.662 0.512 0.662 0.515 0.663 0.515 0.664 0.516 0.664 0.517 0.669 0.517 0.669 0.506 0.668 0.506 0.667 0.505 0.667 0.504
7 0.432 0.434 0.02 0.024 0.426 0.422 0.426 0.423 0.425 0.424 0.424 0.424 0.424 0.427 0.423 0.428 0.422 0.428 0.422 0.435 0.423 0.435 0.424 0.436 0.424 0.437 0.425 0.437 0.426 0.438 0.426 0.441 0.427 0.441 0.428 0.442 0.428 0.443 0.431 0.443 0.432 0.444 0.432 0.445 0.437 0.445 0.437 0.444 0.438 0.443 0.439 0.443 0.439 0.44 0.44 0.439 0.441 0.439 0.441 0.432 0.44 0.432 0.439 0.431 0.439 0.43 0.438 0.43 0.437 0.429 0.437 0.428 0.436 0.428 0.435 0.427 0.435 0.426 0.434 0.426 0.433 0.425 0.433 0.424 0.43 0.424 0.429 0.423 0.429 0.422
