5 0.847 0.788 0.034 0.032 0.84 0.772 0.84 0.773 0.839 0.774 0.836 0.774 0.836 0.775 0.835 0.776 0.834 0.776 0.834 0.777 0.833 0.778 0.832 0.778 0.832 0.781 0.831 0.782 0.83 0.782 0.83 0.783 0.831 0.783 0.832 0.784 0.832 0.789 0.833 0.789 0.834 0.79 0.834 0.791 0.835 0.791 0.836 0.792 0.836 0.793 0.839 0.793 0.84 0.794 0.84 0.795 0.841 0.795 0.842 0.796 0.842 0.797 0.843 0.797 0.844 0.798 0.844 0.799 0.845 0.799 0.846 0.8 0.846 0.801 0.849 0.801 0.85 0.802 0.85 0.803 0.855 0.803 0.855 0.802 0.856 0.801 0.857 0.801 0.857 0.8 0.858 0.799 0.859 0.799 0.859 0.798 0.86 0.797 0.861 0.797 0.861 0.794 0.862 0.793 0.863 0.793 0.863 0.786 0.862 0.786 0.861 0.785 0.861 0.784 0.86 0.784 0.859 0.783 0.859 0.782 0.856 0.782 0.855 0.781 0.855 0.78 0.854 0.78 0.853 0.779 0.853 0.778 0.852 0.778 0.851 0.777 0.851 0.776 0.848 0.776 0.847 0.775 0.847 0.774 0.842 0.774 0.841 0.773 0.841 0.772
7 0.639 0.08700000000000001 0.022 0.018000000000000002 0.628 0.078 0.628 0.079 0.629 0.079 0.63 0.08 0.63 0.083 0.631 0.083 0.632 0.084 0.632 0.085 0.633 0.085 0.634 0.086 0.634 0.087 0.637 0.087 0.638 0.088 0.638 0.089 0.639 0.089 0.64 0.09 0.64 0.093 0.641 0.093 0.642 0.094 0.642 0.095 0.649 0.095 0.649 0.082 0.648 0.082 0.647 0.081 0.647 0.08 0.638 0.08 0.637 0.079 0.637 0.078
7 0.854 0.9400000000000001 0.024 0.016 0.846 0.932 0.846 0.933 0.845 0.934 0.842 0.934 0.842 0.941 0.843 0.941 0.844 0.942 0.844 0.943 0.847 0.943 0.848 0.944 0.848 0.945 0.855 0.945 0.856 0.946 0.856 0.947 0.857 0.947 0.857 0.946 0.858 0.945 0.861 0.945 0.861 0.944 0.862 0.943 0.863 0.943 0.863 0.942 0.864 0.941 0.865 0.941 0.865 0.938 0.864 0.938 0.863 0.937 0.863 0.936 0.862 0.936 0.861 0.935 0.861 0.934 0.854 0.934 0.853 0.933 0.853 0.932
4 0.858 0.721 0.024 0.026000000000000002 0.856 0.708 0.856 0.709 0.855 0.71 0.854 0.71 0.854 0.711 0.853 0.712 0.852 0.712 0.852 0.713 0.851 0.714 0.85 0.714 0.85 0.717 0.849 0.718 0.848 0.718 0.848 0.723 0.847 0.724 0.846 0.724 0.846 0.727 0.847 0.727 0.848 0.728 0.848 0.731 0.851 0.731 0.852 0.732 0.852 0.733 0.863 0.733 0.863 0.732 0.864 0.731 0.865 0.731 0.865 0.728 0.866 0.727 0.867 0.727 0.867 0.724 0.868 0.723 0.869 0.723 0.869 0.712 0.868 0.712 0.867 0.711 0.867 0.71 0.862 0.71 0.861 0.709 0.861 0.708
4 0.794 0.745 0.024 0.026000000000000002 0.79 0.732 0.79 0.733 0.789 0.734 0.788 0.734 0.788 0.735 0.787 0.736 0.786 0.736 0.786 0.737 0.785 0.738 0.784 0.738 0.784 0.741 0.783 0.742 0.782 0.742 0.782 0.751 0.783 0.751 0.784 0.752 0.784 0.753 0.787 0.753 0.788 0.754 0.788 0.755 0.789 0.755 0.79 0.756 0.79 0.757 0.797 0.757 0.797 0.756 0.798 0.755 0.799 0.755 0.799 0.754 0.8 0.753 0.801 0.753 0.801 0.752 0.802 0.751 0.803 0.751 0.803 0.75 0.804 0.749 0.805 0.749 0.805 0.74 0.804 0.74 0.803 0.739 0.803 0.736 0.802 0.736 0.801 0.735 0.801 0.734 0.798 0.734 0.797 0.733 0.797 0.732
4 0.904 0.756 0.024 0.024 0.898 0.744 0.898 0.745 0.897 0.746 0.896 0.746 0.896 0.747 0.895 0.748 0.894 0.748 0.894 0.755 0.893 0.756 0.892 0.756 0.892 0.763 0.893 0.763 0.894 0.764 0.894 0.765 0.895 0.765 0.896 0.766 0.896 0.767 0.909 0.767 0.909 0.766 0.91 0.765 0.911 0.765 0.911 0.762 0.912 0.761 0.913 0.761 0.913 0.758 0.914 0.757 0.915 0.757 0.915 0.746 0.912 0.746 0.911 0.745 0.911 0.744
4 0.9400000000000001 0.785 0.028 0.026000000000000002 0.932 0.772 0.932 0.773 0.931 0.774 0.93 0.774 0.93 0.775 0.929 0.776 0.928 0.776 0.928 0.779 0.927 0.78 0.926 0.78 0.926 0.791 0.927 0.791 0.928 0.792 0.928 0.793 0.929 0.793 0.93 0.794 0.93 0.795 0.933 0.795 0.934 0.796 0.934 0.797 0.945 0.797 0.945 0.796 0.946 0.795 0.947 0.795 0.947 0.794 0.948 0.793 0.949 0.793 0.949 0.79 0.95 0.789 0.951 0.789 0.951 0.782 0.952 0.781 0.953 0.781 0.953 0.776 0.952 0.776 0.951 0.775 0.951 0.774 0.948 0.774 0.947 0.773 0.947 0.772
4 0.788 0.8150000000000001 0.024 0.026000000000000002 0.786 0.802 0.786 0.803 0.785 0.804 0.784 0.804 0.784 0.805 0.783 0.806 0.782 0.806 0.782 0.807 0.781 0.808 0.78 0.808 0.78 0.809 0.779 0.81 0.778 0.81 0.778 0.811 0.777 0.812 0.776 0.812 0.776 0.821 0.777 0.821 0.778 0.822 0.778 0.823 0.779 0.823 0.78 0.824 0.78 0.825 0.781 0.825 0.782 0.826 0.782 0.827 0.789 0.827 0.789 0.826 0.79 0.825 0.791 0.825 0.791 0.824 0.792 0.823 0.793 0.823 0.793 0.822 0.794 0.821 0.795 0.821 0.795 0.818 0.796 0.817 0.797 0.817 0.797 0.814 0.798 0.813 0.799 0.813 0.799 0.808 0.798 0.808 0.797 0.807 0.797 0.806 0.796 0.806 0.795 0.805 0.795 0.804 0.794 0.804 0.793 0.803 0.793 0.802
4 0.963 0.877 0.026000000000000002 0.03 0.956 0.862 0.956 0.863 0.955 0.864 0.952 0.864 0.952 0.865 0.951 0.866 0.95 0.866 0.95 0.885 0.951 0.885 0.952 0.886 0.952 0.889 0.955 0.889 0.956 0.89 0.956 0.891 0.971 0.891 0.971 0.89 0.972 0.889 0.973 0.889 0.973 0.882 0.974 0.881 0.975 0.881 0.975 0.868 0.974 0.868 0.973 0.867 0.973 0.864 0.972 0.864 0.971 0.863 0.971 0.862
4 0.9 0.899 0.024 0.026000000000000002 0.896 0.886 0.896 0.887 0.895 0.888 0.894 0.888 0.894 0.889 0.893 0.89 0.892 0.89 0.892 0.891 0.891 0.892 0.89 0.892 0.89 0.897 0.889 0.898 0.888 0.898 0.888 0.905 0.889 0.905 0.89 0.906 0.89 0.909 0.893 0.909 0.894 0.91 0.894 0.911 0.905 0.911 0.905 0.91 0.906 0.909 0.907 0.909 0.907 0.906 0.908 0.905 0.909 0.905 0.909 0.894 0.91 0.893 0.911 0.893 0.911 0.892 0.91 0.892 0.909 0.891 0.909 0.888 0.904 0.888 0.903 0.887 0.903 0.886
