5 0.306 0.553 0.02 0.022 0.298 0.542 0.298 0.543 0.297 0.544 0.296 0.544 0.296 0.559 0.297 0.559 0.298 0.56 0.298 0.561 0.299 0.561 0.3 0.562 0.3 0.563 0.305 0.563 0.305 0.562 0.306 0.561 0.309 0.561 0.309 0.56 0.31 0.559 0.313 0.559 0.313 0.558 0.314 0.557 0.315 0.557 0.315 0.544 0.312 0.544 0.311 0.543 0.311 0.542
5 0.193 0.584 0.03 0.04 0.192 0.564 0.192 0.565 0.191 0.566 0.19 0.566 0.19 0.567 0.189 0.568 0.188 0.568 0.188 0.569 0.187 0.57 0.184 0.57 0.184 0.571 0.183 0.572 0.18 0.572 0.18 0.575 0.179 0.576 0.178 0.576 0.178 0.579 0.179 0.579 0.18 0.58 0.18 0.587 0.181 0.587 0.182 0.588 0.182 0.595 0.183 0.595 0.184 0.596 0.184 0.597 0.185 0.597 0.186 0.598 0.186 0.601 0.187 0.601 0.188 0.602 0.188 0.603 0.197 0.603 0.197 0.602 0.198 0.601 0.203 0.601 0.203 0.6 0.204 0.599 0.205 0.599 0.205 0.598 0.206 0.597 0.207 0.597 0.207 0.584 0.206 0.584 0.205 0.583 0.205 0.576 0.204 0.576 0.203 0.575 0.203 0.572 0.202 0.572 0.201 0.571 0.201 0.568 0.2 0.568 0.199 0.567 0.199 0.566 0.198 0.566 0.197 0.565 0.197 0.564
4 0.094 0.499 0.024 0.026000000000000002 0.094 0.486 0.094 0.487 0.093 0.488 0.088 0.488 0.088 0.489 0.087 0.49 0.082 0.49 0.082 0.501 0.083 0.501 0.084 0.502 0.084 0.507 0.085 0.507 0.086 0.508 0.086 0.509 0.087 0.509 0.088 0.51 0.088 0.511 0.099 0.511 0.099 0.51 0.1 0.509 0.103 0.509 0.103 0.508 0.104 0.507 0.105 0.507 0.105 0.488 0.104 0.488 0.103 0.487 0.103 0.486
4 0.146 0.487 0.016 0.018000000000000002 0.14 0.478 0.14 0.479 0.139 0.48 0.138 0.48 0.138 0.489 0.139 0.489 0.14 0.49 0.14 0.493 0.141 0.493 0.142 0.494 0.142 0.495 0.149 0.495 0.149 0.494 0.15 0.493 0.151 0.493 0.151 0.492 0.152 0.491 0.153 0.491 0.153 0.486 0.152 0.486 0.151 0.485 0.151 0.482 0.15 0.482 0.149 0.481 0.149 0.478
4 0.212 0.468 0.024 0.028 0.204 0.454 0.204 0.455 0.203 0.456 0.202 0.456 0.202 0.457 0.201 0.458 0.2 0.458 0.2 0.463 0.201 0.463 0.202 0.464 0.202 0.471 0.203 0.471 0.204 0.472 0.204 0.475 0.205 0.475 0.206 0.476 0.206 0.477 0.207 0.477 0.208 0.478 0.208 0.479 0.211 0.479 0.212 0.48 0.212 0.481 0.217 0.481 0.217 0.48 0.218 0.479 0.223 0.479 0.223 0.462 0.222 0.462 0.221 0.461 0.221 0.456 0.22 0.456 0.219 0.455 0.219 0.454
4 0.328 0.41600000000000004 0.024 0.04 0.328 0.396 0.328 0.397 0.327 0.398 0.318 0.398 0.318 0.399 0.317 0.4 0.316 0.4 0.316 0.407 0.317 0.407 0.318 0.408 0.318 0.415 0.319 0.415 0.32 0.416 0.32 0.423 0.321 0.423 0.322 0.424 0.322 0.429 0.323 0.429 0.324 0.43 0.324 0.433 0.327 0.433 0.328 0.434 0.328 0.435 0.329 0.435 0.329 0.434 0.33 0.433 0.337 0.433 0.337 0.432 0.338 0.431 0.339 0.431 0.339 0.42 0.338 0.42 0.337 0.419 0.337 0.408 0.336 0.408 0.335 0.407 0.335 0.4 0.334 0.4 0.333 0.399 0.333 0.398 0.332 0.398 0.331 0.397 0.331 0.396
4 0.439 0.396 0.022 0.024 0.434 0.384 0.434 0.385 0.433 0.386 0.43 0.386 0.43 0.387 0.429 0.388 0.428 0.388 0.428 0.393 0.429 0.393 0.43 0.394 0.43 0.403 0.431 0.403 0.432 0.404 0.432 0.407 0.445 0.407 0.445 0.406 0.446 0.405 0.449 0.405 0.449 0.386 0.448 0.386 0.447 0.385 0.447 0.384
4 0.295 0.633 0.034 0.034 0.294 0.616 0.294 0.617 0.293 0.618 0.286 0.618 0.286 0.619 0.285 0.62 0.28 0.62 0.28 0.621 0.279 0.622 0.278 0.622 0.278 0.633 0.279 0.633 0.28 0.634 0.28 0.643 0.281 0.643 0.282 0.644 0.282 0.647 0.285 0.647 0.286 0.648 0.286 0.649 0.291 0.649 0.291 0.648 0.292 0.647 0.301 0.647 0.301 0.646 0.302 0.645 0.307 0.645 0.307 0.644 0.308 0.643 0.309 0.643 0.309 0.642 0.31 0.641 0.311 0.641 0.311 0.636 0.31 0.636 0.309 0.635 0.309 0.628 0.308 0.628 0.307 0.627 0.307 0.618 0.304 0.618 0.303 0.617 0.303 0.616
4 0.253 0.643 0.03 0.03 0.258 0.628 0.258 0.629 0.257 0.63 0.244 0.63 0.244 0.631 0.243 0.632 0.24 0.632 0.24 0.633 0.239 0.634 0.238 0.634 0.238 0.641 0.239 0.641 0.24 0.642 0.24 0.651 0.241 0.651 0.242 0.652 0.242 0.655 0.243 0.655 0.244 0.656 0.244 0.657 0.259 0.657 0.259 0.656 0.26 0.655 0.263 0.655 0.263 0.654 0.264 0.653 0.265 0.653 0.265 0.65 0.266 0.649 0.267 0.649 0.267 0.642 0.266 0.642 0.265 0.641 0.265 0.63 0.262 0.63 0.261 0.629 0.261 0.628
4 0.02 0.6930000000000001 0.024 0.03 0.02 0.678 0.02 0.679 0.019 0.68 0.01 0.68 0.01 0.681 0.009 0.682 0.008 0.682 0.008 0.695 0.009 0.695 0.01 0.696 0.01 0.701 0.011 0.701 0.012 0.702 0.012 0.705 0.013 0.705 0.014 0.706 0.014 0.707 0.025 0.707 0.025 0.706 0.026 0.705 0.029 0.705 0.029 0.704 0.03 0.703 0.031 0.703 0.031 0.686 0.03 0.686 0.029 0.685 0.029 0.68 0.026 0.68 0.025 0.679 0.025 0.678
4 0.06 0.683 0.024 0.03 0.06 0.668 0.06 0.669 0.059 0.67 0.056 0.67 0.056 0.671 0.055 0.672 0.05 0.672 0.05 0.673 0.049 0.674 0.048 0.674 0.048 0.683 0.049 0.683 0.05 0.684 0.05 0.691 0.051 0.691 0.052 0.692 0.052 0.695 0.053 0.695 0.054 0.696 0.054 0.697 0.063 0.697 0.063 0.696 0.064 0.695 0.071 0.695 0.071 0.674 0.07 0.674 0.069 0.673 0.069 0.67 0.068 0.67 0.067 0.669 0.067 0.668
4 0.339 0.41500000000000004 0.046 0.042 0.34 0.394 0.34 0.395 0.339 0.396 0.338 0.396 0.338 0.397 0.337 0.398 0.332 0.398 0.331 0.397 0.331 0.396 0.328 0.396 0.328 0.397 0.327 0.398 0.318 0.398 0.318 0.399 0.317 0.4 0.316 0.4 0.316 0.407 0.317 0.407 0.318 0.408 0.318 0.415 0.319 0.415 0.32 0.416 0.32 0.423 0.321 0.423 0.322 0.424 0.322 0.429 0.323 0.429 0.324 0.43 0.324 0.433 0.327 0.433 0.328 0.434 0.328 0.435 0.331 0.435 0.331 0.434 0.332 0.433 0.337 0.433 0.337 0.432 0.338 0.431 0.339 0.431 0.339 0.43 0.34 0.429 0.343 0.429 0.344 0.43 0.344 0.431 0.353 0.431 0.353 0.43 0.354 0.429 0.357 0.429 0.357 0.428 0.358 0.427 0.359 0.427 0.359 0.426 0.36 0.425 0.361 0.425 0.361 0.414 0.36 0.414 0.359 0.413 0.359 0.408 0.358 0.408 0.357 0.407 0.357 0.402 0.356 0.402 0.355 0.401 0.355 0.396 0.354 0.396 0.353 0.395 0.353 0.394
4 0.491 0.379 0.014 0.022 0.49 0.368 0.49 0.369 0.489 0.37 0.486 0.37 0.486 0.371 0.485 0.372 0.484 0.372 0.484 0.383 0.485 0.383 0.486 0.384 0.486 0.387 0.487 0.387 0.488 0.388 0.488 0.389 0.495 0.389 0.495 0.388 0.496 0.387 0.497 0.387 0.497 0.37 0.494 0.37 0.493 0.369 0.493 0.368
3 0.157 0.659 0.098 0.10200000000000001 0.16 0.608 0.16 0.609 0.159 0.61 0.154 0.61 0.154 0.611 0.153 0.612 0.148 0.612 0.148 0.613 0.147 0.614 0.134 0.614 0.134 0.615 0.133 0.616 0.122 0.616 0.122 0.617 0.121 0.618 0.112 0.618 0.112 0.619 0.111 0.62 0.11 0.62 0.11 0.621 0.109 0.622 0.108 0.622 0.108 0.641 0.109 0.641 0.11 0.642 0.11 0.651 0.111 0.651 0.112 0.652 0.112 0.657 0.113 0.657 0.114 0.658 0.114 0.663 0.115 0.663 0.116 0.664 0.116 0.671 0.117 0.671 0.118 0.672 0.118 0.677 0.119 0.677 0.12 0.678 0.12 0.685 0.121 0.685 0.122 0.686 0.122 0.693 0.123 0.693 0.124 0.694 0.124 0.705 0.125 0.705 0.126 0.706 0.126 0.709 0.137 0.709 0.137 0.708 0.138 0.707 0.147 0.707 0.147 0.706 0.148 0.705 0.151 0.705 0.151 0.704 0.152 0.703 0.163 0.703 0.163 0.702 0.164 0.701 0.173 0.701 0.173 0.7 0.174 0.699 0.181 0.699 0.181 0.698 0.182 0.697 0.185 0.697 0.186 0.698 0.186 0.701 0.189 0.701 0.19 0.702 0.19 0.703 0.193 0.703 0.193 0.702 0.194 0.701 0.197 0.701 0.197 0.698 0.198 0.697 0.199 0.697 0.199 0.694 0.2 0.693 0.203 0.693 0.203 0.692 0.204 0.691 0.205 0.691 0.205 0.682 0.204 0.682 0.203 0.681 0.203 0.676 0.202 0.676 0.201 0.675 0.201 0.672 0.2 0.672 0.199 0.671 0.199 0.638 0.198 0.638 0.197 0.637 0.197 0.632 0.196 0.632 0.195 0.631 0.195 0.618 0.194 0.618 0.193 0.617 0.193 0.614 0.192 0.614 0.191 0.613 0.191 0.61 0.174 0.61 0.173 0.609 0.173 0.608
3 0.392 0.5710000000000001 0.084 0.094 0.41 0.524 0.41 0.525 0.409 0.526 0.4 0.526 0.4 0.527 0.399 0.528 0.39 0.528 0.39 0.529 0.389 0.53 0.382 0.53 0.382 0.531 0.381 0.532 0.372 0.532 0.372 0.533 0.371 0.534 0.364 0.534 0.364 0.535 0.363 0.536 0.356 0.536 0.356 0.537 0.355 0.538 0.352 0.538 0.352 0.539 0.351 0.54 0.35 0.54 0.35 0.575 0.351 0.575 0.352 0.576 0.352 0.591 0.353 0.591 0.354 0.592 0.354 0.605 0.355 0.605 0.356 0.606 0.356 0.611 0.357 0.611 0.358 0.612 0.358 0.613 0.361 0.613 0.362 0.614 0.362 0.615 0.363 0.615 0.364 0.616 0.364 0.617 0.373 0.617 0.373 0.616 0.374 0.615 0.381 0.615 0.381 0.614 0.382 0.613 0.403 0.613 0.403 0.612 0.404 0.611 0.413 0.611 0.413 0.61 0.414 0.609 0.427 0.609 0.427 0.608 0.428 0.607 0.433 0.607 0.433 0.592 0.432 0.592 0.431 0.591 0.431 0.584 0.43 0.584 0.429 0.583 0.429 0.578 0.428 0.578 0.427 0.577 0.427 0.57 0.426 0.57 0.425 0.569 0.425 0.562 0.424 0.562 0.423 0.561 0.423 0.554 0.422 0.554 0.421 0.553 0.421 0.544 0.42 0.544 0.419 0.543 0.419 0.534 0.418 0.534 0.417 0.533 0.417 0.53 0.416 0.53 0.415 0.529 0.415 0.526 0.414 0.526 0.413 0.525 0.413 0.524
3 0.511 0.551 0.09 0.08600000000000001 0.512 0.508 0.512 0.509 0.511 0.51 0.51 0.51 0.51 0.513 0.509 0.514 0.504 0.514 0.504 0.515 0.503 0.516 0.484 0.516 0.484 0.517 0.483 0.518 0.48 0.518 0.479 0.517 0.479 0.516 0.474 0.516 0.474 0.517 0.473 0.518 0.47 0.518 0.47 0.521 0.469 0.522 0.468 0.522 0.468 0.525 0.467 0.526 0.466 0.526 0.466 0.551 0.467 0.551 0.468 0.552 0.468 0.563 0.469 0.563 0.47 0.564 0.47 0.573 0.471 0.573 0.472 0.574 0.472 0.581 0.473 0.581 0.474 0.582 0.474 0.587 0.475 0.587 0.476 0.588 0.476 0.589 0.477 0.589 0.478 0.59 0.478 0.591 0.479 0.591 0.48 0.592 0.48 0.593 0.491 0.593 0.491 0.592 0.492 0.591 0.499 0.591 0.499 0.59 0.5 0.589 0.509 0.589 0.509 0.588 0.51 0.587 0.517 0.587 0.517 0.586 0.518 0.585 0.527 0.585 0.527 0.584 0.528 0.583 0.535 0.583 0.535 0.582 0.536 0.581 0.543 0.581 0.543 0.58 0.544 0.579 0.549 0.579 0.549 0.578 0.55 0.577 0.555 0.577 0.555 0.568 0.554 0.568 0.553 0.567 0.553 0.56 0.552 0.56 0.551 0.559 0.551 0.55 0.55 0.55 0.549 0.549 0.549 0.542 0.548 0.542 0.547 0.541 0.547 0.534 0.546 0.534 0.545 0.533 0.545 0.526 0.544 0.526 0.543 0.525 0.543 0.516 0.542 0.516 0.541 0.515 0.541 0.51 0.54 0.51 0.539 0.509 0.539 0.508
4 0.262 0.56 0.02 0.028 0.256 0.546 0.256 0.547 0.255 0.548 0.254 0.548 0.254 0.555 0.253 0.556 0.252 0.556 0.252 0.571 0.253 0.571 0.254 0.572 0.254 0.573 0.261 0.573 0.261 0.572 0.262 0.571 0.269 0.571 0.269 0.57 0.27 0.569 0.271 0.569 0.271 0.554 0.27 0.554 0.269 0.553 0.269 0.548 0.268 0.548 0.267 0.547 0.267 0.546
7 0.058 0.508 0.012 0.012 0.052 0.502 0.052 0.511 0.055 0.511 0.056 0.512 0.056 0.513 0.057 0.513 0.057 0.512 0.058 0.511 0.061 0.511 0.061 0.51 0.062 0.509 0.063 0.509 0.063 0.502
7 0.417 0.501 0.03 0.034 0.406 0.484 0.406 0.485 0.405 0.486 0.404 0.486 0.404 0.487 0.403 0.488 0.402 0.488 0.402 0.493 0.403 0.493 0.404 0.494 0.404 0.501 0.405 0.501 0.406 0.502 0.406 0.503 0.407 0.503 0.408 0.504 0.408 0.515 0.409 0.515 0.41 0.516 0.41 0.517 0.423 0.517 0.423 0.516 0.424 0.515 0.429 0.515 0.429 0.514 0.43 0.513 0.431 0.513 0.431 0.49 0.416 0.49 0.415 0.489 0.415 0.488 0.414 0.488 0.413 0.487 0.413 0.486 0.412 0.486 0.411 0.485 0.411 0.484
7 0.40800000000000003 0.493 0.012 0.022 0.408 0.482 0.408 0.483 0.407 0.484 0.404 0.484 0.404 0.485 0.403 0.486 0.402 0.486 0.402 0.499 0.403 0.499 0.404 0.5 0.404 0.501 0.405 0.501 0.406 0.502 0.406 0.503 0.411 0.503 0.411 0.5 0.412 0.499 0.413 0.499 0.413 0.484 0.41 0.484 0.409 0.483 0.409 0.482
4 0.262 0.458 0.012 0.02 0.258 0.448 0.258 0.449 0.257 0.45 0.256 0.45 0.256 0.459 0.257 0.459 0.258 0.46 0.258 0.463 0.259 0.463 0.26 0.464 0.26 0.465 0.261 0.465 0.262 0.466 0.262 0.467 0.265 0.467 0.265 0.466 0.266 0.465 0.267 0.465 0.267 0.45 0.264 0.45 0.263 0.449 0.263 0.448
5 0.079 0.61 0.03 0.032 0.082 0.594 0.082 0.595 0.081 0.596 0.078 0.596 0.078 0.597 0.077 0.598 0.072 0.598 0.072 0.599 0.071 0.6 0.068 0.6 0.068 0.601 0.067 0.602 0.064 0.602 0.064 0.621 0.065 0.621 0.066 0.622 0.066 0.625 0.083 0.625 0.083 0.624 0.084 0.623 0.091 0.623 0.091 0.622 0.092 0.621 0.093 0.621 0.093 0.602 0.092 0.602 0.091 0.601 0.091 0.598 0.09 0.598 0.089 0.597 0.089 0.596 0.088 0.596 0.087 0.595 0.087 0.594
7 0.253 0.523 0.014 0.014 0.248 0.516 0.248 0.517 0.247 0.518 0.246 0.518 0.246 0.527 0.247 0.527 0.248 0.528 0.248 0.529 0.255 0.529 0.255 0.528 0.256 0.527 0.257 0.527 0.257 0.526 0.258 0.525 0.259 0.525 0.259 0.522 0.258 0.522 0.257 0.521 0.257 0.518 0.256 0.518 0.255 0.517 0.255 0.516
4 0.027 0.522 0.018000000000000002 0.016 0.02 0.514 0.02 0.519 0.019 0.52 0.018 0.52 0.018 0.521 0.019 0.521 0.02 0.522 0.02 0.525 0.021 0.525 0.022 0.526 0.022 0.529 0.031 0.529 0.031 0.528 0.032 0.527 0.033 0.527 0.033 0.524 0.034 0.523 0.035 0.523 0.035 0.52 0.034 0.52 0.033 0.519 0.033 0.516 0.032 0.516 0.031 0.515 0.031 0.514
7 0.33 0.534 0.024 0.016 0.332 0.526 0.332 0.527 0.331 0.528 0.322 0.528 0.322 0.529 0.321 0.53 0.32 0.53 0.32 0.531 0.319 0.532 0.318 0.532 0.318 0.537 0.319 0.537 0.32 0.538 0.32 0.541 0.337 0.541 0.337 0.54 0.338 0.539 0.341 0.539 0.341 0.53 0.34 0.53 0.339 0.529 0.339 0.528 0.338 0.528 0.337 0.527 0.337 0.526
7 0.318 0.668 0.012 0.016 0.318 0.66 0.318 0.661 0.317 0.662 0.312 0.662 0.312 0.675 0.323 0.675 0.323 0.662 0.32 0.662 0.319 0.661 0.319 0.66
