7 0.191 0.5720000000000001 0.018000000000000002 0.016 0.192 0.564 0.192 0.565 0.191 0.566 0.186 0.566 0.186 0.567 0.185 0.568 0.184 0.568 0.184 0.571 0.183 0.572 0.182 0.572 0.182 0.575 0.183 0.575 0.184 0.576 0.184 0.577 0.187 0.577 0.188 0.578 0.188 0.579 0.193 0.579 0.193 0.578 0.194 0.577 0.197 0.577 0.197 0.574 0.198 0.573 0.199 0.573 0.199 0.568 0.198 0.568 0.197 0.567 0.197 0.566 0.196 0.566 0.195 0.565 0.195 0.564
7 0.682 0.297 0.02 0.034 0.676 0.28 0.676 0.281 0.675 0.282 0.672 0.282 0.672 0.309 0.673 0.309 0.674 0.31 0.674 0.311 0.675 0.311 0.676 0.312 0.676 0.313 0.685 0.313 0.685 0.312 0.686 0.311 0.689 0.311 0.689 0.294 0.69 0.293 0.691 0.293 0.691 0.286 0.69 0.286 0.689 0.285 0.689 0.282 0.678 0.282 0.677 0.281 0.677 0.28
7 0.72 0.269 0.02 0.03 0.712 0.254 0.712 0.271 0.711 0.272 0.71 0.272 0.71 0.277 0.711 0.277 0.712 0.278 0.712 0.281 0.715 0.281 0.716 0.282 0.716 0.283 0.727 0.283 0.727 0.28 0.728 0.279 0.729 0.279 0.729 0.256 0.728 0.256 0.727 0.255 0.727 0.254
7 0.648 0.263 0.02 0.034 0.642 0.246 0.642 0.247 0.641 0.248 0.64 0.248 0.64 0.253 0.639 0.254 0.638 0.254 0.638 0.279 0.655 0.279 0.655 0.276 0.656 0.275 0.657 0.275 0.657 0.25 0.656 0.25 0.655 0.249 0.655 0.248 0.648 0.248 0.647 0.247 0.647 0.246
4 0.31 0.253 0.016 0.014 0.302 0.246 0.302 0.257 0.303 0.257 0.304 0.258 0.304 0.259 0.313 0.259 0.313 0.258 0.314 0.257 0.315 0.257 0.315 0.254 0.316 0.253 0.317 0.253 0.317 0.25 0.316 0.25 0.315 0.249 0.315 0.248 0.314 0.248 0.313 0.247 0.313 0.246
7 0.517 0.155 0.026000000000000002 0.018000000000000002 0.51 0.146 0.51 0.147 0.509 0.148 0.508 0.148 0.508 0.149 0.507 0.15 0.506 0.15 0.506 0.151 0.505 0.152 0.504 0.152 0.504 0.159 0.505 0.159 0.506 0.16 0.506 0.161 0.507 0.161 0.508 0.162 0.508 0.163 0.525 0.163 0.525 0.162 0.526 0.161 0.527 0.161 0.527 0.158 0.528 0.157 0.529 0.157 0.529 0.148 0.528 0.148 0.527 0.147 0.527 0.146
7 0.529 0.082 0.034 0.02 0.516 0.072 0.516 0.073 0.515 0.074 0.514 0.074 0.514 0.075 0.513 0.076 0.512 0.076 0.512 0.089 0.513 0.089 0.514 0.09 0.514 0.091 0.539 0.091 0.539 0.09 0.54 0.089 0.541 0.089 0.541 0.088 0.542 0.087 0.543 0.087 0.543 0.082 0.544 0.081 0.545 0.081 0.545 0.076 0.544 0.076 0.543 0.075 0.543 0.074 0.54 0.074 0.539 0.073 0.539 0.072
4 0.852 0.041 0.024 0.026000000000000002 0.842 0.028 0.842 0.029 0.841 0.03 0.84 0.03 0.84 0.051 0.843 0.051 0.844 0.052 0.844 0.053 0.855 0.053 0.855 0.052 0.856 0.051 0.861 0.051 0.861 0.05 0.862 0.049 0.863 0.049 0.863 0.032 0.862 0.032 0.861 0.031 0.861 0.03 0.86 0.03 0.859 0.029 0.859 0.028
4 0.674 0.036000000000000004 0.032 0.028 0.66 0.022 0.66 0.027 0.659 0.028 0.658 0.028 0.658 0.035 0.659 0.035 0.66 0.036 0.66 0.041 0.661 0.041 0.662 0.042 0.662 0.043 0.663 0.043 0.664 0.044 0.664 0.045 0.667 0.045 0.668 0.046 0.668 0.047 0.679 0.047 0.68 0.048 0.68 0.049 0.687 0.049 0.687 0.048 0.688 0.047 0.689 0.047 0.689 0.024 0.688 0.024 0.687 0.023 0.687 0.022
2 0.199 0.38 0.098 0.132 0.192 0.314 0.192 0.315 0.191 0.316 0.188 0.316 0.188 0.319 0.187 0.32 0.186 0.32 0.186 0.321 0.185 0.322 0.184 0.322 0.184 0.323 0.183 0.324 0.18 0.324 0.18 0.325 0.179 0.326 0.178 0.326 0.178 0.327 0.177 0.328 0.176 0.328 0.176 0.331 0.175 0.332 0.174 0.332 0.174 0.333 0.173 0.334 0.172 0.334 0.172 0.337 0.171 0.338 0.17 0.338 0.17 0.341 0.169 0.342 0.168 0.342 0.168 0.347 0.167 0.348 0.166 0.348 0.166 0.351 0.165 0.352 0.164 0.352 0.164 0.355 0.163 0.356 0.162 0.356 0.162 0.359 0.161 0.36 0.16 0.36 0.16 0.363 0.159 0.364 0.158 0.364 0.158 0.367 0.157 0.368 0.156 0.368 0.156 0.371 0.155 0.372 0.154 0.372 0.154 0.377 0.153 0.378 0.152 0.378 0.152 0.381 0.151 0.382 0.15 0.382 0.15 0.393 0.153 0.393 0.154 0.394 0.154 0.395 0.155 0.395 0.156 0.396 0.156 0.397 0.159 0.397 0.16 0.398 0.16 0.399 0.163 0.399 0.164 0.4 0.164 0.401 0.167 0.401 0.168 0.402 0.168 0.403 0.169 0.403 0.17 0.404 0.17 0.405 0.171 0.405 0.172 0.406 0.172 0.407 0.175 0.407 0.176 0.408 0.176 0.409 0.177 0.409 0.178 0.41 0.178 0.413 0.179 0.413 0.18 0.414 0.18 0.415 0.181 0.415 0.182 0.416 0.182 0.417 0.185 0.417 0.186 0.418 0.186 0.419 0.187 0.419 0.188 0.42 0.188 0.421 0.191 0.421 0.192 0.422 0.192 0.423 0.193 0.423 0.194 0.424 0.194 0.425 0.195 0.425 0.196 0.426 0.196 0.427 0.197 0.427 0.198 0.428 0.198 0.429 0.201 0.429 0.202 0.43 0.202 0.431 0.203 0.431 0.204 0.432 0.204 0.433 0.207 0.433 0.208 0.434 0.208 0.435 0.209 0.435 0.21 0.436 0.21 0.437 0.211 0.437 0.212 0.438 0.212 0.439 0.213 0.439 0.214 0.44 0.214 0.441 0.217 0.441 0.218 0.442 0.218 0.443 0.223 0.443 0.224 0.444 0.224 0.445 0.227 0.445 0.227 0.444 0.228 0.443 0.229 0.443 0.229 0.44 0.23 0.439 0.231 0.439 0.231 0.432 0.232 0.431 0.233 0.431 0.233 0.424 0.234 0.423 0.235 0.423 0.235 0.416 0.236 0.415 0.237 0.415 0.237 0.408 0.238 0.407 0.239 0.407 0.239 0.402 0.24 0.401 0.241 0.401 0.241 0.396 0.242 0.395 0.243 0.395 0.243 0.384 0.244 0.383 0.245 0.383 0.245 0.368 0.244 0.368 0.243 0.367 0.243 0.366 0.244 0.365 0.245 0.365 0.245 0.36 0.246 0.359 0.247 0.359 0.247 0.342 0.246 0.342 0.245 0.341 0.245 0.338 0.244 0.338 0.243 0.337 0.243 0.336 0.24 0.336 0.239 0.335 0.239 0.334 0.236 0.334 0.235 0.333 0.235 0.332 0.232 0.332 0.231 0.331 0.231 0.33 0.226 0.33 0.225 0.329 0.225 0.328 0.222 0.328 0.221 0.327 0.221 0.322 0.22 0.322 0.219 0.321 0.219 0.318 0.218 0.318 0.217 0.317 0.217 0.314
5 0.184 0.591 0.02 0.018000000000000002 0.182 0.582 0.182 0.583 0.181 0.584 0.178 0.584 0.178 0.585 0.177 0.586 0.176 0.586 0.176 0.587 0.175 0.588 0.174 0.588 0.174 0.595 0.175 0.595 0.176 0.596 0.176 0.597 0.177 0.597 0.178 0.598 0.178 0.599 0.189 0.599 0.189 0.598 0.19 0.597 0.191 0.597 0.191 0.596 0.192 0.595 0.193 0.595 0.193 0.588 0.192 0.588 0.191 0.587 0.191 0.586 0.19 0.586 0.189 0.585 0.189 0.584 0.186 0.584 0.185 0.583 0.185 0.582
7 0.752 0.295 0.02 0.022 0.746 0.284 0.746 0.285 0.745 0.286 0.744 0.286 0.744 0.289 0.743 0.29 0.742 0.29 0.742 0.303 0.743 0.303 0.744 0.304 0.744 0.305 0.761 0.305 0.761 0.286 0.76 0.286 0.759 0.285 0.759 0.284
7 0.866 0.276 0.02 0.032 0.864 0.26 0.864 0.261 0.863 0.262 0.856 0.262 0.856 0.287 0.857 0.287 0.858 0.288 0.858 0.289 0.863 0.289 0.864 0.29 0.864 0.291 0.869 0.291 0.869 0.29 0.87 0.289 0.873 0.289 0.873 0.276 0.874 0.275 0.875 0.275 0.875 0.268 0.874 0.268 0.873 0.267 0.873 0.262 0.868 0.262 0.867 0.261 0.867 0.26
4 0.151 0.47300000000000003 0.022 0.022 0.146 0.462 0.146 0.463 0.145 0.464 0.144 0.464 0.144 0.465 0.143 0.466 0.142 0.466 0.142 0.467 0.141 0.468 0.14 0.468 0.14 0.475 0.141 0.475 0.142 0.476 0.142 0.479 0.143 0.479 0.144 0.48 0.144 0.481 0.145 0.481 0.146 0.482 0.146 0.483 0.155 0.483 0.155 0.482 0.156 0.481 0.159 0.481 0.159 0.48 0.16 0.479 0.161 0.479 0.161 0.468 0.16 0.468 0.159 0.467 0.159 0.466 0.156 0.466 0.155 0.465 0.155 0.464 0.154 0.464 0.153 0.463 0.153 0.462
7 0.8290000000000001 0.302 0.018000000000000002 0.024 0.822 0.29 0.822 0.291 0.821 0.292 0.82 0.292 0.82 0.311 0.821 0.311 0.822 0.312 0.822 0.313 0.835 0.313 0.835 0.312 0.836 0.311 0.837 0.311 0.837 0.294 0.836 0.294 0.835 0.293 0.835 0.292 0.834 0.292 0.833 0.291 0.833 0.29
4 0.264 0.53 0.02 0.02 0.26 0.52 0.26 0.521 0.259 0.522 0.258 0.522 0.258 0.523 0.257 0.524 0.256 0.524 0.256 0.529 0.255 0.53 0.254 0.53 0.254 0.535 0.255 0.535 0.256 0.536 0.256 0.537 0.257 0.537 0.258 0.538 0.258 0.539 0.267 0.539 0.267 0.538 0.268 0.537 0.271 0.537 0.271 0.534 0.272 0.533 0.273 0.533 0.273 0.522 0.272 0.522 0.271 0.521 0.271 0.52
4 0.231 0.579 0.022 0.022 0.228 0.568 0.228 0.569 0.227 0.57 0.226 0.57 0.226 0.571 0.225 0.572 0.224 0.572 0.224 0.573 0.223 0.574 0.222 0.574 0.222 0.575 0.221 0.576 0.22 0.576 0.22 0.585 0.221 0.585 0.222 0.586 0.222 0.587 0.225 0.587 0.226 0.588 0.226 0.589 0.237 0.589 0.237 0.588 0.238 0.587 0.239 0.587 0.239 0.582 0.24 0.581 0.241 0.581 0.241 0.574 0.24 0.574 0.239 0.573 0.239 0.57 0.236 0.57 0.235 0.569 0.235 0.568
5 0.446 0.455 0.028 0.026000000000000002 0.438 0.442 0.438 0.443 0.437 0.444 0.436 0.444 0.436 0.445 0.435 0.446 0.434 0.446 0.434 0.459 0.433 0.46 0.432 0.46 0.432 0.465 0.433 0.465 0.434 0.466 0.434 0.467 0.453 0.467 0.453 0.466 0.454 0.465 0.457 0.465 0.457 0.46 0.458 0.459 0.459 0.459 0.459 0.45 0.458 0.45 0.457 0.449 0.457 0.448 0.456 0.448 0.455 0.447 0.455 0.446 0.45 0.446 0.449 0.445 0.449 0.444 0.446 0.444 0.445 0.443 0.445 0.442
5 0.227 0.519 0.018000000000000002 0.022 0.226 0.508 0.226 0.509 0.225 0.51 0.224 0.51 0.224 0.511 0.223 0.512 0.222 0.512 0.222 0.519 0.221 0.52 0.22 0.52 0.22 0.523 0.219 0.524 0.218 0.524 0.218 0.525 0.219 0.525 0.22 0.526 0.22 0.527 0.223 0.527 0.224 0.528 0.224 0.529 0.229 0.529 0.229 0.528 0.23 0.527 0.233 0.527 0.233 0.526 0.234 0.525 0.235 0.525 0.235 0.514 0.234 0.514 0.233 0.513 0.233 0.512 0.232 0.512 0.231 0.511 0.231 0.51 0.23 0.51 0.229 0.509 0.229 0.508
7 0.792 0.272 0.02 0.032 0.786 0.256 0.786 0.257 0.785 0.258 0.784 0.258 0.784 0.275 0.783 0.276 0.782 0.276 0.782 0.281 0.783 0.281 0.784 0.282 0.784 0.285 0.785 0.285 0.786 0.286 0.786 0.287 0.799 0.287 0.799 0.286 0.8 0.285 0.801 0.285 0.801 0.258 0.796 0.258 0.795 0.257 0.795 0.256
4 0.556 0.6990000000000001 0.016 0.018000000000000002 0.554 0.69 0.554 0.691 0.553 0.692 0.55 0.692 0.55 0.697 0.549 0.698 0.548 0.698 0.548 0.703 0.549 0.703 0.55 0.704 0.55 0.707 0.559 0.707 0.559 0.706 0.56 0.705 0.561 0.705 0.561 0.7 0.562 0.699 0.563 0.699 0.563 0.698 0.562 0.698 0.561 0.697 0.561 0.694 0.56 0.694 0.559 0.693 0.559 0.692 0.556 0.692 0.555 0.691 0.555 0.69
4 0.493 0.753 0.01 0.014 0.49 0.746 0.49 0.747 0.489 0.748 0.488 0.748 0.488 0.755 0.489 0.755 0.49 0.756 0.49 0.757 0.491 0.757 0.492 0.758 0.492 0.759 0.495 0.759 0.495 0.758 0.496 0.757 0.497 0.757 0.497 0.746
5 0.462 0.758 0.02 0.02 0.458 0.748 0.458 0.749 0.457 0.75 0.456 0.75 0.456 0.751 0.455 0.752 0.454 0.752 0.454 0.753 0.453 0.754 0.452 0.754 0.452 0.761 0.453 0.761 0.454 0.762 0.454 0.765 0.457 0.765 0.458 0.766 0.458 0.767 0.465 0.767 0.465 0.766 0.466 0.765 0.469 0.765 0.469 0.762 0.47 0.761 0.471 0.761 0.471 0.756 0.47 0.756 0.469 0.755 0.469 0.752 0.468 0.752 0.467 0.751 0.467 0.75 0.466 0.75 0.465 0.749 0.465 0.748
5 0.5690000000000001 0.797 0.022 0.022 0.564 0.786 0.564 0.787 0.563 0.788 0.56 0.788 0.56 0.791 0.559 0.792 0.558 0.792 0.558 0.795 0.559 0.795 0.56 0.796 0.56 0.799 0.561 0.799 0.562 0.8 0.562 0.801 0.563 0.801 0.564 0.802 0.564 0.803 0.565 0.803 0.566 0.804 0.566 0.805 0.567 0.805 0.568 0.806 0.568 0.807 0.575 0.807 0.575 0.806 0.576 0.805 0.577 0.805 0.577 0.804 0.578 0.803 0.579 0.803 0.579 0.792 0.578 0.792 0.577 0.791 0.577 0.79 0.576 0.79 0.575 0.789 0.575 0.788 0.568 0.788 0.567 0.787 0.567 0.786
4 0.56 0.78 0.016 0.016 0.556 0.772 0.556 0.773 0.555 0.774 0.554 0.774 0.554 0.775 0.553 0.776 0.552 0.776 0.552 0.783 0.553 0.783 0.554 0.784 0.554 0.785 0.555 0.785 0.556 0.786 0.556 0.787 0.563 0.787 0.563 0.786 0.564 0.785 0.565 0.785 0.565 0.784 0.566 0.783 0.567 0.783 0.567 0.776 0.566 0.776 0.565 0.775 0.565 0.774 0.564 0.774 0.563 0.773 0.563 0.772
