7 0.12 0.528 0.016 0.016 0.114 0.52 0.114 0.523 0.113 0.524 0.112 0.524 0.112 0.529 0.113 0.529 0.114 0.53 0.114 0.533 0.115 0.533 0.116 0.534 0.116 0.535 0.123 0.535 0.123 0.534 0.124 0.533 0.125 0.533 0.125 0.53 0.126 0.529 0.127 0.529 0.127 0.522 0.124 0.522 0.123 0.521 0.123 0.52
5 0.325 0.713 0.026000000000000002 0.03 0.322 0.698 0.322 0.701 0.321 0.702 0.32 0.702 0.32 0.703 0.319 0.704 0.318 0.704 0.318 0.705 0.317 0.706 0.316 0.706 0.316 0.707 0.315 0.708 0.314 0.708 0.314 0.715 0.313 0.716 0.312 0.716 0.312 0.717 0.313 0.717 0.314 0.718 0.314 0.721 0.315 0.721 0.316 0.722 0.316 0.723 0.317 0.723 0.318 0.724 0.318 0.725 0.319 0.725 0.32 0.726 0.32 0.727 0.325 0.727 0.325 0.726 0.326 0.725 0.327 0.725 0.327 0.724 0.328 0.723 0.329 0.723 0.329 0.722 0.33 0.721 0.331 0.721 0.331 0.718 0.332 0.717 0.333 0.717 0.333 0.714 0.334 0.713 0.335 0.713 0.335 0.712 0.336 0.711 0.337 0.711 0.337 0.706 0.334 0.706 0.333 0.705 0.333 0.704 0.332 0.704 0.331 0.703 0.331 0.7 0.328 0.7 0.327 0.699 0.327 0.698
7 0.9560000000000001 0.41600000000000004 0.028 0.028 0.954 0.402 0.954 0.403 0.953 0.404 0.942 0.404 0.942 0.423 0.943 0.423 0.944 0.424 0.944 0.429 0.963 0.429 0.963 0.428 0.964 0.427 0.967 0.427 0.967 0.426 0.968 0.425 0.969 0.425 0.969 0.404 0.966 0.404 0.965 0.403 0.965 0.402
7 0.851 0.522 0.03 0.028 0.844 0.508 0.844 0.509 0.843 0.51 0.84 0.51 0.84 0.511 0.839 0.512 0.838 0.512 0.838 0.513 0.837 0.514 0.836 0.514 0.836 0.525 0.837 0.525 0.838 0.526 0.838 0.533 0.841 0.533 0.842 0.534 0.842 0.535 0.863 0.535 0.863 0.534 0.864 0.533 0.865 0.533 0.865 0.516 0.864 0.516 0.863 0.515 0.863 0.514 0.862 0.514 0.861 0.513 0.861 0.51 0.858 0.51 0.857 0.509 0.857 0.508 0.85 0.508 0.85 0.509 0.849 0.51 0.848 0.51 0.847 0.509 0.847 0.508
7 0.97 0.62 0.044 0.20400000000000001 0.96 0.518 0.96 0.519 0.959 0.52 0.95 0.52 0.95 0.591 0.951 0.591 0.952 0.592 0.952 0.657 0.951 0.658 0.95 0.658 0.95 0.679 0.951 0.679 0.952 0.68 0.952 0.687 0.951 0.688 0.95 0.688 0.95 0.691 0.949 0.692 0.948 0.692 0.948 0.703 0.949 0.703 0.95 0.704 0.95 0.705 0.949 0.706 0.948 0.706 0.948 0.719 0.949 0.719 0.95 0.72 0.95 0.721 0.989 0.721 0.989 0.694 0.99 0.693 0.991 0.693 0.991 0.52 0.99 0.52 0.989 0.519 0.989 0.518
7 0.801 0.5640000000000001 0.038 0.036000000000000004 0.786 0.546 0.786 0.547 0.785 0.548 0.782 0.548 0.782 0.555 0.783 0.555 0.784 0.556 0.784 0.571 0.785 0.571 0.786 0.572 0.786 0.577 0.787 0.577 0.788 0.578 0.788 0.579 0.793 0.579 0.794 0.58 0.794 0.581 0.799 0.581 0.799 0.58 0.8 0.579 0.817 0.579 0.817 0.578 0.818 0.577 0.819 0.577 0.819 0.55 0.818 0.55 0.817 0.549 0.817 0.548 0.816 0.548 0.815 0.547 0.815 0.546
7 0.11 0.5730000000000001 0.024 0.026000000000000002 0.106 0.56 0.106 0.561 0.105 0.562 0.1 0.562 0.1 0.567 0.099 0.568 0.098 0.568 0.098 0.569 0.099 0.569 0.1 0.57 0.1 0.581 0.101 0.581 0.102 0.582 0.102 0.583 0.105 0.583 0.106 0.584 0.106 0.585 0.111 0.585 0.111 0.584 0.112 0.583 0.121 0.583 0.121 0.56
7 0.166 0.608 0.044 0.044 0.15 0.586 0.15 0.587 0.149 0.588 0.146 0.588 0.146 0.589 0.145 0.59 0.144 0.59 0.144 0.621 0.145 0.621 0.146 0.622 0.146 0.627 0.147 0.627 0.148 0.628 0.148 0.629 0.175 0.629 0.175 0.628 0.176 0.627 0.179 0.627 0.18 0.628 0.18 0.629 0.181 0.629 0.181 0.628 0.182 0.627 0.185 0.627 0.185 0.626 0.186 0.625 0.187 0.625 0.187 0.59 0.186 0.59 0.185 0.589 0.185 0.586
7 0.667 0.615 0.03 0.026000000000000002 0.664 0.602 0.664 0.603 0.663 0.604 0.66 0.604 0.66 0.605 0.659 0.606 0.654 0.606 0.654 0.609 0.653 0.61 0.652 0.61 0.652 0.611 0.653 0.611 0.654 0.612 0.654 0.619 0.659 0.619 0.66 0.62 0.66 0.621 0.661 0.621 0.662 0.622 0.662 0.623 0.663 0.623 0.664 0.624 0.664 0.625 0.669 0.625 0.67 0.626 0.67 0.627 0.675 0.627 0.675 0.626 0.676 0.625 0.679 0.625 0.679 0.622 0.68 0.621 0.681 0.621 0.681 0.608 0.68 0.608 0.679 0.607 0.679 0.604 0.678 0.604 0.677 0.603 0.677 0.602
7 0.712 0.798 0.012 0.02 0.708 0.788 0.708 0.791 0.707 0.792 0.706 0.792 0.706 0.803 0.707 0.803 0.708 0.804 0.708 0.805 0.709 0.805 0.71 0.806 0.71 0.807 0.713 0.807 0.713 0.806 0.714 0.805 0.717 0.805 0.717 0.79 0.712 0.79 0.711 0.789 0.711 0.788
7 0.712 0.8 0.012 0.016 0.706 0.792 0.706 0.803 0.707 0.803 0.708 0.804 0.708 0.805 0.709 0.805 0.71 0.806 0.71 0.807 0.713 0.807 0.713 0.806 0.714 0.805 0.717 0.805 0.717 0.792
