4 0.485 0.438 0.018000000000000002 0.012 0.482 0.432 0.482 0.433 0.481 0.434 0.476 0.434 0.476 0.441 0.477 0.441 0.478 0.442 0.478 0.443 0.489 0.443 0.489 0.442 0.49 0.441 0.491 0.441 0.491 0.44 0.492 0.439 0.493 0.439 0.493 0.434 0.492 0.434 0.491 0.433 0.491 0.432
6 0.967 0.34800000000000003 0.066 0.088 0.984 0.304 0.984 0.305 0.983 0.306 0.976 0.306 0.976 0.307 0.975 0.308 0.97 0.308 0.97 0.309 0.969 0.31 0.966 0.31 0.966 0.311 0.965 0.312 0.96 0.312 0.96 0.313 0.959 0.314 0.95 0.314 0.95 0.315 0.949 0.316 0.942 0.316 0.942 0.317 0.941 0.318 0.936 0.318 0.936 0.319 0.935 0.32 0.934 0.32 0.934 0.329 0.935 0.329 0.936 0.33 0.936 0.337 0.937 0.337 0.938 0.338 0.938 0.345 0.939 0.345 0.94 0.346 0.94 0.359 0.941 0.359 0.942 0.36 0.942 0.363 0.943 0.363 0.944 0.364 0.944 0.371 0.945 0.371 0.946 0.372 0.946 0.379 0.947 0.379 0.948 0.38 0.948 0.385 0.949 0.385 0.95 0.386 0.95 0.389 0.953 0.389 0.954 0.39 0.954 0.391 0.955 0.391 0.955 0.39 0.956 0.389 0.959 0.389 0.959 0.388 0.96 0.387 0.963 0.387 0.963 0.386 0.964 0.385 0.969 0.385 0.969 0.384 0.97 0.383 0.973 0.383 0.973 0.382 0.974 0.381 0.997 0.381 0.997 0.38 0.998 0.379 0.999 0.379 0.999 0.304
7 0.781 0.99 0.018000000000000002 0.02 0.774 0.98 0.774 0.981 0.773 0.982 0.772 0.982 0.772 0.995 0.773 0.995 0.774 0.996 0.774 0.997 0.781 0.997 0.782 0.998 0.782 0.999 0.789 0.999 0.789 0.996 0.788 0.996 0.787 0.995 0.787 0.988 0.786 0.988 0.785 0.987 0.785 0.982 0.782 0.982 0.781 0.981 0.781 0.98
5 0.67 0.47300000000000003 0.016 0.014 0.664 0.466 0.664 0.467 0.663 0.468 0.662 0.468 0.662 0.479 0.677 0.479 0.677 0.468 0.676 0.468 0.675 0.467 0.675 0.466
5 0.718 0.481 0.016 0.018000000000000002 0.714 0.472 0.714 0.473 0.713 0.474 0.712 0.474 0.712 0.479 0.711 0.48 0.71 0.48 0.71 0.485 0.711 0.485 0.712 0.486 0.712 0.487 0.713 0.487 0.714 0.488 0.714 0.489 0.719 0.489 0.719 0.488 0.72 0.487 0.725 0.487 0.725 0.474 0.724 0.474 0.723 0.473 0.723 0.472
5 0.41000000000000003 0.504 0.024 0.024 0.408 0.492 0.408 0.493 0.407 0.494 0.404 0.494 0.404 0.495 0.403 0.496 0.402 0.496 0.402 0.497 0.401 0.498 0.4 0.498 0.4 0.499 0.399 0.5 0.398 0.5 0.398 0.513 0.401 0.513 0.402 0.514 0.402 0.515 0.411 0.515 0.411 0.514 0.412 0.513 0.415 0.513 0.415 0.512 0.416 0.511 0.417 0.511 0.417 0.51 0.418 0.509 0.419 0.509 0.419 0.508 0.42 0.507 0.421 0.507 0.421 0.498 0.42 0.498 0.419 0.497 0.419 0.496 0.418 0.496 0.417 0.495 0.417 0.494 0.412 0.494 0.411 0.493 0.411 0.492
7 0.605 0.386 0.022 0.02 0.598 0.376 0.598 0.377 0.597 0.378 0.594 0.378 0.594 0.387 0.595 0.387 0.596 0.388 0.596 0.391 0.597 0.391 0.598 0.392 0.598 0.393 0.607 0.393 0.608 0.394 0.608 0.395 0.609 0.395 0.609 0.394 0.61 0.393 0.613 0.393 0.613 0.392 0.614 0.391 0.615 0.391 0.615 0.388 0.614 0.388 0.613 0.387 0.613 0.384 0.612 0.384 0.611 0.383 0.611 0.38 0.61 0.38 0.609 0.379 0.609 0.378 0.604 0.378 0.603 0.377 0.603 0.376
7 0.427 0.963 0.01 0.01 0.424 0.958 0.424 0.961 0.423 0.962 0.422 0.962 0.422 0.963 0.423 0.963 0.424 0.964 0.424 0.967 0.429 0.967 0.429 0.966 0.43 0.965 0.431 0.965 0.431 0.96 0.43 0.96 0.429 0.959 0.429 0.958
3 0.682 0.534 0.116 0.064 0.708 0.502 0.708 0.503 0.707 0.504 0.652 0.504 0.652 0.505 0.651 0.506 0.624 0.506 0.624 0.565 0.681 0.565 0.681 0.564 0.682 0.563 0.739 0.563 0.739 0.548 0.738 0.548 0.737 0.547 0.737 0.518 0.736 0.518 0.735 0.517 0.735 0.502
2 0.785 0.435 0.046 0.10200000000000001 0.78 0.384 0.78 0.385 0.779 0.386 0.768 0.386 0.768 0.387 0.767 0.388 0.762 0.388 0.762 0.431 0.763 0.431 0.764 0.432 0.764 0.453 0.765 0.453 0.766 0.454 0.766 0.465 0.767 0.465 0.768 0.466 0.768 0.469 0.769 0.469 0.77 0.47 0.77 0.475 0.771 0.475 0.772 0.476 0.772 0.483 0.773 0.483 0.774 0.484 0.774 0.485 0.787 0.485 0.787 0.484 0.788 0.483 0.801 0.483 0.801 0.482 0.802 0.481 0.805 0.481 0.805 0.48 0.806 0.479 0.807 0.479 0.807 0.456 0.806 0.456 0.805 0.455 0.805 0.434 0.806 0.433 0.807 0.433 0.807 0.408 0.806 0.408 0.805 0.407 0.805 0.388 0.804 0.388 0.803 0.387 0.803 0.384
4 0.982 0.4 0.02 0.036000000000000004 0.976 0.382 0.976 0.383 0.975 0.384 0.974 0.384 0.974 0.385 0.973 0.386 0.972 0.386 0.972 0.403 0.973 0.403 0.974 0.404 0.974 0.409 0.975 0.409 0.976 0.41 0.976 0.415 0.977 0.415 0.978 0.416 0.978 0.417 0.987 0.417 0.987 0.416 0.988 0.415 0.991 0.415 0.991 0.396 0.99 0.396 0.989 0.395 0.989 0.384 0.988 0.384 0.987 0.383 0.987 0.382
4 0.6930000000000001 0.465 0.022 0.018000000000000002 0.692 0.456 0.692 0.457 0.691 0.458 0.686 0.458 0.686 0.459 0.685 0.46 0.684 0.46 0.684 0.465 0.683 0.466 0.682 0.466 0.682 0.469 0.683 0.469 0.684 0.47 0.684 0.473 0.701 0.473 0.701 0.472 0.702 0.471 0.703 0.471 0.703 0.468 0.702 0.468 0.701 0.467 0.701 0.462 0.7 0.462 0.699 0.461 0.699 0.458 0.698 0.458 0.697 0.457 0.697 0.456
4 0.057 0.992 0.018000000000000002 0.016 0.054 0.984 0.054 0.985 0.053 0.986 0.05 0.986 0.05 0.987 0.049 0.988 0.048 0.988 0.048 0.993 0.049 0.993 0.05 0.994 0.05 0.999 0.065 0.999 0.065 0.992 0.064 0.992 0.063 0.991 0.063 0.988 0.062 0.988 0.061 0.987 0.061 0.986 0.06 0.986 0.059 0.985 0.059 0.984
4 0.682 0.96 0.024 0.024 0.676 0.948 0.676 0.949 0.675 0.95 0.672 0.95 0.672 0.953 0.671 0.954 0.67 0.954 0.67 0.961 0.671 0.961 0.672 0.962 0.672 0.969 0.675 0.969 0.676 0.97 0.676 0.971 0.685 0.971 0.685 0.97 0.686 0.969 0.691 0.969 0.691 0.966 0.692 0.965 0.693 0.965 0.693 0.954 0.692 0.954 0.691 0.953 0.691 0.95 0.69 0.95 0.689 0.949 0.689 0.948
3 0.466 0.872 0.096 0.084 0.494 0.83 0.494 0.831 0.493 0.832 0.492 0.832 0.492 0.833 0.491 0.834 0.488 0.834 0.488 0.835 0.487 0.836 0.484 0.836 0.484 0.837 0.483 0.838 0.478 0.838 0.478 0.839 0.477 0.84 0.474 0.84 0.474 0.841 0.473 0.842 0.468 0.842 0.468 0.843 0.467 0.844 0.448 0.844 0.448 0.845 0.447 0.846 0.432 0.846 0.432 0.847 0.431 0.848 0.424 0.848 0.424 0.849 0.423 0.85 0.42 0.85 0.42 0.851 0.419 0.852 0.418 0.852 0.418 0.853 0.419 0.853 0.42 0.854 0.42 0.857 0.421 0.857 0.422 0.858 0.422 0.861 0.423 0.861 0.424 0.862 0.424 0.865 0.425 0.865 0.426 0.866 0.426 0.867 0.427 0.867 0.428 0.868 0.428 0.869 0.429 0.869 0.43 0.87 0.43 0.871 0.431 0.871 0.432 0.872 0.432 0.875 0.433 0.875 0.434 0.876 0.434 0.879 0.435 0.879 0.436 0.88 0.436 0.889 0.437 0.889 0.438 0.89 0.438 0.891 0.441 0.891 0.442 0.892 0.442 0.893 0.443 0.893 0.444 0.894 0.444 0.895 0.447 0.895 0.448 0.896 0.448 0.897 0.449 0.897 0.45 0.898 0.45 0.899 0.453 0.899 0.454 0.9 0.454 0.901 0.457 0.901 0.458 0.902 0.458 0.903 0.461 0.903 0.462 0.904 0.462 0.905 0.465 0.905 0.466 0.906 0.466 0.907 0.469 0.907 0.47 0.908 0.47 0.909 0.471 0.909 0.472 0.91 0.472 0.911 0.475 0.911 0.476 0.912 0.476 0.913 0.485 0.913 0.485 0.912 0.486 0.911 0.487 0.911 0.487 0.91 0.488 0.909 0.489 0.909 0.489 0.908 0.49 0.907 0.491 0.907 0.491 0.904 0.492 0.903 0.493 0.903 0.493 0.902 0.494 0.901 0.495 0.901 0.495 0.898 0.496 0.897 0.497 0.897 0.497 0.894 0.498 0.893 0.499 0.893 0.499 0.89 0.5 0.889 0.501 0.889 0.501 0.888 0.502 0.887 0.503 0.887 0.503 0.886 0.504 0.885 0.505 0.885 0.505 0.882 0.506 0.881 0.507 0.881 0.507 0.88 0.508 0.879 0.509 0.879 0.509 0.876 0.51 0.875 0.511 0.875 0.511 0.874 0.512 0.873 0.513 0.873 0.513 0.864 0.512 0.864 0.511 0.863 0.511 0.858 0.51 0.858 0.509 0.857 0.509 0.854 0.508 0.854 0.507 0.853 0.507 0.848 0.506 0.848 0.505 0.847 0.505 0.838 0.504 0.838 0.503 0.837 0.503 0.834 0.5 0.834 0.499 0.833 0.499 0.832 0.496 0.832 0.495 0.831 0.495 0.83
3 0.501 0.547 0.08600000000000001 0.08600000000000001 0.492 0.504 0.492 0.505 0.491 0.506 0.488 0.506 0.488 0.509 0.487 0.51 0.486 0.51 0.486 0.513 0.485 0.514 0.484 0.514 0.484 0.517 0.483 0.518 0.482 0.518 0.482 0.519 0.481 0.52 0.48 0.52 0.48 0.521 0.479 0.522 0.478 0.522 0.478 0.523 0.477 0.524 0.476 0.524 0.476 0.525 0.475 0.526 0.474 0.526 0.474 0.529 0.473 0.53 0.472 0.53 0.472 0.531 0.471 0.532 0.47 0.532 0.47 0.535 0.469 0.536 0.468 0.536 0.468 0.537 0.467 0.538 0.466 0.538 0.466 0.539 0.465 0.54 0.464 0.54 0.464 0.541 0.463 0.542 0.462 0.542 0.462 0.545 0.461 0.546 0.46 0.546 0.46 0.567 0.459 0.568 0.458 0.568 0.458 0.575 0.459 0.575 0.46 0.576 0.46 0.577 0.461 0.577 0.462 0.578 0.462 0.579 0.463 0.579 0.464 0.58 0.464 0.587 0.465 0.587 0.466 0.588 0.466 0.589 0.499 0.589 0.499 0.588 0.5 0.587 0.509 0.587 0.509 0.586 0.51 0.585 0.533 0.585 0.533 0.584 0.534 0.583 0.539 0.583 0.539 0.582 0.54 0.581 0.541 0.581 0.541 0.556 0.54 0.556 0.539 0.555 0.539 0.55 0.54 0.549 0.541 0.549 0.541 0.548 0.542 0.547 0.543 0.547 0.543 0.542 0.542 0.542 0.541 0.541 0.541 0.54 0.54 0.54 0.539 0.539 0.539 0.538 0.538 0.538 0.537 0.537 0.537 0.536 0.536 0.536 0.535 0.535 0.535 0.534 0.534 0.534 0.533 0.533 0.533 0.532 0.532 0.532 0.531 0.531 0.531 0.53 0.53 0.53 0.529 0.529 0.529 0.528 0.528 0.528 0.527 0.527 0.527 0.526 0.526 0.526 0.525 0.525 0.525 0.524 0.524 0.524 0.523 0.523 0.523 0.522 0.522 0.522 0.521 0.521 0.521 0.52 0.52 0.52 0.519 0.519 0.519 0.518 0.518 0.518 0.517 0.517 0.517 0.516 0.516 0.516 0.515 0.515 0.515 0.514 0.512 0.514 0.511 0.513 0.511 0.512 0.51 0.512 0.509 0.511 0.509 0.51 0.508 0.51 0.507 0.509 0.507 0.508 0.506 0.508 0.505 0.507 0.505 0.506 0.504 0.506 0.503 0.505 0.503 0.504
1 0.897 0.067 0.20600000000000002 0.11800000000000001 0.968 0.008 0.968 0.009 0.967 0.01 0.956 0.01 0.956 0.011 0.955 0.012 0.942 0.012 0.942 0.013 0.941 0.014 0.934 0.014 0.934 0.015 0.933 0.016 0.926 0.016 0.926 0.017 0.925 0.018 0.89 0.018 0.89 0.019 0.889 0.02 0.874 0.02 0.874 0.021 0.873 0.022 0.866 0.022 0.866 0.023 0.865 0.024 0.858 0.024 0.858 0.025 0.857 0.026 0.852 0.026 0.852 0.027 0.851 0.028 0.844 0.028 0.844 0.029 0.843 0.03 0.836 0.03 0.836 0.031 0.835 0.032 0.828 0.032 0.828 0.033 0.827 0.034 0.82 0.034 0.82 0.035 0.819 0.036 0.812 0.036 0.812 0.037 0.811 0.038 0.802 0.038 0.802 0.039 0.801 0.04 0.794 0.04 0.794 0.049 0.795 0.049 0.796 0.05 0.796 0.057 0.797 0.057 0.798 0.058 0.798 0.067 0.799 0.067 0.8 0.068 0.8 0.075 0.801 0.075 0.802 0.076 0.802 0.081 0.803 0.081 0.804 0.082 0.804 0.089 0.805 0.089 0.806 0.09 0.806 0.097 0.807 0.097 0.808 0.098 0.808 0.103 0.809 0.103 0.81 0.104 0.81 0.113 0.811 0.113 0.812 0.114 0.812 0.121 0.813 0.121 0.814 0.122 0.814 0.125 0.827 0.125 0.827 0.124 0.828 0.123 0.839 0.123 0.839 0.122 0.84 0.121 0.851 0.121 0.851 0.12 0.852 0.119 0.857 0.119 0.857 0.118 0.858 0.117 0.869 0.117 0.869 0.116 0.87 0.115 0.877 0.115 0.877 0.114 0.878 0.113 0.883 0.113 0.883 0.112 0.884 0.111 0.891 0.111 0.891 0.11 0.892 0.109 0.901 0.109 0.901 0.108 0.902 0.107 0.913 0.107 0.913 0.106 0.914 0.105 0.919 0.105 0.919 0.104 0.92 0.103 0.925 0.103 0.925 0.102 0.926 0.101 0.933 0.101 0.933 0.1 0.934 0.099 0.941 0.099 0.941 0.098 0.942 0.097 0.949 0.097 0.949 0.096 0.95 0.095 0.957 0.095 0.957 0.094 0.958 0.093 0.965 0.093 0.965 0.092 0.966 0.091 0.973 0.091 0.973 0.09 0.974 0.089 0.979 0.089 0.979 0.088 0.98 0.087 0.987 0.087 0.987 0.086 0.988 0.085 0.997 0.085 0.997 0.084 0.998 0.083 0.999 0.083 0.999 0.052 0.998 0.052 0.997 0.051 0.997 0.048 0.996 0.048 0.995 0.047 0.995 0.04 0.994 0.04 0.993 0.039 0.993 0.034 0.992 0.034 0.991 0.033 0.991 0.03 0.99 0.03 0.989 0.029 0.989 0.026 0.988 0.026 0.987 0.025 0.987 0.022 0.986 0.022 0.985 0.021 0.985 0.01 0.984 0.01 0.983 0.009 0.983 0.008
4 0.015 0.9540000000000001 0.026000000000000002 0.024 0.014 0.942 0.014 0.943 0.013 0.944 0.008 0.944 0.008 0.945 0.007 0.946 0.004 0.946 0.004 0.947 0.003 0.948 0.002 0.948 0.002 0.959 0.003 0.959 0.004 0.96 0.004 0.963 0.007 0.963 0.008 0.964 0.008 0.965 0.015 0.965 0.015 0.964 0.016 0.963 0.019 0.963 0.019 0.962 0.02 0.961 0.023 0.961 0.023 0.96 0.024 0.959 0.025 0.959 0.025 0.956 0.026 0.955 0.027 0.955 0.027 0.952 0.026 0.952 0.025 0.951 0.025 0.946 0.024 0.946 0.023 0.945 0.023 0.944 0.022 0.944 0.021 0.943 0.021 0.942
4 0.504 0.992 0.024 0.016 0.498 0.984 0.498 0.985 0.497 0.986 0.496 0.986 0.496 0.987 0.495 0.988 0.494 0.988 0.494 0.989 0.493 0.99 0.492 0.99 0.492 0.999 0.515 0.999 0.515 0.998 0.514 0.998 0.513 0.997 0.513 0.994 0.512 0.994 0.511 0.993 0.511 0.99 0.51 0.99 0.509 0.989 0.509 0.988 0.506 0.988 0.505 0.987 0.505 0.986 0.5 0.986 0.499 0.985 0.499 0.984
4 0.812 0.9400000000000001 0.028 0.024 0.806 0.928 0.806 0.929 0.805 0.93 0.798 0.93 0.798 0.937 0.799 0.937 0.8 0.938 0.8 0.947 0.801 0.947 0.802 0.948 0.802 0.949 0.803 0.949 0.804 0.95 0.804 0.951 0.807 0.951 0.807 0.95 0.808 0.949 0.815 0.949 0.815 0.948 0.816 0.947 0.823 0.947 0.823 0.946 0.824 0.945 0.825 0.945 0.825 0.936 0.824 0.936 0.823 0.935 0.823 0.928
