4 0.445 0.795 0.018000000000000002 0.022 0.436 0.784 0.436 0.797 0.437 0.797 0.438 0.798 0.438 0.801 0.439 0.801 0.44 0.802 0.44 0.805 0.449 0.805 0.449 0.804 0.45 0.803 0.451 0.803 0.451 0.792 0.452 0.791 0.453 0.791 0.453 0.79 0.452 0.79 0.451 0.789 0.451 0.786 0.45 0.786 0.449 0.785 0.449 0.784
5 0.139 0.739 0.026000000000000002 0.022 0.128 0.728 0.128 0.729 0.127 0.73 0.126 0.73 0.126 0.743 0.127 0.743 0.128 0.744 0.128 0.747 0.131 0.747 0.132 0.748 0.132 0.749 0.147 0.749 0.147 0.748 0.148 0.747 0.149 0.747 0.149 0.744 0.15 0.743 0.151 0.743 0.151 0.73 0.148 0.73 0.147 0.729 0.147 0.728
5 0.28600000000000003 0.77 0.024 0.02 0.288 0.76 0.288 0.761 0.287 0.762 0.282 0.762 0.282 0.763 0.281 0.764 0.28 0.764 0.28 0.765 0.279 0.766 0.276 0.766 0.276 0.767 0.275 0.768 0.274 0.768 0.274 0.771 0.275 0.771 0.276 0.772 0.276 0.775 0.277 0.775 0.278 0.776 0.278 0.777 0.279 0.777 0.28 0.778 0.28 0.779 0.289 0.779 0.289 0.778 0.29 0.777 0.293 0.777 0.293 0.776 0.294 0.775 0.295 0.775 0.295 0.774 0.296 0.773 0.297 0.773 0.297 0.766 0.296 0.766 0.295 0.765 0.295 0.762 0.292 0.762 0.291 0.761 0.291 0.76
7 0.155 0.462 0.022 0.02 0.146 0.452 0.146 0.453 0.145 0.454 0.144 0.454 0.144 0.461 0.145 0.461 0.146 0.462 0.146 0.463 0.149 0.463 0.15 0.464 0.15 0.465 0.151 0.465 0.152 0.466 0.152 0.467 0.153 0.467 0.154 0.468 0.154 0.469 0.155 0.469 0.156 0.47 0.156 0.471 0.163 0.471 0.163 0.468 0.164 0.467 0.165 0.467 0.165 0.462 0.164 0.462 0.163 0.461 0.163 0.46 0.162 0.46 0.161 0.459 0.161 0.458 0.16 0.458 0.159 0.457 0.159 0.456 0.158 0.456 0.157 0.455 0.157 0.454 0.156 0.454 0.155 0.453 0.155 0.452
1 0.10400000000000001 0.794 0.20800000000000002 0.1 0.004 0.744 0.004 0.747 0.003 0.748 0.002 0.748 0.002 0.775 0.001 0.776 0.0 0.776 0.0 0.823 0.007 0.823 0.008 0.824 0.008 0.825 0.019 0.825 0.02 0.826 0.02 0.827 0.033 0.827 0.034 0.828 0.034 0.829 0.047 0.829 0.048 0.83 0.048 0.831 0.061 0.831 0.062 0.832 0.062 0.833 0.087 0.833 0.088 0.834 0.088 0.835 0.109 0.835 0.11 0.836 0.11 0.837 0.131 0.837 0.132 0.838 0.132 0.839 0.161 0.839 0.162 0.84 0.162 0.841 0.169 0.841 0.17 0.842 0.17 0.843 0.185 0.843 0.185 0.842 0.186 0.841 0.197 0.841 0.197 0.84 0.198 0.839 0.199 0.839 0.199 0.838 0.2 0.837 0.201 0.837 0.201 0.816 0.202 0.815 0.203 0.815 0.203 0.804 0.204 0.803 0.205 0.803 0.205 0.788 0.206 0.787 0.207 0.787 0.207 0.77 0.206 0.77 0.205 0.769 0.205 0.766 0.2 0.766 0.199 0.765 0.199 0.764 0.19 0.764 0.189 0.763 0.189 0.762 0.17 0.762 0.169 0.761 0.169 0.76 0.154 0.76 0.153 0.759 0.153 0.758 0.142 0.758 0.141 0.757 0.141 0.756 0.12 0.756 0.119 0.755 0.119 0.754 0.104 0.754 0.103 0.753 0.103 0.752 0.084 0.752 0.083 0.751 0.083 0.75 0.066 0.75 0.065 0.749 0.065 0.748 0.052 0.748 0.051 0.747 0.051 0.746 0.026 0.746 0.025 0.745 0.025 0.744
6 0.525 0.708 0.222 0.084 0.416 0.666 0.416 0.667 0.415 0.668 0.414 0.668 0.414 0.717 0.415 0.717 0.416 0.718 0.416 0.729 0.419 0.729 0.42 0.73 0.42 0.731 0.615 0.731 0.616 0.732 0.616 0.733 0.619 0.733 0.62 0.734 0.62 0.737 0.621 0.737 0.622 0.738 0.622 0.743 0.623 0.743 0.624 0.744 0.624 0.749 0.635 0.749 0.635 0.69 0.634 0.69 0.633 0.689 0.633 0.67 0.632 0.67 0.631 0.669 0.631 0.668 0.61 0.668 0.609 0.667 0.609 0.666
3 0.923 0.9560000000000001 0.094 0.088 0.95 0.912 0.95 0.913 0.949 0.914 0.924 0.914 0.924 0.915 0.923 0.916 0.88 0.916 0.88 0.917 0.879 0.918 0.878 0.918 0.878 0.919 0.877 0.92 0.876 0.92 0.876 0.979 0.877 0.979 0.878 0.98 0.878 0.985 0.879 0.985 0.88 0.986 0.88 0.995 0.881 0.995 0.882 0.996 0.882 0.999 0.969 0.999 0.969 0.914 0.968 0.914 0.967 0.913 0.967 0.912
4 0.187 0.5670000000000001 0.018000000000000002 0.018000000000000002 0.178 0.558 0.178 0.573 0.179 0.573 0.18 0.574 0.18 0.575 0.193 0.575 0.193 0.57 0.194 0.569 0.195 0.569 0.195 0.562 0.194 0.562 0.193 0.561 0.193 0.56 0.192 0.56 0.191 0.559 0.191 0.558
4 0.18 0.637 0.024 0.026000000000000002 0.172 0.624 0.172 0.625 0.171 0.626 0.17 0.626 0.17 0.639 0.169 0.64 0.168 0.64 0.168 0.645 0.169 0.645 0.17 0.646 0.17 0.647 0.175 0.647 0.176 0.648 0.176 0.649 0.187 0.649 0.187 0.648 0.188 0.647 0.189 0.647 0.189 0.644 0.19 0.643 0.191 0.643 0.191 0.628 0.19 0.628 0.189 0.627 0.189 0.626 0.182 0.626 0.181 0.625 0.181 0.624
4 0.562 0.8230000000000001 0.024 0.018000000000000002 0.552 0.814 0.552 0.815 0.551 0.816 0.55 0.816 0.55 0.821 0.551 0.821 0.552 0.822 0.552 0.825 0.553 0.825 0.554 0.826 0.554 0.827 0.555 0.827 0.556 0.828 0.556 0.829 0.557 0.829 0.558 0.83 0.558 0.831 0.573 0.831 0.573 0.816 0.57 0.816 0.569 0.815 0.569 0.814
4 0.562 0.867 0.024 0.018000000000000002 0.55 0.858 0.55 0.871 0.551 0.871 0.552 0.872 0.552 0.873 0.559 0.873 0.56 0.874 0.56 0.875 0.573 0.875 0.573 0.858
6 0.887 0.47700000000000004 0.078 0.14200000000000002 0.854 0.406 0.854 0.407 0.853 0.408 0.85 0.408 0.85 0.411 0.849 0.412 0.848 0.412 0.848 0.545 0.849 0.545 0.85 0.546 0.85 0.547 0.881 0.547 0.881 0.546 0.882 0.545 0.913 0.545 0.913 0.544 0.914 0.543 0.921 0.543 0.921 0.536 0.922 0.535 0.923 0.535 0.923 0.488 0.924 0.487 0.925 0.487 0.925 0.484 0.924 0.484 0.923 0.483 0.923 0.472 0.924 0.471 0.925 0.471 0.925 0.468 0.924 0.468 0.923 0.467 0.923 0.408 0.894 0.408 0.893 0.407 0.893 0.406 0.892 0.406 0.892 0.407 0.891 0.408 0.888 0.408 0.887 0.407 0.887 0.406
6 0.149 0.424 0.13 0.044 0.088 0.402 0.088 0.403 0.087 0.404 0.086 0.404 0.086 0.415 0.085 0.416 0.084 0.416 0.084 0.429 0.085 0.429 0.086 0.43 0.086 0.433 0.131 0.433 0.131 0.432 0.132 0.431 0.135 0.431 0.135 0.43 0.136 0.429 0.145 0.429 0.146 0.43 0.146 0.431 0.151 0.431 0.152 0.432 0.152 0.433 0.161 0.433 0.162 0.434 0.162 0.435 0.165 0.435 0.166 0.436 0.166 0.437 0.175 0.437 0.176 0.438 0.176 0.439 0.183 0.439 0.184 0.44 0.184 0.441 0.189 0.441 0.19 0.442 0.19 0.443 0.195 0.443 0.196 0.444 0.196 0.445 0.207 0.445 0.207 0.444 0.208 0.443 0.209 0.443 0.209 0.438 0.21 0.437 0.211 0.437 0.211 0.432 0.212 0.431 0.213 0.431 0.213 0.418 0.212 0.418 0.211 0.417 0.211 0.416 0.208 0.416 0.207 0.415 0.207 0.414 0.202 0.414 0.201 0.413 0.201 0.412 0.192 0.412 0.191 0.411 0.191 0.41 0.17 0.41 0.169 0.409 0.169 0.408 0.144 0.408 0.143 0.407 0.143 0.406 0.14 0.406 0.139 0.405 0.139 0.404 0.136 0.404 0.135 0.403 0.135 0.402
6 0.363 0.452 0.178 0.068 0.278 0.418 0.278 0.419 0.277 0.42 0.276 0.42 0.276 0.421 0.275 0.422 0.274 0.422 0.274 0.461 0.277 0.461 0.278 0.462 0.278 0.463 0.287 0.463 0.288 0.464 0.288 0.465 0.299 0.465 0.3 0.466 0.3 0.467 0.315 0.467 0.316 0.468 0.316 0.469 0.331 0.469 0.332 0.47 0.332 0.471 0.341 0.471 0.342 0.472 0.342 0.473 0.355 0.473 0.356 0.474 0.356 0.475 0.367 0.475 0.368 0.476 0.368 0.477 0.377 0.477 0.378 0.478 0.378 0.479 0.395 0.479 0.396 0.48 0.396 0.481 0.429 0.481 0.43 0.482 0.43 0.483 0.439 0.483 0.44 0.484 0.44 0.485 0.447 0.485 0.447 0.482 0.448 0.481 0.449 0.481 0.449 0.456 0.45 0.455 0.451 0.455 0.451 0.436 0.446 0.436 0.445 0.435 0.445 0.434 0.428 0.434 0.427 0.433 0.427 0.432 0.414 0.432 0.413 0.431 0.413 0.43 0.39 0.43 0.389 0.429 0.389 0.428 0.386 0.428 0.385 0.427 0.385 0.426 0.36 0.426 0.359 0.425 0.359 0.424 0.33 0.424 0.329 0.423 0.329 0.422 0.304 0.422 0.303 0.421 0.303 0.42 0.292 0.42 0.291 0.419 0.291 0.418
