7 0.031 0.8320000000000001 0.058 0.04 0.048 0.812 0.048 0.813 0.047 0.814 0.034 0.814 0.034 0.815 0.033 0.816 0.018 0.816 0.018 0.817 0.017 0.818 0.006 0.818 0.006 0.819 0.005 0.82 0.002 0.82 0.002 0.831 0.003 0.831 0.004 0.832 0.004 0.843 0.005 0.843 0.006 0.844 0.006 0.849 0.007 0.849 0.008 0.85 0.008 0.851 0.011 0.851 0.011 0.85 0.012 0.849 0.025 0.849 0.025 0.848 0.026 0.847 0.043 0.847 0.043 0.846 0.044 0.845 0.057 0.845 0.057 0.844 0.058 0.843 0.059 0.843 0.059 0.83 0.058 0.83 0.057 0.829 0.057 0.82 0.056 0.82 0.055 0.819 0.055 0.816 0.054 0.816 0.053 0.815 0.053 0.814 0.052 0.814 0.051 0.813 0.051 0.812
7 0.11900000000000001 0.9550000000000001 0.054 0.042 0.132 0.934 0.132 0.935 0.131 0.936 0.116 0.936 0.116 0.937 0.115 0.938 0.104 0.938 0.104 0.939 0.103 0.94 0.096 0.94 0.096 0.941 0.095 0.942 0.094 0.942 0.094 0.943 0.093 0.944 0.092 0.944 0.092 0.955 0.093 0.955 0.094 0.956 0.094 0.973 0.097 0.973 0.098 0.974 0.098 0.975 0.103 0.975 0.103 0.974 0.104 0.973 0.113 0.973 0.113 0.972 0.114 0.971 0.133 0.971 0.133 0.97 0.134 0.969 0.141 0.969 0.141 0.968 0.142 0.967 0.143 0.967 0.143 0.966 0.144 0.965 0.145 0.965 0.145 0.938 0.144 0.938 0.143 0.937 0.143 0.936 0.142 0.936 0.141 0.935 0.141 0.934
4 0.543 0.522 0.022 0.02 0.54 0.512 0.54 0.513 0.539 0.514 0.534 0.514 0.534 0.515 0.533 0.516 0.532 0.516 0.532 0.527 0.533 0.527 0.534 0.528 0.534 0.529 0.535 0.529 0.536 0.53 0.536 0.531 0.545 0.531 0.545 0.53 0.546 0.529 0.549 0.529 0.549 0.528 0.55 0.527 0.551 0.527 0.551 0.524 0.552 0.523 0.553 0.523 0.553 0.516 0.552 0.516 0.551 0.515 0.551 0.512
2 0.384 0.193 0.16 0.078 0.446 0.154 0.446 0.155 0.445 0.156 0.444 0.156 0.444 0.159 0.443 0.16 0.44 0.16 0.439 0.159 0.439 0.158 0.428 0.158 0.428 0.159 0.427 0.16 0.406 0.16 0.406 0.161 0.405 0.162 0.396 0.162 0.396 0.163 0.395 0.164 0.368 0.164 0.367 0.163 0.367 0.162 0.346 0.162 0.346 0.163 0.345 0.164 0.332 0.164 0.332 0.165 0.331 0.166 0.324 0.166 0.324 0.167 0.323 0.168 0.32 0.168 0.319 0.167 0.319 0.166 0.318 0.166 0.318 0.167 0.317 0.168 0.306 0.168 0.306 0.169 0.305 0.17 0.304 0.17 0.304 0.191 0.305 0.191 0.306 0.192 0.306 0.225 0.307 0.225 0.308 0.226 0.308 0.231 0.311 0.231 0.311 0.23 0.312 0.229 0.319 0.229 0.319 0.228 0.32 0.227 0.327 0.227 0.327 0.226 0.328 0.225 0.379 0.225 0.379 0.224 0.38 0.223 0.391 0.223 0.391 0.222 0.392 0.221 0.401 0.221 0.401 0.22 0.402 0.219 0.413 0.219 0.413 0.218 0.414 0.217 0.449 0.217 0.449 0.216 0.45 0.215 0.455 0.215 0.455 0.214 0.456 0.213 0.463 0.213 0.463 0.208 0.462 0.208 0.461 0.207 0.461 0.182 0.46 0.182 0.459 0.181 0.459 0.158 0.458 0.158 0.457 0.157 0.457 0.154
4 0.505 0.716 0.026000000000000002 0.024 0.502 0.704 0.502 0.705 0.501 0.706 0.496 0.706 0.496 0.707 0.495 0.708 0.494 0.708 0.494 0.709 0.493 0.71 0.492 0.71 0.492 0.725 0.495 0.725 0.496 0.726 0.496 0.727 0.503 0.727 0.503 0.726 0.504 0.725 0.505 0.725 0.505 0.724 0.506 0.723 0.513 0.723 0.513 0.722 0.514 0.721 0.515 0.721 0.515 0.718 0.516 0.717 0.517 0.717 0.517 0.708 0.516 0.708 0.515 0.707 0.515 0.706 0.514 0.706 0.513 0.705 0.513 0.704
4 0.644 0.718 0.02 0.016 0.636 0.71 0.636 0.711 0.635 0.712 0.634 0.712 0.634 0.721 0.635 0.721 0.636 0.722 0.636 0.723 0.639 0.723 0.64 0.724 0.64 0.725 0.649 0.725 0.649 0.724 0.65 0.723 0.651 0.723 0.651 0.722 0.652 0.721 0.653 0.721 0.653 0.716 0.652 0.716 0.651 0.715 0.651 0.714 0.65 0.714 0.649 0.713 0.649 0.712 0.642 0.712 0.641 0.711 0.641 0.71
4 0.559 0.794 0.018000000000000002 0.016 0.554 0.786 0.554 0.787 0.553 0.788 0.552 0.788 0.552 0.791 0.551 0.792 0.55 0.792 0.55 0.799 0.551 0.799 0.552 0.8 0.552 0.801 0.561 0.801 0.561 0.8 0.562 0.799 0.565 0.799 0.565 0.796 0.566 0.795 0.567 0.795 0.567 0.786
7 0.098 0.038 0.032 0.048 0.092 0.014 0.092 0.015 0.091 0.016 0.088 0.016 0.088 0.021 0.087 0.022 0.086 0.022 0.086 0.027 0.085 0.028 0.084 0.028 0.084 0.047 0.083 0.048 0.082 0.048 0.082 0.059 0.103 0.059 0.104 0.06 0.104 0.061 0.107 0.061 0.107 0.058 0.108 0.057 0.109 0.057 0.109 0.048 0.11 0.047 0.111 0.047 0.111 0.036 0.112 0.035 0.113 0.035 0.113 0.014
4 0.505 0.81 0.026000000000000002 0.024 0.504 0.798 0.504 0.799 0.503 0.8 0.498 0.8 0.498 0.801 0.497 0.802 0.494 0.802 0.494 0.803 0.493 0.804 0.492 0.804 0.492 0.819 0.493 0.819 0.494 0.82 0.494 0.821 0.501 0.821 0.501 0.82 0.502 0.819 0.511 0.819 0.511 0.818 0.512 0.817 0.515 0.817 0.515 0.814 0.516 0.813 0.517 0.813 0.517 0.8 0.512 0.8 0.511 0.799 0.511 0.798
7 0.431 0.07100000000000001 0.01 0.01 0.426 0.066 0.426 0.075 0.435 0.075 0.435 0.068 0.434 0.068 0.433 0.067 0.433 0.066
7 0.577 0.105 0.018000000000000002 0.018000000000000002 0.576 0.096 0.576 0.097 0.575 0.098 0.568 0.098 0.568 0.109 0.571 0.109 0.572 0.11 0.572 0.111 0.575 0.111 0.576 0.112 0.576 0.113 0.577 0.113 0.577 0.112 0.578 0.111 0.581 0.111 0.581 0.11 0.582 0.109 0.583 0.109 0.583 0.108 0.584 0.107 0.585 0.107 0.585 0.1 0.584 0.1 0.583 0.099 0.583 0.098 0.58 0.098 0.579 0.097 0.579 0.096
4 0.417 0.109 0.014 0.022 0.412 0.098 0.412 0.099 0.411 0.1 0.41 0.1 0.41 0.117 0.413 0.117 0.414 0.118 0.414 0.119 0.419 0.119 0.419 0.118 0.42 0.117 0.423 0.117 0.423 0.104 0.422 0.104 0.421 0.103 0.421 0.1 0.42 0.1 0.419 0.099 0.419 0.098
7 0.609 0.612 0.014 0.012 0.606 0.606 0.606 0.607 0.605 0.608 0.604 0.608 0.604 0.609 0.603 0.61 0.602 0.61 0.602 0.613 0.603 0.613 0.604 0.614 0.604 0.615 0.605 0.615 0.606 0.616 0.606 0.617 0.613 0.617 0.613 0.616 0.614 0.615 0.615 0.615 0.615 0.61 0.614 0.61 0.613 0.609 0.613 0.608 0.61 0.608 0.609 0.607 0.609 0.606
7 0.098 0.8210000000000001 0.064 0.038 0.114 0.802 0.114 0.803 0.113 0.804 0.096 0.804 0.096 0.805 0.095 0.806 0.074 0.806 0.074 0.807 0.073 0.808 0.068 0.808 0.068 0.809 0.067 0.81 0.066 0.81 0.066 0.835 0.067 0.835 0.068 0.836 0.068 0.837 0.071 0.837 0.072 0.838 0.072 0.839 0.083 0.839 0.083 0.838 0.084 0.837 0.113 0.837 0.113 0.836 0.114 0.835 0.125 0.835 0.125 0.834 0.126 0.833 0.127 0.833 0.127 0.832 0.128 0.831 0.129 0.831 0.129 0.828 0.128 0.828 0.127 0.827 0.127 0.816 0.126 0.816 0.125 0.815 0.125 0.804 0.12 0.804 0.119 0.803 0.119 0.802
3 0.484 0.606 0.1 0.076 0.438 0.568 0.438 0.587 0.437 0.588 0.436 0.588 0.436 0.625 0.435 0.626 0.434 0.626 0.434 0.643 0.531 0.643 0.531 0.606 0.532 0.605 0.533 0.605 0.533 0.57 0.486 0.57 0.485 0.569 0.485 0.568
2 0.65 0.155 0.14 0.062 0.694 0.124 0.694 0.125 0.693 0.126 0.634 0.126 0.634 0.127 0.633 0.128 0.596 0.128 0.596 0.129 0.595 0.13 0.59 0.13 0.59 0.131 0.589 0.132 0.584 0.132 0.584 0.133 0.583 0.134 0.582 0.134 0.582 0.139 0.581 0.14 0.58 0.14 0.58 0.181 0.581 0.181 0.582 0.182 0.582 0.183 0.583 0.183 0.584 0.184 0.584 0.185 0.589 0.185 0.589 0.184 0.59 0.183 0.605 0.183 0.605 0.182 0.606 0.181 0.607 0.181 0.608 0.182 0.608 0.183 0.617 0.183 0.617 0.182 0.618 0.181 0.625 0.181 0.626 0.182 0.626 0.183 0.633 0.183 0.633 0.182 0.634 0.181 0.667 0.181 0.667 0.18 0.668 0.179 0.669 0.179 0.67 0.18 0.67 0.181 0.713 0.181 0.713 0.18 0.714 0.179 0.717 0.179 0.717 0.178 0.718 0.177 0.719 0.177 0.719 0.17 0.718 0.17 0.717 0.169 0.717 0.146 0.716 0.146 0.715 0.145 0.715 0.126 0.714 0.126 0.713 0.125 0.713 0.124
7 0.598 0.8170000000000001 0.008 0.01 0.598 0.812 0.598 0.813 0.597 0.814 0.594 0.814 0.594 0.819 0.595 0.819 0.596 0.82 0.596 0.821 0.601 0.821 0.601 0.814 0.6 0.814 0.599 0.813 0.599 0.812
4 0.627 0.641 0.018000000000000002 0.018000000000000002 0.62 0.632 0.62 0.633 0.619 0.634 0.618 0.634 0.618 0.639 0.619 0.639 0.62 0.64 0.62 0.645 0.621 0.645 0.622 0.646 0.622 0.647 0.625 0.647 0.626 0.648 0.626 0.649 0.629 0.649 0.629 0.648 0.63 0.647 0.633 0.647 0.633 0.646 0.634 0.645 0.635 0.645 0.635 0.636 0.634 0.636 0.633 0.635 0.633 0.634 0.632 0.634 0.631 0.633 0.631 0.632
7 0.049 0.965 0.054 0.038 0.054 0.946 0.054 0.947 0.053 0.948 0.038 0.948 0.038 0.949 0.037 0.95 0.026 0.95 0.026 0.951 0.025 0.952 0.022 0.952 0.022 0.961 0.023 0.961 0.024 0.962 0.024 0.977 0.025 0.977 0.026 0.978 0.026 0.981 0.027 0.981 0.028 0.982 0.028 0.983 0.033 0.983 0.033 0.982 0.034 0.981 0.057 0.981 0.057 0.98 0.058 0.979 0.071 0.979 0.071 0.978 0.072 0.977 0.075 0.977 0.075 0.95 0.074 0.95 0.073 0.949 0.073 0.948 0.07 0.948 0.069 0.947 0.069 0.946
