7 0.114 0.026000000000000002 0.02 0.012 0.108 0.02 0.108 0.021 0.107 0.022 0.106 0.022 0.106 0.023 0.105 0.024 0.104 0.024 0.104 0.031 0.119 0.031 0.119 0.03 0.12 0.029 0.121 0.029 0.121 0.028 0.122 0.027 0.123 0.027 0.123 0.02
4 0.156 0.128 0.012 0.012 0.15 0.122 0.15 0.129 0.151 0.129 0.152 0.13 0.152 0.131 0.153 0.131 0.154 0.132 0.154 0.133 0.159 0.133 0.159 0.132 0.16 0.131 0.161 0.131 0.161 0.122
4 0.159 0.092 0.014 0.012 0.156 0.086 0.156 0.087 0.155 0.088 0.154 0.088 0.154 0.089 0.153 0.09 0.152 0.09 0.152 0.095 0.153 0.095 0.154 0.096 0.154 0.097 0.165 0.097 0.165 0.088 0.16 0.088 0.159 0.087 0.159 0.086
3 0.124 0.353 0.06 0.082 0.106 0.312 0.106 0.313 0.105 0.314 0.104 0.314 0.104 0.315 0.103 0.316 0.102 0.316 0.102 0.327 0.101 0.328 0.1 0.328 0.1 0.339 0.099 0.34 0.098 0.34 0.098 0.355 0.097 0.356 0.096 0.356 0.096 0.369 0.095 0.37 0.094 0.37 0.094 0.383 0.095 0.383 0.096 0.384 0.096 0.385 0.099 0.385 0.1 0.386 0.1 0.387 0.105 0.387 0.106 0.388 0.106 0.389 0.109 0.389 0.11 0.39 0.11 0.391 0.127 0.391 0.128 0.392 0.128 0.393 0.151 0.393 0.151 0.35 0.152 0.349 0.153 0.349 0.153 0.342 0.152 0.342 0.151 0.341 0.151 0.328 0.15 0.328 0.149 0.327 0.149 0.326 0.148 0.326 0.147 0.325 0.147 0.324 0.138 0.324 0.138 0.325 0.137 0.326 0.134 0.326 0.133 0.325 0.133 0.324 0.132 0.324 0.131 0.323 0.131 0.322 0.13 0.322 0.13 0.323 0.129 0.324 0.126 0.324 0.125 0.323 0.125 0.322 0.124 0.322 0.123 0.321 0.123 0.32 0.112 0.32 0.111 0.319 0.111 0.318 0.11 0.318 0.109 0.317 0.109 0.314 0.108 0.314 0.107 0.313 0.107 0.312
3 0.065 0.10400000000000001 0.078 0.10400000000000001 0.036 0.052 0.036 0.053 0.035 0.054 0.034 0.054 0.034 0.057 0.033 0.058 0.032 0.058 0.032 0.085 0.031 0.086 0.03 0.086 0.03 0.107 0.029 0.108 0.028 0.108 0.028 0.145 0.027 0.146 0.026 0.146 0.026 0.151 0.027 0.151 0.028 0.152 0.028 0.155 0.037 0.155 0.037 0.154 0.038 0.153 0.043 0.153 0.043 0.152 0.044 0.151 0.053 0.151 0.053 0.15 0.054 0.149 0.057 0.149 0.057 0.148 0.058 0.147 0.065 0.147 0.065 0.146 0.066 0.145 0.071 0.145 0.071 0.144 0.072 0.143 0.077 0.143 0.077 0.142 0.078 0.141 0.087 0.141 0.087 0.14 0.088 0.139 0.089 0.139 0.089 0.136 0.09 0.135 0.091 0.135 0.091 0.134 0.092 0.133 0.093 0.133 0.093 0.13 0.094 0.129 0.095 0.129 0.095 0.122 0.096 0.121 0.097 0.121 0.097 0.106 0.098 0.105 0.099 0.105 0.099 0.09 0.1 0.089 0.101 0.089 0.101 0.074 0.102 0.073 0.103 0.073 0.103 0.056 0.1 0.056 0.099 0.055 0.099 0.054 0.038 0.054 0.037 0.053 0.037 0.052
4 0.153 0.188 0.018000000000000002 0.02 0.152 0.178 0.152 0.179 0.151 0.18 0.146 0.18 0.146 0.181 0.145 0.182 0.144 0.182 0.144 0.193 0.145 0.193 0.146 0.194 0.146 0.195 0.151 0.195 0.152 0.196 0.152 0.197 0.153 0.197 0.153 0.196 0.154 0.195 0.159 0.195 0.159 0.192 0.16 0.191 0.161 0.191 0.161 0.18 0.156 0.18 0.155 0.179 0.155 0.178
4 0.541 0.251 0.018000000000000002 0.014 0.536 0.244 0.536 0.245 0.535 0.246 0.534 0.246 0.534 0.247 0.533 0.248 0.532 0.248 0.532 0.251 0.533 0.251 0.534 0.252 0.534 0.255 0.537 0.255 0.538 0.256 0.538 0.257 0.541 0.257 0.541 0.256 0.542 0.255 0.547 0.255 0.547 0.254 0.548 0.253 0.549 0.253 0.549 0.244
4 0.6900000000000001 0.258 0.024 0.028 0.684 0.244 0.684 0.245 0.683 0.246 0.68 0.246 0.68 0.249 0.679 0.25 0.678 0.25 0.678 0.253 0.679 0.253 0.68 0.254 0.68 0.259 0.681 0.259 0.682 0.26 0.682 0.263 0.683 0.263 0.684 0.264 0.684 0.265 0.685 0.265 0.686 0.266 0.686 0.267 0.687 0.267 0.688 0.268 0.688 0.269 0.691 0.269 0.692 0.27 0.692 0.271 0.693 0.271 0.693 0.27 0.694 0.269 0.699 0.269 0.699 0.268 0.7 0.267 0.701 0.267 0.701 0.262 0.7 0.262 0.699 0.261 0.699 0.25 0.698 0.25 0.697 0.249 0.697 0.246 0.696 0.246 0.695 0.245 0.695 0.244
4 0.546 0.302 0.016 0.02 0.538 0.292 0.538 0.305 0.539 0.305 0.54 0.306 0.54 0.309 0.543 0.309 0.544 0.31 0.544 0.311 0.551 0.311 0.551 0.308 0.552 0.307 0.553 0.307 0.553 0.306 0.552 0.306 0.551 0.305 0.551 0.294 0.55 0.294 0.549 0.293 0.549 0.292
4 0.176 0.307 0.016 0.018000000000000002 0.174 0.298 0.174 0.299 0.173 0.3 0.172 0.3 0.172 0.301 0.171 0.302 0.17 0.302 0.17 0.307 0.169 0.308 0.168 0.308 0.168 0.311 0.169 0.311 0.17 0.312 0.17 0.315 0.181 0.315 0.181 0.312 0.182 0.311 0.183 0.311 0.183 0.3 0.182 0.3 0.181 0.299 0.181 0.298
5 0.608 0.202 0.016 0.016 0.6 0.194 0.6 0.209 0.611 0.209 0.611 0.208 0.612 0.207 0.613 0.207 0.613 0.206 0.614 0.205 0.615 0.205 0.615 0.2 0.614 0.2 0.613 0.199 0.613 0.194
5 0.23700000000000002 0.266 0.018000000000000002 0.012 0.228 0.26 0.228 0.267 0.229 0.267 0.23 0.268 0.23 0.269 0.231 0.269 0.232 0.27 0.232 0.271 0.243 0.271 0.243 0.27 0.244 0.269 0.245 0.269 0.245 0.262 0.242 0.262 0.241 0.261 0.241 0.26
7 0.588 0.308 0.012 0.012 0.584 0.302 0.584 0.303 0.583 0.304 0.582 0.304 0.582 0.311 0.583 0.311 0.584 0.312 0.584 0.313 0.593 0.313 0.593 0.302
7 0.526 0.323 0.012 0.01 0.52 0.318 0.52 0.325 0.523 0.325 0.524 0.326 0.524 0.327 0.529 0.327 0.529 0.326 0.53 0.325 0.531 0.325 0.531 0.32 0.53 0.32 0.529 0.319 0.529 0.318
5 0.518 0.451 0.016 0.014 0.512 0.444 0.512 0.445 0.511 0.446 0.51 0.446 0.51 0.451 0.511 0.451 0.512 0.452 0.512 0.457 0.521 0.457 0.521 0.456 0.522 0.455 0.525 0.455 0.525 0.452 0.524 0.452 0.523 0.451 0.523 0.448 0.522 0.448 0.521 0.447 0.521 0.444 0.518 0.444 0.518 0.445 0.517 0.446 0.516 0.446 0.515 0.445 0.515 0.444
