4 0.994 0.457 0.012 0.018000000000000002 0.998 0.448 0.998 0.449 0.997 0.45 0.99 0.45 0.99 0.453 0.989 0.454 0.988 0.454 0.988 0.463 0.989 0.463 0.99 0.464 0.99 0.465 0.999 0.465 0.999 0.448
1 0.488 0.546 0.18 0.056 0.412 0.518 0.412 0.519 0.411 0.52 0.4 0.52 0.4 0.521 0.399 0.522 0.398 0.522 0.398 0.533 0.399 0.533 0.4 0.534 0.4 0.569 0.401 0.569 0.402 0.57 0.402 0.571 0.411 0.571 0.412 0.572 0.412 0.573 0.497 0.573 0.497 0.572 0.498 0.571 0.501 0.571 0.501 0.562 0.502 0.561 0.503 0.561 0.503 0.56 0.504 0.559 0.555 0.559 0.555 0.558 0.556 0.557 0.575 0.557 0.576 0.558 0.576 0.559 0.577 0.559 0.577 0.532 0.576 0.532 0.575 0.531 0.575 0.524 0.574 0.524 0.573 0.523 0.573 0.522 0.518 0.522 0.517 0.521 0.517 0.52 0.424 0.52 0.423 0.519 0.423 0.518
4 0.021 0.393 0.026000000000000002 0.022 0.012 0.382 0.012 0.385 0.011 0.386 0.01 0.386 0.01 0.393 0.009 0.394 0.008 0.394 0.008 0.399 0.009 0.399 0.01 0.4 0.01 0.401 0.011 0.401 0.012 0.402 0.012 0.403 0.031 0.403 0.031 0.402 0.032 0.401 0.033 0.401 0.033 0.382
4 0.099 0.392 0.03 0.02 0.09 0.382 0.09 0.383 0.089 0.384 0.086 0.384 0.086 0.389 0.085 0.39 0.084 0.39 0.084 0.397 0.085 0.397 0.086 0.398 0.086 0.401 0.109 0.401 0.109 0.4 0.11 0.399 0.111 0.399 0.111 0.396 0.112 0.395 0.113 0.395 0.113 0.388 0.112 0.388 0.111 0.387 0.111 0.382
4 0.155 0.392 0.014 0.02 0.154 0.382 0.154 0.383 0.153 0.384 0.15 0.384 0.15 0.385 0.149 0.386 0.148 0.386 0.148 0.395 0.149 0.395 0.15 0.396 0.15 0.399 0.153 0.399 0.154 0.4 0.154 0.401 0.155 0.401 0.155 0.4 0.156 0.399 0.159 0.399 0.159 0.398 0.16 0.397 0.161 0.397 0.161 0.386 0.16 0.386 0.159 0.385 0.159 0.384 0.156 0.384 0.155 0.383 0.155 0.382
4 0.732 0.427 0.016 0.018000000000000002 0.726 0.418 0.726 0.419 0.725 0.42 0.724 0.42 0.724 0.433 0.725 0.433 0.726 0.434 0.726 0.435 0.737 0.435 0.737 0.434 0.738 0.433 0.739 0.433 0.739 0.42 0.738 0.42 0.737 0.419 0.737 0.418
4 0.182 0.463 0.02 0.022 0.176 0.452 0.176 0.453 0.175 0.454 0.172 0.454 0.172 0.469 0.175 0.469 0.176 0.47 0.176 0.471 0.183 0.471 0.184 0.472 0.184 0.473 0.185 0.473 0.185 0.472 0.186 0.471 0.189 0.471 0.189 0.464 0.19 0.463 0.191 0.463 0.191 0.454 0.184 0.454 0.183 0.453 0.183 0.452
4 0.019 0.538 0.03 0.02 0.008 0.528 0.008 0.529 0.007 0.53 0.006 0.53 0.006 0.531 0.005 0.532 0.004 0.532 0.004 0.543 0.005 0.543 0.006 0.544 0.006 0.545 0.009 0.545 0.01 0.546 0.01 0.547 0.031 0.547 0.031 0.546 0.032 0.545 0.033 0.545 0.033 0.532 0.032 0.532 0.031 0.531 0.031 0.53 0.02 0.53 0.019 0.529 0.019 0.528
4 0.097 0.541 0.034 0.014 0.082 0.534 0.082 0.535 0.081 0.536 0.08 0.536 0.08 0.537 0.081 0.537 0.082 0.538 0.082 0.545 0.083 0.545 0.084 0.546 0.084 0.547 0.111 0.547 0.111 0.546 0.112 0.545 0.113 0.545 0.113 0.54 0.112 0.54 0.111 0.539 0.111 0.536 0.11 0.536 0.109 0.535 0.109 0.534
4 0.17500000000000002 0.542 0.034 0.016 0.162 0.534 0.162 0.535 0.161 0.536 0.16 0.536 0.16 0.537 0.159 0.538 0.158 0.538 0.158 0.547 0.159 0.547 0.16 0.548 0.16 0.549 0.185 0.549 0.185 0.548 0.186 0.547 0.189 0.547 0.189 0.546 0.19 0.545 0.191 0.545 0.191 0.538 0.19 0.538 0.189 0.537 0.189 0.536 0.184 0.536 0.183 0.535 0.183 0.534
5 0.973 0.525 0.018000000000000002 0.03 0.966 0.51 0.966 0.511 0.965 0.512 0.964 0.512 0.964 0.537 0.965 0.537 0.966 0.538 0.966 0.539 0.981 0.539 0.981 0.51
7 0.708 0.491 0.016 0.018000000000000002 0.702 0.482 0.702 0.483 0.701 0.484 0.7 0.484 0.7 0.497 0.701 0.497 0.702 0.498 0.702 0.499 0.713 0.499 0.713 0.494 0.714 0.493 0.715 0.493 0.715 0.486 0.714 0.486 0.713 0.485 0.713 0.484 0.712 0.484 0.711 0.483 0.711 0.482
4 0.552 0.5720000000000001 0.048 0.024 0.528 0.56 0.528 0.583 0.575 0.583 0.575 0.56
2 0.489 0.617 0.19 0.066 0.396 0.584 0.396 0.621 0.395 0.622 0.394 0.622 0.394 0.643 0.433 0.643 0.434 0.644 0.434 0.645 0.497 0.645 0.498 0.646 0.498 0.647 0.559 0.647 0.56 0.648 0.56 0.649 0.583 0.649 0.583 0.588 0.524 0.588 0.523 0.587 0.523 0.586 0.43 0.586 0.429 0.585 0.429 0.584
6 0.211 0.599 0.114 0.074 0.156 0.562 0.156 0.597 0.155 0.598 0.154 0.598 0.154 0.623 0.155 0.623 0.156 0.624 0.156 0.625 0.157 0.625 0.158 0.626 0.158 0.627 0.161 0.627 0.162 0.628 0.162 0.629 0.181 0.629 0.182 0.63 0.182 0.631 0.199 0.631 0.2 0.632 0.2 0.633 0.221 0.633 0.222 0.634 0.222 0.635 0.265 0.635 0.265 0.632 0.266 0.631 0.267 0.631 0.267 0.616 0.266 0.616 0.265 0.615 0.265 0.608 0.266 0.607 0.267 0.607 0.267 0.606 0.266 0.606 0.265 0.605 0.265 0.6 0.266 0.599 0.267 0.599 0.267 0.566 0.266 0.566 0.265 0.565 0.265 0.564 0.264 0.564 0.263 0.563 0.263 0.562
5 0.707 0.509 0.014 0.014 0.702 0.502 0.702 0.503 0.701 0.504 0.7 0.504 0.7 0.509 0.701 0.509 0.702 0.51 0.702 0.513 0.703 0.513 0.704 0.514 0.704 0.515 0.711 0.515 0.711 0.514 0.712 0.513 0.713 0.513 0.713 0.504 0.712 0.504 0.711 0.503 0.711 0.502
7 0.973 0.49 0.01 0.008 0.968 0.486 0.968 0.491 0.969 0.491 0.97 0.492 0.97 0.493 0.975 0.493 0.975 0.492 0.976 0.491 0.977 0.491 0.977 0.488 0.976 0.488 0.975 0.487 0.975 0.486
5 0.178 0.482 0.016 0.024 0.172 0.47 0.172 0.471 0.171 0.472 0.17 0.472 0.17 0.487 0.171 0.487 0.172 0.488 0.172 0.489 0.173 0.489 0.174 0.49 0.174 0.491 0.175 0.491 0.176 0.492 0.176 0.493 0.181 0.493 0.181 0.492 0.182 0.491 0.183 0.491 0.183 0.488 0.184 0.487 0.185 0.487 0.185 0.474 0.184 0.474 0.183 0.473 0.183 0.472 0.178 0.472 0.177 0.471 0.177 0.47
4 0.762 0.5730000000000001 0.016 0.014 0.756 0.566 0.756 0.567 0.755 0.568 0.754 0.568 0.754 0.575 0.755 0.575 0.756 0.576 0.756 0.577 0.757 0.577 0.758 0.578 0.758 0.579 0.765 0.579 0.765 0.578 0.766 0.577 0.767 0.577 0.767 0.574 0.768 0.573 0.769 0.573 0.769 0.568 0.768 0.568 0.767 0.567 0.767 0.566
7 0.181 0.43 0.01 0.008 0.176 0.426 0.176 0.431 0.177 0.431 0.178 0.432 0.178 0.433 0.183 0.433 0.183 0.432 0.184 0.431 0.185 0.431 0.185 0.426
6 0.6920000000000001 0.623 0.196 0.062 0.69 0.592 0.69 0.593 0.689 0.594 0.666 0.594 0.666 0.595 0.665 0.596 0.594 0.596 0.594 0.645 0.595 0.645 0.596 0.646 0.596 0.647 0.627 0.647 0.628 0.648 0.628 0.649 0.657 0.649 0.658 0.65 0.658 0.651 0.723 0.651 0.724 0.652 0.724 0.653 0.779 0.653 0.779 0.652 0.78 0.651 0.785 0.651 0.785 0.648 0.786 0.647 0.787 0.647 0.787 0.636 0.788 0.635 0.789 0.635 0.789 0.594 0.746 0.594 0.745 0.593 0.745 0.592
4 0.681 0.428 0.018000000000000002 0.02 0.676 0.418 0.676 0.419 0.675 0.42 0.674 0.42 0.674 0.425 0.673 0.426 0.672 0.426 0.672 0.435 0.673 0.435 0.674 0.436 0.674 0.437 0.687 0.437 0.687 0.436 0.688 0.435 0.689 0.435 0.689 0.42 0.688 0.42 0.687 0.419 0.687 0.418
4 0.554 0.427 0.012 0.014 0.55 0.42 0.55 0.423 0.549 0.424 0.548 0.424 0.548 0.429 0.549 0.429 0.55 0.43 0.55 0.431 0.551 0.431 0.552 0.432 0.552 0.433 0.559 0.433 0.559 0.422 0.558 0.422 0.557 0.421 0.557 0.42
4 0.467 0.429 0.014 0.014 0.46 0.422 0.46 0.431 0.461 0.431 0.462 0.432 0.462 0.433 0.465 0.433 0.466 0.434 0.466 0.435 0.467 0.435 0.467 0.434 0.468 0.433 0.471 0.433 0.471 0.432 0.472 0.431 0.473 0.431 0.473 0.424 0.472 0.424 0.471 0.423 0.471 0.422
4 0.625 0.422 0.034 0.016 0.61 0.414 0.61 0.415 0.609 0.416 0.608 0.416 0.608 0.425 0.609 0.425 0.61 0.426 0.61 0.427 0.623 0.427 0.624 0.428 0.624 0.429 0.627 0.429 0.627 0.428 0.628 0.427 0.635 0.427 0.635 0.426 0.636 0.425 0.639 0.425 0.639 0.424 0.64 0.423 0.641 0.423 0.641 0.416 0.64 0.416 0.639 0.415 0.639 0.414
4 0.6980000000000001 0.5710000000000001 0.02 0.014 0.692 0.564 0.692 0.565 0.691 0.566 0.688 0.566 0.688 0.575 0.691 0.575 0.692 0.576 0.692 0.577 0.701 0.577 0.701 0.576 0.702 0.575 0.705 0.575 0.705 0.574 0.706 0.573 0.707 0.573 0.707 0.566 0.706 0.566 0.705 0.565 0.705 0.564
4 0.622 0.5700000000000001 0.02 0.016 0.614 0.562 0.614 0.563 0.613 0.564 0.612 0.564 0.612 0.573 0.613 0.573 0.614 0.574 0.614 0.575 0.617 0.575 0.618 0.576 0.618 0.577 0.619 0.577 0.619 0.576 0.62 0.575 0.629 0.575 0.629 0.572 0.63 0.571 0.631 0.571 0.631 0.564 0.63 0.564 0.629 0.563 0.629 0.562
4 0.23500000000000001 0.544 0.018000000000000002 0.02 0.23 0.534 0.23 0.535 0.229 0.536 0.228 0.536 0.228 0.539 0.227 0.54 0.226 0.54 0.226 0.545 0.227 0.545 0.228 0.546 0.228 0.551 0.229 0.551 0.23 0.552 0.23 0.553 0.239 0.553 0.239 0.552 0.24 0.551 0.241 0.551 0.241 0.55 0.242 0.549 0.243 0.549 0.243 0.538 0.242 0.538 0.241 0.537 0.241 0.536 0.238 0.536 0.237 0.535 0.237 0.534
4 0.203 0.399 0.014 0.014 0.2 0.392 0.2 0.393 0.199 0.394 0.198 0.394 0.198 0.395 0.197 0.396 0.196 0.396 0.196 0.405 0.207 0.405 0.207 0.402 0.208 0.401 0.209 0.401 0.209 0.398 0.208 0.398 0.207 0.397 0.207 0.394 0.204 0.394 0.203 0.393 0.203 0.392
