4 0.742 0.018000000000000002 0.02 0.02 0.74 0.008 0.74 0.009 0.739 0.01 0.738 0.01 0.738 0.011 0.737 0.012 0.736 0.012 0.736 0.013 0.735 0.014 0.734 0.014 0.734 0.017 0.733 0.018 0.732 0.018 0.732 0.023 0.733 0.023 0.734 0.024 0.734 0.025 0.737 0.025 0.738 0.026 0.738 0.027 0.745 0.027 0.745 0.026 0.746 0.025 0.747 0.025 0.747 0.024 0.748 0.023 0.749 0.023 0.749 0.02 0.75 0.019 0.751 0.019 0.751 0.014 0.75 0.014 0.749 0.013 0.749 0.012 0.748 0.012 0.747 0.011 0.747 0.01 0.744 0.01 0.743 0.009 0.743 0.008
4 0.55 0.506 0.016 0.02 0.55 0.496 0.55 0.497 0.549 0.498 0.546 0.498 0.546 0.499 0.545 0.5 0.544 0.5 0.544 0.501 0.543 0.502 0.542 0.502 0.542 0.509 0.545 0.509 0.546 0.51 0.546 0.513 0.547 0.513 0.548 0.514 0.548 0.515 0.553 0.515 0.553 0.514 0.554 0.513 0.555 0.513 0.555 0.508 0.556 0.507 0.557 0.507 0.557 0.498 0.554 0.498 0.553 0.497 0.553 0.496
4 0.47300000000000003 0.442 0.018000000000000002 0.02 0.466 0.432 0.466 0.433 0.465 0.434 0.464 0.434 0.464 0.447 0.465 0.447 0.466 0.448 0.466 0.449 0.467 0.449 0.468 0.45 0.468 0.451 0.479 0.451 0.479 0.45 0.48 0.449 0.481 0.449 0.481 0.438 0.48 0.438 0.479 0.437 0.479 0.436 0.476 0.436 0.475 0.435 0.475 0.432
4 0.499 0.432 0.026000000000000002 0.024 0.488 0.42 0.488 0.425 0.487 0.426 0.486 0.426 0.486 0.429 0.487 0.429 0.488 0.43 0.488 0.435 0.489 0.435 0.49 0.436 0.49 0.439 0.491 0.439 0.492 0.44 0.492 0.441 0.495 0.441 0.496 0.442 0.496 0.443 0.499 0.443 0.499 0.442 0.5 0.441 0.503 0.441 0.503 0.44 0.504 0.439 0.505 0.439 0.505 0.438 0.506 0.437 0.507 0.437 0.507 0.436 0.508 0.435 0.509 0.435 0.509 0.434 0.51 0.433 0.511 0.433 0.511 0.43 0.51 0.43 0.509 0.429 0.509 0.428 0.506 0.428 0.505 0.427 0.505 0.426 0.504 0.426 0.503 0.425 0.503 0.424 0.502 0.424 0.501 0.423 0.501 0.422 0.498 0.422 0.497 0.421 0.497 0.42
4 0.47700000000000004 0.601 0.014 0.018000000000000002 0.476 0.592 0.476 0.593 0.475 0.594 0.472 0.594 0.472 0.597 0.471 0.598 0.47 0.598 0.47 0.605 0.471 0.605 0.472 0.606 0.472 0.607 0.475 0.607 0.476 0.608 0.476 0.609 0.477 0.609 0.477 0.608 0.478 0.607 0.479 0.607 0.479 0.606 0.48 0.605 0.481 0.605 0.481 0.604 0.482 0.603 0.483 0.603 0.483 0.596 0.482 0.596 0.481 0.595 0.481 0.594 0.48 0.594 0.479 0.593 0.479 0.592
4 0.29 0.755 0.016 0.014 0.286 0.748 0.286 0.749 0.285 0.75 0.284 0.75 0.284 0.753 0.283 0.754 0.282 0.754 0.282 0.755 0.283 0.755 0.284 0.756 0.284 0.759 0.285 0.759 0.286 0.76 0.286 0.761 0.295 0.761 0.295 0.76 0.296 0.759 0.297 0.759 0.297 0.754 0.296 0.754 0.295 0.753 0.295 0.752 0.294 0.752 0.293 0.751 0.293 0.75 0.29 0.75 0.289 0.749 0.289 0.748
4 0.202 0.847 0.016 0.018000000000000002 0.2 0.838 0.2 0.839 0.199 0.84 0.196 0.84 0.196 0.843 0.195 0.844 0.194 0.844 0.194 0.851 0.195 0.851 0.196 0.852 0.196 0.853 0.197 0.853 0.198 0.854 0.198 0.855 0.205 0.855 0.205 0.854 0.206 0.853 0.207 0.853 0.207 0.852 0.208 0.851 0.209 0.851 0.209 0.844 0.208 0.844 0.207 0.843 0.207 0.842 0.206 0.842 0.205 0.841 0.205 0.84 0.204 0.84 0.203 0.839 0.203 0.838
4 0.257 0.886 0.022 0.02 0.25 0.876 0.25 0.877 0.249 0.878 0.248 0.878 0.248 0.881 0.247 0.882 0.246 0.882 0.246 0.885 0.247 0.885 0.248 0.886 0.248 0.889 0.249 0.889 0.25 0.89 0.25 0.891 0.251 0.891 0.252 0.892 0.252 0.893 0.257 0.893 0.258 0.894 0.258 0.895 0.259 0.895 0.259 0.894 0.26 0.893 0.263 0.893 0.263 0.892 0.264 0.891 0.265 0.891 0.265 0.89 0.266 0.889 0.267 0.889 0.267 0.882 0.266 0.882 0.265 0.881 0.265 0.88 0.262 0.88 0.261 0.879 0.261 0.878 0.26 0.878 0.259 0.877 0.259 0.876
5 0.251 0.085 0.014 0.014 0.246 0.078 0.246 0.081 0.245 0.082 0.244 0.082 0.244 0.087 0.245 0.087 0.246 0.088 0.246 0.089 0.249 0.089 0.25 0.09 0.25 0.091 0.251 0.091 0.251 0.09 0.252 0.089 0.253 0.089 0.253 0.088 0.254 0.087 0.255 0.087 0.255 0.086 0.256 0.085 0.257 0.085 0.257 0.08 0.256 0.08 0.255 0.079 0.255 0.078
5 0.447 0.494 0.022 0.02 0.438 0.484 0.438 0.487 0.437 0.488 0.436 0.488 0.436 0.495 0.437 0.495 0.438 0.496 0.438 0.497 0.439 0.497 0.44 0.498 0.44 0.499 0.441 0.499 0.442 0.5 0.442 0.501 0.445 0.501 0.446 0.502 0.446 0.503 0.449 0.503 0.449 0.502 0.45 0.501 0.453 0.501 0.453 0.5 0.454 0.499 0.455 0.499 0.455 0.496 0.456 0.495 0.457 0.495 0.457 0.492 0.456 0.492 0.455 0.491 0.455 0.488 0.454 0.488 0.453 0.487 0.453 0.486 0.446 0.486 0.445 0.485 0.445 0.484
5 0.128 0.604 0.016 0.016 0.124 0.596 0.124 0.597 0.123 0.598 0.122 0.598 0.122 0.599 0.121 0.6 0.12 0.6 0.12 0.609 0.121 0.609 0.122 0.61 0.122 0.611 0.131 0.611 0.131 0.61 0.132 0.609 0.133 0.609 0.133 0.604 0.134 0.603 0.135 0.603 0.135 0.598 0.132 0.598 0.131 0.597 0.131 0.596
5 0.11 0.6880000000000001 0.024 0.024 0.106 0.676 0.106 0.677 0.105 0.678 0.102 0.678 0.102 0.679 0.101 0.68 0.1 0.68 0.1 0.681 0.099 0.682 0.098 0.682 0.098 0.691 0.099 0.691 0.1 0.692 0.1 0.693 0.101 0.693 0.102 0.694 0.102 0.695 0.103 0.695 0.104 0.696 0.104 0.697 0.107 0.697 0.108 0.698 0.108 0.699 0.111 0.699 0.111 0.698 0.112 0.697 0.113 0.697 0.113 0.696 0.114 0.695 0.115 0.695 0.115 0.694 0.116 0.693 0.117 0.693 0.117 0.692 0.118 0.691 0.119 0.691 0.119 0.688 0.12 0.687 0.121 0.687 0.121 0.686 0.12 0.686 0.119 0.685 0.119 0.684 0.118 0.684 0.117 0.683 0.117 0.682 0.116 0.682 0.115 0.681 0.115 0.68 0.114 0.68 0.113 0.679 0.113 0.678 0.108 0.678 0.107 0.677 0.107 0.676
5 0.218 0.789 0.024 0.022 0.212 0.778 0.212 0.779 0.211 0.78 0.21 0.78 0.21 0.781 0.209 0.782 0.208 0.782 0.208 0.785 0.207 0.786 0.206 0.786 0.206 0.793 0.209 0.793 0.21 0.794 0.21 0.797 0.211 0.797 0.212 0.798 0.212 0.799 0.221 0.799 0.221 0.798 0.222 0.797 0.223 0.797 0.223 0.796 0.224 0.795 0.225 0.795 0.225 0.792 0.226 0.791 0.227 0.791 0.227 0.788 0.228 0.787 0.229 0.787 0.229 0.782 0.226 0.782 0.225 0.781 0.225 0.78 0.222 0.78 0.221 0.779 0.221 0.778
6 0.108 0.757 0.092 0.10200000000000001 0.104 0.706 0.104 0.709 0.103 0.71 0.102 0.71 0.102 0.711 0.101 0.712 0.1 0.712 0.1 0.713 0.099 0.714 0.098 0.714 0.098 0.715 0.097 0.716 0.096 0.716 0.096 0.719 0.095 0.72 0.094 0.72 0.094 0.723 0.093 0.724 0.092 0.724 0.092 0.725 0.091 0.726 0.09 0.726 0.09 0.727 0.089 0.728 0.088 0.728 0.088 0.729 0.087 0.73 0.086 0.73 0.086 0.733 0.085 0.734 0.084 0.734 0.084 0.735 0.083 0.736 0.082 0.736 0.082 0.737 0.081 0.738 0.08 0.738 0.08 0.741 0.079 0.742 0.078 0.742 0.078 0.743 0.077 0.744 0.076 0.744 0.076 0.747 0.075 0.748 0.074 0.748 0.074 0.749 0.073 0.75 0.072 0.75 0.072 0.751 0.071 0.752 0.07 0.752 0.07 0.753 0.069 0.754 0.068 0.754 0.068 0.757 0.067 0.758 0.066 0.758 0.066 0.759 0.065 0.76 0.064 0.76 0.064 0.761 0.063 0.762 0.062 0.762 0.062 0.771 0.065 0.771 0.066 0.772 0.066 0.773 0.067 0.773 0.068 0.774 0.068 0.775 0.069 0.775 0.07 0.776 0.07 0.777 0.073 0.777 0.074 0.778 0.074 0.779 0.075 0.779 0.076 0.78 0.076 0.781 0.079 0.781 0.08 0.782 0.08 0.783 0.081 0.783 0.082 0.784 0.082 0.785 0.083 0.785 0.084 0.786 0.084 0.787 0.085 0.787 0.086 0.788 0.086 0.789 0.089 0.789 0.09 0.79 0.09 0.791 0.091 0.791 0.092 0.792 0.092 0.793 0.093 0.793 0.094 0.794 0.094 0.795 0.097 0.795 0.098 0.796 0.098 0.797 0.099 0.797 0.1 0.798 0.1 0.799 0.103 0.799 0.104 0.8 0.104 0.801 0.105 0.801 0.106 0.802 0.106 0.803 0.107 0.803 0.108 0.804 0.108 0.805 0.109 0.805 0.11 0.806 0.11 0.807 0.113 0.807 0.113 0.806 0.114 0.805 0.115 0.805 0.116 0.806 0.116 0.807 0.121 0.807 0.121 0.806 0.122 0.805 0.123 0.805 0.123 0.804 0.124 0.803 0.127 0.803 0.127 0.8 0.128 0.799 0.129 0.799 0.129 0.794 0.13 0.793 0.131 0.793 0.131 0.79 0.132 0.789 0.133 0.789 0.133 0.786 0.134 0.785 0.135 0.785 0.135 0.784 0.136 0.783 0.137 0.783 0.137 0.78 0.138 0.779 0.139 0.779 0.139 0.776 0.14 0.775 0.141 0.775 0.141 0.772 0.142 0.771 0.143 0.771 0.143 0.768 0.144 0.767 0.145 0.767 0.145 0.762 0.146 0.761 0.147 0.761 0.147 0.758 0.148 0.757 0.149 0.757 0.149 0.752 0.15 0.751 0.151 0.751 0.151 0.748 0.152 0.747 0.153 0.747 0.153 0.738 0.152 0.738 0.151 0.737 0.151 0.736 0.148 0.736 0.147 0.735 0.147 0.734 0.146 0.734 0.145 0.733 0.145 0.732 0.144 0.732 0.143 0.731 0.143 0.73 0.14 0.73 0.139 0.729 0.139 0.728 0.138 0.728 0.137 0.727 0.137 0.726 0.134 0.726 0.133 0.725 0.133 0.724 0.132 0.724 0.131 0.723 0.131 0.722 0.13 0.722 0.129 0.721 0.129 0.72 0.128 0.72 0.127 0.719 0.127 0.718 0.126 0.718 0.125 0.717 0.125 0.716 0.124 0.716 0.123 0.715 0.123 0.714 0.12 0.714 0.119 0.713 0.119 0.712 0.118 0.712 0.117 0.711 0.117 0.71 0.116 0.71 0.115 0.709 0.115 0.708 0.114 0.708 0.113 0.707 0.113 0.706
7 0.192 0.771 0.012 0.01 0.192 0.766 0.192 0.767 0.191 0.768 0.19 0.768 0.19 0.769 0.189 0.77 0.186 0.77 0.186 0.771 0.187 0.771 0.188 0.772 0.188 0.773 0.189 0.773 0.19 0.774 0.19 0.775 0.195 0.775 0.195 0.774 0.196 0.773 0.197 0.773 0.197 0.77 0.196 0.77 0.195 0.769 0.195 0.768 0.194 0.768 0.193 0.767 0.193 0.766
3 0.425 0.542 0.11 0.10400000000000001 0.406 0.49 0.406 0.491 0.405 0.492 0.404 0.492 0.404 0.493 0.403 0.494 0.402 0.494 0.402 0.495 0.401 0.496 0.4 0.496 0.4 0.497 0.399 0.498 0.398 0.498 0.398 0.501 0.397 0.502 0.396 0.502 0.396 0.503 0.395 0.504 0.394 0.504 0.394 0.505 0.393 0.506 0.392 0.506 0.392 0.509 0.391 0.51 0.39 0.51 0.39 0.511 0.389 0.512 0.388 0.512 0.388 0.515 0.387 0.516 0.386 0.516 0.386 0.517 0.385 0.518 0.384 0.518 0.384 0.521 0.383 0.522 0.382 0.522 0.382 0.523 0.381 0.524 0.38 0.524 0.38 0.527 0.379 0.528 0.378 0.528 0.378 0.529 0.377 0.53 0.376 0.53 0.376 0.531 0.375 0.532 0.374 0.532 0.374 0.533 0.373 0.534 0.372 0.534 0.372 0.537 0.371 0.538 0.37 0.538 0.37 0.541 0.371 0.541 0.372 0.542 0.372 0.543 0.373 0.543 0.374 0.544 0.374 0.545 0.377 0.545 0.378 0.546 0.378 0.547 0.381 0.547 0.382 0.548 0.382 0.549 0.385 0.549 0.386 0.55 0.386 0.551 0.389 0.551 0.39 0.552 0.39 0.553 0.391 0.553 0.392 0.554 0.392 0.555 0.393 0.555 0.394 0.556 0.394 0.557 0.395 0.557 0.396 0.558 0.396 0.559 0.397 0.559 0.398 0.56 0.398 0.561 0.399 0.561 0.4 0.562 0.4 0.563 0.401 0.563 0.402 0.564 0.402 0.565 0.405 0.565 0.406 0.566 0.406 0.567 0.409 0.567 0.41 0.568 0.41 0.569 0.411 0.569 0.412 0.57 0.412 0.571 0.413 0.571 0.414 0.572 0.414 0.573 0.415 0.573 0.416 0.574 0.416 0.575 0.417 0.575 0.418 0.576 0.418 0.577 0.419 0.577 0.42 0.578 0.42 0.579 0.423 0.579 0.424 0.58 0.424 0.581 0.427 0.581 0.428 0.582 0.428 0.583 0.429 0.583 0.43 0.584 0.43 0.585 0.433 0.585 0.434 0.586 0.434 0.587 0.439 0.587 0.44 0.588 0.44 0.589 0.443 0.589 0.444 0.59 0.444 0.591 0.445 0.591 0.446 0.592 0.446 0.593 0.451 0.593 0.451 0.592 0.452 0.591 0.453 0.591 0.453 0.59 0.454 0.589 0.455 0.589 0.455 0.586 0.456 0.585 0.457 0.585 0.457 0.584 0.458 0.583 0.459 0.583 0.459 0.58 0.46 0.579 0.461 0.579 0.461 0.578 0.462 0.577 0.463 0.577 0.463 0.574 0.464 0.573 0.465 0.573 0.465 0.572 0.466 0.571 0.467 0.571 0.467 0.57 0.468 0.569 0.469 0.569 0.469 0.568 0.47 0.567 0.471 0.567 0.471 0.564 0.472 0.563 0.473 0.563 0.473 0.56 0.474 0.559 0.475 0.559 0.475 0.556 0.476 0.555 0.477 0.555 0.477 0.55 0.478 0.549 0.479 0.549 0.479 0.548 0.478 0.548 0.477 0.547 0.477 0.544 0.476 0.544 0.475 0.543 0.475 0.542 0.474 0.542 0.473 0.541 0.473 0.54 0.472 0.54 0.471 0.539 0.471 0.538 0.47 0.538 0.469 0.537 0.469 0.536 0.466 0.536 0.465 0.535 0.465 0.534 0.462 0.534 0.461 0.533 0.461 0.53 0.46 0.53 0.459 0.529 0.459 0.528 0.456 0.528 0.455 0.527 0.455 0.526 0.454 0.526 0.453 0.525 0.453 0.524 0.45 0.524 0.449 0.523 0.449 0.522 0.446 0.522 0.445 0.521 0.445 0.52 0.442 0.52 0.441 0.519 0.441 0.518 0.438 0.518 0.437 0.517 0.437 0.516 0.434 0.516 0.433 0.515 0.433 0.514 0.432 0.514 0.431 0.513 0.431 0.512 0.43 0.512 0.429 0.511 0.429 0.51 0.426 0.51 0.425 0.509 0.425 0.508 0.424 0.508 0.423 0.507 0.423 0.506 0.422 0.506 0.421 0.505 0.421 0.504 0.42 0.504 0.419 0.503 0.419 0.502 0.418 0.502 0.417 0.501 0.417 0.5 0.416 0.5 0.415 0.499 0.415 0.498 0.412 0.498 0.411 0.497 0.411 0.496 0.41 0.496 0.409 0.495 0.409 0.492 0.408 0.492 0.407 0.491 0.407 0.49
7 0.277 0.84 0.018000000000000002 0.02 0.278 0.83 0.278 0.831 0.277 0.832 0.272 0.832 0.272 0.833 0.271 0.834 0.27 0.834 0.27 0.835 0.269 0.836 0.268 0.836 0.268 0.847 0.271 0.847 0.272 0.848 0.272 0.849 0.275 0.849 0.275 0.848 0.276 0.847 0.279 0.847 0.279 0.846 0.28 0.845 0.281 0.845 0.281 0.842 0.282 0.841 0.283 0.841 0.283 0.84 0.284 0.839 0.285 0.839 0.285 0.832 0.284 0.832 0.283 0.831 0.283 0.83
3 0.531 0.391 0.08600000000000001 0.09 0.538 0.346 0.538 0.347 0.537 0.348 0.536 0.348 0.536 0.349 0.535 0.35 0.534 0.35 0.534 0.351 0.533 0.352 0.532 0.352 0.532 0.353 0.531 0.354 0.53 0.354 0.53 0.355 0.529 0.356 0.528 0.356 0.528 0.357 0.527 0.358 0.526 0.358 0.526 0.359 0.525 0.36 0.524 0.36 0.524 0.363 0.523 0.364 0.522 0.364 0.522 0.365 0.521 0.366 0.52 0.366 0.52 0.367 0.519 0.368 0.518 0.368 0.518 0.371 0.517 0.372 0.516 0.372 0.516 0.373 0.515 0.374 0.514 0.374 0.514 0.375 0.513 0.376 0.512 0.376 0.512 0.377 0.511 0.378 0.51 0.378 0.51 0.379 0.509 0.38 0.508 0.38 0.508 0.381 0.507 0.382 0.506 0.382 0.506 0.383 0.505 0.384 0.504 0.384 0.504 0.385 0.503 0.386 0.502 0.386 0.502 0.387 0.501 0.388 0.5 0.388 0.5 0.389 0.499 0.39 0.498 0.39 0.498 0.391 0.497 0.392 0.496 0.392 0.496 0.395 0.495 0.396 0.494 0.396 0.494 0.397 0.493 0.398 0.492 0.398 0.492 0.399 0.491 0.4 0.49 0.4 0.49 0.401 0.489 0.402 0.488 0.402 0.488 0.409 0.489 0.409 0.49 0.41 0.49 0.411 0.491 0.411 0.492 0.412 0.492 0.413 0.493 0.413 0.494 0.414 0.494 0.415 0.495 0.415 0.496 0.416 0.496 0.417 0.497 0.417 0.498 0.418 0.498 0.419 0.499 0.419 0.5 0.42 0.5 0.421 0.501 0.421 0.502 0.422 0.502 0.423 0.505 0.423 0.506 0.424 0.506 0.425 0.507 0.425 0.508 0.426 0.508 0.427 0.511 0.427 0.512 0.428 0.512 0.429 0.515 0.429 0.516 0.43 0.516 0.431 0.519 0.431 0.52 0.432 0.52 0.433 0.523 0.433 0.524 0.434 0.524 0.435 0.527 0.435 0.527 0.434 0.528 0.433 0.529 0.433 0.529 0.432 0.53 0.431 0.531 0.431 0.531 0.43 0.532 0.429 0.533 0.429 0.533 0.428 0.534 0.427 0.535 0.427 0.535 0.426 0.536 0.425 0.537 0.425 0.537 0.424 0.538 0.423 0.539 0.423 0.539 0.42 0.54 0.419 0.541 0.419 0.541 0.418 0.542 0.417 0.543 0.417 0.543 0.416 0.544 0.415 0.545 0.415 0.545 0.414 0.546 0.413 0.547 0.413 0.547 0.41 0.548 0.409 0.549 0.409 0.549 0.408 0.55 0.407 0.551 0.407 0.551 0.406 0.552 0.405 0.553 0.405 0.553 0.402 0.554 0.401 0.555 0.401 0.555 0.4 0.556 0.399 0.557 0.399 0.557 0.398 0.558 0.397 0.559 0.397 0.559 0.394 0.56 0.393 0.561 0.393 0.561 0.392 0.562 0.391 0.563 0.391 0.563 0.388 0.564 0.387 0.565 0.387 0.565 0.386 0.566 0.385 0.567 0.385 0.567 0.384 0.568 0.383 0.569 0.383 0.569 0.382 0.57 0.381 0.571 0.381 0.571 0.378 0.572 0.377 0.573 0.377 0.573 0.37 0.572 0.37 0.571 0.369 0.571 0.368 0.57 0.368 0.569 0.367 0.569 0.366 0.566 0.366 0.565 0.365 0.565 0.364 0.564 0.364 0.563 0.363 0.563 0.362 0.56 0.362 0.559 0.361 0.559 0.36 0.556 0.36 0.555 0.359 0.555 0.358 0.554 0.358 0.553 0.357 0.553 0.356 0.552 0.356 0.551 0.355 0.551 0.354 0.55 0.354 0.549 0.353 0.549 0.352 0.548 0.352 0.547 0.351 0.547 0.35 0.544 0.35 0.543 0.349 0.543 0.348 0.542 0.348 0.541 0.347 0.541 0.346
