5 0.658 0.232 0.02 0.024 0.652 0.22 0.652 0.221 0.651 0.222 0.648 0.222 0.648 0.229 0.649 0.229 0.65 0.23 0.65 0.233 0.651 0.233 0.652 0.234 0.652 0.237 0.653 0.237 0.654 0.238 0.654 0.241 0.655 0.241 0.656 0.242 0.656 0.243 0.661 0.243 0.661 0.242 0.662 0.241 0.663 0.241 0.663 0.24 0.664 0.239 0.665 0.239 0.665 0.238 0.666 0.237 0.667 0.237 0.667 0.224 0.666 0.224 0.665 0.223 0.665 0.222 0.66 0.222 0.659 0.221 0.659 0.22
7 0.9570000000000001 0.807 0.01 0.01 0.954 0.802 0.954 0.803 0.953 0.804 0.952 0.804 0.952 0.809 0.953 0.809 0.954 0.81 0.954 0.811 0.959 0.811 0.959 0.81 0.96 0.809 0.961 0.809 0.961 0.804 0.96 0.804 0.959 0.803 0.959 0.802
5 0.931 0.5670000000000001 0.018000000000000002 0.022 0.928 0.556 0.928 0.557 0.927 0.558 0.924 0.558 0.924 0.561 0.923 0.562 0.922 0.562 0.922 0.569 0.923 0.569 0.924 0.57 0.924 0.573 0.925 0.573 0.926 0.574 0.926 0.575 0.927 0.575 0.928 0.576 0.928 0.577 0.935 0.577 0.935 0.576 0.936 0.575 0.937 0.575 0.937 0.574 0.938 0.573 0.939 0.573 0.939 0.564 0.938 0.564 0.937 0.563 0.937 0.562 0.936 0.562 0.935 0.561 0.935 0.558 0.932 0.558 0.931 0.557 0.931 0.556
5 0.788 0.297 0.02 0.018000000000000002 0.782 0.288 0.782 0.289 0.781 0.29 0.78 0.29 0.78 0.291 0.779 0.292 0.778 0.292 0.778 0.299 0.779 0.299 0.78 0.3 0.78 0.301 0.781 0.301 0.782 0.302 0.782 0.303 0.787 0.303 0.788 0.304 0.788 0.305 0.793 0.305 0.793 0.302 0.794 0.301 0.795 0.301 0.795 0.298 0.796 0.297 0.797 0.297 0.797 0.294 0.796 0.294 0.795 0.293 0.795 0.29 0.792 0.29 0.791 0.289 0.791 0.288
4 0.772 0.321 0.016 0.018000000000000002 0.768 0.312 0.768 0.313 0.767 0.314 0.764 0.314 0.764 0.319 0.765 0.319 0.766 0.32 0.766 0.325 0.767 0.325 0.768 0.326 0.768 0.329 0.777 0.329 0.777 0.328 0.778 0.327 0.779 0.327 0.779 0.322 0.778 0.322 0.777 0.321 0.777 0.318 0.776 0.318 0.775 0.317 0.775 0.314 0.772 0.314 0.771 0.313 0.771 0.312
4 0.657 0.27 0.018000000000000002 0.016 0.65 0.262 0.65 0.263 0.649 0.264 0.648 0.264 0.648 0.273 0.649 0.273 0.65 0.274 0.65 0.275 0.657 0.275 0.658 0.276 0.658 0.277 0.659 0.277 0.659 0.276 0.66 0.275 0.665 0.275 0.665 0.266 0.664 0.266 0.663 0.265 0.663 0.264 0.66 0.264 0.659 0.263 0.659 0.262
4 0.726 0.23800000000000002 0.02 0.02 0.724 0.228 0.724 0.229 0.723 0.23 0.718 0.23 0.718 0.231 0.717 0.232 0.716 0.232 0.716 0.239 0.717 0.239 0.718 0.24 0.718 0.243 0.721 0.243 0.722 0.244 0.722 0.245 0.723 0.245 0.724 0.246 0.724 0.247 0.731 0.247 0.731 0.246 0.732 0.245 0.733 0.245 0.733 0.244 0.734 0.243 0.735 0.243 0.735 0.238 0.734 0.238 0.733 0.237 0.733 0.232 0.732 0.232 0.731 0.231 0.731 0.23 0.726 0.23 0.725 0.229 0.725 0.228
3 0.965 0.507 0.07 0.07 0.968 0.472 0.968 0.473 0.967 0.474 0.962 0.474 0.962 0.475 0.961 0.476 0.96 0.476 0.96 0.477 0.959 0.478 0.956 0.478 0.956 0.479 0.955 0.48 0.954 0.48 0.954 0.481 0.953 0.482 0.952 0.482 0.952 0.483 0.951 0.484 0.95 0.484 0.95 0.487 0.949 0.488 0.948 0.488 0.948 0.491 0.947 0.492 0.946 0.492 0.946 0.493 0.945 0.494 0.944 0.494 0.944 0.497 0.943 0.498 0.942 0.498 0.942 0.503 0.941 0.504 0.94 0.504 0.94 0.505 0.939 0.506 0.938 0.506 0.938 0.507 0.937 0.508 0.936 0.508 0.936 0.511 0.935 0.512 0.934 0.512 0.934 0.515 0.933 0.516 0.932 0.516 0.932 0.517 0.931 0.518 0.93 0.518 0.93 0.527 0.931 0.527 0.932 0.528 0.932 0.529 0.933 0.529 0.934 0.53 0.934 0.531 0.941 0.531 0.942 0.532 0.942 0.533 0.949 0.533 0.95 0.534 0.95 0.535 0.959 0.535 0.96 0.536 0.96 0.537 0.967 0.537 0.968 0.538 0.968 0.539 0.975 0.539 0.976 0.54 0.976 0.541 0.987 0.541 0.987 0.54 0.988 0.539 0.991 0.539 0.991 0.538 0.992 0.537 0.995 0.537 0.995 0.536 0.996 0.535 0.999 0.535 0.999 0.494 0.998 0.494 0.997 0.493 0.997 0.492 0.996 0.492 0.995 0.491 0.995 0.49 0.994 0.49 0.993 0.489 0.993 0.486 0.992 0.486 0.991 0.485 0.991 0.484 0.99 0.484 0.989 0.483 0.989 0.482 0.988 0.482 0.987 0.481 0.987 0.48 0.984 0.48 0.983 0.479 0.983 0.478 0.982 0.478 0.981 0.477 0.981 0.474 0.978 0.474 0.977 0.473 0.977 0.472
5 0.762 0.248 0.016 0.016 0.758 0.24 0.758 0.241 0.757 0.242 0.756 0.242 0.756 0.243 0.755 0.244 0.754 0.244 0.754 0.251 0.755 0.251 0.756 0.252 0.756 0.253 0.757 0.253 0.758 0.254 0.758 0.255 0.767 0.255 0.767 0.254 0.768 0.253 0.769 0.253 0.769 0.244 0.768 0.244 0.767 0.243 0.767 0.242 0.766 0.242 0.765 0.241 0.765 0.24
3 0.6890000000000001 0.251 0.058 0.05 0.698 0.226 0.698 0.227 0.697 0.228 0.694 0.228 0.694 0.229 0.693 0.23 0.688 0.23 0.688 0.231 0.687 0.232 0.684 0.232 0.684 0.233 0.683 0.234 0.68 0.234 0.68 0.235 0.679 0.236 0.676 0.236 0.676 0.237 0.675 0.238 0.672 0.238 0.672 0.239 0.671 0.24 0.666 0.24 0.666 0.241 0.665 0.242 0.662 0.242 0.662 0.243 0.661 0.244 0.66 0.244 0.66 0.245 0.661 0.245 0.662 0.246 0.662 0.249 0.663 0.249 0.664 0.25 0.664 0.253 0.665 0.253 0.666 0.254 0.666 0.257 0.667 0.257 0.668 0.258 0.668 0.261 0.669 0.261 0.67 0.262 0.67 0.265 0.671 0.265 0.672 0.266 0.672 0.269 0.673 0.269 0.674 0.27 0.674 0.273 0.675 0.273 0.676 0.274 0.676 0.275 0.677 0.275 0.677 0.274 0.678 0.273 0.681 0.273 0.681 0.272 0.682 0.271 0.685 0.271 0.685 0.27 0.686 0.269 0.689 0.269 0.689 0.268 0.69 0.267 0.693 0.267 0.693 0.266 0.694 0.265 0.699 0.265 0.699 0.264 0.7 0.263 0.703 0.263 0.703 0.262 0.704 0.261 0.707 0.261 0.707 0.26 0.708 0.259 0.711 0.259 0.711 0.258 0.712 0.257 0.715 0.257 0.715 0.256 0.716 0.255 0.717 0.255 0.717 0.254 0.716 0.254 0.715 0.253 0.715 0.252 0.714 0.252 0.713 0.251 0.713 0.248 0.712 0.248 0.711 0.247 0.711 0.244 0.71 0.244 0.709 0.243 0.709 0.242 0.708 0.242 0.707 0.241 0.707 0.238 0.706 0.238 0.705 0.237 0.705 0.234 0.704 0.234 0.703 0.233 0.703 0.232 0.702 0.232 0.701 0.231 0.701 0.228 0.7 0.228 0.699 0.227 0.699 0.226
0 0.889 0.547 0.062 0.098 0.862 0.498 0.862 0.499 0.861 0.5 0.858 0.5 0.858 0.511 0.859 0.511 0.86 0.512 0.86 0.517 0.861 0.517 0.862 0.518 0.862 0.521 0.863 0.521 0.864 0.522 0.864 0.523 0.865 0.523 0.866 0.524 0.866 0.527 0.867 0.527 0.868 0.528 0.868 0.531 0.869 0.531 0.87 0.532 0.87 0.533 0.871 0.533 0.872 0.534 0.872 0.537 0.873 0.537 0.874 0.538 0.874 0.541 0.875 0.541 0.876 0.542 0.876 0.545 0.877 0.545 0.878 0.546 0.878 0.549 0.879 0.549 0.88 0.55 0.88 0.553 0.881 0.553 0.882 0.554 0.882 0.557 0.883 0.557 0.884 0.558 0.884 0.561 0.885 0.561 0.886 0.562 0.886 0.563 0.887 0.563 0.888 0.564 0.888 0.567 0.889 0.567 0.89 0.568 0.89 0.571 0.891 0.571 0.892 0.572 0.892 0.575 0.893 0.575 0.894 0.576 0.894 0.579 0.895 0.579 0.896 0.58 0.896 0.581 0.897 0.581 0.898 0.582 0.898 0.583 0.899 0.583 0.9 0.584 0.9 0.587 0.901 0.587 0.902 0.588 0.902 0.591 0.903 0.591 0.904 0.592 0.904 0.593 0.905 0.593 0.906 0.594 0.906 0.595 0.913 0.595 0.913 0.594 0.914 0.593 0.917 0.593 0.917 0.592 0.918 0.591 0.919 0.591 0.919 0.584 0.918 0.584 0.917 0.583 0.917 0.576 0.918 0.575 0.919 0.575 0.919 0.566 0.918 0.566 0.917 0.565 0.917 0.562 0.916 0.562 0.915 0.561 0.915 0.56 0.914 0.56 0.913 0.559 0.913 0.556 0.912 0.556 0.911 0.555 0.911 0.554 0.91 0.554 0.909 0.553 0.909 0.55 0.908 0.55 0.907 0.549 0.907 0.548 0.906 0.548 0.905 0.547 0.905 0.544 0.904 0.544 0.903 0.543 0.903 0.54 0.902 0.54 0.901 0.539 0.901 0.536 0.9 0.536 0.899 0.535 0.899 0.532 0.898 0.532 0.897 0.531 0.897 0.528 0.896 0.528 0.895 0.527 0.895 0.524 0.894 0.524 0.893 0.523 0.893 0.52 0.892 0.52 0.891 0.519 0.891 0.518 0.89 0.518 0.889 0.517 0.889 0.514 0.888 0.514 0.887 0.513 0.887 0.512 0.886 0.512 0.885 0.511 0.885 0.51 0.884 0.51 0.883 0.509 0.883 0.508 0.88 0.508 0.879 0.507 0.879 0.506 0.878 0.506 0.877 0.505 0.877 0.504 0.876 0.504 0.875 0.503 0.875 0.502 0.874 0.502 0.873 0.501 0.873 0.5 0.87 0.5 0.869 0.499 0.869 0.498
1 0.674 0.04 0.056 0.08 0.646 0.0 0.646 0.003 0.647 0.003 0.648 0.004 0.648 0.009 0.649 0.009 0.65 0.01 0.65 0.015 0.651 0.015 0.652 0.016 0.652 0.019 0.653 0.019 0.654 0.02 0.654 0.023 0.655 0.023 0.656 0.024 0.656 0.029 0.657 0.029 0.658 0.03 0.658 0.035 0.659 0.035 0.66 0.036 0.66 0.041 0.661 0.041 0.662 0.042 0.662 0.047 0.663 0.047 0.664 0.048 0.664 0.053 0.665 0.053 0.666 0.054 0.666 0.059 0.667 0.059 0.668 0.06 0.668 0.063 0.669 0.063 0.67 0.064 0.67 0.069 0.671 0.069 0.672 0.07 0.672 0.071 0.673 0.071 0.674 0.072 0.674 0.075 0.675 0.075 0.676 0.076 0.676 0.079 0.681 0.079 0.681 0.078 0.682 0.077 0.683 0.077 0.683 0.076 0.684 0.075 0.689 0.075 0.689 0.074 0.69 0.073 0.691 0.073 0.691 0.072 0.692 0.071 0.695 0.071 0.695 0.07 0.696 0.069 0.699 0.069 0.699 0.066 0.7 0.065 0.701 0.065 0.701 0.058 0.7 0.058 0.699 0.057 0.699 0.052 0.698 0.052 0.697 0.051 0.697 0.046 0.696 0.046 0.695 0.045 0.695 0.04 0.694 0.04 0.693 0.039 0.693 0.036 0.692 0.036 0.691 0.035 0.691 0.032 0.69 0.032 0.689 0.031 0.689 0.026 0.688 0.026 0.687 0.025 0.687 0.022 0.686 0.022 0.685 0.021 0.685 0.016 0.684 0.016 0.683 0.015 0.683 0.01 0.682 0.01 0.681 0.009 0.681 0.006 0.68 0.006 0.679 0.005 0.679 0.0
4 0.732 0.353 0.024 0.022 0.728 0.342 0.728 0.343 0.727 0.344 0.726 0.344 0.726 0.345 0.725 0.346 0.722 0.346 0.722 0.347 0.721 0.348 0.72 0.348 0.72 0.353 0.721 0.353 0.722 0.354 0.722 0.359 0.723 0.359 0.724 0.36 0.724 0.361 0.725 0.361 0.726 0.362 0.726 0.363 0.735 0.363 0.735 0.362 0.736 0.361 0.739 0.361 0.739 0.36 0.74 0.359 0.743 0.359 0.743 0.348 0.742 0.348 0.741 0.347 0.741 0.344 0.74 0.344 0.739 0.343 0.739 0.342
4 0.799 0.537 0.022 0.022 0.794 0.526 0.794 0.527 0.793 0.528 0.79 0.528 0.79 0.531 0.789 0.532 0.788 0.532 0.788 0.539 0.789 0.539 0.79 0.54 0.79 0.541 0.791 0.541 0.792 0.542 0.792 0.543 0.793 0.543 0.794 0.544 0.794 0.545 0.797 0.545 0.798 0.546 0.798 0.547 0.799 0.547 0.799 0.546 0.8 0.545 0.803 0.545 0.803 0.544 0.804 0.543 0.805 0.543 0.805 0.542 0.806 0.541 0.807 0.541 0.807 0.54 0.808 0.539 0.809 0.539 0.809 0.534 0.808 0.534 0.807 0.533 0.807 0.53 0.806 0.53 0.805 0.529 0.805 0.528 0.802 0.528 0.801 0.527 0.801 0.526
4 0.962 0.774 0.016 0.012 0.958 0.768 0.958 0.769 0.957 0.77 0.956 0.77 0.956 0.771 0.955 0.772 0.954 0.772 0.954 0.777 0.955 0.777 0.956 0.778 0.956 0.779 0.965 0.779 0.965 0.778 0.966 0.777 0.969 0.777 0.969 0.77 0.968 0.77 0.967 0.769 0.967 0.768
6 0.562 0.341 0.124 0.146 0.564 0.268 0.564 0.269 0.563 0.27 0.56 0.27 0.56 0.271 0.559 0.272 0.556 0.272 0.556 0.273 0.555 0.274 0.552 0.274 0.552 0.275 0.551 0.276 0.548 0.276 0.548 0.277 0.547 0.278 0.544 0.278 0.544 0.279 0.543 0.28 0.542 0.28 0.542 0.281 0.541 0.282 0.538 0.282 0.538 0.283 0.537 0.284 0.534 0.284 0.534 0.285 0.533 0.286 0.53 0.286 0.53 0.287 0.529 0.288 0.526 0.288 0.526 0.289 0.525 0.29 0.522 0.29 0.522 0.291 0.521 0.292 0.518 0.292 0.518 0.293 0.517 0.294 0.514 0.294 0.514 0.295 0.513 0.296 0.51 0.296 0.51 0.297 0.509 0.298 0.506 0.298 0.506 0.299 0.505 0.3 0.504 0.3 0.504 0.301 0.503 0.302 0.502 0.302 0.502 0.303 0.501 0.304 0.5 0.304 0.5 0.313 0.501 0.313 0.502 0.314 0.502 0.315 0.503 0.315 0.504 0.316 0.504 0.319 0.505 0.319 0.506 0.32 0.506 0.323 0.507 0.323 0.508 0.324 0.508 0.325 0.509 0.325 0.51 0.326 0.51 0.329 0.511 0.329 0.512 0.33 0.512 0.333 0.513 0.333 0.514 0.334 0.514 0.337 0.515 0.337 0.516 0.338 0.516 0.341 0.517 0.341 0.518 0.342 0.518 0.345 0.519 0.345 0.52 0.346 0.52 0.349 0.521 0.349 0.522 0.35 0.522 0.351 0.523 0.351 0.524 0.352 0.524 0.355 0.525 0.355 0.526 0.356 0.526 0.361 0.527 0.361 0.528 0.362 0.528 0.363 0.529 0.363 0.53 0.364 0.53 0.367 0.531 0.367 0.532 0.368 0.532 0.371 0.533 0.371 0.534 0.372 0.534 0.375 0.535 0.375 0.536 0.376 0.536 0.377 0.537 0.377 0.538 0.378 0.538 0.381 0.539 0.381 0.54 0.382 0.54 0.385 0.541 0.385 0.542 0.386 0.542 0.389 0.543 0.389 0.544 0.39 0.544 0.393 0.545 0.393 0.546 0.394 0.546 0.397 0.547 0.397 0.548 0.398 0.548 0.401 0.549 0.401 0.55 0.402 0.55 0.405 0.551 0.405 0.552 0.406 0.552 0.409 0.553 0.409 0.554 0.41 0.554 0.413 0.563 0.413 0.563 0.412 0.564 0.411 0.567 0.411 0.567 0.41 0.568 0.409 0.571 0.409 0.571 0.408 0.572 0.407 0.575 0.407 0.575 0.406 0.576 0.405 0.579 0.405 0.579 0.404 0.58 0.403 0.583 0.403 0.583 0.402 0.584 0.401 0.587 0.401 0.587 0.4 0.588 0.399 0.591 0.399 0.591 0.398 0.592 0.397 0.595 0.397 0.595 0.396 0.596 0.395 0.599 0.395 0.599 0.394 0.6 0.393 0.603 0.393 0.603 0.392 0.604 0.391 0.607 0.391 0.607 0.39 0.608 0.389 0.611 0.389 0.611 0.388 0.612 0.387 0.613 0.387 0.613 0.386 0.614 0.385 0.617 0.385 0.617 0.384 0.618 0.383 0.621 0.383 0.621 0.382 0.622 0.381 0.623 0.381 0.623 0.374 0.622 0.374 0.621 0.373 0.621 0.37 0.62 0.37 0.619 0.369 0.619 0.366 0.618 0.366 0.617 0.365 0.617 0.364 0.616 0.364 0.615 0.363 0.615 0.36 0.614 0.36 0.613 0.359 0.613 0.356 0.612 0.356 0.611 0.355 0.611 0.352 0.61 0.352 0.609 0.351 0.609 0.35 0.608 0.35 0.607 0.349 0.607 0.346 0.606 0.346 0.605 0.345 0.605 0.34 0.604 0.34 0.603 0.339 0.603 0.336 0.602 0.336 0.601 0.335 0.601 0.332 0.6 0.332 0.599 0.331 0.599 0.328 0.598 0.328 0.597 0.327 0.597 0.324 0.596 0.324 0.595 0.323 0.595 0.32 0.594 0.32 0.593 0.319 0.593 0.316 0.592 0.316 0.591 0.315 0.591 0.312 0.59 0.312 0.589 0.311 0.589 0.308 0.588 0.308 0.587 0.307 0.587 0.304 0.586 0.304 0.585 0.303 0.585 0.3 0.584 0.3 0.583 0.299 0.583 0.296 0.582 0.296 0.581 0.295 0.581 0.292 0.58 0.292 0.579 0.291 0.579 0.288 0.578 0.288 0.577 0.287 0.577 0.286 0.576 0.286 0.575 0.285 0.575 0.282 0.574 0.282 0.573 0.281 0.573 0.278 0.572 0.278 0.571 0.277 0.571 0.272 0.57 0.272 0.569 0.271 0.569 0.27 0.568 0.27 0.567 0.269 0.567 0.268
4 0.6990000000000001 0.018000000000000002 0.026000000000000002 0.024 0.696 0.006 0.696 0.007 0.695 0.008 0.69 0.008 0.69 0.009 0.689 0.01 0.688 0.01 0.688 0.011 0.687 0.012 0.686 0.012 0.686 0.019 0.687 0.019 0.688 0.02 0.688 0.023 0.689 0.023 0.69 0.024 0.69 0.025 0.691 0.025 0.692 0.026 0.692 0.027 0.693 0.027 0.694 0.028 0.694 0.029 0.703 0.029 0.703 0.028 0.704 0.027 0.707 0.027 0.707 0.026 0.708 0.025 0.709 0.025 0.709 0.024 0.71 0.023 0.711 0.023 0.711 0.016 0.71 0.016 0.709 0.015 0.709 0.014 0.708 0.014 0.707 0.013 0.707 0.01 0.706 0.01 0.705 0.009 0.705 0.008 0.704 0.008 0.703 0.007 0.703 0.006
3 0.8290000000000001 0.23600000000000002 0.08600000000000001 0.084 0.828 0.194 0.828 0.195 0.827 0.196 0.824 0.196 0.824 0.197 0.823 0.198 0.82 0.198 0.82 0.199 0.819 0.2 0.816 0.2 0.816 0.201 0.815 0.202 0.814 0.202 0.814 0.203 0.813 0.204 0.81 0.204 0.81 0.205 0.809 0.206 0.806 0.206 0.806 0.207 0.805 0.208 0.802 0.208 0.802 0.209 0.801 0.21 0.798 0.21 0.798 0.211 0.797 0.212 0.796 0.212 0.796 0.217 0.795 0.218 0.794 0.218 0.794 0.227 0.793 0.228 0.792 0.228 0.792 0.237 0.791 0.238 0.79 0.238 0.79 0.247 0.789 0.248 0.788 0.248 0.788 0.257 0.787 0.258 0.786 0.258 0.786 0.263 0.789 0.263 0.79 0.264 0.79 0.265 0.797 0.265 0.798 0.266 0.798 0.267 0.805 0.267 0.806 0.268 0.806 0.269 0.815 0.269 0.816 0.27 0.816 0.271 0.823 0.271 0.824 0.272 0.824 0.273 0.831 0.273 0.832 0.274 0.832 0.275 0.839 0.275 0.84 0.276 0.84 0.277 0.845 0.277 0.845 0.276 0.846 0.275 0.849 0.275 0.849 0.274 0.85 0.273 0.851 0.273 0.851 0.272 0.852 0.271 0.855 0.271 0.855 0.27 0.856 0.269 0.859 0.269 0.859 0.268 0.86 0.267 0.863 0.267 0.863 0.266 0.864 0.265 0.865 0.265 0.865 0.264 0.866 0.263 0.869 0.263 0.869 0.262 0.87 0.261 0.871 0.261 0.871 0.26 0.87 0.26 0.869 0.259 0.869 0.258 0.868 0.258 0.867 0.257 0.867 0.254 0.866 0.254 0.865 0.253 0.865 0.25 0.864 0.25 0.863 0.249 0.863 0.248 0.862 0.248 0.861 0.247 0.861 0.244 0.86 0.244 0.859 0.243 0.859 0.24 0.858 0.24 0.857 0.239 0.857 0.238 0.856 0.238 0.855 0.237 0.855 0.234 0.854 0.234 0.853 0.233 0.853 0.232 0.852 0.232 0.851 0.231 0.851 0.228 0.85 0.228 0.849 0.227 0.849 0.224 0.848 0.224 0.847 0.223 0.847 0.222 0.846 0.222 0.845 0.221 0.845 0.218 0.844 0.218 0.843 0.217 0.843 0.216 0.842 0.216 0.841 0.215 0.841 0.212 0.84 0.212 0.839 0.211 0.839 0.208 0.838 0.208 0.837 0.207 0.837 0.206 0.836 0.206 0.835 0.205 0.835 0.202 0.834 0.202 0.833 0.201 0.833 0.198 0.832 0.198 0.831 0.197 0.831 0.196 0.83 0.196 0.829 0.195 0.829 0.194
1 0.599 0.044 0.10200000000000001 0.084 0.62 0.002 0.62 0.003 0.619 0.004 0.612 0.004 0.612 0.005 0.611 0.006 0.604 0.006 0.604 0.007 0.603 0.008 0.598 0.008 0.598 0.009 0.597 0.01 0.594 0.01 0.594 0.011 0.593 0.012 0.586 0.012 0.586 0.013 0.585 0.014 0.582 0.014 0.582 0.015 0.581 0.016 0.574 0.016 0.574 0.017 0.573 0.018 0.57 0.018 0.57 0.019 0.569 0.02 0.564 0.02 0.564 0.021 0.563 0.022 0.558 0.022 0.558 0.023 0.557 0.024 0.552 0.024 0.552 0.025 0.551 0.026 0.55 0.026 0.55 0.027 0.549 0.028 0.548 0.028 0.548 0.037 0.549 0.037 0.55 0.038 0.55 0.045 0.551 0.045 0.552 0.046 0.552 0.051 0.553 0.051 0.554 0.052 0.554 0.057 0.555 0.057 0.556 0.058 0.556 0.061 0.557 0.061 0.558 0.062 0.558 0.067 0.559 0.067 0.56 0.068 0.56 0.071 0.561 0.071 0.562 0.072 0.562 0.075 0.563 0.075 0.564 0.076 0.564 0.081 0.565 0.081 0.566 0.082 0.566 0.083 0.567 0.083 0.568 0.084 0.568 0.085 0.573 0.085 0.573 0.084 0.574 0.083 0.579 0.083 0.579 0.082 0.58 0.081 0.583 0.081 0.583 0.08 0.584 0.079 0.589 0.079 0.589 0.078 0.59 0.077 0.595 0.077 0.595 0.076 0.596 0.075 0.599 0.075 0.599 0.074 0.6 0.073 0.605 0.073 0.605 0.072 0.606 0.071 0.611 0.071 0.611 0.07 0.612 0.069 0.615 0.069 0.615 0.068 0.616 0.067 0.623 0.067 0.623 0.066 0.624 0.065 0.627 0.065 0.627 0.064 0.628 0.063 0.631 0.063 0.631 0.062 0.632 0.061 0.639 0.061 0.639 0.06 0.64 0.059 0.643 0.059 0.643 0.058 0.644 0.057 0.647 0.057 0.647 0.056 0.648 0.055 0.649 0.055 0.649 0.05 0.648 0.05 0.647 0.049 0.647 0.042 0.646 0.042 0.645 0.041 0.645 0.038 0.644 0.038 0.643 0.037 0.643 0.032 0.642 0.032 0.641 0.031 0.641 0.026 0.64 0.026 0.639 0.025 0.639 0.022 0.638 0.022 0.637 0.021 0.637 0.016 0.636 0.016 0.635 0.015 0.635 0.01 0.634 0.01 0.633 0.009 0.633 0.006 0.632 0.006 0.631 0.005 0.631 0.002
1 0.733 0.028 0.058 0.056 0.706 0.0 0.706 0.001 0.707 0.001 0.708 0.002 0.708 0.003 0.709 0.003 0.71 0.004 0.71 0.007 0.711 0.007 0.712 0.008 0.712 0.017 0.713 0.017 0.714 0.018 0.714 0.021 0.715 0.021 0.716 0.022 0.716 0.023 0.717 0.023 0.718 0.024 0.718 0.027 0.719 0.027 0.72 0.028 0.72 0.029 0.721 0.029 0.722 0.03 0.722 0.033 0.723 0.033 0.724 0.034 0.724 0.037 0.725 0.037 0.726 0.038 0.726 0.045 0.727 0.045 0.728 0.046 0.728 0.047 0.729 0.047 0.73 0.048 0.73 0.053 0.731 0.053 0.732 0.054 0.732 0.055 0.737 0.055 0.737 0.054 0.738 0.053 0.743 0.053 0.743 0.052 0.744 0.051 0.749 0.051 0.749 0.05 0.75 0.049 0.755 0.049 0.755 0.048 0.756 0.047 0.759 0.047 0.759 0.046 0.76 0.045 0.761 0.045 0.761 0.042 0.76 0.042 0.759 0.041 0.759 0.036 0.758 0.036 0.757 0.035 0.757 0.03 0.756 0.03 0.755 0.029 0.755 0.024 0.754 0.024 0.753 0.023 0.753 0.02 0.752 0.02 0.751 0.019 0.751 0.016 0.75 0.016 0.749 0.015 0.749 0.01 0.748 0.01 0.747 0.009 0.747 0.008 0.746 0.008 0.745 0.007 0.745 0.004 0.744 0.004 0.743 0.003 0.743 0.0
