4 0.844 0.9540000000000001 0.016 0.016 0.84 0.946 0.84 0.947 0.839 0.948 0.838 0.948 0.838 0.949 0.837 0.95 0.836 0.95 0.836 0.959 0.837 0.959 0.838 0.96 0.838 0.961 0.849 0.961 0.849 0.958 0.85 0.957 0.851 0.957 0.851 0.95 0.85 0.95 0.849 0.949 0.849 0.948 0.848 0.948 0.847 0.947 0.847 0.946
4 0.5670000000000001 0.807 0.022 0.026000000000000002 0.562 0.794 0.562 0.795 0.561 0.796 0.56 0.796 0.56 0.799 0.559 0.8 0.558 0.8 0.558 0.805 0.557 0.806 0.556 0.806 0.556 0.813 0.557 0.813 0.558 0.814 0.558 0.817 0.561 0.817 0.562 0.818 0.562 0.819 0.567 0.819 0.567 0.818 0.568 0.817 0.569 0.817 0.569 0.816 0.57 0.815 0.571 0.815 0.571 0.814 0.572 0.813 0.573 0.813 0.573 0.81 0.574 0.809 0.575 0.809 0.575 0.806 0.576 0.805 0.577 0.805 0.577 0.8 0.576 0.8 0.575 0.799 0.575 0.796 0.572 0.796 0.571 0.795 0.571 0.794
7 0.542 0.546 0.012 0.012 0.538 0.54 0.538 0.541 0.537 0.542 0.536 0.542 0.536 0.549 0.537 0.549 0.538 0.55 0.538 0.551 0.545 0.551 0.545 0.55 0.546 0.549 0.547 0.549 0.547 0.546 0.546 0.546 0.545 0.545 0.545 0.542 0.542 0.542 0.541 0.541 0.541 0.54
7 0.031 0.643 0.01 0.01 0.028 0.638 0.028 0.639 0.027 0.64 0.026 0.64 0.026 0.643 0.027 0.643 0.028 0.644 0.028 0.645 0.029 0.645 0.03 0.646 0.03 0.647 0.033 0.647 0.033 0.644 0.034 0.643 0.035 0.643 0.035 0.64 0.034 0.64 0.033 0.639 0.033 0.638
7 0.465 0.746 0.014 0.012 0.462 0.74 0.462 0.741 0.461 0.742 0.458 0.742 0.458 0.747 0.459 0.747 0.46 0.748 0.46 0.749 0.461 0.749 0.462 0.75 0.462 0.751 0.471 0.751 0.471 0.744 0.47 0.744 0.469 0.743 0.469 0.742 0.466 0.742 0.465 0.741 0.465 0.74
7 0.47700000000000004 0.8250000000000001 0.034 0.022 0.466 0.814 0.466 0.815 0.465 0.816 0.464 0.816 0.464 0.817 0.463 0.818 0.462 0.818 0.462 0.819 0.461 0.82 0.46 0.82 0.46 0.823 0.461 0.823 0.462 0.824 0.462 0.827 0.465 0.827 0.466 0.828 0.466 0.829 0.469 0.829 0.47 0.83 0.47 0.831 0.477 0.831 0.478 0.832 0.478 0.833 0.481 0.833 0.482 0.834 0.482 0.835 0.491 0.835 0.491 0.834 0.492 0.833 0.493 0.833 0.493 0.83 0.492 0.83 0.491 0.829 0.491 0.828 0.49 0.828 0.489 0.827 0.489 0.826 0.486 0.826 0.485 0.825 0.485 0.824 0.484 0.824 0.483 0.823 0.483 0.822 0.482 0.822 0.481 0.821 0.481 0.82 0.48 0.82 0.479 0.819 0.479 0.818 0.478 0.818 0.477 0.817 0.477 0.816 0.476 0.816 0.475 0.815 0.475 0.814
5 0.456 0.456 0.032 0.04 0.452 0.436 0.452 0.437 0.451 0.438 0.45 0.438 0.45 0.439 0.449 0.44 0.448 0.44 0.448 0.443 0.447 0.444 0.446 0.444 0.446 0.447 0.445 0.448 0.444 0.448 0.444 0.451 0.443 0.452 0.442 0.452 0.442 0.457 0.441 0.458 0.44 0.458 0.44 0.469 0.443 0.469 0.444 0.47 0.444 0.471 0.447 0.471 0.448 0.472 0.448 0.473 0.451 0.473 0.452 0.474 0.452 0.475 0.459 0.475 0.459 0.474 0.46 0.473 0.461 0.473 0.461 0.47 0.462 0.469 0.463 0.469 0.463 0.466 0.464 0.465 0.465 0.465 0.465 0.462 0.466 0.461 0.467 0.461 0.467 0.458 0.468 0.457 0.469 0.457 0.469 0.452 0.47 0.451 0.471 0.451 0.471 0.444 0.47 0.444 0.469 0.443 0.469 0.442 0.468 0.442 0.467 0.441 0.467 0.44 0.464 0.44 0.463 0.439 0.463 0.438 0.46 0.438 0.459 0.437 0.459 0.436
4 0.487 0.538 0.022 0.024 0.484 0.526 0.484 0.527 0.483 0.528 0.482 0.528 0.482 0.529 0.481 0.53 0.48 0.53 0.48 0.531 0.479 0.532 0.478 0.532 0.478 0.535 0.477 0.536 0.476 0.536 0.476 0.543 0.477 0.543 0.478 0.544 0.478 0.545 0.479 0.545 0.48 0.546 0.48 0.547 0.483 0.547 0.484 0.548 0.484 0.549 0.489 0.549 0.489 0.548 0.49 0.547 0.491 0.547 0.491 0.546 0.492 0.545 0.493 0.545 0.493 0.544 0.494 0.543 0.495 0.543 0.495 0.538 0.496 0.537 0.497 0.537 0.497 0.528 0.496 0.528 0.495 0.527 0.495 0.526
4 0.319 0.882 0.018000000000000002 0.02 0.318 0.872 0.318 0.873 0.317 0.874 0.316 0.874 0.316 0.875 0.315 0.876 0.314 0.876 0.314 0.877 0.313 0.878 0.312 0.878 0.312 0.879 0.311 0.88 0.31 0.88 0.31 0.881 0.311 0.881 0.312 0.882 0.312 0.885 0.313 0.885 0.314 0.886 0.314 0.889 0.315 0.889 0.316 0.89 0.316 0.891 0.323 0.891 0.323 0.89 0.324 0.889 0.325 0.889 0.325 0.886 0.326 0.885 0.327 0.885 0.327 0.878 0.326 0.878 0.325 0.877 0.325 0.876 0.324 0.876 0.323 0.875 0.323 0.874 0.32 0.874 0.319 0.873 0.319 0.872
5 0.367 0.742 0.038 0.044 0.364 0.72 0.364 0.721 0.363 0.722 0.362 0.722 0.362 0.725 0.361 0.726 0.36 0.726 0.36 0.729 0.359 0.73 0.358 0.73 0.358 0.731 0.357 0.732 0.356 0.732 0.356 0.735 0.355 0.736 0.354 0.736 0.354 0.739 0.353 0.74 0.352 0.74 0.352 0.743 0.351 0.744 0.35 0.744 0.35 0.747 0.349 0.748 0.348 0.748 0.348 0.753 0.349 0.753 0.35 0.754 0.35 0.757 0.351 0.757 0.352 0.758 0.352 0.761 0.353 0.761 0.354 0.762 0.354 0.763 0.365 0.763 0.365 0.762 0.366 0.761 0.369 0.761 0.369 0.76 0.37 0.759 0.371 0.759 0.371 0.756 0.372 0.755 0.373 0.755 0.373 0.754 0.374 0.753 0.375 0.753 0.375 0.75 0.376 0.749 0.377 0.749 0.377 0.746 0.378 0.745 0.379 0.745 0.379 0.744 0.38 0.743 0.381 0.743 0.381 0.742 0.382 0.741 0.383 0.741 0.383 0.738 0.384 0.737 0.385 0.737 0.385 0.728 0.384 0.728 0.383 0.727 0.383 0.726 0.38 0.726 0.379 0.725 0.379 0.724 0.378 0.724 0.377 0.723 0.377 0.722 0.374 0.722 0.373 0.721 0.373 0.72
4 0.495 0.768 0.022 0.02 0.49 0.758 0.49 0.759 0.489 0.76 0.488 0.76 0.488 0.763 0.487 0.764 0.486 0.764 0.486 0.769 0.485 0.77 0.484 0.77 0.484 0.771 0.485 0.771 0.486 0.772 0.486 0.775 0.487 0.775 0.488 0.776 0.488 0.777 0.501 0.777 0.501 0.776 0.502 0.775 0.503 0.775 0.503 0.77 0.504 0.769 0.505 0.769 0.505 0.764 0.504 0.764 0.503 0.763 0.503 0.762 0.502 0.762 0.501 0.761 0.501 0.76 0.5 0.76 0.499 0.759 0.499 0.758
4 0.006 0.607 0.012 0.018000000000000002 0.0 0.598 0.0 0.615 0.003 0.615 0.003 0.614 0.004 0.613 0.007 0.613 0.007 0.612 0.008 0.611 0.009 0.611 0.009 0.606 0.01 0.605 0.011 0.605 0.011 0.6 0.01 0.6 0.009 0.599 0.009 0.598
4 0.008 0.483 0.016 0.03 0.0 0.468 0.0 0.497 0.001 0.497 0.001 0.496 0.002 0.495 0.005 0.495 0.005 0.494 0.006 0.493 0.007 0.493 0.007 0.492 0.008 0.491 0.009 0.491 0.009 0.49 0.01 0.489 0.011 0.489 0.011 0.486 0.012 0.485 0.013 0.485 0.013 0.48 0.014 0.479 0.015 0.479 0.015 0.474 0.014 0.474 0.013 0.473 0.013 0.472 0.012 0.472 0.011 0.471 0.011 0.47 0.004 0.47 0.003 0.469 0.003 0.468
3 0.456 0.901 0.112 0.122 0.458 0.84 0.458 0.841 0.457 0.842 0.45 0.842 0.45 0.843 0.449 0.844 0.438 0.844 0.438 0.845 0.437 0.846 0.436 0.846 0.436 0.847 0.435 0.848 0.432 0.848 0.432 0.849 0.431 0.85 0.426 0.85 0.426 0.851 0.425 0.852 0.422 0.852 0.422 0.853 0.421 0.854 0.418 0.854 0.418 0.855 0.417 0.856 0.416 0.856 0.416 0.859 0.415 0.86 0.414 0.86 0.414 0.863 0.413 0.864 0.412 0.864 0.412 0.865 0.411 0.866 0.41 0.866 0.41 0.869 0.409 0.87 0.408 0.87 0.408 0.871 0.407 0.872 0.406 0.872 0.406 0.875 0.405 0.876 0.404 0.876 0.404 0.877 0.403 0.878 0.402 0.878 0.402 0.891 0.401 0.892 0.4 0.892 0.4 0.899 0.401 0.899 0.402 0.9 0.402 0.901 0.401 0.902 0.4 0.902 0.4 0.923 0.401 0.923 0.402 0.924 0.402 0.925 0.403 0.925 0.404 0.926 0.404 0.929 0.407 0.929 0.408 0.93 0.408 0.931 0.411 0.931 0.412 0.932 0.412 0.933 0.415 0.933 0.416 0.934 0.416 0.935 0.419 0.935 0.42 0.936 0.42 0.937 0.421 0.937 0.422 0.938 0.422 0.939 0.425 0.939 0.426 0.94 0.426 0.941 0.429 0.941 0.43 0.942 0.43 0.943 0.431 0.943 0.432 0.944 0.432 0.945 0.433 0.945 0.434 0.946 0.434 0.947 0.437 0.947 0.438 0.948 0.438 0.949 0.441 0.949 0.442 0.95 0.442 0.951 0.445 0.951 0.446 0.952 0.446 0.953 0.449 0.953 0.45 0.954 0.45 0.955 0.451 0.955 0.452 0.956 0.452 0.957 0.455 0.957 0.456 0.958 0.456 0.959 0.459 0.959 0.46 0.96 0.46 0.961 0.463 0.961 0.463 0.96 0.464 0.959 0.467 0.959 0.467 0.958 0.468 0.957 0.475 0.957 0.475 0.956 0.476 0.955 0.493 0.955 0.493 0.954 0.494 0.953 0.495 0.953 0.495 0.952 0.496 0.951 0.497 0.951 0.497 0.948 0.498 0.947 0.499 0.947 0.499 0.946 0.5 0.945 0.501 0.945 0.501 0.944 0.502 0.943 0.503 0.943 0.503 0.94 0.504 0.939 0.505 0.939 0.505 0.936 0.506 0.935 0.507 0.935 0.507 0.932 0.508 0.931 0.509 0.931 0.509 0.928 0.51 0.927 0.511 0.927 0.511 0.916 0.51 0.916 0.509 0.915 0.509 0.914 0.51 0.913 0.511 0.913 0.511 0.904 0.51 0.904 0.509 0.903 0.509 0.89 0.508 0.89 0.507 0.889 0.507 0.882 0.506 0.882 0.505 0.881 0.505 0.868 0.504 0.868 0.503 0.867 0.503 0.86 0.498 0.86 0.497 0.859 0.497 0.858 0.492 0.858 0.491 0.857 0.491 0.854 0.49 0.854 0.489 0.853 0.489 0.852 0.488 0.852 0.487 0.851 0.487 0.85 0.48 0.85 0.479 0.849 0.479 0.848 0.478 0.848 0.477 0.847 0.477 0.846 0.474 0.846 0.473 0.845 0.473 0.844 0.472 0.844 0.471 0.843 0.471 0.842 0.466 0.842 0.465 0.841 0.465 0.84
4 0.047 0.5640000000000001 0.022 0.024 0.042 0.552 0.042 0.553 0.041 0.554 0.04 0.554 0.04 0.555 0.039 0.556 0.038 0.556 0.038 0.561 0.037 0.562 0.036 0.562 0.036 0.567 0.037 0.567 0.038 0.568 0.038 0.571 0.039 0.571 0.04 0.572 0.04 0.573 0.043 0.573 0.044 0.574 0.044 0.575 0.047 0.575 0.047 0.574 0.048 0.573 0.051 0.573 0.051 0.572 0.052 0.571 0.053 0.571 0.053 0.57 0.054 0.569 0.055 0.569 0.055 0.566 0.056 0.565 0.057 0.565 0.057 0.556 0.056 0.556 0.055 0.555 0.055 0.554 0.052 0.554 0.051 0.553 0.051 0.552
3 0.28800000000000003 0.747 0.116 0.114 0.278 0.69 0.278 0.691 0.277 0.692 0.27 0.692 0.27 0.693 0.269 0.694 0.268 0.694 0.268 0.697 0.267 0.698 0.266 0.698 0.266 0.699 0.265 0.7 0.264 0.7 0.264 0.705 0.263 0.706 0.262 0.706 0.262 0.709 0.261 0.71 0.26 0.71 0.26 0.711 0.259 0.712 0.258 0.712 0.258 0.715 0.257 0.716 0.256 0.716 0.256 0.719 0.255 0.72 0.254 0.72 0.254 0.723 0.253 0.724 0.252 0.724 0.252 0.727 0.251 0.728 0.25 0.728 0.25 0.731 0.249 0.732 0.248 0.732 0.248 0.735 0.247 0.736 0.246 0.736 0.246 0.737 0.245 0.738 0.244 0.738 0.244 0.741 0.243 0.742 0.242 0.742 0.242 0.745 0.241 0.746 0.24 0.746 0.24 0.749 0.239 0.75 0.238 0.75 0.238 0.751 0.237 0.752 0.236 0.752 0.236 0.753 0.235 0.754 0.234 0.754 0.234 0.755 0.233 0.756 0.232 0.756 0.232 0.761 0.231 0.762 0.23 0.762 0.23 0.769 0.231 0.769 0.232 0.77 0.232 0.773 0.233 0.773 0.234 0.774 0.234 0.777 0.235 0.777 0.236 0.778 0.236 0.779 0.237 0.779 0.238 0.78 0.238 0.781 0.239 0.781 0.24 0.782 0.24 0.783 0.245 0.783 0.246 0.784 0.246 0.785 0.249 0.785 0.25 0.786 0.25 0.787 0.251 0.787 0.252 0.788 0.252 0.789 0.253 0.789 0.254 0.79 0.254 0.791 0.255 0.791 0.256 0.792 0.256 0.793 0.257 0.793 0.258 0.794 0.258 0.795 0.259 0.795 0.26 0.796 0.26 0.797 0.265 0.797 0.266 0.798 0.266 0.799 0.267 0.799 0.268 0.8 0.268 0.801 0.273 0.801 0.274 0.802 0.274 0.803 0.281 0.803 0.281 0.802 0.282 0.801 0.295 0.801 0.295 0.8 0.296 0.799 0.303 0.799 0.303 0.798 0.304 0.797 0.307 0.797 0.307 0.796 0.308 0.795 0.319 0.795 0.319 0.794 0.32 0.793 0.323 0.793 0.323 0.792 0.324 0.791 0.327 0.791 0.327 0.788 0.328 0.787 0.329 0.787 0.329 0.786 0.33 0.785 0.331 0.785 0.331 0.784 0.332 0.783 0.333 0.783 0.333 0.78 0.334 0.779 0.335 0.779 0.335 0.776 0.336 0.775 0.337 0.775 0.337 0.774 0.338 0.773 0.339 0.773 0.339 0.77 0.34 0.769 0.341 0.769 0.341 0.762 0.342 0.761 0.343 0.761 0.343 0.758 0.344 0.757 0.345 0.757 0.345 0.748 0.344 0.748 0.343 0.747 0.343 0.736 0.342 0.736 0.341 0.735 0.341 0.734 0.34 0.734 0.339 0.733 0.339 0.73 0.338 0.73 0.337 0.729 0.337 0.728 0.336 0.728 0.335 0.727 0.335 0.72 0.334 0.72 0.333 0.719 0.333 0.714 0.332 0.714 0.331 0.713 0.331 0.71 0.33 0.71 0.329 0.709 0.329 0.706 0.328 0.706 0.327 0.705 0.327 0.704 0.326 0.704 0.325 0.703 0.325 0.702 0.324 0.702 0.323 0.701 0.323 0.7 0.318 0.7 0.317 0.699 0.317 0.698 0.308 0.698 0.307 0.697 0.307 0.696 0.3 0.696 0.299 0.695 0.299 0.694 0.292 0.694 0.291 0.693 0.291 0.692 0.286 0.692 0.285 0.691 0.285 0.69
