5 0.663 0.362 0.018000000000000002 0.024 0.664 0.35 0.664 0.351 0.663 0.352 0.654 0.352 0.654 0.361 0.655 0.361 0.656 0.362 0.656 0.373 0.661 0.373 0.661 0.372 0.662 0.371 0.671 0.371 0.671 0.364 0.67 0.364 0.669 0.363 0.669 0.35
7 0.748 0.605 0.012 0.014 0.75 0.598 0.75 0.599 0.749 0.6 0.744 0.6 0.744 0.601 0.743 0.602 0.742 0.602 0.742 0.605 0.743 0.605 0.744 0.606 0.744 0.609 0.745 0.609 0.746 0.61 0.746 0.611 0.747 0.611 0.747 0.61 0.748 0.609 0.749 0.609 0.749 0.606 0.75 0.605 0.751 0.605 0.751 0.604 0.752 0.603 0.753 0.603 0.753 0.6 0.752 0.6 0.751 0.599 0.751 0.598
7 0.631 0.887 0.022 0.014 0.632 0.88 0.632 0.881 0.631 0.882 0.63 0.882 0.63 0.883 0.629 0.884 0.624 0.884 0.624 0.885 0.623 0.886 0.62 0.886 0.62 0.893 0.631 0.893 0.631 0.892 0.632 0.891 0.637 0.891 0.637 0.89 0.638 0.889 0.639 0.889 0.639 0.888 0.64 0.887 0.641 0.887 0.641 0.882 0.638 0.882 0.637 0.881 0.637 0.88
7 0.719 0.872 0.022 0.012 0.712 0.866 0.712 0.867 0.711 0.868 0.71 0.868 0.71 0.869 0.709 0.87 0.708 0.87 0.708 0.875 0.709 0.875 0.71 0.876 0.71 0.877 0.715 0.877 0.715 0.876 0.716 0.875 0.727 0.875 0.727 0.874 0.728 0.873 0.729 0.873 0.729 0.866
4 0.725 0.895 0.03 0.03 0.72 0.88 0.72 0.881 0.719 0.882 0.712 0.882 0.712 0.883 0.711 0.884 0.71 0.884 0.71 0.885 0.711 0.885 0.712 0.886 0.712 0.891 0.713 0.891 0.714 0.892 0.714 0.899 0.715 0.899 0.716 0.9 0.716 0.905 0.717 0.905 0.718 0.906 0.718 0.909 0.721 0.909 0.721 0.908 0.722 0.907 0.733 0.907 0.733 0.906 0.734 0.905 0.739 0.905 0.739 0.902 0.738 0.902 0.737 0.901 0.737 0.894 0.736 0.894 0.735 0.893 0.735 0.886 0.734 0.886 0.733 0.885 0.733 0.88
5 0.8 0.98 0.028 0.028 0.804 0.966 0.804 0.967 0.803 0.968 0.792 0.968 0.792 0.969 0.791 0.97 0.786 0.97 0.786 0.975 0.787 0.975 0.788 0.976 0.788 0.987 0.789 0.987 0.79 0.988 0.79 0.993 0.795 0.993 0.795 0.992 0.796 0.991 0.807 0.991 0.807 0.99 0.808 0.989 0.813 0.989 0.813 0.984 0.812 0.984 0.811 0.983 0.811 0.972 0.81 0.972 0.809 0.971 0.809 0.966
5 0.365 0.514 0.014 0.012 0.368 0.508 0.368 0.509 0.367 0.51 0.362 0.51 0.362 0.511 0.361 0.512 0.358 0.512 0.358 0.513 0.359 0.513 0.36 0.514 0.36 0.519 0.363 0.519 0.363 0.518 0.364 0.517 0.371 0.517 0.371 0.514 0.37 0.514 0.369 0.513 0.369 0.508
4 0.789 0.685 0.026000000000000002 0.022 0.778 0.674 0.778 0.675 0.777 0.676 0.776 0.676 0.776 0.691 0.777 0.691 0.778 0.692 0.778 0.695 0.801 0.695 0.801 0.68 0.8 0.68 0.799 0.679 0.799 0.676 0.798 0.676 0.797 0.675 0.797 0.674
5 0.664 0.257 0.02 0.03 0.656 0.242 0.656 0.243 0.655 0.244 0.654 0.244 0.654 0.259 0.655 0.259 0.656 0.26 0.656 0.263 0.657 0.263 0.658 0.264 0.658 0.267 0.659 0.267 0.66 0.268 0.66 0.269 0.663 0.269 0.664 0.27 0.664 0.271 0.669 0.271 0.669 0.27 0.67 0.269 0.673 0.269 0.673 0.258 0.672 0.258 0.671 0.257 0.671 0.244 0.67 0.244 0.669 0.243 0.669 0.242
5 0.649 0.276 0.018000000000000002 0.02 0.642 0.266 0.642 0.267 0.641 0.268 0.64 0.268 0.64 0.279 0.641 0.279 0.642 0.28 0.642 0.281 0.643 0.281 0.644 0.282 0.644 0.283 0.647 0.283 0.648 0.284 0.648 0.285 0.649 0.285 0.649 0.284 0.65 0.283 0.653 0.283 0.653 0.282 0.654 0.281 0.655 0.281 0.655 0.28 0.656 0.279 0.657 0.279 0.657 0.268 0.656 0.268 0.655 0.267 0.655 0.266
5 0.733 0.596 0.018000000000000002 0.02 0.724 0.586 0.724 0.597 0.725 0.597 0.726 0.598 0.726 0.603 0.727 0.603 0.728 0.604 0.728 0.605 0.737 0.605 0.737 0.604 0.738 0.603 0.741 0.603 0.741 0.586 0.736 0.586 0.736 0.587 0.735 0.588 0.728 0.588 0.727 0.587 0.727 0.586
7 0.706 0.315 0.012 0.01 0.702 0.31 0.702 0.311 0.701 0.312 0.7 0.312 0.7 0.319 0.711 0.319 0.711 0.312 0.71 0.312 0.709 0.311 0.709 0.31
7 0.667 0.434 0.026000000000000002 0.02 0.664 0.424 0.664 0.425 0.663 0.426 0.66 0.426 0.66 0.427 0.659 0.428 0.658 0.428 0.658 0.429 0.657 0.43 0.656 0.43 0.656 0.431 0.655 0.432 0.654 0.432 0.654 0.435 0.655 0.435 0.656 0.436 0.656 0.439 0.657 0.439 0.658 0.44 0.658 0.441 0.661 0.441 0.662 0.442 0.662 0.443 0.677 0.443 0.677 0.442 0.678 0.441 0.679 0.441 0.679 0.436 0.678 0.436 0.677 0.435 0.677 0.426 0.676 0.426 0.675 0.425 0.675 0.424
7 0.75 0.669 0.016 0.018000000000000002 0.744 0.66 0.744 0.661 0.743 0.662 0.742 0.662 0.742 0.673 0.743 0.673 0.744 0.674 0.744 0.675 0.745 0.675 0.746 0.676 0.746 0.677 0.749 0.677 0.749 0.676 0.75 0.675 0.753 0.675 0.753 0.674 0.754 0.673 0.757 0.673 0.757 0.664 0.756 0.664 0.755 0.663 0.755 0.662 0.754 0.662 0.753 0.661 0.753 0.66
7 0.758 0.681 0.02 0.014 0.754 0.674 0.754 0.675 0.753 0.676 0.748 0.676 0.748 0.683 0.749 0.683 0.75 0.684 0.75 0.685 0.751 0.685 0.752 0.686 0.752 0.687 0.761 0.687 0.761 0.686 0.762 0.685 0.765 0.685 0.765 0.684 0.766 0.683 0.767 0.683 0.767 0.68 0.766 0.68 0.765 0.679 0.765 0.678 0.764 0.678 0.763 0.677 0.763 0.676 0.762 0.676 0.761 0.675 0.761 0.674
7 0.769 0.68 0.014 0.012 0.766 0.674 0.766 0.675 0.765 0.676 0.762 0.676 0.762 0.679 0.763 0.679 0.764 0.68 0.764 0.685 0.769 0.685 0.769 0.684 0.77 0.683 0.773 0.683 0.773 0.682 0.774 0.681 0.775 0.681 0.775 0.68 0.774 0.68 0.773 0.679 0.773 0.676 0.772 0.676 0.771 0.675 0.771 0.674
7 0.837 0.929 0.01 0.01 0.832 0.924 0.832 0.931 0.835 0.931 0.836 0.932 0.836 0.933 0.837 0.933 0.837 0.932 0.838 0.931 0.841 0.931 0.841 0.926 0.84 0.926 0.839 0.925 0.839 0.924
7 0.849 0.9530000000000001 0.014 0.014 0.848 0.946 0.848 0.947 0.847 0.948 0.844 0.948 0.844 0.949 0.843 0.95 0.842 0.95 0.842 0.953 0.843 0.953 0.844 0.954 0.844 0.957 0.845 0.957 0.846 0.958 0.846 0.959 0.851 0.959 0.851 0.958 0.852 0.957 0.853 0.957 0.853 0.956 0.854 0.955 0.855 0.955 0.855 0.948 0.854 0.948 0.853 0.947 0.853 0.946
3 0.687 0.651 0.078 0.11 0.676 0.596 0.676 0.597 0.675 0.598 0.666 0.598 0.666 0.599 0.665 0.6 0.658 0.6 0.658 0.601 0.657 0.602 0.65 0.602 0.65 0.603 0.649 0.604 0.648 0.604 0.648 0.605 0.649 0.605 0.65 0.606 0.65 0.613 0.649 0.614 0.648 0.614 0.648 0.617 0.649 0.617 0.65 0.618 0.65 0.625 0.649 0.626 0.648 0.626 0.648 0.627 0.649 0.627 0.65 0.628 0.65 0.649 0.651 0.649 0.652 0.65 0.652 0.653 0.651 0.654 0.65 0.654 0.65 0.663 0.651 0.663 0.652 0.664 0.652 0.679 0.653 0.679 0.654 0.68 0.654 0.683 0.653 0.684 0.652 0.684 0.652 0.685 0.653 0.685 0.654 0.686 0.654 0.691 0.655 0.691 0.656 0.692 0.656 0.701 0.657 0.701 0.658 0.702 0.658 0.705 0.677 0.705 0.677 0.704 0.678 0.703 0.701 0.703 0.701 0.702 0.702 0.701 0.707 0.701 0.707 0.7 0.708 0.699 0.709 0.699 0.709 0.694 0.71 0.693 0.711 0.693 0.711 0.686 0.712 0.685 0.713 0.685 0.713 0.678 0.714 0.677 0.715 0.677 0.715 0.676 0.716 0.675 0.717 0.675 0.717 0.67 0.718 0.669 0.719 0.669 0.719 0.666 0.72 0.665 0.721 0.665 0.721 0.658 0.722 0.657 0.723 0.657 0.723 0.656 0.724 0.655 0.725 0.655 0.725 0.642 0.724 0.642 0.723 0.641 0.723 0.64 0.72 0.64 0.719 0.639 0.719 0.634 0.716 0.634 0.715 0.633 0.715 0.632 0.714 0.632 0.713 0.631 0.713 0.63 0.712 0.63 0.711 0.629 0.711 0.626 0.71 0.626 0.709 0.625 0.709 0.622 0.708 0.622 0.707 0.621 0.707 0.62 0.706 0.62 0.705 0.619 0.705 0.618 0.702 0.618 0.701 0.617 0.701 0.616 0.7 0.616 0.699 0.615 0.699 0.614 0.698 0.614 0.697 0.613 0.697 0.612 0.696 0.612 0.695 0.611 0.695 0.61 0.694 0.61 0.693 0.609 0.693 0.606 0.692 0.606 0.691 0.605 0.691 0.604 0.69 0.604 0.689 0.603 0.689 0.602 0.688 0.602 0.687 0.601 0.687 0.6 0.684 0.6 0.683 0.599 0.683 0.598 0.68 0.598 0.679 0.597 0.679 0.596
4 0.449 0.016 0.018000000000000002 0.024 0.444 0.004 0.444 0.007 0.443 0.008 0.442 0.008 0.442 0.011 0.441 0.012 0.44 0.012 0.44 0.023 0.441 0.023 0.442 0.024 0.442 0.025 0.443 0.025 0.444 0.026 0.444 0.027 0.451 0.027 0.451 0.026 0.452 0.025 0.455 0.025 0.455 0.024 0.456 0.023 0.457 0.023 0.457 0.012 0.456 0.012 0.455 0.011 0.455 0.006 0.454 0.006 0.453 0.005 0.453 0.004
