4 0.678 0.719 0.032 0.026000000000000002 0.68 0.706 0.68 0.707 0.679 0.708 0.676 0.708 0.676 0.709 0.675 0.71 0.672 0.71 0.672 0.711 0.671 0.712 0.668 0.712 0.668 0.713 0.667 0.714 0.664 0.714 0.664 0.717 0.663 0.718 0.662 0.718 0.662 0.721 0.663 0.721 0.664 0.722 0.664 0.723 0.665 0.723 0.666 0.724 0.666 0.727 0.667 0.727 0.668 0.728 0.668 0.729 0.669 0.729 0.67 0.73 0.67 0.731 0.679 0.731 0.679 0.73 0.68 0.729 0.683 0.729 0.683 0.728 0.684 0.727 0.687 0.727 0.687 0.726 0.688 0.725 0.689 0.725 0.689 0.724 0.69 0.723 0.691 0.723 0.691 0.722 0.692 0.721 0.693 0.721 0.693 0.712 0.692 0.712 0.691 0.711 0.691 0.71 0.69 0.71 0.689 0.709 0.689 0.706
7 0.636 0.913 0.012 0.022 0.63 0.902 0.63 0.913 0.631 0.913 0.632 0.914 0.632 0.919 0.633 0.919 0.634 0.92 0.634 0.921 0.637 0.921 0.638 0.922 0.638 0.923 0.639 0.923 0.639 0.922 0.64 0.921 0.641 0.921 0.641 0.904 0.64 0.904 0.639 0.903 0.639 0.902
4 0.98 0.722 0.02 0.024 0.976 0.71 0.976 0.711 0.975 0.712 0.972 0.712 0.972 0.715 0.971 0.716 0.97 0.716 0.97 0.729 0.971 0.729 0.972 0.73 0.972 0.731 0.975 0.731 0.976 0.732 0.976 0.733 0.979 0.733 0.979 0.732 0.98 0.731 0.985 0.731 0.985 0.73 0.986 0.729 0.989 0.729 0.989 0.716 0.988 0.716 0.987 0.715 0.987 0.712 0.986 0.712 0.985 0.711 0.985 0.71
7 0.665 0.835 0.038 0.05 0.654 0.81 0.654 0.811 0.653 0.812 0.65 0.812 0.65 0.813 0.649 0.814 0.648 0.814 0.648 0.815 0.647 0.816 0.646 0.816 0.646 0.827 0.647 0.827 0.648 0.828 0.648 0.835 0.649 0.835 0.65 0.836 0.65 0.841 0.651 0.841 0.652 0.842 0.652 0.847 0.653 0.847 0.654 0.848 0.654 0.853 0.655 0.853 0.656 0.854 0.656 0.857 0.657 0.857 0.658 0.858 0.658 0.859 0.669 0.859 0.669 0.858 0.67 0.857 0.675 0.857 0.675 0.856 0.676 0.855 0.681 0.855 0.681 0.854 0.682 0.853 0.683 0.853 0.683 0.848 0.682 0.848 0.681 0.847 0.681 0.842 0.68 0.842 0.679 0.841 0.679 0.838 0.678 0.838 0.677 0.837 0.677 0.832 0.676 0.832 0.675 0.831 0.675 0.824 0.674 0.824 0.673 0.823 0.673 0.816 0.672 0.816 0.671 0.815 0.671 0.812 0.67 0.812 0.669 0.811 0.669 0.81
7 0.795 0.722 0.014 0.016 0.79 0.714 0.79 0.715 0.789 0.716 0.788 0.716 0.788 0.723 0.789 0.723 0.79 0.724 0.79 0.727 0.793 0.727 0.794 0.728 0.794 0.729 0.795 0.729 0.795 0.728 0.796 0.727 0.799 0.727 0.799 0.726 0.8 0.725 0.801 0.725 0.801 0.718 0.8 0.718 0.799 0.717 0.799 0.716 0.798 0.716 0.797 0.715 0.797 0.714
7 0.611 0.8180000000000001 0.014 0.02 0.606 0.808 0.606 0.809 0.605 0.81 0.604 0.81 0.604 0.819 0.605 0.819 0.606 0.82 0.606 0.821 0.607 0.821 0.608 0.822 0.608 0.825 0.609 0.825 0.61 0.826 0.61 0.827 0.615 0.827 0.615 0.824 0.616 0.823 0.617 0.823 0.617 0.816 0.616 0.816 0.615 0.815 0.615 0.814 0.614 0.814 0.613 0.813 0.613 0.812 0.612 0.812 0.611 0.811 0.611 0.81 0.61 0.81 0.609 0.809 0.609 0.808
7 0.8130000000000001 0.804 0.014 0.012 0.81 0.798 0.81 0.799 0.809 0.8 0.808 0.8 0.808 0.801 0.807 0.802 0.806 0.802 0.806 0.807 0.807 0.807 0.808 0.808 0.808 0.809 0.815 0.809 0.815 0.808 0.816 0.807 0.817 0.807 0.817 0.806 0.818 0.805 0.819 0.805 0.819 0.8 0.818 0.8 0.817 0.799 0.817 0.798
7 0.582 0.749 0.016 0.014 0.578 0.742 0.578 0.743 0.577 0.744 0.576 0.744 0.576 0.747 0.575 0.748 0.574 0.748 0.574 0.751 0.575 0.751 0.576 0.752 0.576 0.755 0.587 0.755 0.587 0.754 0.588 0.753 0.589 0.753 0.589 0.744 0.586 0.744 0.585 0.743 0.585 0.742
7 0.034 0.749 0.02 0.014 0.026 0.742 0.026 0.743 0.025 0.744 0.024 0.744 0.024 0.753 0.027 0.753 0.028 0.754 0.028 0.755 0.031 0.755 0.031 0.754 0.032 0.753 0.037 0.753 0.037 0.752 0.038 0.751 0.039 0.751 0.039 0.75 0.04 0.749 0.041 0.749 0.041 0.746 0.042 0.745 0.043 0.745 0.043 0.744 0.042 0.744 0.041 0.743 0.041 0.742
4 0.9390000000000001 0.988 0.026000000000000002 0.024 0.936 0.976 0.936 0.977 0.935 0.978 0.928 0.978 0.928 0.979 0.927 0.98 0.926 0.98 0.926 0.993 0.927 0.993 0.928 0.994 0.928 0.999 0.951 0.999 0.951 0.99 0.95 0.99 0.949 0.989 0.949 0.98 0.948 0.98 0.947 0.979 0.947 0.978 0.944 0.978 0.943 0.977 0.943 0.976
7 0.917 0.8270000000000001 0.046 0.022 0.932 0.816 0.932 0.817 0.931 0.818 0.924 0.818 0.924 0.819 0.923 0.82 0.92 0.82 0.92 0.821 0.919 0.822 0.916 0.822 0.916 0.823 0.915 0.824 0.912 0.824 0.912 0.825 0.911 0.826 0.904 0.826 0.904 0.827 0.903 0.828 0.9 0.828 0.9 0.829 0.899 0.83 0.898 0.83 0.898 0.831 0.897 0.832 0.896 0.832 0.896 0.833 0.895 0.834 0.894 0.834 0.894 0.835 0.895 0.835 0.896 0.836 0.896 0.837 0.905 0.837 0.905 0.836 0.906 0.835 0.911 0.835 0.911 0.834 0.912 0.833 0.919 0.833 0.919 0.832 0.92 0.831 0.923 0.831 0.923 0.83 0.924 0.829 0.927 0.829 0.927 0.828 0.928 0.827 0.931 0.827 0.931 0.826 0.932 0.825 0.935 0.825 0.935 0.824 0.936 0.823 0.937 0.823 0.937 0.822 0.938 0.821 0.939 0.821 0.939 0.82 0.938 0.82 0.937 0.819 0.937 0.818 0.936 0.818 0.935 0.817 0.935 0.816
7 0.876 0.833 0.012 0.014 0.874 0.826 0.874 0.827 0.873 0.828 0.872 0.828 0.872 0.829 0.871 0.83 0.87 0.83 0.87 0.835 0.871 0.835 0.872 0.836 0.872 0.837 0.873 0.837 0.874 0.838 0.874 0.839 0.877 0.839 0.877 0.838 0.878 0.837 0.881 0.837 0.881 0.828 0.88 0.828 0.879 0.827 0.879 0.826
4 0.665 0.902 0.026000000000000002 0.024 0.67 0.89 0.67 0.891 0.669 0.892 0.662 0.892 0.662 0.893 0.661 0.894 0.654 0.894 0.654 0.897 0.653 0.898 0.652 0.898 0.652 0.905 0.653 0.905 0.654 0.906 0.654 0.911 0.655 0.911 0.656 0.912 0.656 0.913 0.663 0.913 0.663 0.912 0.664 0.911 0.669 0.911 0.669 0.91 0.67 0.909 0.673 0.909 0.673 0.908 0.674 0.907 0.677 0.907 0.677 0.894 0.676 0.894 0.675 0.893 0.675 0.89
4 0.617 0.737 0.022 0.022 0.618 0.726 0.618 0.727 0.617 0.728 0.612 0.728 0.612 0.729 0.611 0.73 0.608 0.73 0.608 0.733 0.607 0.734 0.606 0.734 0.606 0.743 0.607 0.743 0.608 0.744 0.608 0.745 0.609 0.745 0.61 0.746 0.61 0.747 0.619 0.747 0.619 0.746 0.62 0.745 0.621 0.745 0.621 0.744 0.622 0.743 0.623 0.743 0.623 0.742 0.624 0.741 0.625 0.741 0.625 0.738 0.626 0.737 0.627 0.737 0.627 0.736 0.626 0.736 0.625 0.735 0.625 0.73 0.624 0.73 0.623 0.729 0.623 0.728 0.62 0.728 0.619 0.727 0.619 0.726
7 0.8 0.866 0.024 0.016 0.804 0.858 0.804 0.859 0.803 0.86 0.794 0.86 0.794 0.861 0.793 0.862 0.79 0.862 0.79 0.863 0.789 0.864 0.788 0.864 0.788 0.869 0.789 0.869 0.79 0.87 0.79 0.871 0.791 0.871 0.792 0.872 0.792 0.873 0.797 0.873 0.797 0.872 0.798 0.871 0.805 0.871 0.805 0.87 0.806 0.869 0.809 0.869 0.809 0.866 0.81 0.865 0.811 0.865 0.811 0.862 0.81 0.862 0.809 0.861 0.809 0.858
4 0.874 0.992 0.036000000000000004 0.016 0.86 0.984 0.86 0.987 0.859 0.988 0.858 0.988 0.858 0.997 0.857 0.998 0.856 0.998 0.856 0.999 0.891 0.999 0.891 0.992 0.89 0.992 0.889 0.991 0.889 0.99 0.886 0.99 0.885 0.989 0.885 0.988 0.878 0.988 0.877 0.987 0.877 0.986 0.87 0.986 0.869 0.985 0.869 0.984
5 0.905 0.73 0.03 0.02 0.904 0.72 0.904 0.721 0.903 0.722 0.9 0.722 0.9 0.723 0.899 0.724 0.89 0.724 0.89 0.727 0.891 0.727 0.892 0.728 0.892 0.729 0.893 0.729 0.894 0.73 0.894 0.731 0.895 0.731 0.896 0.732 0.896 0.733 0.899 0.733 0.9 0.734 0.9 0.735 0.905 0.735 0.906 0.736 0.906 0.737 0.911 0.737 0.912 0.738 0.912 0.739 0.917 0.739 0.917 0.734 0.918 0.733 0.919 0.733 0.919 0.724 0.916 0.724 0.915 0.723 0.915 0.72
4 0.732 0.879 0.028 0.022 0.734 0.868 0.734 0.869 0.733 0.87 0.724 0.87 0.724 0.871 0.723 0.872 0.72 0.872 0.72 0.875 0.719 0.876 0.718 0.876 0.718 0.879 0.719 0.879 0.72 0.88 0.72 0.885 0.721 0.885 0.722 0.886 0.722 0.887 0.725 0.887 0.726 0.888 0.726 0.889 0.729 0.889 0.729 0.888 0.73 0.887 0.735 0.887 0.735 0.886 0.736 0.885 0.737 0.885 0.737 0.884 0.738 0.883 0.741 0.883 0.741 0.882 0.742 0.881 0.743 0.881 0.743 0.88 0.744 0.879 0.745 0.879 0.745 0.872 0.744 0.872 0.743 0.871 0.743 0.868
4 0.503 0.9570000000000001 0.018000000000000002 0.018000000000000002 0.5 0.948 0.5 0.949 0.499 0.95 0.496 0.95 0.496 0.951 0.495 0.952 0.494 0.952 0.494 0.963 0.495 0.963 0.496 0.964 0.496 0.965 0.507 0.965 0.507 0.964 0.508 0.963 0.509 0.963 0.509 0.962 0.51 0.961 0.511 0.961 0.511 0.952 0.51 0.952 0.509 0.951 0.509 0.948
7 0.965 0.685 0.026000000000000002 0.022 0.968 0.674 0.968 0.675 0.967 0.676 0.966 0.676 0.966 0.677 0.965 0.678 0.964 0.678 0.964 0.679 0.963 0.68 0.962 0.68 0.962 0.681 0.961 0.682 0.96 0.682 0.96 0.683 0.959 0.684 0.958 0.684 0.958 0.685 0.957 0.686 0.956 0.686 0.956 0.687 0.955 0.688 0.954 0.688 0.954 0.691 0.953 0.692 0.952 0.692 0.952 0.693 0.953 0.693 0.954 0.694 0.954 0.695 0.957 0.695 0.957 0.694 0.958 0.693 0.959 0.693 0.96 0.694 0.96 0.695 0.969 0.695 0.969 0.694 0.97 0.693 0.971 0.693 0.971 0.692 0.972 0.691 0.975 0.691 0.975 0.688 0.976 0.687 0.977 0.687 0.977 0.678 0.976 0.678 0.975 0.677 0.975 0.676 0.974 0.676 0.973 0.675 0.973 0.674
7 0.031 0.706 0.01 0.012 0.03 0.7 0.03 0.701 0.029 0.702 0.028 0.702 0.028 0.703 0.027 0.704 0.026 0.704 0.026 0.707 0.027 0.707 0.028 0.708 0.028 0.711 0.033 0.711 0.033 0.708 0.034 0.707 0.035 0.707 0.035 0.704 0.034 0.704 0.033 0.703 0.033 0.702 0.032 0.702 0.031 0.701 0.031 0.7
7 0.902 0.8170000000000001 0.188 0.038 0.984 0.806 0.984 0.807 0.983 0.808 0.982 0.808 0.982 0.809 0.981 0.81 0.978 0.81 0.978 0.811 0.977 0.812 0.976 0.812 0.976 0.817 0.985 0.817 0.985 0.816 0.986 0.815 0.989 0.815 0.989 0.814 0.99 0.813 0.993 0.813 0.993 0.812 0.994 0.811 0.995 0.811 0.995 0.806
