4 0.541 0.765 0.018000000000000002 0.026000000000000002 0.534 0.752 0.534 0.755 0.533 0.756 0.532 0.756 0.532 0.777 0.547 0.777 0.547 0.776 0.548 0.775 0.549 0.775 0.549 0.768 0.548 0.768 0.547 0.767 0.547 0.766 0.548 0.765 0.549 0.765 0.549 0.76 0.548 0.76 0.547 0.759 0.547 0.754 0.546 0.754 0.545 0.753 0.545 0.752
5 0.498 0.812 0.02 0.02 0.488 0.802 0.488 0.821 0.505 0.821 0.505 0.82 0.506 0.819 0.507 0.819 0.507 0.802
4 0.906 0.387 0.016 0.022 0.9 0.376 0.9 0.385 0.899 0.386 0.898 0.386 0.898 0.393 0.899 0.393 0.9 0.394 0.9 0.395 0.901 0.395 0.902 0.396 0.902 0.397 0.905 0.397 0.905 0.396 0.906 0.395 0.909 0.395 0.909 0.394 0.91 0.393 0.911 0.393 0.911 0.384 0.912 0.383 0.913 0.383 0.913 0.38 0.912 0.38 0.911 0.379 0.911 0.378 0.91 0.378 0.909 0.377 0.909 0.376
4 0.9460000000000001 0.359 0.016 0.026000000000000002 0.942 0.346 0.942 0.347 0.941 0.348 0.94 0.348 0.94 0.351 0.939 0.352 0.938 0.352 0.938 0.365 0.939 0.365 0.94 0.366 0.94 0.371 0.949 0.371 0.949 0.37 0.95 0.369 0.951 0.369 0.951 0.368 0.952 0.367 0.953 0.367 0.953 0.35 0.952 0.35 0.951 0.349 0.951 0.348 0.95 0.348 0.949 0.347 0.949 0.346
5 0.541 0.406 0.026000000000000002 0.028 0.544 0.392 0.544 0.393 0.543 0.394 0.536 0.394 0.536 0.395 0.535 0.396 0.53 0.396 0.53 0.397 0.529 0.398 0.528 0.398 0.528 0.419 0.551 0.419 0.551 0.418 0.552 0.417 0.553 0.417 0.553 0.396 0.552 0.396 0.551 0.395 0.551 0.394 0.55 0.394 0.549 0.393 0.549 0.392
5 0.025 0.401 0.018000000000000002 0.022 0.024 0.39 0.024 0.391 0.023 0.392 0.02 0.392 0.02 0.393 0.019 0.394 0.018 0.394 0.018 0.401 0.017 0.402 0.016 0.402 0.016 0.407 0.017 0.407 0.018 0.408 0.018 0.409 0.019 0.409 0.02 0.41 0.02 0.411 0.031 0.411 0.031 0.406 0.032 0.405 0.033 0.405 0.033 0.392 0.03 0.392 0.029 0.391 0.029 0.39
5 0.077 0.352 0.022 0.016 0.07 0.344 0.07 0.345 0.069 0.346 0.068 0.346 0.068 0.349 0.067 0.35 0.066 0.35 0.066 0.357 0.073 0.357 0.074 0.358 0.074 0.359 0.085 0.359 0.085 0.358 0.086 0.357 0.087 0.357 0.087 0.35 0.084 0.35 0.083 0.349 0.083 0.348 0.082 0.348 0.081 0.347 0.081 0.346 0.08 0.346 0.079 0.345 0.079 0.344
4 0.526 0.863 0.016 0.014 0.52 0.856 0.52 0.857 0.519 0.858 0.518 0.858 0.518 0.867 0.519 0.867 0.52 0.868 0.52 0.869 0.533 0.869 0.533 0.856
0 0.9560000000000001 0.432 0.048 0.048 0.938 0.408 0.938 0.409 0.937 0.41 0.936 0.41 0.936 0.413 0.935 0.414 0.934 0.414 0.934 0.423 0.933 0.424 0.932 0.424 0.932 0.451 0.933 0.451 0.934 0.452 0.934 0.453 0.937 0.453 0.938 0.454 0.938 0.455 0.965 0.455 0.965 0.454 0.966 0.453 0.967 0.453 0.967 0.452 0.968 0.451 0.969 0.451 0.969 0.45 0.97 0.449 0.971 0.449 0.971 0.448 0.972 0.447 0.975 0.447 0.975 0.446 0.976 0.445 0.977 0.445 0.977 0.444 0.978 0.443 0.979 0.443 0.979 0.43 0.978 0.43 0.977 0.429 0.977 0.412 0.976 0.412 0.975 0.411 0.975 0.41 0.974 0.41 0.973 0.409 0.973 0.408
7 0.034 0.383 0.016 0.022 0.03 0.372 0.03 0.373 0.029 0.374 0.028 0.374 0.028 0.383 0.027 0.384 0.026 0.384 0.026 0.385 0.027 0.385 0.028 0.386 0.028 0.389 0.029 0.389 0.03 0.39 0.03 0.391 0.031 0.391 0.032 0.392 0.032 0.393 0.037 0.393 0.037 0.392 0.038 0.391 0.039 0.391 0.039 0.39 0.04 0.389 0.041 0.389 0.041 0.376 0.038 0.376 0.037 0.375 0.037 0.374 0.036 0.374 0.035 0.373 0.035 0.372
7 0.467 0.841 0.014 0.014 0.46 0.834 0.46 0.845 0.465 0.845 0.466 0.846 0.466 0.847 0.469 0.847 0.469 0.846 0.47 0.845 0.473 0.845 0.473 0.834
4 0.872 0.296 0.02 0.02 0.864 0.286 0.864 0.287 0.863 0.288 0.862 0.288 0.862 0.301 0.863 0.301 0.864 0.302 0.864 0.305 0.877 0.305 0.877 0.304 0.878 0.303 0.879 0.303 0.879 0.3 0.88 0.299 0.881 0.299 0.881 0.288 0.88 0.288 0.879 0.287 0.879 0.286
3 0.934 0.554 0.06 0.068 0.91 0.52 0.91 0.521 0.909 0.522 0.908 0.522 0.908 0.537 0.907 0.538 0.906 0.538 0.906 0.561 0.905 0.562 0.904 0.562 0.904 0.585 0.905 0.585 0.906 0.586 0.906 0.587 0.927 0.587 0.927 0.586 0.928 0.585 0.931 0.585 0.931 0.584 0.932 0.583 0.935 0.583 0.935 0.582 0.936 0.581 0.939 0.581 0.939 0.58 0.94 0.579 0.943 0.579 0.943 0.578 0.944 0.577 0.945 0.577 0.945 0.576 0.946 0.575 0.949 0.575 0.949 0.574 0.95 0.573 0.951 0.573 0.951 0.572 0.952 0.571 0.955 0.571 0.955 0.57 0.956 0.569 0.957 0.569 0.957 0.568 0.958 0.567 0.961 0.567 0.961 0.566 0.962 0.565 0.963 0.565 0.963 0.558 0.96 0.558 0.959 0.557 0.959 0.556 0.958 0.556 0.957 0.555 0.957 0.554 0.956 0.554 0.955 0.553 0.955 0.552 0.954 0.552 0.953 0.551 0.953 0.55 0.952 0.55 0.951 0.549 0.951 0.548 0.95 0.548 0.949 0.547 0.949 0.546 0.948 0.546 0.947 0.545 0.947 0.544 0.946 0.544 0.945 0.543 0.945 0.54 0.944 0.54 0.943 0.539 0.943 0.538 0.942 0.538 0.941 0.537 0.941 0.536 0.94 0.536 0.939 0.535 0.939 0.534 0.938 0.534 0.937 0.533 0.937 0.532 0.936 0.532 0.935 0.531 0.935 0.53 0.934 0.53 0.933 0.529 0.933 0.528 0.932 0.528 0.931 0.527 0.931 0.526 0.93 0.526 0.929 0.525 0.929 0.524 0.928 0.524 0.927 0.523 0.927 0.522 0.924 0.522 0.923 0.521 0.923 0.52
3 0.896 0.18 0.04 0.088 0.882 0.136 0.882 0.137 0.881 0.138 0.88 0.138 0.88 0.139 0.879 0.14 0.878 0.14 0.878 0.167 0.877 0.168 0.876 0.168 0.876 0.217 0.877 0.217 0.878 0.218 0.878 0.221 0.879 0.221 0.88 0.222 0.88 0.223 0.903 0.223 0.903 0.222 0.904 0.221 0.909 0.221 0.909 0.22 0.91 0.219 0.911 0.219 0.911 0.218 0.912 0.217 0.913 0.217 0.913 0.21 0.914 0.209 0.915 0.209 0.915 0.194 0.914 0.194 0.913 0.193 0.913 0.164 0.912 0.164 0.911 0.163 0.911 0.144 0.91 0.144 0.909 0.143 0.909 0.14 0.908 0.14 0.907 0.139 0.907 0.138 0.904 0.138 0.903 0.137 0.903 0.136
3 0.9480000000000001 0.20800000000000002 0.064 0.068 0.918 0.174 0.918 0.175 0.917 0.176 0.916 0.176 0.916 0.239 0.917 0.239 0.918 0.24 0.918 0.241 0.931 0.241 0.931 0.24 0.932 0.239 0.939 0.239 0.939 0.238 0.94 0.237 0.945 0.237 0.945 0.236 0.946 0.235 0.949 0.235 0.949 0.234 0.95 0.233 0.953 0.233 0.953 0.232 0.954 0.231 0.955 0.231 0.955 0.23 0.956 0.229 0.959 0.229 0.959 0.228 0.96 0.227 0.963 0.227 0.963 0.226 0.964 0.225 0.967 0.225 0.967 0.224 0.968 0.223 0.973 0.223 0.973 0.222 0.974 0.221 0.977 0.221 0.977 0.22 0.978 0.219 0.979 0.219 0.979 0.218 0.978 0.218 0.977 0.217 0.977 0.216 0.974 0.216 0.973 0.215 0.973 0.214 0.972 0.214 0.971 0.213 0.971 0.212 0.97 0.212 0.969 0.211 0.969 0.21 0.968 0.21 0.967 0.209 0.967 0.208 0.966 0.208 0.965 0.207 0.965 0.204 0.964 0.204 0.963 0.203 0.963 0.202 0.962 0.202 0.961 0.201 0.961 0.2 0.96 0.2 0.959 0.199 0.959 0.198 0.958 0.198 0.957 0.197 0.957 0.196 0.956 0.196 0.955 0.195 0.955 0.194 0.954 0.194 0.953 0.193 0.953 0.192 0.952 0.192 0.951 0.191 0.951 0.19 0.95 0.19 0.949 0.189 0.949 0.188 0.948 0.188 0.947 0.187 0.947 0.186 0.946 0.186 0.945 0.185 0.945 0.184 0.944 0.184 0.943 0.183 0.943 0.182 0.942 0.182 0.941 0.181 0.941 0.18 0.938 0.18 0.937 0.179 0.937 0.178 0.936 0.178 0.935 0.177 0.935 0.176 0.932 0.176 0.931 0.175 0.931 0.174
6 0.9520000000000001 0.662 0.084 0.076 0.914 0.624 0.914 0.643 0.913 0.644 0.912 0.644 0.912 0.685 0.911 0.686 0.91 0.686 0.91 0.695 0.911 0.695 0.912 0.696 0.912 0.697 0.913 0.697 0.914 0.698 0.914 0.699 0.915 0.699 0.915 0.696 0.916 0.695 0.977 0.695 0.978 0.696 0.978 0.697 0.991 0.697 0.991 0.694 0.992 0.693 0.993 0.693 0.993 0.69 0.992 0.69 0.991 0.689 0.991 0.662 0.992 0.661 0.993 0.661 0.993 0.638 0.992 0.638 0.991 0.637 0.991 0.634 0.956 0.634 0.955 0.633 0.955 0.632 0.944 0.632 0.943 0.631 0.943 0.63 0.94 0.63 0.939 0.629 0.939 0.628 0.934 0.628 0.933 0.627 0.933 0.626 0.926 0.626 0.925 0.625 0.925 0.624
6 0.673 0.435 0.11 0.05 0.642 0.41 0.642 0.411 0.641 0.412 0.624 0.412 0.624 0.413 0.623 0.414 0.62 0.414 0.62 0.415 0.619 0.416 0.618 0.416 0.618 0.419 0.619 0.419 0.62 0.42 0.62 0.457 0.623 0.457 0.624 0.458 0.624 0.459 0.661 0.459 0.661 0.458 0.662 0.457 0.665 0.457 0.665 0.456 0.666 0.455 0.721 0.455 0.721 0.454 0.722 0.453 0.723 0.453 0.723 0.452 0.724 0.451 0.725 0.451 0.725 0.43 0.726 0.429 0.727 0.429 0.727 0.416 0.724 0.416 0.723 0.415 0.723 0.414 0.698 0.414 0.697 0.413 0.697 0.412 0.652 0.412 0.651 0.411 0.651 0.41
7 0.5720000000000001 0.812 0.008 0.012 0.568 0.806 0.568 0.815 0.569 0.815 0.57 0.816 0.57 0.817 0.573 0.817 0.573 0.816 0.574 0.815 0.575 0.815 0.575 0.808 0.574 0.808 0.573 0.807 0.573 0.806
