3 0.615 0.462 0.082 0.068 0.576 0.462 0.576 0.465 0.575 0.466 0.574 0.466 0.574 0.467 0.575 0.467 0.576 0.468 0.576 0.469 0.577 0.469 0.577 0.462
7 0.463 0.024 0.014 0.02 0.46 0.014 0.46 0.015 0.459 0.016 0.458 0.016 0.458 0.017 0.457 0.018 0.456 0.018 0.456 0.023 0.457 0.023 0.458 0.024 0.458 0.029 0.459 0.029 0.46 0.03 0.46 0.031 0.463 0.031 0.464 0.032 0.464 0.033 0.467 0.033 0.467 0.03 0.468 0.029 0.469 0.029 0.469 0.016 0.468 0.016 0.467 0.015 0.467 0.014
4 0.48 0.536 0.02 0.02 0.474 0.526 0.474 0.527 0.473 0.528 0.472 0.528 0.472 0.529 0.471 0.53 0.47 0.53 0.47 0.537 0.471 0.537 0.472 0.538 0.472 0.539 0.473 0.539 0.474 0.54 0.474 0.541 0.475 0.541 0.476 0.542 0.476 0.543 0.477 0.543 0.478 0.544 0.478 0.545 0.485 0.545 0.485 0.544 0.486 0.543 0.487 0.543 0.487 0.542 0.488 0.541 0.489 0.541 0.489 0.53 0.488 0.53 0.487 0.529 0.487 0.528 0.486 0.528 0.485 0.527 0.485 0.526
4 0.542 0.518 0.02 0.02 0.536 0.508 0.536 0.509 0.535 0.51 0.534 0.51 0.534 0.511 0.533 0.512 0.532 0.512 0.532 0.521 0.533 0.521 0.534 0.522 0.534 0.523 0.535 0.523 0.536 0.524 0.536 0.525 0.537 0.525 0.538 0.526 0.538 0.527 0.545 0.527 0.545 0.526 0.546 0.525 0.547 0.525 0.547 0.524 0.548 0.523 0.549 0.523 0.549 0.522 0.55 0.521 0.551 0.521 0.551 0.514 0.55 0.514 0.549 0.513 0.549 0.512 0.548 0.512 0.547 0.511 0.547 0.51 0.546 0.51 0.545 0.509 0.545 0.508
5 0.425 0.541 0.014 0.018000000000000002 0.422 0.532 0.422 0.533 0.421 0.534 0.42 0.534 0.42 0.535 0.419 0.536 0.418 0.536 0.418 0.545 0.419 0.545 0.42 0.546 0.42 0.549 0.423 0.549 0.423 0.548 0.424 0.547 0.425 0.547 0.425 0.546 0.426 0.545 0.427 0.545 0.427 0.542 0.428 0.541 0.429 0.541 0.429 0.538 0.43 0.537 0.431 0.537 0.431 0.536 0.43 0.536 0.429 0.535 0.429 0.532
4 0.47800000000000004 0.632 0.02 0.02 0.474 0.622 0.474 0.623 0.473 0.624 0.47 0.624 0.47 0.625 0.469 0.626 0.468 0.626 0.468 0.635 0.469 0.635 0.47 0.636 0.47 0.639 0.471 0.639 0.472 0.64 0.472 0.641 0.479 0.641 0.479 0.64 0.48 0.639 0.483 0.639 0.483 0.638 0.484 0.637 0.485 0.637 0.485 0.636 0.486 0.635 0.487 0.635 0.487 0.626 0.486 0.626 0.485 0.625 0.485 0.622
4 0.389 0.628 0.022 0.02 0.388 0.618 0.388 0.619 0.387 0.62 0.382 0.62 0.382 0.621 0.381 0.622 0.38 0.622 0.38 0.623 0.379 0.624 0.378 0.624 0.378 0.635 0.379 0.635 0.38 0.636 0.38 0.637 0.387 0.637 0.387 0.636 0.388 0.635 0.395 0.635 0.395 0.634 0.396 0.633 0.399 0.633 0.399 0.62 0.396 0.62 0.395 0.619 0.395 0.618
4 0.466 0.585 0.016 0.014 0.462 0.578 0.462 0.579 0.461 0.58 0.46 0.58 0.46 0.581 0.459 0.582 0.458 0.582 0.458 0.587 0.459 0.587 0.46 0.588 0.46 0.589 0.461 0.589 0.462 0.59 0.462 0.591 0.471 0.591 0.471 0.59 0.472 0.589 0.473 0.589 0.473 0.582 0.472 0.582 0.471 0.581 0.471 0.58 0.468 0.58 0.467 0.579 0.467 0.578
4 0.512 0.527 0.02 0.018000000000000002 0.51 0.518 0.51 0.519 0.509 0.52 0.506 0.52 0.506 0.521 0.505 0.522 0.504 0.522 0.504 0.523 0.503 0.524 0.502 0.524 0.502 0.529 0.503 0.529 0.504 0.53 0.504 0.533 0.505 0.533 0.506 0.534 0.506 0.535 0.515 0.535 0.515 0.534 0.516 0.533 0.519 0.533 0.519 0.532 0.52 0.531 0.521 0.531 0.521 0.522 0.52 0.522 0.519 0.521 0.519 0.52 0.518 0.52 0.517 0.519 0.517 0.518
3 0.353 0.589 0.098 0.11800000000000001 0.306 0.53 0.306 0.531 0.305 0.532 0.304 0.532 0.304 0.539 0.305 0.539 0.306 0.54 0.306 0.547 0.307 0.547 0.308 0.548 0.308 0.553 0.309 0.553 0.31 0.554 0.31 0.561 0.311 0.561 0.312 0.562 0.312 0.565 0.313 0.565 0.314 0.566 0.314 0.571 0.315 0.571 0.316 0.572 0.316 0.575 0.317 0.575 0.318 0.576 0.318 0.579 0.319 0.579 0.32 0.58 0.32 0.587 0.321 0.587 0.322 0.588 0.322 0.591 0.323 0.591 0.324 0.592 0.324 0.597 0.325 0.597 0.326 0.598 0.326 0.607 0.327 0.607 0.328 0.608 0.328 0.613 0.329 0.613 0.33 0.614 0.33 0.617 0.331 0.617 0.332 0.618 0.332 0.621 0.333 0.621 0.334 0.622 0.334 0.625 0.335 0.625 0.336 0.626 0.336 0.631 0.337 0.631 0.338 0.632 0.338 0.635 0.339 0.635 0.34 0.636 0.34 0.637 0.341 0.637 0.342 0.638 0.342 0.641 0.343 0.641 0.344 0.642 0.344 0.645 0.345 0.645 0.346 0.646 0.346 0.647 0.349 0.647 0.349 0.646 0.35 0.645 0.351 0.645 0.351 0.644 0.352 0.643 0.353 0.643 0.353 0.64 0.354 0.639 0.357 0.639 0.357 0.636 0.358 0.635 0.359 0.635 0.359 0.634 0.36 0.633 0.361 0.633 0.361 0.63 0.362 0.629 0.363 0.629 0.363 0.628 0.364 0.627 0.365 0.627 0.365 0.626 0.366 0.625 0.367 0.625 0.367 0.624 0.368 0.623 0.369 0.623 0.369 0.62 0.37 0.619 0.371 0.619 0.371 0.618 0.372 0.617 0.373 0.617 0.373 0.614 0.374 0.613 0.375 0.613 0.375 0.612 0.376 0.611 0.377 0.611 0.377 0.61 0.378 0.609 0.379 0.609 0.379 0.608 0.38 0.607 0.381 0.607 0.381 0.604 0.382 0.603 0.383 0.603 0.383 0.602 0.384 0.601 0.385 0.601 0.385 0.6 0.386 0.599 0.387 0.599 0.387 0.596 0.388 0.595 0.389 0.595 0.389 0.594 0.39 0.593 0.391 0.593 0.391 0.592 0.392 0.591 0.393 0.591 0.393 0.588 0.394 0.587 0.395 0.587 0.395 0.586 0.396 0.585 0.397 0.585 0.397 0.582 0.398 0.581 0.399 0.581 0.399 0.576 0.4 0.575 0.401 0.575 0.401 0.572 0.4 0.572 0.399 0.571 0.399 0.57 0.398 0.57 0.397 0.569 0.397 0.568 0.394 0.568 0.393 0.567 0.393 0.566 0.39 0.566 0.389 0.565 0.389 0.564 0.386 0.564 0.385 0.563 0.385 0.562 0.38 0.562 0.379 0.561 0.379 0.56 0.376 0.56 0.375 0.559 0.375 0.558 0.37 0.558 0.369 0.557 0.369 0.556 0.366 0.556 0.365 0.555 0.365 0.554 0.36 0.554 0.359 0.553 0.359 0.552 0.356 0.552 0.355 0.551 0.355 0.55 0.352 0.55 0.351 0.549 0.351 0.548 0.346 0.548 0.345 0.547 0.345 0.546 0.342 0.546 0.341 0.545 0.341 0.544 0.338 0.544 0.337 0.543 0.337 0.542 0.334 0.542 0.333 0.541 0.333 0.54 0.328 0.54 0.327 0.539 0.327 0.538 0.322 0.538 0.321 0.537 0.321 0.536 0.318 0.536 0.317 0.535 0.317 0.534 0.314 0.534 0.313 0.533 0.313 0.532 0.308 0.532 0.307 0.531 0.307 0.53
3 0.9390000000000001 0.449 0.058 0.058 0.934 0.42 0.934 0.421 0.933 0.422 0.932 0.422 0.932 0.423 0.931 0.424 0.928 0.424 0.928 0.425 0.927 0.426 0.924 0.426 0.924 0.427 0.923 0.428 0.916 0.428 0.916 0.429 0.915 0.43 0.912 0.43 0.912 0.433 0.911 0.434 0.91 0.434 0.91 0.441 0.911 0.441 0.912 0.442 0.912 0.445 0.913 0.445 0.914 0.446 0.914 0.447 0.915 0.447 0.916 0.448 0.916 0.449 0.917 0.449 0.918 0.45 0.918 0.453 0.919 0.453 0.92 0.454 0.92 0.457 0.921 0.457 0.922 0.458 0.922 0.461 0.925 0.461 0.925 0.46 0.926 0.459 0.927 0.459 0.928 0.46 0.928 0.461 0.929 0.461 0.93 0.462 0.93 0.467 0.931 0.467 0.932 0.468 0.932 0.469 0.933 0.469 0.934 0.47 0.934 0.473 0.935 0.473 0.936 0.474 0.936 0.475 0.937 0.475 0.938 0.476 0.938 0.477 0.949 0.477 0.949 0.476 0.95 0.475 0.953 0.475 0.953 0.474 0.954 0.473 0.957 0.473 0.957 0.472 0.958 0.471 0.959 0.471 0.959 0.47 0.96 0.469 0.961 0.469 0.961 0.468 0.962 0.467 0.963 0.467 0.963 0.464 0.964 0.463 0.965 0.463 0.965 0.45 0.966 0.449 0.967 0.449 0.967 0.44 0.966 0.44 0.965 0.439 0.965 0.436 0.964 0.436 0.963 0.435 0.963 0.432 0.96 0.432 0.959 0.431 0.959 0.43 0.954 0.43 0.953 0.429 0.953 0.428 0.952 0.428 0.951 0.427 0.951 0.424 0.948 0.424 0.947 0.423 0.947 0.422 0.942 0.422 0.941 0.421 0.941 0.42
3 0.457 0.438 0.178 0.14400000000000002 0.536 0.366 0.536 0.367 0.535 0.368 0.532 0.368 0.532 0.369 0.531 0.37 0.526 0.37 0.526 0.371 0.525 0.372 0.522 0.372 0.522 0.373 0.521 0.374 0.516 0.374 0.516 0.375 0.515 0.376 0.51 0.376 0.51 0.377 0.509 0.378 0.508 0.378 0.508 0.379 0.507 0.38 0.506 0.38 0.506 0.381 0.505 0.382 0.504 0.382 0.504 0.383 0.503 0.384 0.502 0.384 0.502 0.385 0.501 0.386 0.5 0.386 0.5 0.387 0.499 0.388 0.496 0.388 0.496 0.389 0.495 0.39 0.492 0.39 0.492 0.391 0.491 0.392 0.488 0.392 0.488 0.393 0.487 0.394 0.486 0.394 0.486 0.395 0.485 0.396 0.482 0.396 0.482 0.397 0.481 0.398 0.476 0.398 0.476 0.399 0.475 0.4 0.472 0.4 0.472 0.401 0.471 0.402 0.47 0.402 0.47 0.403 0.469 0.404 0.468 0.404 0.468 0.405 0.467 0.406 0.462 0.406 0.462 0.407 0.461 0.408 0.446 0.408 0.446 0.409 0.445 0.41 0.434 0.41 0.434 0.411 0.433 0.412 0.424 0.412 0.424 0.413 0.423 0.414 0.416 0.414 0.416 0.415 0.415 0.416 0.41 0.416 0.41 0.417 0.409 0.418 0.404 0.418 0.404 0.419 0.403 0.42 0.396 0.42 0.396 0.421 0.395 0.422 0.39 0.422 0.39 0.423 0.389 0.424 0.384 0.424 0.384 0.425 0.383 0.426 0.378 0.426 0.378 0.427 0.377 0.428 0.374 0.428 0.374 0.429 0.373 0.43 0.37 0.43 0.37 0.431 0.369 0.432 0.368 0.432 0.368 0.439 0.369 0.439 0.37 0.44 0.37 0.443 0.371 0.443 0.372 0.444 0.372 0.445 0.373 0.445 0.374 0.446 0.374 0.447 0.375 0.447 0.376 0.448 0.376 0.449 0.377 0.449 0.378 0.45 0.378 0.451 0.379 0.451 0.38 0.452 0.38 0.453 0.381 0.453 0.382 0.454 0.382 0.455 0.383 0.455 0.384 0.456 0.384 0.457 0.389 0.457 0.39 0.458 0.39 0.459 0.393 0.459 0.394 0.46 0.394 0.461 0.397 0.461 0.398 0.462 0.398 0.463 0.401 0.463 0.402 0.464 0.402 0.465 0.405 0.465 0.406 0.466 0.406 0.467 0.409 0.467 0.41 0.468 0.41 0.469 0.413 0.469 0.414 0.47 0.414 0.471 0.417 0.471 0.418 0.472 0.418 0.473 0.423 0.473 0.424 0.474 0.424 0.475 0.427 0.475 0.428 0.476 0.428 0.477 0.429 0.477 0.43 0.478 0.43 0.479 0.433 0.479 0.434 0.48 0.434 0.481 0.439 0.481 0.44 0.482 0.44 0.483 0.443 0.483 0.444 0.484 0.444 0.485 0.447 0.485 0.448 0.486 0.448 0.487 0.451 0.487 0.452 0.488 0.452 0.489 0.455 0.489 0.456 0.49 0.456 0.491 0.459 0.491 0.46 0.492 0.46 0.493 0.463 0.493 0.464 0.494 0.464 0.495 0.465 0.495 0.466 0.496 0.466 0.497 0.471 0.497 0.472 0.498 0.472 0.499 0.475 0.499 0.476 0.5 0.476 0.501 0.479 0.501 0.48 0.502 0.48 0.503 0.483 0.503 0.484 0.504 0.484 0.505 0.487 0.505 0.488 0.506 0.488 0.507 0.491 0.507 0.492 0.508 0.492 0.509 0.495 0.509 0.495 0.508 0.496 0.507 0.497 0.507 0.497 0.506 0.498 0.505 0.499 0.505 0.499 0.5 0.5 0.499 0.501 0.499 0.501 0.494 0.502 0.493 0.503 0.493 0.503 0.49 0.504 0.489 0.505 0.489 0.505 0.484 0.506 0.483 0.507 0.483 0.507 0.48 0.508 0.479 0.509 0.479 0.509 0.474 0.51 0.473 0.511 0.473 0.511 0.47 0.512 0.469 0.513 0.469 0.513 0.464 0.514 0.463 0.515 0.463 0.515 0.46 0.516 0.459 0.517 0.459 0.517 0.456 0.518 0.455 0.519 0.455 0.519 0.45 0.52 0.449 0.521 0.449 0.521 0.446 0.522 0.445 0.523 0.445 0.523 0.44 0.524 0.439 0.525 0.439 0.525 0.434 0.526 0.433 0.527 0.433 0.527 0.43 0.528 0.429 0.529 0.429 0.529 0.424 0.53 0.423 0.531 0.423 0.531 0.418 0.532 0.417 0.533 0.417 0.533 0.414 0.534 0.413 0.535 0.413 0.535 0.408 0.536 0.407 0.537 0.407 0.537 0.402 0.538 0.401 0.539 0.401 0.539 0.398 0.54 0.397 0.541 0.397 0.541 0.392 0.542 0.391 0.543 0.391 0.543 0.386 0.544 0.385 0.545 0.385 0.545 0.368 0.544 0.368 0.543 0.367 0.543 0.366
5 0.585 0.534 0.03 0.02 0.59 0.524 0.59 0.525 0.589 0.526 0.586 0.526 0.586 0.527 0.585 0.528 0.58 0.528 0.58 0.529 0.579 0.53 0.574 0.53 0.574 0.531 0.573 0.532 0.572 0.532 0.572 0.533 0.571 0.534 0.57 0.534 0.57 0.539 0.571 0.539 0.572 0.54 0.572 0.543 0.581 0.543 0.581 0.542 0.582 0.541 0.587 0.541 0.587 0.54 0.588 0.539 0.591 0.539 0.591 0.538 0.592 0.537 0.595 0.537 0.595 0.536 0.596 0.535 0.597 0.535 0.597 0.532 0.598 0.531 0.599 0.531 0.599 0.526 0.596 0.526 0.595 0.525 0.595 0.524
3 0.9440000000000001 0.332 0.068 0.064 0.956 0.3 0.956 0.301 0.955 0.302 0.952 0.302 0.952 0.303 0.951 0.304 0.944 0.304 0.944 0.305 0.943 0.306 0.936 0.306 0.936 0.307 0.935 0.308 0.932 0.308 0.932 0.309 0.931 0.31 0.922 0.31 0.922 0.311 0.921 0.312 0.918 0.312 0.918 0.313 0.917 0.314 0.912 0.314 0.912 0.315 0.911 0.316 0.91 0.316 0.91 0.321 0.911 0.321 0.912 0.322 0.912 0.327 0.913 0.327 0.914 0.328 0.914 0.331 0.915 0.331 0.916 0.332 0.916 0.333 0.917 0.333 0.918 0.334 0.918 0.337 0.919 0.337 0.92 0.338 0.92 0.339 0.921 0.339 0.922 0.34 0.922 0.343 0.923 0.343 0.924 0.344 0.924 0.347 0.925 0.347 0.926 0.348 0.926 0.349 0.927 0.349 0.928 0.35 0.928 0.351 0.931 0.351 0.932 0.352 0.932 0.353 0.937 0.353 0.938 0.354 0.938 0.355 0.943 0.355 0.944 0.356 0.944 0.357 0.949 0.357 0.95 0.358 0.95 0.359 0.955 0.359 0.956 0.36 0.956 0.361 0.959 0.361 0.96 0.362 0.96 0.363 0.967 0.363 0.967 0.356 0.968 0.355 0.969 0.355 0.969 0.35 0.97 0.349 0.971 0.349 0.971 0.344 0.972 0.343 0.973 0.343 0.973 0.342 0.974 0.341 0.975 0.341 0.975 0.338 0.976 0.337 0.977 0.337 0.977 0.332 0.976 0.332 0.975 0.331 0.975 0.322 0.974 0.322 0.973 0.321 0.973 0.318 0.972 0.318 0.971 0.317 0.971 0.316 0.97 0.316 0.969 0.315 0.969 0.312 0.968 0.312 0.967 0.311 0.967 0.306 0.966 0.306 0.965 0.305 0.965 0.302 0.962 0.302 0.961 0.301 0.961 0.3
2 0.432 0.394 0.224 0.1 0.53 0.344 0.53 0.345 0.529 0.346 0.526 0.346 0.526 0.347 0.525 0.348 0.522 0.348 0.522 0.349 0.521 0.35 0.516 0.35 0.516 0.351 0.515 0.352 0.51 0.352 0.51 0.353 0.509 0.354 0.506 0.354 0.506 0.355 0.505 0.356 0.5 0.356 0.5 0.357 0.499 0.358 0.492 0.358 0.492 0.359 0.491 0.36 0.484 0.36 0.484 0.361 0.483 0.362 0.48 0.362 0.48 0.363 0.479 0.364 0.476 0.364 0.476 0.365 0.475 0.366 0.468 0.366 0.468 0.367 0.467 0.368 0.46 0.368 0.46 0.369 0.459 0.37 0.456 0.37 0.456 0.371 0.455 0.372 0.45 0.372 0.45 0.373 0.449 0.374 0.446 0.374 0.446 0.375 0.445 0.376 0.438 0.376 0.438 0.377 0.437 0.378 0.436 0.378 0.436 0.379 0.435 0.38 0.43 0.38 0.43 0.381 0.429 0.382 0.426 0.382 0.426 0.383 0.425 0.384 0.422 0.384 0.422 0.385 0.421 0.386 0.42 0.386 0.42 0.387 0.419 0.388 0.414 0.388 0.414 0.389 0.413 0.39 0.412 0.39 0.412 0.391 0.411 0.392 0.406 0.392 0.406 0.393 0.405 0.394 0.404 0.394 0.404 0.395 0.403 0.396 0.398 0.396 0.398 0.397 0.397 0.398 0.394 0.398 0.394 0.399 0.393 0.4 0.39 0.4 0.39 0.401 0.389 0.402 0.386 0.402 0.386 0.403 0.385 0.404 0.38 0.404 0.38 0.405 0.379 0.406 0.374 0.406 0.374 0.407 0.373 0.408 0.37 0.408 0.37 0.409 0.369 0.41 0.366 0.41 0.366 0.411 0.365 0.412 0.362 0.412 0.362 0.413 0.361 0.414 0.35 0.414 0.35 0.415 0.349 0.416 0.346 0.416 0.346 0.417 0.345 0.418 0.338 0.418 0.338 0.419 0.337 0.42 0.33 0.42 0.33 0.421 0.329 0.422 0.324 0.422 0.324 0.423 0.323 0.424 0.32 0.424 0.32 0.441 0.323 0.441 0.324 0.442 0.324 0.443 0.329 0.443 0.329 0.442 0.33 0.441 0.339 0.441 0.339 0.44 0.34 0.439 0.343 0.439 0.343 0.438 0.344 0.437 0.349 0.437 0.349 0.436 0.35 0.435 0.351 0.435 0.351 0.434 0.352 0.433 0.355 0.433 0.355 0.432 0.356 0.431 0.363 0.431 0.363 0.43 0.364 0.429 0.369 0.429 0.369 0.428 0.37 0.427 0.375 0.427 0.375 0.426 0.376 0.425 0.381 0.425 0.381 0.424 0.382 0.423 0.389 0.423 0.389 0.422 0.39 0.421 0.391 0.421 0.391 0.42 0.392 0.419 0.397 0.419 0.397 0.418 0.398 0.417 0.409 0.417 0.409 0.416 0.41 0.415 0.417 0.415 0.417 0.414 0.418 0.413 0.421 0.413 0.421 0.412 0.422 0.411 0.433 0.411 0.433 0.41 0.434 0.409 0.437 0.409 0.437 0.408 0.438 0.407 0.439 0.407 0.439 0.406 0.44 0.405 0.441 0.405 0.441 0.404 0.442 0.403 0.447 0.403 0.447 0.402 0.448 0.401 0.453 0.401 0.453 0.4 0.454 0.399 0.459 0.399 0.459 0.398 0.46 0.397 0.463 0.397 0.463 0.396 0.464 0.395 0.471 0.395 0.471 0.394 0.472 0.393 0.475 0.393 0.475 0.392 0.476 0.391 0.479 0.391 0.479 0.388 0.48 0.387 0.483 0.387 0.483 0.386 0.484 0.385 0.489 0.385 0.489 0.384 0.49 0.383 0.493 0.383 0.493 0.382 0.494 0.381 0.497 0.381 0.497 0.38 0.498 0.379 0.499 0.379 0.5 0.38 0.5 0.381 0.501 0.381 0.501 0.38 0.502 0.379 0.503 0.379 0.503 0.378 0.504 0.377 0.509 0.377 0.509 0.376 0.51 0.375 0.511 0.375 0.511 0.374 0.512 0.373 0.517 0.373 0.517 0.372 0.518 0.371 0.521 0.371 0.521 0.37 0.522 0.369 0.529 0.369 0.529 0.368 0.53 0.367 0.531 0.367 0.531 0.366 0.532 0.365 0.535 0.365 0.535 0.364 0.536 0.363 0.539 0.363 0.539 0.36 0.54 0.359 0.541 0.359 0.541 0.358 0.542 0.357 0.543 0.357 0.543 0.348 0.542 0.348 0.541 0.347 0.541 0.346 0.54 0.346 0.539 0.345 0.539 0.344
2 0.639 0.577 0.14200000000000002 0.094 0.684 0.53 0.684 0.531 0.683 0.532 0.682 0.532 0.682 0.533 0.681 0.534 0.678 0.534 0.678 0.535 0.677 0.536 0.672 0.536 0.672 0.537 0.671 0.538 0.668 0.538 0.668 0.539 0.667 0.54 0.662 0.54 0.662 0.541 0.661 0.542 0.656 0.542 0.656 0.543 0.655 0.544 0.65 0.544 0.65 0.545 0.649 0.546 0.644 0.546 0.644 0.547 0.643 0.548 0.638 0.548 0.638 0.549 0.637 0.55 0.634 0.55 0.634 0.551 0.633 0.552 0.632 0.552 0.632 0.553 0.631 0.554 0.628 0.554 0.628 0.557 0.627 0.558 0.626 0.558 0.626 0.559 0.625 0.56 0.624 0.56 0.624 0.561 0.623 0.562 0.62 0.562 0.62 0.563 0.619 0.564 0.614 0.564 0.614 0.565 0.613 0.566 0.608 0.566 0.608 0.567 0.607 0.568 0.604 0.568 0.604 0.569 0.603 0.57 0.598 0.57 0.598 0.571 0.597 0.572 0.594 0.572 0.594 0.573 0.593 0.574 0.59 0.574 0.59 0.575 0.589 0.576 0.584 0.576 0.584 0.577 0.583 0.578 0.58 0.578 0.58 0.579 0.579 0.58 0.576 0.58 0.576 0.581 0.575 0.582 0.572 0.582 0.572 0.583 0.571 0.584 0.57 0.584 0.57 0.585 0.569 0.586 0.568 0.586 0.568 0.611 0.569 0.611 0.57 0.612 0.57 0.613 0.571 0.613 0.572 0.614 0.572 0.615 0.573 0.615 0.574 0.616 0.574 0.617 0.575 0.617 0.576 0.618 0.576 0.619 0.577 0.619 0.578 0.62 0.578 0.621 0.581 0.621 0.582 0.622 0.582 0.623 0.583 0.623 0.583 0.622 0.584 0.621 0.587 0.621 0.587 0.62 0.588 0.619 0.593 0.619 0.593 0.618 0.594 0.617 0.599 0.617 0.599 0.616 0.6 0.615 0.603 0.615 0.603 0.614 0.604 0.613 0.607 0.613 0.607 0.612 0.608 0.611 0.613 0.611 0.613 0.61 0.614 0.609 0.617 0.609 0.617 0.608 0.618 0.607 0.621 0.607 0.621 0.606 0.622 0.605 0.629 0.605 0.629 0.604 0.63 0.603 0.633 0.603 0.633 0.602 0.634 0.601 0.643 0.601 0.643 0.6 0.644 0.599 0.649 0.599 0.649 0.598 0.65 0.597 0.653 0.597 0.653 0.596 0.654 0.595 0.657 0.595 0.657 0.594 0.658 0.593 0.663 0.593 0.663 0.592 0.664 0.591 0.667 0.591 0.667 0.59 0.668 0.589 0.673 0.589 0.673 0.588 0.674 0.587 0.679 0.587 0.679 0.586 0.68 0.585 0.685 0.585 0.685 0.584 0.686 0.583 0.691 0.583 0.691 0.582 0.692 0.581 0.695 0.581 0.695 0.58 0.696 0.579 0.703 0.579 0.703 0.578 0.704 0.577 0.707 0.577 0.707 0.576 0.708 0.575 0.709 0.575 0.709 0.568 0.708 0.568 0.707 0.567 0.707 0.562 0.706 0.562 0.705 0.561 0.705 0.556 0.704 0.556 0.703 0.555 0.703 0.552 0.702 0.552 0.701 0.551 0.701 0.542 0.7 0.542 0.699 0.541 0.699 0.538 0.698 0.538 0.697 0.537 0.697 0.532 0.696 0.532 0.695 0.531 0.695 0.53
3 0.23500000000000001 0.064 0.078 0.068 0.238 0.03 0.238 0.031 0.237 0.032 0.232 0.032 0.232 0.033 0.231 0.034 0.23 0.034 0.23 0.035 0.229 0.036 0.228 0.036 0.228 0.037 0.227 0.038 0.226 0.038 0.226 0.039 0.225 0.04 0.224 0.04 0.224 0.041 0.223 0.042 0.222 0.042 0.222 0.043 0.221 0.044 0.218 0.044 0.218 0.045 0.217 0.046 0.216 0.046 0.216 0.047 0.215 0.048 0.214 0.048 0.214 0.049 0.213 0.05 0.212 0.05 0.212 0.053 0.211 0.054 0.21 0.054 0.21 0.055 0.209 0.056 0.206 0.056 0.206 0.057 0.205 0.058 0.204 0.058 0.204 0.059 0.203 0.06 0.2 0.06 0.2 0.063 0.199 0.064 0.198 0.064 0.198 0.065 0.197 0.066 0.196 0.066 0.196 0.071 0.199 0.071 0.2 0.072 0.2 0.073 0.201 0.073 0.202 0.074 0.202 0.075 0.203 0.075 0.204 0.076 0.204 0.077 0.205 0.077 0.206 0.078 0.206 0.081 0.207 0.081 0.208 0.082 0.208 0.083 0.209 0.083 0.21 0.084 0.21 0.085 0.213 0.085 0.214 0.086 0.214 0.087 0.215 0.087 0.216 0.088 0.216 0.089 0.217 0.089 0.218 0.09 0.218 0.091 0.223 0.091 0.224 0.092 0.224 0.093 0.225 0.093 0.226 0.094 0.226 0.095 0.229 0.095 0.23 0.096 0.23 0.097 0.259 0.097 0.259 0.096 0.26 0.095 0.267 0.095 0.267 0.094 0.268 0.093 0.269 0.093 0.269 0.088 0.27 0.087 0.271 0.087 0.271 0.074 0.272 0.073 0.273 0.073 0.273 0.054 0.272 0.054 0.271 0.053 0.271 0.048 0.268 0.048 0.267 0.047 0.267 0.046 0.266 0.046 0.265 0.045 0.265 0.044 0.264 0.044 0.263 0.043 0.263 0.042 0.262 0.042 0.261 0.041 0.261 0.04 0.26 0.04 0.259 0.039 0.259 0.038 0.258 0.038 0.257 0.037 0.257 0.036 0.256 0.036 0.255 0.035 0.255 0.034 0.252 0.034 0.251 0.033 0.251 0.032 0.248 0.032 0.247 0.031 0.247 0.03
