7 0.768 0.654 0.012 0.012 0.766 0.648 0.766 0.649 0.765 0.65 0.764 0.65 0.764 0.651 0.763 0.652 0.762 0.652 0.762 0.655 0.763 0.655 0.764 0.656 0.764 0.657 0.765 0.657 0.766 0.658 0.766 0.659 0.773 0.659 0.773 0.65 0.772 0.65 0.771 0.649 0.771 0.648
7 0.8200000000000001 0.704 0.012 0.012 0.816 0.698 0.816 0.699 0.815 0.7 0.814 0.7 0.814 0.705 0.815 0.705 0.816 0.706 0.816 0.707 0.817 0.707 0.818 0.708 0.818 0.709 0.823 0.709 0.823 0.706 0.824 0.705 0.825 0.705 0.825 0.7 0.824 0.7 0.823 0.699 0.823 0.698
7 0.718 0.635 0.012 0.014 0.716 0.628 0.716 0.629 0.715 0.63 0.712 0.63 0.712 0.639 0.713 0.639 0.714 0.64 0.714 0.641 0.717 0.641 0.717 0.64 0.718 0.639 0.719 0.639 0.719 0.638 0.72 0.637 0.721 0.637 0.721 0.636 0.722 0.635 0.723 0.635 0.723 0.634 0.722 0.634 0.721 0.633 0.721 0.63 0.718 0.63 0.717 0.629 0.717 0.628
7 0.759 0.776 0.022 0.02 0.758 0.766 0.758 0.767 0.757 0.768 0.754 0.768 0.754 0.769 0.753 0.77 0.752 0.77 0.752 0.771 0.751 0.772 0.75 0.772 0.75 0.773 0.749 0.774 0.748 0.774 0.748 0.779 0.749 0.779 0.75 0.78 0.75 0.781 0.751 0.781 0.752 0.782 0.752 0.783 0.753 0.783 0.754 0.784 0.754 0.785 0.761 0.785 0.761 0.784 0.762 0.783 0.763 0.783 0.763 0.782 0.764 0.781 0.765 0.781 0.765 0.78 0.766 0.779 0.767 0.779 0.767 0.778 0.768 0.777 0.769 0.777 0.769 0.77 0.768 0.77 0.767 0.769 0.767 0.768 0.764 0.768 0.763 0.767 0.763 0.766
7 0.55 0.799 0.02 0.018000000000000002 0.546 0.79 0.546 0.791 0.545 0.792 0.544 0.792 0.544 0.793 0.543 0.794 0.542 0.794 0.542 0.795 0.541 0.796 0.54 0.796 0.54 0.801 0.541 0.801 0.542 0.802 0.542 0.803 0.543 0.803 0.544 0.804 0.544 0.805 0.549 0.805 0.55 0.806 0.55 0.807 0.551 0.807 0.551 0.806 0.552 0.805 0.555 0.805 0.555 0.804 0.556 0.803 0.557 0.803 0.557 0.802 0.558 0.801 0.559 0.801 0.559 0.794 0.558 0.794 0.557 0.793 0.557 0.792 0.554 0.792 0.553 0.791 0.553 0.79
5 0.6890000000000001 0.755 0.034 0.034 0.684 0.738 0.684 0.739 0.683 0.74 0.682 0.74 0.682 0.741 0.681 0.742 0.68 0.742 0.68 0.743 0.679 0.744 0.678 0.744 0.678 0.745 0.677 0.746 0.676 0.746 0.676 0.749 0.675 0.75 0.674 0.75 0.674 0.753 0.673 0.754 0.672 0.754 0.672 0.757 0.673 0.757 0.674 0.758 0.674 0.759 0.675 0.759 0.676 0.76 0.676 0.761 0.677 0.761 0.678 0.762 0.678 0.763 0.679 0.763 0.68 0.764 0.68 0.765 0.681 0.765 0.682 0.766 0.682 0.767 0.683 0.767 0.684 0.768 0.684 0.769 0.687 0.769 0.688 0.77 0.688 0.771 0.693 0.771 0.693 0.77 0.694 0.769 0.695 0.769 0.695 0.768 0.696 0.767 0.697 0.767 0.697 0.766 0.698 0.765 0.699 0.765 0.699 0.762 0.7 0.761 0.701 0.761 0.701 0.76 0.702 0.759 0.703 0.759 0.703 0.756 0.704 0.755 0.705 0.755 0.705 0.754 0.704 0.754 0.703 0.753 0.703 0.75 0.702 0.75 0.701 0.749 0.701 0.748 0.7 0.748 0.699 0.747 0.699 0.746 0.698 0.746 0.697 0.745 0.697 0.744 0.696 0.744 0.695 0.743 0.695 0.742 0.694 0.742 0.693 0.741 0.693 0.74 0.692 0.74 0.691 0.739 0.691 0.738
5 0.673 0.787 0.022 0.026000000000000002 0.67 0.774 0.67 0.775 0.669 0.776 0.668 0.776 0.668 0.777 0.667 0.778 0.666 0.778 0.666 0.779 0.665 0.78 0.664 0.78 0.664 0.781 0.663 0.782 0.662 0.782 0.662 0.793 0.663 0.793 0.664 0.794 0.664 0.795 0.665 0.795 0.666 0.796 0.666 0.797 0.669 0.797 0.67 0.798 0.67 0.799 0.673 0.799 0.673 0.798 0.674 0.797 0.677 0.797 0.677 0.796 0.678 0.795 0.679 0.795 0.679 0.794 0.68 0.793 0.681 0.793 0.681 0.79 0.682 0.789 0.683 0.789 0.683 0.782 0.682 0.782 0.681 0.781 0.681 0.78 0.68 0.78 0.679 0.779 0.679 0.778 0.678 0.778 0.677 0.777 0.677 0.776 0.674 0.776 0.673 0.775 0.673 0.774
7 0.629 0.871 0.01 0.01 0.624 0.866 0.624 0.875 0.633 0.875 0.633 0.866
5 0.511 0.899 0.018000000000000002 0.018000000000000002 0.506 0.89 0.506 0.891 0.505 0.892 0.504 0.892 0.504 0.895 0.503 0.896 0.502 0.896 0.502 0.901 0.503 0.901 0.504 0.902 0.504 0.903 0.505 0.903 0.506 0.904 0.506 0.905 0.507 0.905 0.508 0.906 0.508 0.907 0.515 0.907 0.515 0.906 0.516 0.905 0.517 0.905 0.517 0.902 0.518 0.901 0.519 0.901 0.519 0.896 0.518 0.896 0.517 0.895 0.517 0.894 0.516 0.894 0.515 0.893 0.515 0.892 0.512 0.892 0.511 0.891 0.511 0.89
7 0.509 0.857 0.01 0.01 0.508 0.852 0.508 0.853 0.507 0.854 0.504 0.854 0.504 0.859 0.505 0.859 0.506 0.86 0.506 0.861 0.511 0.861 0.511 0.86 0.512 0.859 0.513 0.859 0.513 0.854 0.51 0.854 0.509 0.853 0.509 0.852
5 0.484 0.995 0.02 0.01 0.48 0.99 0.48 0.991 0.479 0.992 0.478 0.992 0.478 0.993 0.477 0.994 0.476 0.994 0.476 0.995 0.475 0.996 0.474 0.996 0.474 0.999 0.493 0.999 0.493 0.998 0.492 0.998 0.491 0.997 0.491 0.996 0.49 0.996 0.489 0.995 0.489 0.994 0.488 0.994 0.487 0.993 0.487 0.992 0.486 0.992 0.485 0.991 0.485 0.99
4 0.231 0.10300000000000001 0.03 0.026000000000000002 0.226 0.09 0.226 0.091 0.225 0.092 0.22 0.092 0.22 0.093 0.219 0.094 0.218 0.094 0.218 0.095 0.217 0.096 0.216 0.096 0.216 0.107 0.217 0.107 0.218 0.108 0.218 0.113 0.219 0.113 0.22 0.114 0.22 0.115 0.237 0.115 0.237 0.114 0.238 0.113 0.241 0.113 0.241 0.112 0.242 0.111 0.243 0.111 0.243 0.11 0.244 0.109 0.245 0.109 0.245 0.104 0.244 0.104 0.243 0.103 0.243 0.094 0.242 0.094 0.241 0.093 0.241 0.092 0.24 0.092 0.239 0.091 0.239 0.09
4 0.243 0.187 0.03 0.03 0.24 0.172 0.24 0.173 0.239 0.174 0.232 0.174 0.232 0.175 0.231 0.176 0.23 0.176 0.23 0.177 0.229 0.178 0.228 0.178 0.228 0.193 0.229 0.193 0.23 0.194 0.23 0.199 0.231 0.199 0.232 0.2 0.232 0.201 0.243 0.201 0.243 0.2 0.244 0.199 0.251 0.199 0.251 0.198 0.252 0.197 0.255 0.197 0.255 0.196 0.256 0.195 0.257 0.195 0.257 0.178 0.256 0.178 0.255 0.177 0.255 0.174 0.254 0.174 0.253 0.173 0.253 0.172
7 0.659 0.806 0.014 0.012 0.656 0.8 0.656 0.801 0.655 0.802 0.652 0.802 0.652 0.811 0.661 0.811 0.661 0.81 0.662 0.809 0.663 0.809 0.663 0.808 0.664 0.807 0.665 0.807 0.665 0.802 0.664 0.802 0.663 0.801 0.663 0.8
0 0.503 0.9410000000000001 0.122 0.11 0.454 0.886 0.454 0.887 0.453 0.888 0.452 0.888 0.452 0.889 0.451 0.89 0.45 0.89 0.45 0.891 0.449 0.892 0.448 0.892 0.448 0.893 0.447 0.894 0.446 0.894 0.446 0.895 0.445 0.896 0.444 0.896 0.444 0.899 0.443 0.9 0.442 0.9 0.442 0.907 0.443 0.907 0.444 0.908 0.444 0.911 0.445 0.911 0.446 0.912 0.446 0.913 0.447 0.913 0.448 0.914 0.448 0.915 0.449 0.915 0.45 0.916 0.45 0.917 0.451 0.917 0.452 0.918 0.452 0.919 0.453 0.919 0.454 0.92 0.454 0.921 0.455 0.921 0.456 0.922 0.456 0.923 0.457 0.923 0.458 0.924 0.458 0.925 0.459 0.925 0.46 0.926 0.46 0.927 0.461 0.927 0.462 0.928 0.462 0.929 0.463 0.929 0.464 0.93 0.464 0.931 0.467 0.931 0.468 0.932 0.468 0.933 0.469 0.933 0.47 0.934 0.47 0.935 0.471 0.935 0.472 0.936 0.472 0.937 0.473 0.937 0.474 0.938 0.474 0.939 0.475 0.939 0.476 0.94 0.476 0.941 0.477 0.941 0.478 0.942 0.478 0.943 0.479 0.943 0.48 0.944 0.48 0.945 0.481 0.945 0.482 0.946 0.482 0.947 0.485 0.947 0.486 0.948 0.486 0.949 0.487 0.949 0.488 0.95 0.488 0.951 0.489 0.951 0.49 0.952 0.49 0.953 0.491 0.953 0.492 0.954 0.492 0.955 0.493 0.955 0.494 0.956 0.494 0.957 0.495 0.957 0.496 0.958 0.496 0.959 0.497 0.959 0.498 0.96 0.498 0.961 0.499 0.961 0.5 0.962 0.5 0.963 0.503 0.963 0.504 0.964 0.504 0.965 0.505 0.965 0.506 0.966 0.506 0.967 0.507 0.967 0.508 0.968 0.508 0.969 0.509 0.969 0.51 0.97 0.51 0.971 0.511 0.971 0.512 0.972 0.512 0.973 0.513 0.973 0.514 0.974 0.514 0.975 0.517 0.975 0.518 0.976 0.518 0.977 0.519 0.977 0.52 0.978 0.52 0.979 0.521 0.979 0.522 0.98 0.522 0.981 0.523 0.981 0.524 0.982 0.524 0.983 0.525 0.983 0.526 0.984 0.526 0.985 0.527 0.985 0.528 0.986 0.528 0.987 0.531 0.987 0.532 0.988 0.532 0.989 0.533 0.989 0.534 0.99 0.534 0.991 0.535 0.991 0.536 0.992 0.536 0.993 0.537 0.993 0.538 0.994 0.538 0.995 0.545 0.995 0.545 0.994 0.546 0.993 0.549 0.993 0.549 0.99 0.55 0.989 0.551 0.989 0.551 0.988 0.552 0.987 0.553 0.987 0.553 0.986 0.554 0.985 0.555 0.985 0.555 0.984 0.556 0.983 0.557 0.983 0.557 0.982 0.558 0.981 0.559 0.981 0.559 0.98 0.56 0.979 0.561 0.979 0.561 0.976 0.562 0.975 0.563 0.975 0.563 0.968 0.56 0.968 0.559 0.967 0.559 0.966 0.558 0.966 0.557 0.965 0.557 0.964 0.556 0.964 0.555 0.963 0.555 0.962 0.554 0.962 0.553 0.961 0.553 0.96 0.552 0.96 0.551 0.959 0.551 0.958 0.548 0.958 0.547 0.957 0.547 0.956 0.546 0.956 0.545 0.955 0.545 0.954 0.544 0.954 0.543 0.953 0.543 0.952 0.542 0.952 0.541 0.951 0.541 0.95 0.54 0.95 0.539 0.949 0.539 0.948 0.538 0.948 0.537 0.947 0.537 0.946 0.536 0.946 0.535 0.945 0.535 0.942 0.534 0.942 0.533 0.941 0.533 0.938 0.53 0.938 0.529 0.937 0.529 0.936 0.528 0.936 0.527 0.935 0.527 0.934 0.526 0.934 0.525 0.933 0.525 0.932 0.522 0.932 0.521 0.931 0.521 0.93 0.518 0.93 0.517 0.929 0.517 0.928 0.514 0.928 0.513 0.927 0.513 0.926 0.512 0.926 0.511 0.925 0.511 0.924 0.51 0.924 0.509 0.923 0.509 0.922 0.508 0.922 0.507 0.921 0.507 0.92 0.506 0.92 0.505 0.919 0.505 0.918 0.504 0.918 0.503 0.917 0.503 0.916 0.5 0.916 0.499 0.915 0.499 0.914 0.498 0.914 0.497 0.913 0.497 0.912 0.496 0.912 0.495 0.911 0.495 0.91 0.494 0.91 0.493 0.909 0.493 0.908 0.492 0.908 0.491 0.907 0.491 0.906 0.49 0.906 0.489 0.905 0.489 0.904 0.488 0.904 0.487 0.903 0.487 0.902 0.486 0.902 0.485 0.901 0.485 0.9 0.484 0.9 0.483 0.899 0.483 0.898 0.48 0.898 0.479 0.897 0.479 0.896 0.476 0.896 0.475 0.895 0.475 0.894 0.474 0.894 0.473 0.893 0.473 0.892 0.468 0.892 0.467 0.891 0.467 0.89 0.464 0.89 0.463 0.889 0.463 0.888 0.46 0.888 0.459 0.887 0.459 0.886
7 0.61 0.763 0.012 0.01 0.606 0.758 0.606 0.761 0.605 0.762 0.604 0.762 0.604 0.765 0.605 0.765 0.606 0.766 0.606 0.767 0.613 0.767 0.613 0.766 0.614 0.765 0.615 0.765 0.615 0.762 0.614 0.762 0.613 0.761 0.613 0.758
7 0.653 0.838 0.01 0.008 0.648 0.834 0.648 0.841 0.655 0.841 0.655 0.84 0.656 0.839 0.657 0.839 0.657 0.836 0.656 0.836 0.655 0.835 0.655 0.834
7 0.525 0.8140000000000001 0.01 0.008 0.52 0.81 0.52 0.817 0.525 0.817 0.525 0.816 0.526 0.815 0.527 0.815 0.527 0.814 0.528 0.813 0.529 0.813 0.529 0.812 0.528 0.812 0.527 0.811 0.527 0.81
