5 0.755 0.214 0.022 0.02 0.746 0.204 0.746 0.205 0.745 0.206 0.744 0.206 0.744 0.221 0.745 0.221 0.746 0.222 0.746 0.223 0.761 0.223 0.761 0.222 0.762 0.221 0.763 0.221 0.763 0.216 0.764 0.215 0.765 0.215 0.765 0.208 0.764 0.208 0.763 0.207 0.763 0.206 0.758 0.206 0.757 0.205 0.757 0.204
3 0.741 0.244 0.05 0.044 0.72 0.222 0.72 0.223 0.719 0.224 0.716 0.224 0.716 0.233 0.717 0.233 0.718 0.234 0.718 0.261 0.719 0.261 0.72 0.262 0.72 0.263 0.723 0.263 0.724 0.264 0.724 0.265 0.725 0.265 0.725 0.264 0.726 0.263 0.749 0.263 0.749 0.262 0.75 0.261 0.763 0.261 0.763 0.26 0.764 0.259 0.765 0.259 0.765 0.24 0.764 0.24 0.763 0.239 0.763 0.23 0.762 0.23 0.761 0.229 0.761 0.226 0.76 0.226 0.759 0.225 0.759 0.224 0.748 0.224 0.747 0.223 0.747 0.222
3 0.244 0.755 0.06 0.054 0.24 0.73 0.24 0.731 0.239 0.732 0.238 0.732 0.238 0.733 0.237 0.734 0.236 0.734 0.236 0.735 0.235 0.736 0.234 0.736 0.234 0.737 0.233 0.738 0.23 0.738 0.23 0.739 0.229 0.74 0.228 0.74 0.228 0.741 0.227 0.742 0.226 0.742 0.226 0.743 0.225 0.744 0.224 0.744 0.224 0.745 0.223 0.746 0.22 0.746 0.22 0.747 0.219 0.748 0.218 0.748 0.218 0.749 0.217 0.75 0.216 0.75 0.216 0.753 0.217 0.753 0.218 0.754 0.218 0.755 0.219 0.755 0.22 0.756 0.22 0.757 0.221 0.757 0.222 0.758 0.222 0.759 0.223 0.759 0.224 0.76 0.224 0.761 0.225 0.761 0.226 0.762 0.226 0.763 0.227 0.763 0.228 0.764 0.228 0.765 0.229 0.765 0.23 0.766 0.23 0.767 0.231 0.767 0.232 0.768 0.232 0.769 0.233 0.769 0.234 0.77 0.234 0.771 0.235 0.771 0.236 0.772 0.236 0.773 0.237 0.773 0.238 0.774 0.238 0.775 0.239 0.775 0.24 0.776 0.24 0.777 0.241 0.777 0.242 0.778 0.242 0.779 0.245 0.779 0.245 0.778 0.246 0.777 0.249 0.777 0.249 0.776 0.25 0.775 0.251 0.775 0.251 0.774 0.252 0.773 0.253 0.773 0.253 0.772 0.254 0.771 0.255 0.771 0.255 0.77 0.256 0.769 0.257 0.769 0.257 0.768 0.258 0.767 0.259 0.767 0.259 0.766 0.26 0.765 0.261 0.765 0.261 0.764 0.262 0.763 0.265 0.763 0.265 0.762 0.266 0.761 0.267 0.761 0.267 0.76 0.268 0.759 0.269 0.759 0.269 0.758 0.27 0.757 0.271 0.757 0.271 0.754 0.27 0.754 0.269 0.753 0.269 0.752 0.268 0.752 0.267 0.751 0.267 0.75 0.266 0.75 0.265 0.749 0.265 0.748 0.264 0.748 0.263 0.747 0.263 0.746 0.262 0.746 0.261 0.745 0.261 0.744 0.26 0.744 0.259 0.743 0.259 0.742 0.258 0.742 0.257 0.741 0.257 0.74 0.256 0.74 0.255 0.739 0.255 0.738 0.254 0.738 0.253 0.737 0.253 0.736 0.252 0.736 0.251 0.735 0.251 0.734 0.248 0.734 0.247 0.733 0.247 0.732 0.246 0.732 0.245 0.731 0.245 0.73
3 0.796 0.112 0.116 0.064 0.816 0.08 0.816 0.081 0.815 0.082 0.792 0.082 0.792 0.083 0.791 0.084 0.76 0.084 0.76 0.085 0.759 0.086 0.746 0.086 0.746 0.087 0.745 0.088 0.744 0.088 0.744 0.089 0.743 0.09 0.742 0.09 0.742 0.091 0.741 0.092 0.74 0.092 0.74 0.095 0.739 0.096 0.738 0.096 0.738 0.143 0.777 0.143 0.777 0.142 0.778 0.141 0.795 0.141 0.795 0.14 0.796 0.139 0.821 0.139 0.821 0.138 0.822 0.137 0.851 0.137 0.851 0.136 0.852 0.135 0.853 0.135 0.853 0.128 0.852 0.128 0.851 0.127 0.851 0.09 0.85 0.09 0.849 0.089 0.849 0.082 0.846 0.082 0.845 0.081 0.845 0.08
7 0.307 0.861 0.014 0.014 0.3 0.854 0.3 0.867 0.309 0.867 0.309 0.866 0.31 0.865 0.311 0.865 0.311 0.864 0.312 0.863 0.313 0.863 0.313 0.86 0.312 0.86 0.311 0.859 0.311 0.858 0.31 0.858 0.309 0.857 0.309 0.856 0.304 0.856 0.303 0.855 0.303 0.854
7 0.266 0.862 0.016 0.02 0.266 0.852 0.266 0.853 0.265 0.854 0.262 0.854 0.262 0.855 0.261 0.856 0.26 0.856 0.26 0.859 0.259 0.86 0.258 0.86 0.258 0.861 0.259 0.861 0.26 0.862 0.26 0.865 0.261 0.865 0.262 0.866 0.262 0.869 0.265 0.869 0.266 0.87 0.266 0.871 0.267 0.871 0.267 0.87 0.268 0.869 0.271 0.869 0.271 0.862 0.272 0.861 0.273 0.861 0.273 0.86 0.272 0.86 0.271 0.859 0.271 0.856 0.27 0.856 0.269 0.855 0.269 0.854 0.268 0.854 0.267 0.853 0.267 0.852
7 0.303 0.757 0.01 0.01 0.302 0.752 0.302 0.753 0.301 0.754 0.3 0.754 0.3 0.755 0.299 0.756 0.298 0.756 0.298 0.759 0.299 0.759 0.3 0.76 0.3 0.761 0.305 0.761 0.305 0.76 0.306 0.759 0.307 0.759 0.307 0.754 0.304 0.754 0.303 0.753 0.303 0.752
7 0.881 0.223 0.018000000000000002 0.01 0.874 0.218 0.874 0.219 0.873 0.22 0.872 0.22 0.872 0.225 0.873 0.225 0.874 0.226 0.874 0.227 0.885 0.227 0.885 0.226 0.886 0.225 0.889 0.225 0.889 0.218
7 0.795 0.171 0.026000000000000002 0.018000000000000002 0.786 0.162 0.786 0.163 0.785 0.164 0.784 0.164 0.784 0.165 0.783 0.166 0.782 0.166 0.782 0.173 0.783 0.173 0.784 0.174 0.784 0.177 0.785 0.177 0.786 0.178 0.786 0.179 0.795 0.179 0.795 0.178 0.796 0.177 0.803 0.177 0.803 0.176 0.804 0.175 0.807 0.175 0.807 0.164 0.806 0.164 0.805 0.163 0.805 0.162
5 0.234 0.839 0.016 0.018000000000000002 0.228 0.83 0.228 0.831 0.227 0.832 0.226 0.832 0.226 0.837 0.227 0.837 0.228 0.838 0.228 0.841 0.229 0.841 0.23 0.842 0.23 0.843 0.231 0.843 0.232 0.844 0.232 0.847 0.237 0.847 0.237 0.846 0.238 0.845 0.239 0.845 0.239 0.844 0.24 0.843 0.241 0.843 0.241 0.836 0.24 0.836 0.239 0.835 0.239 0.834 0.238 0.834 0.237 0.833 0.237 0.832 0.236 0.832 0.235 0.831 0.235 0.83
5 0.299 0.784 0.018000000000000002 0.02 0.298 0.774 0.298 0.775 0.297 0.776 0.296 0.776 0.296 0.777 0.295 0.778 0.294 0.778 0.294 0.779 0.293 0.78 0.292 0.78 0.292 0.781 0.291 0.782 0.29 0.782 0.29 0.789 0.291 0.789 0.292 0.79 0.292 0.791 0.293 0.791 0.294 0.792 0.294 0.793 0.295 0.793 0.295 0.792 0.296 0.791 0.299 0.791 0.299 0.79 0.3 0.789 0.301 0.789 0.301 0.788 0.302 0.787 0.303 0.787 0.303 0.786 0.304 0.785 0.305 0.785 0.305 0.784 0.306 0.783 0.307 0.783 0.307 0.778 0.306 0.778 0.305 0.777 0.305 0.776 0.304 0.776 0.303 0.775 0.303 0.774
5 0.84 0.209 0.024 0.022 0.834 0.198 0.834 0.199 0.833 0.2 0.832 0.2 0.832 0.207 0.831 0.208 0.83 0.208 0.83 0.213 0.829 0.214 0.828 0.214 0.828 0.217 0.829 0.217 0.83 0.218 0.83 0.219 0.849 0.219 0.849 0.216 0.85 0.215 0.851 0.215 0.851 0.198
