4 0.545 0.625 0.022 0.022 0.542 0.614 0.542 0.615 0.541 0.616 0.538 0.616 0.538 0.617 0.537 0.618 0.536 0.618 0.536 0.621 0.535 0.622 0.534 0.622 0.534 0.623 0.535 0.623 0.536 0.624 0.536 0.627 0.537 0.627 0.538 0.628 0.538 0.631 0.541 0.631 0.542 0.632 0.542 0.635 0.547 0.635 0.547 0.634 0.548 0.633 0.551 0.633 0.551 0.632 0.552 0.631 0.553 0.631 0.553 0.63 0.554 0.629 0.555 0.629 0.555 0.626 0.554 0.626 0.553 0.625 0.553 0.622 0.552 0.622 0.551 0.621 0.551 0.618 0.55 0.618 0.549 0.617 0.549 0.614
5 0.5690000000000001 0.707 0.022 0.022 0.568 0.696 0.568 0.697 0.567 0.698 0.564 0.698 0.564 0.699 0.563 0.7 0.562 0.7 0.562 0.701 0.561 0.702 0.56 0.702 0.56 0.703 0.559 0.704 0.558 0.704 0.558 0.711 0.559 0.711 0.56 0.712 0.56 0.715 0.561 0.715 0.562 0.716 0.562 0.717 0.569 0.717 0.569 0.716 0.57 0.715 0.573 0.715 0.573 0.714 0.574 0.713 0.575 0.713 0.575 0.712 0.576 0.711 0.577 0.711 0.577 0.71 0.578 0.709 0.579 0.709 0.579 0.704 0.578 0.704 0.577 0.703 0.577 0.7 0.576 0.7 0.575 0.699 0.575 0.698 0.574 0.698 0.573 0.697 0.573 0.696
5 0.303 0.723 0.022 0.022 0.302 0.712 0.302 0.713 0.301 0.714 0.3 0.714 0.3 0.715 0.299 0.716 0.296 0.716 0.296 0.717 0.295 0.718 0.294 0.718 0.294 0.719 0.293 0.72 0.292 0.72 0.292 0.723 0.293 0.723 0.294 0.724 0.294 0.727 0.295 0.727 0.296 0.728 0.296 0.729 0.297 0.729 0.298 0.73 0.298 0.731 0.299 0.731 0.3 0.732 0.3 0.733 0.307 0.733 0.307 0.732 0.308 0.731 0.309 0.731 0.309 0.73 0.31 0.729 0.313 0.729 0.313 0.726 0.312 0.726 0.311 0.725 0.311 0.722 0.31 0.722 0.309 0.721 0.309 0.718 0.308 0.718 0.307 0.717 0.307 0.716 0.306 0.716 0.305 0.715 0.305 0.714 0.304 0.714 0.303 0.713 0.303 0.712
5 0.258 0.886 0.02 0.02 0.256 0.876 0.256 0.877 0.255 0.878 0.252 0.878 0.252 0.879 0.251 0.88 0.248 0.88 0.248 0.889 0.249 0.889 0.25 0.89 0.25 0.891 0.251 0.891 0.252 0.892 0.252 0.893 0.253 0.893 0.254 0.894 0.254 0.895 0.261 0.895 0.261 0.894 0.262 0.893 0.265 0.893 0.265 0.892 0.266 0.891 0.267 0.891 0.267 0.88 0.264 0.88 0.263 0.879 0.263 0.878 0.26 0.878 0.259 0.877 0.259 0.876
7 0.8210000000000001 0.548 0.014 0.012 0.816 0.542 0.816 0.545 0.815 0.546 0.814 0.546 0.814 0.551 0.815 0.551 0.816 0.552 0.816 0.553 0.823 0.553 0.823 0.552 0.824 0.551 0.825 0.551 0.825 0.55 0.826 0.549 0.827 0.549 0.827 0.548 0.826 0.548 0.825 0.547 0.825 0.544 0.824 0.544 0.823 0.543 0.823 0.542
7 0.639 0.648 0.014 0.012 0.632 0.642 0.632 0.647 0.633 0.647 0.634 0.648 0.634 0.649 0.635 0.649 0.636 0.65 0.636 0.651 0.637 0.651 0.638 0.652 0.638 0.653 0.643 0.653 0.643 0.652 0.644 0.651 0.645 0.651 0.645 0.646 0.644 0.646 0.643 0.645 0.643 0.644 0.642 0.644 0.641 0.643 0.641 0.642
7 0.532 0.71 0.012 0.012 0.532 0.704 0.532 0.705 0.531 0.706 0.528 0.706 0.528 0.707 0.527 0.708 0.526 0.708 0.526 0.711 0.527 0.711 0.528 0.712 0.528 0.713 0.529 0.713 0.53 0.714 0.53 0.715 0.533 0.715 0.533 0.714 0.534 0.713 0.535 0.713 0.535 0.712 0.536 0.711 0.537 0.711 0.537 0.706 0.534 0.706 0.533 0.705 0.533 0.704
7 0.3 0.8320000000000001 0.012 0.012 0.294 0.826 0.294 0.833 0.295 0.833 0.296 0.834 0.296 0.835 0.297 0.835 0.298 0.836 0.298 0.837 0.305 0.837 0.305 0.83 0.304 0.83 0.303 0.829 0.303 0.828 0.302 0.828 0.301 0.827 0.301 0.826
7 0.271 0.87 0.022 0.02 0.274 0.86 0.274 0.861 0.273 0.862 0.27 0.862 0.27 0.863 0.269 0.864 0.266 0.864 0.266 0.865 0.265 0.866 0.264 0.866 0.264 0.867 0.263 0.868 0.262 0.868 0.262 0.869 0.261 0.87 0.26 0.87 0.26 0.877 0.263 0.877 0.264 0.878 0.264 0.879 0.267 0.879 0.267 0.878 0.268 0.877 0.271 0.877 0.271 0.876 0.272 0.875 0.275 0.875 0.275 0.874 0.276 0.873 0.277 0.873 0.277 0.872 0.278 0.871 0.279 0.871 0.279 0.87 0.28 0.869 0.281 0.869 0.281 0.864 0.28 0.864 0.279 0.863 0.279 0.86
7 0.28800000000000003 0.867 0.012 0.018000000000000002 0.286 0.858 0.286 0.859 0.285 0.86 0.282 0.86 0.282 0.865 0.283 0.865 0.284 0.866 0.284 0.873 0.285 0.873 0.286 0.874 0.286 0.875 0.291 0.875 0.291 0.874 0.292 0.873 0.293 0.873 0.293 0.862 0.292 0.862 0.291 0.861 0.291 0.86 0.29 0.86 0.289 0.859 0.289 0.858
4 0.34900000000000003 0.907 0.01 0.01 0.344 0.902 0.344 0.909 0.345 0.909 0.346 0.91 0.346 0.911 0.349 0.911 0.349 0.91 0.35 0.909 0.351 0.909 0.351 0.908 0.352 0.907 0.353 0.907 0.353 0.904 0.352 0.904 0.351 0.903 0.351 0.902
4 0.301 0.932 0.01 0.012 0.298 0.926 0.298 0.927 0.297 0.928 0.296 0.928 0.296 0.935 0.297 0.935 0.298 0.936 0.298 0.937 0.299 0.937 0.299 0.936 0.3 0.935 0.305 0.935 0.305 0.928 0.304 0.928 0.303 0.927 0.303 0.926
4 0.259 0.9550000000000001 0.01 0.01 0.256 0.95 0.256 0.951 0.255 0.952 0.254 0.952 0.254 0.959 0.259 0.959 0.259 0.958 0.26 0.957 0.261 0.957 0.261 0.956 0.262 0.955 0.263 0.955 0.263 0.95
3 0.679 0.488 0.10200000000000001 0.116 0.7 0.43 0.7 0.431 0.699 0.432 0.696 0.432 0.696 0.433 0.695 0.434 0.692 0.434 0.692 0.435 0.691 0.436 0.688 0.436 0.688 0.437 0.687 0.438 0.684 0.438 0.684 0.439 0.683 0.44 0.68 0.44 0.68 0.441 0.679 0.442 0.678 0.442 0.678 0.443 0.677 0.444 0.674 0.444 0.674 0.445 0.673 0.446 0.67 0.446 0.67 0.447 0.669 0.448 0.668 0.448 0.668 0.449 0.667 0.45 0.666 0.45 0.666 0.451 0.665 0.452 0.662 0.452 0.662 0.453 0.661 0.454 0.658 0.454 0.658 0.455 0.657 0.456 0.654 0.456 0.654 0.457 0.653 0.458 0.648 0.458 0.648 0.459 0.647 0.46 0.644 0.46 0.644 0.461 0.643 0.462 0.642 0.462 0.642 0.463 0.641 0.464 0.638 0.464 0.638 0.465 0.637 0.466 0.634 0.466 0.634 0.467 0.633 0.468 0.632 0.468 0.632 0.469 0.631 0.47 0.63 0.47 0.63 0.471 0.629 0.472 0.628 0.472 0.628 0.477 0.629 0.477 0.63 0.478 0.63 0.481 0.631 0.481 0.632 0.482 0.632 0.485 0.633 0.485 0.634 0.486 0.634 0.489 0.635 0.489 0.636 0.49 0.636 0.491 0.637 0.491 0.638 0.492 0.638 0.493 0.639 0.493 0.64 0.494 0.64 0.497 0.641 0.497 0.642 0.498 0.642 0.499 0.643 0.499 0.644 0.5 0.644 0.501 0.645 0.501 0.646 0.502 0.646 0.503 0.647 0.503 0.648 0.504 0.648 0.505 0.649 0.505 0.65 0.506 0.65 0.507 0.651 0.507 0.652 0.508 0.652 0.509 0.651 0.51 0.65 0.51 0.65 0.511 0.649 0.512 0.646 0.512 0.646 0.513 0.645 0.514 0.642 0.514 0.642 0.515 0.641 0.516 0.64 0.516 0.64 0.519 0.639 0.52 0.638 0.52 0.638 0.523 0.639 0.523 0.64 0.524 0.64 0.529 0.641 0.529 0.642 0.53 0.642 0.531 0.643 0.531 0.644 0.532 0.644 0.535 0.645 0.535 0.646 0.536 0.646 0.537 0.647 0.537 0.648 0.538 0.648 0.539 0.655 0.539 0.655 0.538 0.656 0.537 0.657 0.537 0.657 0.536 0.658 0.535 0.659 0.535 0.659 0.532 0.66 0.531 0.661 0.531 0.661 0.53 0.662 0.529 0.685 0.529 0.686 0.53 0.686 0.531 0.693 0.531 0.694 0.532 0.694 0.533 0.705 0.533 0.706 0.534 0.706 0.535 0.707 0.535 0.708 0.536 0.708 0.537 0.709 0.537 0.71 0.538 0.71 0.539 0.711 0.539 0.712 0.54 0.712 0.541 0.713 0.541 0.714 0.542 0.714 0.543 0.715 0.543 0.716 0.544 0.716 0.545 0.721 0.545 0.721 0.538 0.722 0.537 0.723 0.537 0.723 0.53 0.724 0.529 0.725 0.529 0.725 0.516 0.726 0.515 0.727 0.515 0.727 0.506 0.728 0.505 0.729 0.505 0.729 0.472 0.728 0.472 0.727 0.471 0.727 0.466 0.726 0.466 0.725 0.465 0.725 0.46 0.724 0.46 0.723 0.459 0.723 0.456 0.722 0.456 0.721 0.455 0.721 0.452 0.72 0.452 0.719 0.451 0.719 0.448 0.718 0.448 0.717 0.447 0.717 0.446 0.716 0.446 0.715 0.445 0.715 0.442 0.714 0.442 0.713 0.441 0.713 0.438 0.712 0.438 0.711 0.437 0.711 0.434 0.71 0.434 0.709 0.433 0.709 0.432 0.708 0.432 0.707 0.431 0.707 0.43
3 0.8270000000000001 0.6 0.034 0.04 0.818 0.58 0.818 0.581 0.817 0.582 0.816 0.582 0.816 0.585 0.815 0.586 0.814 0.586 0.814 0.595 0.813 0.596 0.812 0.596 0.812 0.599 0.811 0.6 0.81 0.6 0.81 0.609 0.811 0.609 0.812 0.61 0.812 0.611 0.813 0.611 0.814 0.612 0.814 0.613 0.815 0.613 0.816 0.614 0.816 0.615 0.819 0.615 0.82 0.616 0.82 0.617 0.823 0.617 0.824 0.618 0.824 0.619 0.839 0.619 0.839 0.618 0.84 0.617 0.841 0.617 0.841 0.614 0.842 0.613 0.843 0.613 0.843 0.598 0.842 0.598 0.841 0.597 0.841 0.592 0.84 0.592 0.839 0.591 0.839 0.586 0.838 0.586 0.837 0.585 0.837 0.584 0.836 0.584 0.835 0.583 0.835 0.582 0.834 0.582 0.833 0.581 0.833 0.58
3 0.879 0.622 0.038 0.04 0.87 0.602 0.87 0.603 0.869 0.604 0.868 0.604 0.868 0.605 0.867 0.606 0.866 0.606 0.866 0.607 0.865 0.608 0.864 0.608 0.864 0.611 0.863 0.612 0.862 0.612 0.862 0.617 0.861 0.618 0.86 0.618 0.86 0.629 0.861 0.629 0.862 0.63 0.862 0.631 0.863 0.631 0.864 0.632 0.864 0.633 0.865 0.633 0.866 0.634 0.866 0.637 0.867 0.637 0.868 0.638 0.868 0.639 0.869 0.639 0.87 0.64 0.87 0.641 0.879 0.641 0.879 0.64 0.88 0.639 0.885 0.639 0.885 0.638 0.886 0.637 0.887 0.637 0.887 0.636 0.888 0.635 0.889 0.635 0.889 0.634 0.89 0.633 0.891 0.633 0.891 0.632 0.892 0.631 0.893 0.631 0.893 0.63 0.894 0.629 0.895 0.629 0.895 0.628 0.896 0.627 0.897 0.627 0.897 0.622 0.896 0.622 0.895 0.621 0.895 0.614 0.894 0.614 0.893 0.613 0.893 0.61 0.892 0.61 0.891 0.609 0.891 0.608 0.888 0.608 0.887 0.607 0.887 0.604 0.886 0.604 0.885 0.603 0.885 0.602
3 0.763 0.637 0.038 0.038 0.756 0.618 0.756 0.619 0.755 0.62 0.752 0.62 0.752 0.621 0.751 0.622 0.75 0.622 0.75 0.623 0.749 0.624 0.748 0.624 0.748 0.625 0.747 0.626 0.746 0.626 0.746 0.631 0.745 0.632 0.744 0.632 0.744 0.645 0.745 0.645 0.746 0.646 0.746 0.647 0.747 0.647 0.748 0.648 0.748 0.649 0.749 0.649 0.75 0.65 0.75 0.651 0.751 0.651 0.752 0.652 0.752 0.653 0.753 0.653 0.754 0.654 0.754 0.655 0.767 0.655 0.767 0.654 0.768 0.653 0.769 0.653 0.769 0.652 0.77 0.651 0.771 0.651 0.771 0.65 0.772 0.649 0.775 0.649 0.775 0.648 0.776 0.647 0.777 0.647 0.777 0.646 0.778 0.645 0.779 0.645 0.779 0.64 0.78 0.639 0.781 0.639 0.781 0.634 0.78 0.634 0.779 0.633 0.779 0.626 0.778 0.626 0.777 0.625 0.777 0.622 0.776 0.622 0.775 0.621 0.775 0.62 0.772 0.62 0.771 0.619 0.771 0.618
3 0.8190000000000001 0.654 0.07 0.064 0.796 0.622 0.796 0.623 0.795 0.624 0.794 0.624 0.794 0.629 0.793 0.63 0.792 0.63 0.792 0.633 0.791 0.634 0.79 0.634 0.79 0.639 0.789 0.64 0.788 0.64 0.788 0.643 0.787 0.644 0.786 0.644 0.786 0.649 0.785 0.65 0.784 0.65 0.784 0.663 0.785 0.663 0.786 0.664 0.786 0.665 0.787 0.665 0.788 0.666 0.788 0.669 0.789 0.669 0.79 0.67 0.79 0.671 0.791 0.671 0.792 0.672 0.792 0.673 0.793 0.673 0.794 0.674 0.794 0.677 0.795 0.677 0.796 0.678 0.796 0.679 0.797 0.679 0.798 0.68 0.798 0.681 0.799 0.681 0.8 0.682 0.8 0.683 0.801 0.683 0.802 0.684 0.802 0.685 0.815 0.685 0.815 0.684 0.816 0.683 0.819 0.683 0.819 0.682 0.82 0.681 0.821 0.681 0.821 0.68 0.822 0.679 0.823 0.679 0.823 0.678 0.824 0.677 0.827 0.677 0.827 0.676 0.828 0.675 0.829 0.675 0.829 0.674 0.83 0.673 0.833 0.673 0.833 0.672 0.834 0.671 0.835 0.671 0.835 0.67 0.836 0.669 0.839 0.669 0.839 0.668 0.84 0.667 0.841 0.667 0.841 0.666 0.842 0.665 0.843 0.665 0.843 0.664 0.844 0.663 0.847 0.663 0.847 0.662 0.848 0.661 0.849 0.661 0.849 0.66 0.85 0.659 0.851 0.659 0.851 0.658 0.852 0.657 0.853 0.657 0.853 0.654 0.852 0.654 0.851 0.653 0.851 0.65 0.85 0.65 0.849 0.649 0.849 0.646 0.848 0.646 0.847 0.645 0.847 0.644 0.846 0.644 0.845 0.643 0.845 0.64 0.844 0.64 0.843 0.639 0.843 0.634 0.842 0.634 0.841 0.633 0.841 0.632 0.84 0.632 0.839 0.631 0.839 0.626 0.838 0.626 0.837 0.625 0.837 0.624 0.822 0.624 0.821 0.623 0.821 0.622
3 0.757 0.6920000000000001 0.042 0.044 0.744 0.67 0.744 0.671 0.743 0.672 0.742 0.672 0.742 0.679 0.741 0.68 0.74 0.68 0.74 0.685 0.739 0.686 0.738 0.686 0.738 0.689 0.737 0.69 0.736 0.69 0.736 0.695 0.737 0.695 0.738 0.696 0.738 0.697 0.739 0.697 0.74 0.698 0.74 0.699 0.741 0.699 0.742 0.7 0.742 0.703 0.743 0.703 0.744 0.704 0.744 0.705 0.745 0.705 0.746 0.706 0.746 0.707 0.747 0.707 0.748 0.708 0.748 0.711 0.749 0.711 0.75 0.712 0.75 0.713 0.759 0.713 0.759 0.712 0.76 0.711 0.767 0.711 0.767 0.71 0.768 0.709 0.769 0.709 0.769 0.706 0.77 0.705 0.771 0.705 0.771 0.704 0.772 0.703 0.773 0.703 0.773 0.702 0.774 0.701 0.775 0.701 0.775 0.7 0.776 0.699 0.777 0.699 0.777 0.694 0.776 0.694 0.775 0.693 0.775 0.69 0.774 0.69 0.773 0.689 0.773 0.688 0.772 0.688 0.771 0.687 0.771 0.684 0.77 0.684 0.769 0.683 0.769 0.682 0.768 0.682 0.767 0.681 0.767 0.676 0.766 0.676 0.765 0.675 0.765 0.672 0.764 0.672 0.763 0.671 0.763 0.67
3 0.635 0.756 0.09 0.08 0.606 0.716 0.606 0.717 0.605 0.718 0.604 0.718 0.604 0.723 0.603 0.724 0.602 0.724 0.602 0.729 0.601 0.73 0.6 0.73 0.6 0.737 0.599 0.738 0.598 0.738 0.598 0.747 0.597 0.748 0.596 0.748 0.596 0.757 0.595 0.758 0.594 0.758 0.594 0.763 0.593 0.764 0.592 0.764 0.592 0.771 0.591 0.772 0.59 0.772 0.59 0.779 0.591 0.779 0.592 0.78 0.592 0.781 0.595 0.781 0.596 0.782 0.596 0.783 0.599 0.783 0.6 0.784 0.6 0.785 0.601 0.785 0.602 0.786 0.602 0.789 0.603 0.789 0.604 0.79 0.604 0.791 0.605 0.791 0.606 0.792 0.606 0.793 0.609 0.793 0.61 0.794 0.61 0.795 0.613 0.795 0.613 0.794 0.614 0.793 0.619 0.793 0.619 0.792 0.62 0.791 0.621 0.791 0.621 0.79 0.622 0.789 0.627 0.789 0.627 0.788 0.628 0.787 0.631 0.787 0.631 0.786 0.632 0.785 0.637 0.785 0.637 0.784 0.638 0.783 0.641 0.783 0.641 0.782 0.642 0.781 0.645 0.781 0.645 0.78 0.646 0.779 0.649 0.779 0.649 0.778 0.65 0.777 0.653 0.777 0.653 0.776 0.654 0.775 0.657 0.775 0.657 0.774 0.658 0.773 0.661 0.773 0.661 0.772 0.662 0.771 0.665 0.771 0.665 0.77 0.666 0.769 0.667 0.769 0.667 0.768 0.668 0.767 0.671 0.767 0.671 0.766 0.672 0.765 0.675 0.765 0.675 0.764 0.676 0.763 0.677 0.763 0.677 0.76 0.678 0.759 0.679 0.759 0.679 0.752 0.678 0.752 0.677 0.751 0.677 0.75 0.676 0.75 0.675 0.749 0.675 0.746 0.674 0.746 0.673 0.745 0.673 0.742 0.672 0.742 0.671 0.741 0.671 0.738 0.67 0.738 0.669 0.737 0.669 0.736 0.668 0.736 0.667 0.735 0.667 0.732 0.664 0.732 0.663 0.731 0.663 0.73 0.66 0.73 0.659 0.729 0.659 0.728 0.652 0.728 0.651 0.727 0.651 0.726 0.644 0.726 0.643 0.725 0.643 0.724 0.638 0.724 0.637 0.723 0.637 0.722 0.63 0.722 0.629 0.721 0.629 0.72 0.622 0.72 0.621 0.719 0.621 0.718 0.614 0.718 0.613 0.717 0.613 0.716
3 0.6880000000000001 0.734 0.036000000000000004 0.04 0.68 0.714 0.68 0.715 0.679 0.716 0.676 0.716 0.676 0.719 0.675 0.72 0.674 0.72 0.674 0.721 0.673 0.722 0.672 0.722 0.672 0.725 0.671 0.726 0.67 0.726 0.67 0.737 0.671 0.737 0.672 0.738 0.672 0.739 0.673 0.739 0.674 0.74 0.674 0.741 0.675 0.741 0.676 0.742 0.676 0.743 0.677 0.743 0.678 0.744 0.678 0.747 0.679 0.747 0.68 0.748 0.68 0.749 0.681 0.749 0.682 0.75 0.682 0.753 0.693 0.753 0.693 0.752 0.694 0.751 0.697 0.751 0.697 0.75 0.698 0.749 0.699 0.749 0.699 0.748 0.7 0.747 0.701 0.747 0.701 0.746 0.702 0.745 0.703 0.745 0.703 0.742 0.704 0.741 0.705 0.741 0.705 0.736 0.704 0.736 0.703 0.735 0.703 0.734 0.702 0.734 0.701 0.733 0.701 0.728 0.7 0.728 0.699 0.727 0.699 0.726 0.698 0.726 0.697 0.725 0.697 0.722 0.696 0.722 0.695 0.721 0.695 0.718 0.694 0.718 0.693 0.717 0.693 0.716 0.69 0.716 0.689 0.715 0.689 0.714
3 0.587 0.797 0.046 0.042 0.574 0.776 0.574 0.777 0.573 0.778 0.568 0.778 0.568 0.779 0.567 0.78 0.566 0.78 0.566 0.785 0.565 0.786 0.564 0.786 0.564 0.797 0.565 0.797 0.566 0.798 0.566 0.799 0.567 0.799 0.568 0.8 0.568 0.801 0.569 0.801 0.57 0.802 0.57 0.803 0.571 0.803 0.572 0.804 0.572 0.805 0.573 0.805 0.574 0.806 0.574 0.807 0.575 0.807 0.576 0.808 0.576 0.811 0.577 0.811 0.578 0.812 0.578 0.813 0.579 0.813 0.58 0.814 0.58 0.815 0.583 0.815 0.584 0.816 0.584 0.817 0.585 0.817 0.585 0.816 0.586 0.815 0.591 0.815 0.591 0.814 0.592 0.813 0.595 0.813 0.595 0.812 0.596 0.811 0.597 0.811 0.597 0.81 0.598 0.809 0.599 0.809 0.599 0.808 0.6 0.807 0.603 0.807 0.603 0.806 0.604 0.805 0.607 0.805 0.607 0.804 0.608 0.803 0.609 0.803 0.609 0.796 0.608 0.796 0.607 0.795 0.607 0.794 0.606 0.794 0.605 0.793 0.605 0.792 0.604 0.792 0.603 0.791 0.603 0.788 0.602 0.788 0.601 0.787 0.601 0.786 0.6 0.786 0.599 0.785 0.599 0.784 0.596 0.784 0.595 0.783 0.595 0.782 0.592 0.782 0.591 0.781 0.591 0.78 0.588 0.78 0.587 0.779 0.587 0.778 0.582 0.778 0.581 0.777 0.581 0.776
4 0.506 0.056 0.024 0.024 0.496 0.044 0.496 0.045 0.495 0.046 0.494 0.046 0.494 0.049 0.495 0.049 0.496 0.05 0.496 0.053 0.497 0.053 0.498 0.054 0.498 0.055 0.499 0.055 0.5 0.056 0.5 0.059 0.501 0.059 0.502 0.06 0.502 0.061 0.503 0.061 0.504 0.062 0.504 0.063 0.505 0.063 0.506 0.064 0.506 0.067 0.513 0.067 0.513 0.064 0.514 0.063 0.515 0.063 0.515 0.062 0.516 0.061 0.517 0.061 0.517 0.052 0.516 0.052 0.515 0.051 0.515 0.048 0.51 0.048 0.509 0.047 0.509 0.046 0.5 0.046 0.499 0.045 0.499 0.044
4 0.509 0.17200000000000001 0.018000000000000002 0.02 0.51 0.162 0.51 0.163 0.509 0.164 0.506 0.164 0.506 0.165 0.505 0.166 0.502 0.166 0.502 0.167 0.501 0.168 0.5 0.168 0.5 0.173 0.501 0.173 0.502 0.174 0.502 0.177 0.505 0.177 0.506 0.178 0.506 0.179 0.511 0.179 0.512 0.18 0.512 0.181 0.513 0.181 0.513 0.18 0.514 0.179 0.517 0.179 0.517 0.164 0.516 0.164 0.515 0.163 0.515 0.162
3 0.78 0.452 0.032 0.036000000000000004 0.78 0.434 0.78 0.435 0.779 0.436 0.776 0.436 0.776 0.437 0.775 0.438 0.774 0.438 0.774 0.439 0.773 0.44 0.772 0.44 0.772 0.441 0.771 0.442 0.77 0.442 0.77 0.443 0.769 0.444 0.768 0.444 0.768 0.445 0.767 0.446 0.766 0.446 0.766 0.447 0.765 0.448 0.764 0.448 0.764 0.459 0.765 0.459 0.766 0.46 0.766 0.463 0.767 0.463 0.768 0.464 0.768 0.465 0.771 0.465 0.772 0.466 0.772 0.467 0.779 0.467 0.78 0.468 0.78 0.469 0.785 0.469 0.785 0.468 0.786 0.467 0.789 0.467 0.789 0.466 0.79 0.465 0.791 0.465 0.791 0.464 0.792 0.463 0.793 0.463 0.793 0.454 0.794 0.453 0.795 0.453 0.795 0.444 0.794 0.444 0.793 0.443 0.793 0.438 0.792 0.438 0.791 0.437 0.791 0.436 0.79 0.436 0.789 0.435 0.789 0.434
4 0.5680000000000001 0.47300000000000003 0.024 0.026000000000000002 0.568 0.46 0.568 0.461 0.567 0.462 0.562 0.462 0.562 0.463 0.561 0.464 0.558 0.464 0.558 0.465 0.557 0.466 0.556 0.466 0.556 0.475 0.557 0.475 0.558 0.476 0.558 0.479 0.559 0.479 0.56 0.48 0.56 0.483 0.563 0.483 0.564 0.484 0.564 0.485 0.565 0.485 0.565 0.484 0.566 0.483 0.571 0.483 0.571 0.482 0.572 0.481 0.575 0.481 0.575 0.48 0.576 0.479 0.577 0.479 0.577 0.478 0.578 0.477 0.579 0.477 0.579 0.468 0.578 0.468 0.577 0.467 0.577 0.464 0.576 0.464 0.575 0.463 0.575 0.462 0.574 0.462 0.573 0.461 0.573 0.46
4 0.809 0.504 0.018000000000000002 0.02 0.802 0.494 0.802 0.495 0.801 0.496 0.8 0.496 0.8 0.509 0.801 0.509 0.802 0.51 0.802 0.511 0.805 0.511 0.806 0.512 0.806 0.513 0.811 0.513 0.811 0.512 0.812 0.511 0.815 0.511 0.815 0.51 0.816 0.509 0.817 0.509 0.817 0.5 0.816 0.5 0.815 0.499 0.815 0.498 0.814 0.498 0.813 0.497 0.813 0.494
4 0.608 0.588 0.02 0.024 0.602 0.576 0.602 0.577 0.601 0.578 0.6 0.578 0.6 0.579 0.599 0.58 0.598 0.58 0.598 0.587 0.599 0.587 0.6 0.588 0.6 0.593 0.601 0.593 0.602 0.594 0.602 0.595 0.603 0.595 0.604 0.596 0.604 0.597 0.605 0.597 0.606 0.598 0.606 0.599 0.613 0.599 0.613 0.598 0.614 0.597 0.615 0.597 0.615 0.596 0.616 0.595 0.617 0.595 0.617 0.584 0.616 0.584 0.615 0.583 0.615 0.58 0.614 0.58 0.613 0.579 0.613 0.578 0.612 0.578 0.611 0.577 0.611 0.576
4 0.683 0.5750000000000001 0.022 0.022 0.68 0.564 0.68 0.565 0.679 0.566 0.674 0.566 0.674 0.567 0.673 0.568 0.672 0.568 0.672 0.577 0.673 0.577 0.674 0.578 0.674 0.581 0.675 0.581 0.676 0.582 0.676 0.583 0.677 0.583 0.678 0.584 0.678 0.585 0.685 0.585 0.685 0.584 0.686 0.583 0.687 0.583 0.687 0.582 0.688 0.581 0.689 0.581 0.689 0.58 0.69 0.579 0.691 0.579 0.691 0.578 0.692 0.577 0.693 0.577 0.693 0.576 0.692 0.576 0.691 0.575 0.691 0.57 0.69 0.57 0.689 0.569 0.689 0.568 0.688 0.568 0.687 0.567 0.687 0.566 0.686 0.566 0.685 0.565 0.685 0.564
4 0.58 0.606 0.02 0.024 0.576 0.594 0.576 0.595 0.575 0.596 0.572 0.596 0.572 0.597 0.571 0.598 0.57 0.598 0.57 0.605 0.571 0.605 0.572 0.606 0.572 0.611 0.573 0.611 0.574 0.612 0.574 0.613 0.575 0.613 0.576 0.614 0.576 0.615 0.577 0.615 0.578 0.616 0.578 0.617 0.581 0.617 0.581 0.616 0.582 0.615 0.585 0.615 0.585 0.614 0.586 0.613 0.587 0.613 0.587 0.612 0.588 0.611 0.589 0.611 0.589 0.606 0.588 0.606 0.587 0.605 0.587 0.6 0.586 0.6 0.585 0.599 0.585 0.598 0.584 0.598 0.583 0.597 0.583 0.596 0.582 0.596 0.581 0.595 0.581 0.594
7 0.454 0.743 0.032 0.03 0.45 0.728 0.45 0.729 0.449 0.73 0.446 0.73 0.446 0.731 0.445 0.732 0.442 0.732 0.442 0.733 0.441 0.734 0.44 0.734 0.44 0.735 0.439 0.736 0.438 0.736 0.438 0.743 0.439 0.743 0.44 0.744 0.44 0.747 0.441 0.747 0.442 0.748 0.442 0.751 0.443 0.751 0.444 0.752 0.444 0.755 0.445 0.755 0.446 0.756 0.446 0.757 0.455 0.757 0.455 0.756 0.456 0.755 0.459 0.755 0.459 0.754 0.46 0.753 0.463 0.753 0.463 0.752 0.464 0.751 0.467 0.751 0.467 0.75 0.468 0.749 0.469 0.749 0.469 0.742 0.468 0.742 0.467 0.741 0.467 0.736 0.466 0.736 0.465 0.735 0.465 0.732 0.464 0.732 0.463 0.731 0.463 0.73 0.46 0.73 0.459 0.729 0.459 0.728
4 0.114 0.902 0.024 0.028 0.11 0.888 0.11 0.889 0.109 0.89 0.106 0.89 0.106 0.891 0.105 0.892 0.104 0.892 0.104 0.895 0.103 0.896 0.102 0.896 0.102 0.897 0.103 0.897 0.104 0.898 0.104 0.903 0.105 0.903 0.106 0.904 0.106 0.909 0.107 0.909 0.108 0.91 0.108 0.913 0.109 0.913 0.11 0.914 0.11 0.915 0.121 0.915 0.121 0.914 0.122 0.913 0.123 0.913 0.123 0.912 0.124 0.911 0.125 0.911 0.125 0.902 0.124 0.902 0.123 0.901 0.123 0.9 0.122 0.9 0.121 0.899 0.121 0.898 0.12 0.898 0.119 0.897 0.119 0.896 0.118 0.896 0.117 0.895 0.117 0.894 0.116 0.894 0.115 0.893 0.115 0.89 0.112 0.89 0.111 0.889 0.111 0.888
4 0.023 0.9520000000000001 0.018000000000000002 0.02 0.016 0.942 0.016 0.943 0.015 0.944 0.014 0.944 0.014 0.947 0.015 0.947 0.016 0.948 0.016 0.957 0.017 0.957 0.018 0.958 0.018 0.959 0.019 0.959 0.02 0.96 0.02 0.961 0.027 0.961 0.027 0.96 0.028 0.959 0.029 0.959 0.029 0.958 0.03 0.957 0.031 0.957 0.031 0.954 0.03 0.954 0.029 0.953 0.029 0.95 0.028 0.95 0.027 0.949 0.027 0.946 0.026 0.946 0.025 0.945 0.025 0.944 0.022 0.944 0.021 0.943 0.021 0.942
5 0.687 0.621 0.026000000000000002 0.026000000000000002 0.686 0.608 0.686 0.609 0.685 0.61 0.68 0.61 0.68 0.611 0.679 0.612 0.678 0.612 0.678 0.613 0.677 0.614 0.676 0.614 0.676 0.615 0.675 0.616 0.674 0.616 0.674 0.621 0.675 0.621 0.676 0.622 0.676 0.625 0.677 0.625 0.678 0.626 0.678 0.629 0.679 0.629 0.68 0.63 0.68 0.633 0.687 0.633 0.687 0.632 0.688 0.631 0.691 0.631 0.691 0.63 0.692 0.629 0.695 0.629 0.695 0.628 0.696 0.627 0.697 0.627 0.697 0.624 0.698 0.623 0.699 0.623 0.699 0.622 0.698 0.622 0.697 0.621 0.697 0.618 0.696 0.618 0.695 0.617 0.695 0.616 0.694 0.616 0.693 0.615 0.693 0.612 0.692 0.612 0.691 0.611 0.691 0.61 0.69 0.61 0.689 0.609 0.689 0.608
5 0.553 0.097 0.018000000000000002 0.014 0.552 0.09 0.552 0.091 0.551 0.092 0.546 0.092 0.546 0.093 0.545 0.094 0.544 0.094 0.544 0.103 0.555 0.103 0.555 0.102 0.556 0.101 0.557 0.101 0.557 0.1 0.558 0.099 0.559 0.099 0.559 0.098 0.56 0.097 0.561 0.097 0.561 0.092 0.558 0.092 0.557 0.091 0.557 0.09
5 0.492 0.013000000000000001 0.036000000000000004 0.026000000000000002 0.48 0.0 0.48 0.001 0.479 0.002 0.476 0.002 0.476 0.003 0.475 0.004 0.474 0.004 0.474 0.009 0.475 0.009 0.476 0.01 0.476 0.015 0.477 0.015 0.478 0.016 0.478 0.019 0.479 0.019 0.48 0.02 0.48 0.021 0.481 0.021 0.482 0.022 0.482 0.023 0.483 0.023 0.484 0.024 0.484 0.025 0.505 0.025 0.505 0.024 0.506 0.023 0.507 0.023 0.507 0.022 0.508 0.021 0.509 0.021 0.509 0.018 0.508 0.018 0.507 0.017 0.507 0.014 0.506 0.014 0.505 0.013 0.505 0.012 0.504 0.012 0.503 0.011 0.503 0.008 0.502 0.008 0.501 0.007 0.501 0.006 0.5 0.006 0.499 0.005 0.499 0.002 0.498 0.002 0.497 0.001 0.497 0.0
7 0.745 0.577 0.114 0.066 0.792 0.544 0.792 0.545 0.791 0.546 0.788 0.546 0.788 0.547 0.787 0.548 0.784 0.548 0.784 0.549 0.783 0.55 0.78 0.55 0.78 0.551 0.779 0.552 0.778 0.552 0.778 0.553 0.777 0.554 0.774 0.554 0.774 0.555 0.773 0.556 0.77 0.556 0.77 0.557 0.769 0.558 0.766 0.558 0.766 0.559 0.765 0.56 0.762 0.56 0.762 0.561 0.761 0.562 0.758 0.562 0.758 0.563 0.757 0.564 0.756 0.564 0.756 0.565 0.755 0.566 0.752 0.566 0.752 0.567 0.751 0.568 0.748 0.568 0.748 0.569 0.747 0.57 0.744 0.57 0.744 0.571 0.743 0.572 0.742 0.572 0.742 0.573 0.741 0.574 0.738 0.574 0.738 0.575 0.737 0.576 0.734 0.576 0.734 0.577 0.733 0.578 0.732 0.578 0.732 0.579 0.731 0.58 0.728 0.58 0.728 0.581 0.727 0.582 0.724 0.582 0.724 0.583 0.723 0.584 0.722 0.584 0.722 0.585 0.721 0.586 0.718 0.586 0.718 0.587 0.717 0.588 0.716 0.588 0.716 0.589 0.715 0.59 0.714 0.59 0.714 0.591 0.713 0.592 0.712 0.592 0.712 0.593 0.711 0.594 0.71 0.594 0.71 0.595 0.709 0.596 0.704 0.596 0.704 0.597 0.703 0.598 0.7 0.598 0.7 0.599 0.699 0.6 0.696 0.6 0.696 0.601 0.695 0.602 0.692 0.602 0.692 0.603 0.691 0.604 0.69 0.604 0.69 0.605 0.689 0.606 0.688 0.606 0.688 0.607 0.689 0.607 0.69 0.608 0.69 0.609 0.697 0.609 0.697 0.608 0.698 0.607 0.701 0.607 0.701 0.606 0.702 0.605 0.703 0.605 0.703 0.604 0.704 0.603 0.707 0.603 0.707 0.602 0.708 0.601 0.709 0.601 0.709 0.6 0.71 0.599 0.713 0.599 0.713 0.598 0.714 0.597 0.719 0.597 0.719 0.596 0.72 0.595 0.723 0.595 0.723 0.594 0.724 0.593 0.727 0.593 0.727 0.592 0.728 0.591 0.729 0.591 0.729 0.59 0.73 0.589 0.733 0.589 0.733 0.588 0.734 0.587 0.737 0.587 0.737 0.586 0.738 0.585 0.741 0.585 0.741 0.584 0.742 0.583 0.745 0.583 0.745 0.582 0.746 0.581 0.747 0.581 0.747 0.58 0.748 0.579 0.751 0.579 0.751 0.578 0.752 0.577 0.755 0.577 0.755 0.576 0.756 0.575 0.759 0.575 0.759 0.574 0.76 0.573 0.761 0.573 0.761 0.572 0.762 0.571 0.765 0.571 0.765 0.57 0.766 0.569 0.769 0.569 0.769 0.568 0.77 0.567 0.773 0.567 0.773 0.566 0.774 0.565 0.775 0.565 0.775 0.564 0.776 0.563 0.779 0.563 0.779 0.562 0.78 0.561 0.783 0.561 0.783 0.56 0.784 0.559 0.787 0.559 0.787 0.558 0.788 0.557 0.791 0.557 0.791 0.556 0.792 0.555 0.795 0.555 0.795 0.554 0.796 0.553 0.797 0.553 0.797 0.552 0.798 0.551 0.801 0.551 0.801 0.544
4 0.528 0.633 0.024 0.022 0.526 0.624 0.526 0.625 0.525 0.626 0.522 0.626 0.522 0.627 0.521 0.628 0.518 0.628 0.518 0.633 0.519 0.633 0.52 0.634 0.52 0.635 0.521 0.635 0.522 0.636 0.522 0.637 0.523 0.637 0.524 0.638 0.524 0.641 0.531 0.641 0.531 0.64 0.532 0.639 0.535 0.639 0.535 0.638 0.536 0.637 0.537 0.637 0.537 0.634 0.536 0.634 0.535 0.633 0.535 0.63 0.534 0.63 0.533 0.629 0.533 0.628 0.532 0.628 0.531 0.627 0.531 0.624
3 0.526 0.8290000000000001 0.028 0.03 0.518 0.814 0.518 0.815 0.517 0.816 0.516 0.816 0.516 0.821 0.515 0.822 0.514 0.822 0.514 0.825 0.513 0.826 0.512 0.826 0.512 0.835 0.513 0.835 0.514 0.836 0.514 0.837 0.515 0.837 0.516 0.838 0.516 0.839 0.517 0.839 0.518 0.84 0.518 0.841 0.519 0.841 0.52 0.842 0.52 0.843 0.521 0.843 0.521 0.842 0.522 0.841 0.527 0.841 0.527 0.84 0.528 0.839 0.529 0.839 0.529 0.838 0.53 0.837 0.533 0.837 0.533 0.836 0.534 0.835 0.537 0.835 0.537 0.832 0.538 0.831 0.539 0.831 0.539 0.826 0.538 0.826 0.537 0.825 0.537 0.824 0.536 0.824 0.535 0.823 0.535 0.822 0.534 0.822 0.533 0.821 0.533 0.82 0.532 0.82 0.531 0.819 0.531 0.818 0.526 0.818 0.525 0.817 0.525 0.816 0.522 0.816 0.521 0.815 0.521 0.814
3 0.47900000000000004 0.8130000000000001 0.03 0.03 0.466 0.798 0.466 0.801 0.465 0.802 0.464 0.802 0.464 0.819 0.465 0.819 0.466 0.82 0.466 0.823 0.469 0.823 0.47 0.824 0.47 0.825 0.473 0.825 0.474 0.826 0.474 0.827 0.475 0.827 0.475 0.826 0.476 0.825 0.481 0.825 0.481 0.824 0.482 0.823 0.483 0.823 0.483 0.822 0.484 0.821 0.485 0.821 0.485 0.82 0.486 0.819 0.489 0.819 0.489 0.818 0.49 0.817 0.491 0.817 0.491 0.816 0.492 0.815 0.493 0.815 0.493 0.81 0.492 0.81 0.491 0.809 0.491 0.806 0.49 0.806 0.489 0.805 0.489 0.804 0.488 0.804 0.487 0.803 0.487 0.802 0.482 0.802 0.481 0.801 0.481 0.8 0.478 0.8 0.477 0.799 0.477 0.798
3 0.423 0.842 0.03 0.032 0.416 0.826 0.416 0.827 0.415 0.828 0.412 0.828 0.412 0.831 0.411 0.832 0.41 0.832 0.41 0.837 0.409 0.838 0.408 0.838 0.408 0.849 0.409 0.849 0.41 0.85 0.41 0.851 0.411 0.851 0.412 0.852 0.412 0.853 0.413 0.853 0.414 0.854 0.414 0.855 0.417 0.855 0.418 0.856 0.418 0.857 0.421 0.857 0.421 0.856 0.422 0.855 0.427 0.855 0.427 0.854 0.428 0.853 0.429 0.853 0.429 0.852 0.43 0.851 0.431 0.851 0.431 0.848 0.432 0.847 0.433 0.847 0.433 0.844 0.434 0.843 0.437 0.843 0.437 0.838 0.436 0.838 0.435 0.837 0.435 0.834 0.432 0.834 0.431 0.833 0.431 0.832 0.424 0.832 0.423 0.831 0.423 0.83 0.422 0.83 0.421 0.829 0.421 0.828 0.418 0.828 0.417 0.827 0.417 0.826
3 0.47600000000000003 0.859 0.036000000000000004 0.03 0.462 0.844 0.462 0.849 0.461 0.85 0.46 0.85 0.46 0.859 0.459 0.86 0.458 0.86 0.458 0.863 0.459 0.863 0.46 0.864 0.46 0.867 0.461 0.867 0.462 0.868 0.462 0.869 0.463 0.869 0.464 0.87 0.464 0.871 0.465 0.871 0.466 0.872 0.466 0.873 0.467 0.873 0.467 0.872 0.468 0.871 0.471 0.871 0.471 0.87 0.472 0.869 0.475 0.869 0.475 0.868 0.476 0.867 0.479 0.867 0.479 0.866 0.48 0.865 0.483 0.865 0.483 0.864 0.484 0.863 0.487 0.863 0.487 0.862 0.488 0.861 0.491 0.861 0.491 0.856 0.49 0.856 0.489 0.855 0.489 0.854 0.488 0.854 0.487 0.853 0.487 0.85 0.486 0.85 0.485 0.849 0.485 0.848 0.484 0.848 0.483 0.847 0.483 0.846 0.47 0.846 0.469 0.845 0.469 0.844
3 0.423 0.89 0.034 0.028 0.41 0.876 0.41 0.881 0.409 0.882 0.408 0.882 0.408 0.891 0.407 0.892 0.406 0.892 0.406 0.895 0.407 0.895 0.408 0.896 0.408 0.897 0.409 0.897 0.41 0.898 0.41 0.901 0.411 0.901 0.412 0.902 0.412 0.903 0.413 0.903 0.413 0.902 0.414 0.901 0.417 0.901 0.417 0.9 0.418 0.899 0.421 0.899 0.421 0.898 0.422 0.897 0.425 0.897 0.425 0.896 0.426 0.895 0.429 0.895 0.429 0.894 0.43 0.893 0.433 0.893 0.433 0.892 0.434 0.891 0.437 0.891 0.437 0.886 0.436 0.886 0.435 0.885 0.435 0.884 0.434 0.884 0.433 0.883 0.433 0.88 0.432 0.88 0.431 0.879 0.431 0.878 0.43 0.878 0.429 0.877 0.429 0.876
4 0.077 0.9510000000000001 0.05 0.058 0.07 0.922 0.07 0.923 0.069 0.924 0.068 0.924 0.068 0.925 0.067 0.926 0.064 0.926 0.064 0.927 0.063 0.928 0.06 0.928 0.06 0.929 0.059 0.93 0.058 0.93 0.058 0.931 0.057 0.932 0.054 0.932 0.054 0.933 0.053 0.934 0.052 0.934 0.052 0.935 0.053 0.935 0.054 0.936 0.054 0.937 0.055 0.937 0.056 0.938 0.056 0.939 0.057 0.939 0.058 0.94 0.058 0.943 0.059 0.943 0.06 0.944 0.06 0.945 0.061 0.945 0.062 0.946 0.062 0.949 0.063 0.949 0.064 0.95 0.064 0.951 0.065 0.951 0.066 0.952 0.066 0.955 0.067 0.955 0.068 0.956 0.068 0.957 0.069 0.957 0.07 0.958 0.07 0.959 0.071 0.959 0.072 0.96 0.072 0.963 0.073 0.963 0.074 0.964 0.074 0.965 0.075 0.965 0.076 0.966 0.076 0.969 0.077 0.969 0.078 0.97 0.078 0.971 0.079 0.971 0.08 0.972 0.08 0.975 0.081 0.975 0.082 0.976 0.082 0.977 0.087 0.977 0.087 0.976 0.088 0.975 0.089 0.975 0.089 0.974 0.09 0.973 0.091 0.973 0.091 0.972 0.092 0.971 0.095 0.971 0.095 0.97 0.096 0.969 0.097 0.969 0.097 0.968 0.098 0.967 0.099 0.967 0.099 0.966 0.1 0.965 0.101 0.965 0.101 0.964 0.1 0.964 0.099 0.963 0.099 0.962 0.098 0.962 0.097 0.961 0.097 0.96 0.096 0.96 0.095 0.959 0.095 0.956 0.094 0.956 0.093 0.955 0.093 0.954 0.092 0.954 0.091 0.953 0.091 0.95 0.09 0.95 0.089 0.949 0.089 0.948 0.088 0.948 0.087 0.947 0.087 0.944 0.086 0.944 0.085 0.943 0.085 0.942 0.084 0.942 0.083 0.941 0.083 0.938 0.082 0.938 0.081 0.937 0.081 0.936 0.08 0.936 0.079 0.935 0.079 0.932 0.078 0.932 0.077 0.931 0.077 0.93 0.076 0.93 0.075 0.929 0.075 0.926 0.074 0.926 0.073 0.925 0.073 0.924 0.072 0.924 0.071 0.923 0.071 0.922
3 0.635 0.151 0.114 0.15 0.624 0.078 0.624 0.079 0.623 0.08 0.62 0.08 0.62 0.081 0.619 0.082 0.616 0.082 0.616 0.083 0.615 0.084 0.614 0.084 0.614 0.085 0.613 0.086 0.61 0.086 0.61 0.087 0.609 0.088 0.606 0.088 0.606 0.089 0.605 0.09 0.602 0.09 0.602 0.091 0.601 0.092 0.598 0.092 0.598 0.093 0.597 0.094 0.596 0.094 0.596 0.095 0.595 0.096 0.592 0.096 0.592 0.097 0.591 0.098 0.588 0.098 0.588 0.099 0.587 0.1 0.584 0.1 0.584 0.101 0.583 0.102 0.58 0.102 0.58 0.107 0.581 0.107 0.582 0.108 0.582 0.111 0.583 0.111 0.584 0.112 0.584 0.115 0.585 0.115 0.586 0.116 0.586 0.119 0.587 0.119 0.588 0.12 0.588 0.123 0.589 0.123 0.59 0.124 0.59 0.127 0.591 0.127 0.592 0.128 0.592 0.131 0.593 0.131 0.594 0.132 0.594 0.135 0.595 0.135 0.596 0.136 0.596 0.139 0.597 0.139 0.598 0.14 0.598 0.141 0.599 0.141 0.6 0.142 0.6 0.145 0.601 0.145 0.602 0.146 0.602 0.149 0.603 0.149 0.604 0.15 0.604 0.153 0.605 0.153 0.606 0.154 0.606 0.157 0.607 0.157 0.608 0.158 0.608 0.161 0.609 0.161 0.61 0.162 0.61 0.165 0.611 0.165 0.612 0.166 0.612 0.169 0.613 0.169 0.614 0.17 0.614 0.173 0.615 0.173 0.616 0.174 0.616 0.177 0.617 0.177 0.618 0.178 0.618 0.179 0.619 0.179 0.62 0.18 0.62 0.183 0.621 0.183 0.622 0.184 0.622 0.187 0.623 0.187 0.624 0.188 0.624 0.191 0.625 0.191 0.626 0.192 0.626 0.195 0.627 0.195 0.628 0.196 0.628 0.199 0.629 0.199 0.63 0.2 0.63 0.203 0.631 0.203 0.632 0.204 0.632 0.207 0.633 0.207 0.634 0.208 0.634 0.211 0.635 0.211 0.636 0.212 0.636 0.215 0.637 0.215 0.638 0.216 0.638 0.219 0.639 0.219 0.64 0.22 0.64 0.221 0.641 0.221 0.642 0.222 0.642 0.223 0.645 0.223 0.645 0.222 0.646 0.221 0.649 0.221 0.649 0.22 0.65 0.219 0.653 0.219 0.653 0.218 0.654 0.217 0.655 0.217 0.655 0.216 0.656 0.215 0.659 0.215 0.659 0.214 0.66 0.213 0.663 0.213 0.663 0.212 0.664 0.211 0.667 0.211 0.667 0.21 0.668 0.209 0.671 0.209 0.671 0.208 0.672 0.207 0.673 0.207 0.673 0.206 0.674 0.205 0.677 0.205 0.677 0.204 0.678 0.203 0.681 0.203 0.681 0.202 0.682 0.201 0.685 0.201 0.685 0.2 0.686 0.199 0.689 0.199 0.689 0.194 0.688 0.194 0.687 0.193 0.687 0.19 0.686 0.19 0.685 0.189 0.685 0.186 0.684 0.186 0.683 0.185 0.683 0.182 0.682 0.182 0.681 0.181 0.681 0.178 0.68 0.178 0.679 0.177 0.679 0.174 0.678 0.174 0.677 0.173 0.677 0.17 0.676 0.17 0.675 0.169 0.675 0.166 0.674 0.166 0.673 0.165 0.673 0.162 0.672 0.162 0.671 0.161 0.671 0.16 0.67 0.16 0.669 0.159 0.669 0.156 0.668 0.156 0.667 0.155 0.667 0.152 0.666 0.152 0.665 0.151 0.665 0.148 0.664 0.148 0.663 0.147 0.663 0.144 0.662 0.144 0.661 0.143 0.661 0.14 0.66 0.14 0.659 0.139 0.659 0.136 0.658 0.136 0.657 0.135 0.657 0.132 0.656 0.132 0.655 0.131 0.655 0.128 0.654 0.128 0.653 0.127 0.653 0.124 0.652 0.124 0.651 0.123 0.651 0.122 0.65 0.122 0.649 0.121 0.649 0.118 0.648 0.118 0.647 0.117 0.647 0.114 0.646 0.114 0.645 0.113 0.645 0.11 0.644 0.11 0.643 0.109 0.643 0.106 0.642 0.106 0.641 0.105 0.641 0.102 0.64 0.102 0.639 0.101 0.639 0.098 0.638 0.098 0.637 0.097 0.637 0.094 0.636 0.094 0.635 0.093 0.635 0.09 0.634 0.09 0.633 0.089 0.633 0.086 0.632 0.086 0.631 0.085 0.631 0.082 0.63 0.082 0.629 0.081 0.629 0.08 0.628 0.08 0.627 0.079 0.627 0.078
3 0.5700000000000001 0.018000000000000002 0.04 0.032 0.568 0.002 0.568 0.003 0.567 0.004 0.562 0.004 0.562 0.005 0.561 0.006 0.558 0.006 0.558 0.007 0.557 0.008 0.552 0.008 0.552 0.009 0.551 0.01 0.55 0.01 0.55 0.017 0.551 0.017 0.552 0.018 0.552 0.027 0.555 0.027 0.556 0.028 0.556 0.029 0.561 0.029 0.562 0.03 0.562 0.031 0.567 0.031 0.568 0.032 0.568 0.033 0.571 0.033 0.571 0.032 0.572 0.031 0.575 0.031 0.575 0.03 0.576 0.029 0.579 0.029 0.579 0.028 0.58 0.027 0.583 0.027 0.583 0.026 0.584 0.025 0.587 0.025 0.587 0.022 0.586 0.022 0.585 0.021 0.585 0.018 0.584 0.018 0.583 0.017 0.583 0.016 0.582 0.016 0.581 0.015 0.581 0.014 0.58 0.014 0.579 0.013 0.579 0.012 0.578 0.012 0.577 0.011 0.577 0.01 0.576 0.01 0.575 0.009 0.575 0.008 0.574 0.008 0.573 0.007 0.573 0.006 0.572 0.006 0.571 0.005 0.571 0.004 0.57 0.004 0.569 0.003 0.569 0.002
