4 0.47700000000000004 0.454 0.014 0.024 0.474 0.442 0.474 0.443 0.473 0.444 0.472 0.444 0.472 0.445 0.471 0.446 0.47 0.446 0.47 0.463 0.475 0.463 0.476 0.464 0.476 0.465 0.479 0.465 0.479 0.464 0.48 0.463 0.481 0.463 0.481 0.454 0.482 0.453 0.483 0.453 0.483 0.45 0.482 0.45 0.481 0.449 0.481 0.444 0.478 0.444 0.477 0.443 0.477 0.442
7 0.627 0.851 0.022 0.018000000000000002 0.618 0.842 0.618 0.843 0.617 0.844 0.616 0.844 0.616 0.853 0.617 0.853 0.618 0.854 0.618 0.855 0.621 0.855 0.622 0.856 0.622 0.857 0.627 0.857 0.628 0.858 0.628 0.859 0.633 0.859 0.633 0.858 0.634 0.857 0.635 0.857 0.635 0.854 0.636 0.853 0.637 0.853 0.637 0.85 0.636 0.85 0.635 0.849 0.635 0.846 0.632 0.846 0.631 0.845 0.631 0.844 0.626 0.844 0.625 0.843 0.625 0.842
7 0.128 0.984 0.012 0.012 0.124 0.978 0.124 0.979 0.123 0.98 0.122 0.98 0.122 0.987 0.123 0.987 0.124 0.988 0.124 0.989 0.133 0.989 0.133 0.98 0.132 0.98 0.131 0.979 0.131 0.978
5 0.275 0.646 0.01 0.012 0.274 0.64 0.274 0.643 0.273 0.644 0.272 0.644 0.272 0.647 0.271 0.648 0.27 0.648 0.27 0.651 0.275 0.651 0.275 0.65 0.276 0.649 0.277 0.649 0.277 0.644 0.278 0.643 0.279 0.643 0.279 0.642 0.276 0.642 0.275 0.641 0.275 0.64
5 0.343 0.648 0.014 0.012 0.344 0.642 0.344 0.643 0.343 0.644 0.342 0.644 0.342 0.645 0.341 0.646 0.34 0.646 0.34 0.647 0.339 0.648 0.338 0.648 0.338 0.651 0.339 0.651 0.34 0.652 0.34 0.653 0.345 0.653 0.345 0.652 0.346 0.651 0.347 0.651 0.347 0.65 0.348 0.649 0.349 0.649 0.349 0.644 0.348 0.644 0.347 0.643 0.347 0.642
7 0.529 0.437 0.01 0.006 0.524 0.434 0.524 0.439 0.533 0.439 0.533 0.434
5 0.176 0.995 0.016 0.01 0.174 0.99 0.174 0.991 0.173 0.992 0.168 0.992 0.168 0.999 0.183 0.999 0.183 0.992 0.182 0.992 0.181 0.991 0.181 0.99
5 0.135 0.9460000000000001 0.038 0.032 0.122 0.93 0.122 0.931 0.121 0.932 0.12 0.932 0.12 0.935 0.119 0.936 0.118 0.936 0.118 0.943 0.117 0.944 0.116 0.944 0.116 0.957 0.119 0.957 0.12 0.958 0.12 0.959 0.129 0.959 0.13 0.96 0.13 0.961 0.147 0.961 0.147 0.96 0.148 0.959 0.149 0.959 0.149 0.958 0.15 0.957 0.151 0.957 0.151 0.948 0.152 0.947 0.153 0.947 0.153 0.94 0.152 0.94 0.151 0.939 0.151 0.938 0.15 0.938 0.149 0.937 0.149 0.936 0.144 0.936 0.143 0.935 0.143 0.934 0.136 0.934 0.135 0.933 0.135 0.932 0.128 0.932 0.127 0.931 0.127 0.93
5 0.095 0.9440000000000001 0.022 0.028 0.092 0.93 0.092 0.931 0.091 0.932 0.09 0.932 0.09 0.933 0.089 0.934 0.088 0.934 0.088 0.935 0.087 0.936 0.086 0.936 0.086 0.937 0.085 0.938 0.084 0.938 0.084 0.939 0.085 0.939 0.086 0.94 0.086 0.943 0.087 0.943 0.088 0.944 0.088 0.945 0.089 0.945 0.09 0.946 0.09 0.947 0.093 0.947 0.094 0.948 0.094 0.953 0.095 0.953 0.096 0.954 0.096 0.955 0.097 0.955 0.098 0.956 0.098 0.957 0.101 0.957 0.101 0.956 0.102 0.955 0.103 0.955 0.103 0.952 0.104 0.951 0.105 0.951 0.105 0.938 0.104 0.938 0.103 0.937 0.103 0.936 0.102 0.936 0.101 0.935 0.101 0.934 0.1 0.934 0.099 0.933 0.099 0.932 0.096 0.932 0.095 0.931 0.095 0.93
5 0.531 0.47700000000000004 0.022 0.022 0.528 0.466 0.528 0.467 0.527 0.468 0.526 0.468 0.526 0.469 0.525 0.47 0.524 0.47 0.524 0.471 0.523 0.472 0.522 0.472 0.522 0.475 0.521 0.476 0.52 0.476 0.52 0.485 0.523 0.485 0.524 0.486 0.524 0.487 0.535 0.487 0.535 0.486 0.536 0.485 0.537 0.485 0.537 0.48 0.538 0.479 0.539 0.479 0.539 0.472 0.54 0.471 0.541 0.471 0.541 0.47 0.54 0.47 0.539 0.469 0.539 0.468 0.538 0.468 0.537 0.467 0.537 0.466
4 0.278 0.971 0.016 0.026000000000000002 0.274 0.958 0.274 0.959 0.273 0.96 0.272 0.96 0.272 0.973 0.271 0.974 0.27 0.974 0.27 0.979 0.271 0.979 0.272 0.98 0.272 0.981 0.273 0.981 0.274 0.982 0.274 0.983 0.279 0.983 0.279 0.982 0.28 0.981 0.281 0.981 0.281 0.978 0.282 0.977 0.283 0.977 0.283 0.974 0.284 0.973 0.285 0.973 0.285 0.96 0.284 0.96 0.283 0.959 0.283 0.958
4 0.598 0.494 0.028 0.024 0.59 0.482 0.59 0.483 0.589 0.484 0.588 0.484 0.588 0.485 0.587 0.486 0.586 0.486 0.586 0.491 0.585 0.492 0.584 0.492 0.584 0.501 0.585 0.501 0.586 0.502 0.586 0.503 0.599 0.503 0.6 0.504 0.6 0.505 0.605 0.505 0.605 0.504 0.606 0.503 0.607 0.503 0.607 0.496 0.608 0.495 0.609 0.495 0.609 0.494 0.61 0.493 0.611 0.493 0.611 0.486 0.608 0.486 0.607 0.485 0.607 0.484 0.604 0.484 0.603 0.483 0.603 0.482
4 0.495 0.462 0.022 0.024 0.49 0.45 0.49 0.451 0.489 0.452 0.488 0.452 0.488 0.455 0.487 0.456 0.486 0.456 0.486 0.461 0.485 0.462 0.484 0.462 0.484 0.469 0.485 0.469 0.486 0.47 0.486 0.471 0.489 0.471 0.49 0.472 0.49 0.473 0.501 0.473 0.501 0.472 0.502 0.471 0.503 0.471 0.503 0.47 0.504 0.469 0.505 0.469 0.505 0.46 0.504 0.46 0.503 0.459 0.503 0.458 0.502 0.458 0.501 0.457 0.501 0.454 0.5 0.454 0.499 0.453 0.499 0.452 0.498 0.452 0.497 0.451 0.497 0.45
