4 0.152 0.097 0.024 0.022 0.154 0.086 0.154 0.087 0.153 0.088 0.148 0.088 0.148 0.089 0.147 0.09 0.146 0.09 0.146 0.091 0.145 0.092 0.142 0.092 0.142 0.095 0.141 0.096 0.14 0.096 0.14 0.105 0.143 0.105 0.144 0.106 0.144 0.107 0.153 0.107 0.153 0.106 0.154 0.105 0.159 0.105 0.159 0.104 0.16 0.103 0.161 0.103 0.161 0.102 0.162 0.101 0.163 0.101 0.163 0.09 0.162 0.09 0.161 0.089 0.161 0.088 0.16 0.088 0.159 0.087 0.159 0.086
4 0.16 0.734 0.02 0.02 0.158 0.724 0.158 0.725 0.157 0.726 0.15 0.726 0.15 0.741 0.151 0.741 0.152 0.742 0.152 0.743 0.165 0.743 0.165 0.742 0.166 0.741 0.167 0.741 0.167 0.74 0.168 0.739 0.169 0.739 0.169 0.726 0.166 0.726 0.165 0.725 0.165 0.724
5 0.47800000000000004 0.519 0.012 0.014 0.474 0.512 0.474 0.515 0.473 0.516 0.472 0.516 0.472 0.523 0.473 0.523 0.474 0.524 0.474 0.525 0.481 0.525 0.481 0.524 0.482 0.523 0.483 0.523 0.483 0.512
7 0.334 0.8200000000000001 0.016 0.012 0.332 0.814 0.332 0.815 0.331 0.816 0.33 0.816 0.33 0.817 0.329 0.818 0.328 0.818 0.328 0.821 0.327 0.822 0.326 0.822 0.326 0.823 0.329 0.823 0.33 0.824 0.33 0.825 0.335 0.825 0.335 0.824 0.336 0.823 0.337 0.823 0.337 0.822 0.338 0.821 0.339 0.821 0.339 0.818 0.34 0.817 0.341 0.817 0.341 0.814
7 0.41600000000000004 0.8280000000000001 0.012 0.012 0.414 0.822 0.414 0.823 0.413 0.824 0.412 0.824 0.412 0.825 0.411 0.826 0.41 0.826 0.41 0.829 0.411 0.829 0.412 0.83 0.412 0.833 0.419 0.833 0.419 0.832 0.42 0.831 0.421 0.831 0.421 0.828 0.42 0.828 0.419 0.827 0.419 0.824 0.416 0.824 0.415 0.823 0.415 0.822
5 0.309 0.8200000000000001 0.022 0.024 0.306 0.808 0.306 0.809 0.305 0.81 0.298 0.81 0.298 0.825 0.299 0.825 0.3 0.826 0.3 0.827 0.301 0.827 0.302 0.828 0.302 0.829 0.303 0.829 0.304 0.83 0.304 0.831 0.311 0.831 0.311 0.83 0.312 0.829 0.317 0.829 0.317 0.828 0.318 0.827 0.319 0.827 0.319 0.812 0.318 0.812 0.317 0.811 0.317 0.808
1 0.216 0.872 0.064 0.184 0.192 0.78 0.192 0.781 0.191 0.782 0.186 0.782 0.186 0.783 0.185 0.784 0.184 0.784 0.184 0.799 0.185 0.799 0.186 0.8 0.186 0.843 0.187 0.843 0.188 0.844 0.188 0.869 0.189 0.869 0.19 0.87 0.19 0.929 0.191 0.929 0.192 0.93 0.192 0.963 0.239 0.963 0.239 0.962 0.24 0.961 0.245 0.961 0.245 0.96 0.246 0.959 0.247 0.959 0.247 0.868 0.246 0.868 0.245 0.867 0.245 0.828 0.244 0.828 0.243 0.827 0.243 0.818 0.22 0.818 0.219 0.817 0.219 0.816 0.216 0.816 0.215 0.815 0.215 0.782 0.214 0.782 0.213 0.781 0.213 0.78
5 0.5680000000000001 0.804 0.024 0.024 0.56 0.792 0.56 0.793 0.559 0.794 0.558 0.794 0.558 0.795 0.557 0.796 0.556 0.796 0.556 0.811 0.557 0.811 0.558 0.812 0.558 0.815 0.571 0.815 0.571 0.814 0.572 0.813 0.575 0.813 0.575 0.812 0.576 0.811 0.577 0.811 0.577 0.81 0.578 0.809 0.579 0.809 0.579 0.8 0.578 0.8 0.577 0.799 0.577 0.794 0.574 0.794 0.573 0.793 0.573 0.792
0 0.022 0.5680000000000001 0.032 0.04 0.028 0.548 0.028 0.549 0.027 0.55 0.006 0.55 0.006 0.583 0.007 0.583 0.008 0.584 0.008 0.587 0.023 0.587 0.023 0.586 0.024 0.585 0.035 0.585 0.035 0.584 0.036 0.583 0.037 0.583 0.037 0.568 0.036 0.568 0.035 0.567 0.035 0.55 0.034 0.55 0.033 0.549 0.033 0.548
4 0.025 0.623 0.026000000000000002 0.022 0.016 0.612 0.016 0.613 0.015 0.614 0.014 0.614 0.014 0.615 0.013 0.616 0.012 0.616 0.012 0.621 0.013 0.621 0.014 0.622 0.014 0.629 0.015 0.629 0.016 0.63 0.016 0.631 0.017 0.631 0.018 0.632 0.018 0.633 0.029 0.633 0.029 0.632 0.03 0.631 0.033 0.631 0.033 0.63 0.034 0.629 0.035 0.629 0.035 0.628 0.036 0.627 0.037 0.627 0.037 0.622 0.036 0.622 0.035 0.621 0.035 0.614 0.034 0.614 0.033 0.613 0.033 0.612
4 0.137 0.659 0.026000000000000002 0.018000000000000002 0.126 0.65 0.126 0.651 0.125 0.652 0.124 0.652 0.124 0.665 0.125 0.665 0.126 0.666 0.126 0.667 0.145 0.667 0.145 0.666 0.146 0.665 0.147 0.665 0.147 0.664 0.148 0.663 0.149 0.663 0.149 0.656 0.148 0.656 0.147 0.655 0.147 0.652 0.146 0.652 0.145 0.651 0.145 0.65
5 0.066 0.587 0.02 0.022 0.064 0.576 0.064 0.577 0.063 0.578 0.06 0.578 0.06 0.579 0.059 0.58 0.058 0.58 0.058 0.581 0.057 0.582 0.056 0.582 0.056 0.595 0.057 0.595 0.058 0.596 0.058 0.597 0.073 0.597 0.073 0.596 0.074 0.595 0.075 0.595 0.075 0.576
4 0.035 0.745 0.022 0.014 0.032 0.738 0.032 0.739 0.031 0.74 0.028 0.74 0.028 0.741 0.027 0.742 0.026 0.742 0.026 0.745 0.025 0.746 0.024 0.746 0.024 0.749 0.025 0.749 0.026 0.75 0.026 0.751 0.041 0.751 0.041 0.75 0.042 0.749 0.045 0.749 0.045 0.744 0.044 0.744 0.043 0.743 0.043 0.74 0.042 0.74 0.041 0.739 0.041 0.738
4 0.383 0.885 0.014 0.022 0.378 0.874 0.378 0.875 0.377 0.876 0.376 0.876 0.376 0.893 0.377 0.893 0.378 0.894 0.378 0.895 0.385 0.895 0.385 0.894 0.386 0.893 0.389 0.893 0.389 0.874
4 0.449 0.879 0.018000000000000002 0.022 0.444 0.868 0.444 0.869 0.443 0.87 0.442 0.87 0.442 0.871 0.441 0.872 0.44 0.872 0.44 0.877 0.441 0.877 0.442 0.878 0.442 0.889 0.455 0.889 0.455 0.878 0.456 0.877 0.457 0.877 0.457 0.87 0.456 0.87 0.455 0.869 0.455 0.868
4 0.531 0.875 0.018000000000000002 0.022 0.522 0.864 0.522 0.877 0.523 0.877 0.524 0.878 0.524 0.883 0.527 0.883 0.528 0.884 0.528 0.885 0.529 0.885 0.529 0.884 0.53 0.883 0.535 0.883 0.535 0.882 0.536 0.881 0.537 0.881 0.537 0.87 0.538 0.869 0.539 0.869 0.539 0.868 0.538 0.868 0.537 0.867 0.537 0.864
