5 0.556 0.423 0.016 0.022 0.548 0.412 0.548 0.413 0.549 0.413 0.55 0.414 0.55 0.419 0.549 0.42 0.548 0.42 0.548 0.431 0.551 0.431 0.552 0.432 0.552 0.433 0.559 0.433 0.559 0.432 0.56 0.431 0.561 0.431 0.561 0.424 0.562 0.423 0.563 0.423 0.563 0.418 0.56 0.418 0.559 0.417 0.559 0.416 0.556 0.416 0.555 0.415 0.555 0.414 0.55 0.414 0.549 0.413 0.549 0.412
4 0.605 0.373 0.03 0.03 0.598 0.358 0.598 0.359 0.597 0.36 0.596 0.36 0.596 0.361 0.595 0.362 0.594 0.362 0.594 0.365 0.593 0.366 0.592 0.366 0.592 0.375 0.591 0.376 0.59 0.376 0.59 0.381 0.591 0.381 0.592 0.382 0.592 0.385 0.597 0.385 0.598 0.386 0.598 0.387 0.611 0.387 0.611 0.386 0.612 0.385 0.613 0.385 0.613 0.384 0.614 0.383 0.615 0.383 0.615 0.38 0.616 0.379 0.617 0.379 0.617 0.376 0.618 0.375 0.619 0.375 0.619 0.37 0.618 0.37 0.617 0.369 0.617 0.366 0.614 0.366 0.613 0.365 0.613 0.364 0.612 0.364 0.611 0.363 0.611 0.362 0.608 0.362 0.607 0.361 0.607 0.36 0.602 0.36 0.601 0.359 0.601 0.358
4 0.422 0.508 0.024 0.024 0.418 0.496 0.418 0.497 0.417 0.498 0.414 0.498 0.414 0.499 0.413 0.5 0.412 0.5 0.412 0.509 0.411 0.51 0.41 0.51 0.41 0.513 0.411 0.513 0.412 0.514 0.412 0.515 0.413 0.515 0.414 0.516 0.414 0.517 0.421 0.517 0.422 0.518 0.422 0.519 0.427 0.519 0.427 0.518 0.428 0.517 0.429 0.517 0.429 0.516 0.43 0.515 0.431 0.515 0.431 0.51 0.432 0.509 0.433 0.509 0.433 0.5 0.432 0.5 0.431 0.499 0.431 0.498 0.426 0.498 0.425 0.497 0.425 0.496
4 0.534 0.5670000000000001 0.024 0.022 0.526 0.556 0.526 0.557 0.525 0.558 0.524 0.558 0.524 0.563 0.523 0.564 0.522 0.564 0.522 0.565 0.523 0.565 0.524 0.566 0.524 0.571 0.525 0.571 0.526 0.572 0.526 0.573 0.527 0.573 0.528 0.574 0.528 0.575 0.531 0.575 0.532 0.576 0.532 0.577 0.537 0.577 0.537 0.576 0.538 0.575 0.541 0.575 0.541 0.572 0.542 0.571 0.543 0.571 0.543 0.568 0.544 0.567 0.545 0.567 0.545 0.562 0.544 0.562 0.543 0.561 0.543 0.558 0.54 0.558 0.539 0.557 0.539 0.556
4 0.389 0.603 0.026000000000000002 0.026000000000000002 0.384 0.59 0.384 0.591 0.383 0.592 0.382 0.592 0.382 0.593 0.381 0.594 0.38 0.594 0.38 0.595 0.379 0.596 0.378 0.596 0.378 0.599 0.377 0.6 0.376 0.6 0.376 0.611 0.379 0.611 0.38 0.612 0.38 0.613 0.383 0.613 0.384 0.614 0.384 0.615 0.395 0.615 0.395 0.612 0.396 0.611 0.397 0.611 0.397 0.61 0.398 0.609 0.399 0.609 0.399 0.606 0.4 0.605 0.401 0.605 0.401 0.598 0.4 0.598 0.399 0.597 0.399 0.596 0.396 0.596 0.395 0.595 0.395 0.594 0.392 0.594 0.391 0.593 0.391 0.592 0.386 0.592 0.385 0.591 0.385 0.59
4 0.505 0.646 0.026000000000000002 0.024 0.496 0.634 0.496 0.635 0.495 0.636 0.494 0.636 0.494 0.641 0.493 0.642 0.492 0.642 0.492 0.649 0.493 0.649 0.494 0.65 0.494 0.653 0.497 0.653 0.498 0.654 0.498 0.655 0.499 0.655 0.5 0.656 0.5 0.657 0.511 0.657 0.511 0.656 0.512 0.655 0.513 0.655 0.513 0.652 0.514 0.651 0.515 0.651 0.515 0.644 0.516 0.643 0.517 0.643 0.517 0.642 0.516 0.642 0.515 0.641 0.515 0.638 0.514 0.638 0.513 0.637 0.513 0.636 0.508 0.636 0.507 0.635 0.507 0.634
5 0.675 0.099 0.018000000000000002 0.018000000000000002 0.672 0.09 0.672 0.091 0.671 0.092 0.67 0.092 0.67 0.095 0.669 0.096 0.668 0.096 0.668 0.101 0.667 0.102 0.666 0.102 0.666 0.103 0.667 0.103 0.668 0.104 0.668 0.105 0.671 0.105 0.672 0.106 0.672 0.107 0.681 0.107 0.681 0.102 0.682 0.101 0.683 0.101 0.683 0.098 0.682 0.098 0.681 0.097 0.681 0.096 0.68 0.096 0.679 0.095 0.679 0.094 0.678 0.094 0.677 0.093 0.677 0.092 0.674 0.092 0.673 0.091 0.673 0.09
5 0.617 0.254 0.018000000000000002 0.02 0.61 0.244 0.61 0.257 0.609 0.258 0.608 0.258 0.608 0.259 0.609 0.259 0.61 0.26 0.61 0.261 0.617 0.261 0.618 0.262 0.618 0.263 0.619 0.263 0.619 0.262 0.62 0.261 0.621 0.261 0.621 0.26 0.622 0.259 0.623 0.259 0.623 0.256 0.624 0.255 0.625 0.255 0.625 0.25 0.624 0.25 0.623 0.249 0.623 0.248 0.62 0.248 0.619 0.247 0.619 0.246 0.616 0.246 0.615 0.245 0.615 0.244
4 0.598 0.026000000000000002 0.024 0.024 0.592 0.014 0.592 0.015 0.591 0.016 0.59 0.016 0.59 0.019 0.589 0.02 0.588 0.02 0.588 0.023 0.587 0.024 0.586 0.024 0.586 0.033 0.587 0.033 0.588 0.034 0.588 0.035 0.595 0.035 0.596 0.036 0.596 0.037 0.601 0.037 0.601 0.036 0.602 0.035 0.605 0.035 0.605 0.034 0.606 0.033 0.607 0.033 0.607 0.028 0.608 0.027 0.609 0.027 0.609 0.02 0.608 0.02 0.607 0.019 0.607 0.018 0.606 0.018 0.605 0.017 0.605 0.016 0.602 0.016 0.601 0.015 0.601 0.014
5 0.501 0.578 0.014 0.02 0.5 0.568 0.5 0.571 0.499 0.572 0.498 0.572 0.498 0.575 0.497 0.576 0.496 0.576 0.496 0.579 0.495 0.58 0.494 0.58 0.494 0.583 0.495 0.583 0.496 0.584 0.496 0.585 0.501 0.585 0.502 0.586 0.502 0.587 0.503 0.587 0.503 0.586 0.504 0.585 0.505 0.585 0.505 0.58 0.506 0.579 0.507 0.579 0.507 0.572 0.506 0.572 0.505 0.571 0.505 0.57 0.502 0.57 0.501 0.569 0.501 0.568
7 0.679 0.188 0.014 0.012 0.676 0.182 0.676 0.183 0.675 0.184 0.674 0.184 0.674 0.185 0.673 0.186 0.672 0.186 0.672 0.189 0.673 0.189 0.674 0.19 0.674 0.191 0.679 0.191 0.68 0.192 0.68 0.193 0.683 0.193 0.683 0.192 0.684 0.191 0.685 0.191 0.685 0.186 0.684 0.186 0.683 0.185 0.683 0.184 0.682 0.184 0.681 0.183 0.681 0.182
7 0.584 0.221 0.016 0.014 0.578 0.214 0.578 0.215 0.577 0.216 0.576 0.216 0.576 0.225 0.581 0.225 0.582 0.226 0.582 0.227 0.583 0.227 0.583 0.226 0.584 0.225 0.589 0.225 0.589 0.222 0.59 0.221 0.591 0.221 0.591 0.216 0.59 0.216 0.589 0.215 0.589 0.214
4 0.72 0.05 0.024 0.024 0.714 0.038 0.714 0.039 0.713 0.04 0.712 0.04 0.712 0.041 0.711 0.042 0.71 0.042 0.71 0.047 0.709 0.048 0.708 0.048 0.708 0.053 0.709 0.053 0.71 0.054 0.71 0.057 0.711 0.057 0.712 0.058 0.712 0.059 0.717 0.059 0.718 0.06 0.718 0.061 0.725 0.061 0.725 0.06 0.726 0.059 0.729 0.059 0.729 0.056 0.73 0.055 0.731 0.055 0.731 0.044 0.73 0.044 0.729 0.043 0.729 0.042 0.726 0.042 0.725 0.041 0.725 0.04 0.72 0.04 0.719 0.039 0.719 0.038
4 0.08 0.07200000000000001 0.028 0.02 0.074 0.062 0.074 0.063 0.073 0.064 0.072 0.064 0.072 0.065 0.071 0.066 0.07 0.066 0.07 0.069 0.069 0.07 0.068 0.07 0.068 0.071 0.067 0.072 0.066 0.072 0.066 0.079 0.069 0.079 0.07 0.08 0.07 0.081 0.087 0.081 0.087 0.078 0.088 0.077 0.089 0.077 0.089 0.074 0.09 0.073 0.091 0.073 0.091 0.072 0.092 0.071 0.093 0.071 0.093 0.066 0.09 0.066 0.089 0.065 0.089 0.064 0.086 0.064 0.085 0.063 0.085 0.062
4 0.5640000000000001 0.117 0.024 0.022 0.558 0.106 0.558 0.107 0.557 0.108 0.556 0.108 0.556 0.111 0.555 0.112 0.554 0.112 0.554 0.117 0.553 0.118 0.552 0.118 0.552 0.121 0.553 0.121 0.554 0.122 0.554 0.123 0.555 0.123 0.556 0.124 0.556 0.125 0.559 0.125 0.56 0.126 0.56 0.127 0.569 0.127 0.569 0.126 0.57 0.125 0.571 0.125 0.571 0.124 0.572 0.123 0.573 0.123 0.573 0.12 0.574 0.119 0.575 0.119 0.575 0.11 0.574 0.11 0.573 0.109 0.573 0.108 0.57 0.108 0.569 0.107 0.569 0.106
4 0.578 0.457 0.02 0.022 0.572 0.446 0.572 0.447 0.571 0.448 0.57 0.448 0.57 0.449 0.569 0.45 0.568 0.45 0.568 0.463 0.569 0.463 0.57 0.464 0.57 0.465 0.573 0.465 0.574 0.466 0.574 0.467 0.583 0.467 0.583 0.466 0.584 0.465 0.585 0.465 0.585 0.462 0.586 0.461 0.587 0.461 0.587 0.452 0.586 0.452 0.585 0.451 0.585 0.448 0.582 0.448 0.581 0.447 0.581 0.446
4 0.6920000000000001 0.128 0.024 0.024 0.684 0.116 0.684 0.117 0.683 0.118 0.682 0.118 0.682 0.123 0.681 0.124 0.68 0.124 0.68 0.133 0.681 0.133 0.682 0.134 0.682 0.135 0.685 0.135 0.686 0.136 0.686 0.137 0.691 0.137 0.692 0.138 0.692 0.139 0.697 0.139 0.697 0.138 0.698 0.137 0.701 0.137 0.701 0.134 0.702 0.133 0.703 0.133 0.703 0.122 0.702 0.122 0.701 0.121 0.701 0.12 0.7 0.12 0.699 0.119 0.699 0.118 0.694 0.118 0.693 0.117 0.693 0.116
7 0.504 0.401 0.02 0.022 0.5 0.39 0.5 0.391 0.499 0.392 0.496 0.392 0.496 0.395 0.495 0.396 0.494 0.396 0.494 0.397 0.495 0.397 0.496 0.398 0.496 0.399 0.497 0.399 0.498 0.4 0.498 0.401 0.499 0.401 0.5 0.402 0.5 0.403 0.501 0.403 0.502 0.404 0.502 0.409 0.503 0.409 0.504 0.41 0.504 0.411 0.511 0.411 0.511 0.4 0.512 0.399 0.513 0.399 0.513 0.392 0.512 0.392 0.511 0.391 0.511 0.39
4 0.546 0.17300000000000001 0.024 0.022 0.538 0.162 0.538 0.163 0.537 0.164 0.536 0.164 0.536 0.171 0.535 0.172 0.534 0.172 0.534 0.177 0.535 0.177 0.536 0.178 0.536 0.179 0.537 0.179 0.538 0.18 0.538 0.181 0.543 0.181 0.544 0.182 0.544 0.183 0.551 0.183 0.551 0.182 0.552 0.181 0.553 0.181 0.553 0.178 0.554 0.177 0.555 0.177 0.555 0.172 0.556 0.171 0.557 0.171 0.557 0.168 0.556 0.168 0.555 0.167 0.555 0.164 0.552 0.164 0.551 0.163 0.551 0.162
3 0.5740000000000001 0.524 0.08 0.076 0.586 0.486 0.586 0.487 0.585 0.488 0.58 0.488 0.58 0.489 0.579 0.49 0.574 0.49 0.574 0.491 0.573 0.492 0.568 0.492 0.568 0.493 0.567 0.494 0.548 0.494 0.548 0.495 0.547 0.496 0.542 0.496 0.542 0.497 0.541 0.498 0.536 0.498 0.536 0.499 0.535 0.5 0.534 0.5 0.534 0.509 0.535 0.509 0.536 0.51 0.536 0.511 0.537 0.511 0.538 0.512 0.538 0.515 0.539 0.515 0.54 0.516 0.54 0.517 0.541 0.517 0.542 0.518 0.542 0.521 0.543 0.521 0.544 0.522 0.544 0.523 0.545 0.523 0.546 0.524 0.546 0.527 0.547 0.527 0.548 0.528 0.548 0.529 0.549 0.529 0.55 0.53 0.55 0.531 0.551 0.531 0.552 0.532 0.552 0.535 0.553 0.535 0.554 0.536 0.554 0.539 0.555 0.539 0.556 0.54 0.556 0.541 0.557 0.541 0.558 0.542 0.558 0.543 0.559 0.543 0.56 0.544 0.56 0.547 0.561 0.547 0.562 0.548 0.562 0.549 0.563 0.549 0.564 0.55 0.564 0.551 0.565 0.551 0.566 0.552 0.566 0.553 0.567 0.553 0.568 0.554 0.568 0.555 0.569 0.555 0.57 0.556 0.57 0.557 0.573 0.557 0.574 0.558 0.574 0.559 0.581 0.559 0.582 0.56 0.582 0.561 0.589 0.561 0.589 0.558 0.59 0.557 0.591 0.557 0.591 0.556 0.592 0.555 0.593 0.555 0.593 0.554 0.594 0.553 0.595 0.553 0.595 0.55 0.596 0.549 0.597 0.549 0.597 0.544 0.598 0.543 0.599 0.543 0.599 0.54 0.6 0.539 0.601 0.539 0.601 0.534 0.602 0.533 0.603 0.533 0.603 0.53 0.604 0.529 0.605 0.529 0.605 0.524 0.606 0.523 0.607 0.523 0.607 0.516 0.608 0.515 0.609 0.515 0.609 0.498 0.61 0.497 0.611 0.497 0.611 0.494 0.612 0.493 0.613 0.493 0.613 0.49 0.612 0.49 0.611 0.489 0.611 0.488 0.602 0.488 0.601 0.487 0.601 0.486
4 0.444 0.45 0.024 0.024 0.438 0.438 0.438 0.439 0.437 0.44 0.436 0.44 0.436 0.441 0.435 0.442 0.434 0.442 0.434 0.447 0.433 0.448 0.432 0.448 0.432 0.455 0.433 0.455 0.434 0.456 0.434 0.457 0.435 0.457 0.436 0.458 0.436 0.459 0.441 0.459 0.442 0.46 0.442 0.461 0.445 0.461 0.445 0.46 0.446 0.459 0.451 0.459 0.451 0.458 0.452 0.457 0.453 0.457 0.453 0.45 0.454 0.449 0.455 0.449 0.455 0.446 0.454 0.446 0.453 0.445 0.453 0.442 0.452 0.442 0.451 0.441 0.451 0.44 0.446 0.44 0.445 0.439 0.445 0.438
4 0.527 0.225 0.022 0.022 0.52 0.214 0.52 0.215 0.519 0.216 0.518 0.216 0.518 0.219 0.517 0.22 0.516 0.22 0.516 0.231 0.517 0.231 0.518 0.232 0.518 0.233 0.521 0.233 0.522 0.234 0.522 0.235 0.533 0.235 0.533 0.234 0.534 0.233 0.535 0.233 0.535 0.228 0.536 0.227 0.537 0.227 0.537 0.218 0.534 0.218 0.533 0.217 0.533 0.216 0.528 0.216 0.527 0.215 0.527 0.214
4 0.653 0.246 0.026000000000000002 0.024 0.644 0.234 0.644 0.237 0.643 0.238 0.642 0.238 0.642 0.243 0.641 0.244 0.64 0.244 0.64 0.251 0.641 0.251 0.642 0.252 0.642 0.253 0.643 0.253 0.644 0.254 0.644 0.255 0.647 0.255 0.648 0.256 0.648 0.257 0.659 0.257 0.659 0.256 0.66 0.255 0.661 0.255 0.661 0.252 0.662 0.251 0.663 0.251 0.663 0.246 0.664 0.245 0.665 0.245 0.665 0.242 0.664 0.242 0.663 0.241 0.663 0.238 0.662 0.238 0.661 0.237 0.661 0.236 0.656 0.236 0.655 0.235 0.655 0.234
4 0.509 0.274 0.026000000000000002 0.024 0.502 0.262 0.502 0.263 0.501 0.264 0.5 0.264 0.5 0.267 0.499 0.268 0.498 0.268 0.498 0.271 0.497 0.272 0.496 0.272 0.496 0.281 0.499 0.281 0.5 0.282 0.5 0.283 0.503 0.283 0.504 0.284 0.504 0.285 0.513 0.285 0.513 0.284 0.514 0.283 0.515 0.283 0.515 0.282 0.516 0.281 0.517 0.281 0.517 0.278 0.518 0.277 0.519 0.277 0.519 0.272 0.52 0.271 0.521 0.271 0.521 0.27 0.52 0.27 0.519 0.269 0.519 0.266 0.516 0.266 0.515 0.265 0.515 0.264 0.51 0.264 0.509 0.263 0.509 0.262
4 0.624 0.321 0.024 0.022 0.616 0.31 0.616 0.313 0.615 0.314 0.614 0.314 0.614 0.317 0.613 0.318 0.612 0.318 0.612 0.325 0.613 0.325 0.614 0.326 0.614 0.327 0.615 0.327 0.616 0.328 0.616 0.329 0.619 0.329 0.62 0.33 0.62 0.331 0.629 0.331 0.629 0.33 0.63 0.329 0.633 0.329 0.633 0.326 0.634 0.325 0.635 0.325 0.635 0.314 0.634 0.314 0.633 0.313 0.633 0.312 0.63 0.312 0.629 0.311 0.629 0.31
4 0.463 0.395 0.026000000000000002 0.026000000000000002 0.456 0.382 0.456 0.383 0.455 0.384 0.454 0.384 0.454 0.389 0.453 0.39 0.452 0.39 0.452 0.395 0.451 0.396 0.45 0.396 0.45 0.403 0.453 0.403 0.454 0.404 0.454 0.405 0.459 0.405 0.46 0.406 0.46 0.407 0.469 0.407 0.469 0.406 0.47 0.405 0.471 0.405 0.471 0.404 0.472 0.403 0.473 0.403 0.473 0.394 0.474 0.393 0.475 0.393 0.475 0.386 0.474 0.386 0.473 0.385 0.473 0.384 0.472 0.384 0.471 0.383 0.471 0.382
4 0.485 0.336 0.026000000000000002 0.024 0.482 0.324 0.482 0.325 0.481 0.326 0.478 0.326 0.478 0.327 0.477 0.328 0.476 0.328 0.476 0.331 0.475 0.332 0.474 0.332 0.474 0.335 0.473 0.336 0.472 0.336 0.472 0.345 0.475 0.345 0.476 0.346 0.476 0.347 0.489 0.347 0.489 0.346 0.49 0.345 0.491 0.345 0.491 0.344 0.492 0.343 0.493 0.343 0.493 0.34 0.494 0.339 0.495 0.339 0.495 0.334 0.496 0.333 0.497 0.333 0.497 0.328 0.496 0.328 0.495 0.327 0.495 0.326 0.484 0.326 0.483 0.325 0.483 0.324
