5 0.09 0.674 0.016 0.02 0.088 0.664 0.088 0.665 0.087 0.666 0.086 0.666 0.086 0.667 0.085 0.668 0.084 0.668 0.084 0.675 0.083 0.676 0.082 0.676 0.082 0.677 0.083 0.677 0.084 0.678 0.084 0.679 0.085 0.679 0.086 0.68 0.086 0.681 0.089 0.681 0.09 0.682 0.09 0.683 0.093 0.683 0.093 0.682 0.094 0.681 0.097 0.681 0.097 0.666 0.096 0.666 0.095 0.665 0.095 0.664
7 0.758 0.743 0.012 0.01 0.752 0.738 0.752 0.741 0.753 0.741 0.754 0.742 0.754 0.745 0.755 0.745 0.756 0.746 0.756 0.747 0.763 0.747 0.763 0.74 0.762 0.74 0.761 0.739 0.761 0.738
7 0.541 0.726 0.018000000000000002 0.02 0.536 0.716 0.536 0.717 0.535 0.718 0.534 0.718 0.534 0.721 0.533 0.722 0.532 0.722 0.532 0.733 0.533 0.733 0.534 0.734 0.534 0.735 0.547 0.735 0.547 0.734 0.548 0.733 0.549 0.733 0.549 0.718 0.546 0.718 0.545 0.717 0.545 0.716
3 0.266 0.02 0.036000000000000004 0.024 0.25 0.008 0.25 0.009 0.249 0.01 0.248 0.01 0.248 0.027 0.249 0.027 0.25 0.028 0.25 0.029 0.259 0.029 0.26 0.03 0.26 0.031 0.283 0.031 0.283 0.01 0.282 0.01 0.281 0.009 0.281 0.008
3 0.558 0.07100000000000001 0.04 0.042 0.544 0.05 0.544 0.053 0.543 0.054 0.542 0.054 0.542 0.065 0.541 0.066 0.54 0.066 0.54 0.075 0.539 0.076 0.538 0.076 0.538 0.085 0.539 0.085 0.54 0.086 0.54 0.087 0.543 0.087 0.544 0.088 0.544 0.089 0.555 0.089 0.556 0.09 0.556 0.091 0.567 0.091 0.567 0.09 0.568 0.089 0.569 0.089 0.569 0.088 0.57 0.087 0.571 0.087 0.571 0.082 0.572 0.081 0.573 0.081 0.573 0.072 0.574 0.071 0.575 0.071 0.575 0.06 0.576 0.059 0.577 0.059 0.577 0.056 0.576 0.056 0.575 0.055 0.575 0.054 0.57 0.054 0.569 0.053 0.569 0.052 0.558 0.052 0.557 0.051 0.557 0.05
3 0.417 0.785 0.034 0.034 0.406 0.768 0.406 0.769 0.405 0.77 0.404 0.77 0.404 0.779 0.403 0.78 0.402 0.78 0.402 0.787 0.401 0.788 0.4 0.788 0.4 0.793 0.401 0.793 0.402 0.794 0.402 0.795 0.403 0.795 0.404 0.796 0.404 0.797 0.407 0.797 0.408 0.798 0.408 0.799 0.417 0.799 0.418 0.8 0.418 0.801 0.429 0.801 0.429 0.796 0.43 0.795 0.431 0.795 0.431 0.784 0.432 0.783 0.433 0.783 0.433 0.772 0.432 0.772 0.431 0.771 0.431 0.77 0.424 0.77 0.423 0.769 0.423 0.768
7 0.707 0.719 0.014 0.014 0.704 0.712 0.704 0.713 0.703 0.714 0.7 0.714 0.7 0.723 0.705 0.723 0.706 0.724 0.706 0.725 0.713 0.725 0.713 0.718 0.712 0.718 0.711 0.717 0.711 0.714 0.706 0.714 0.705 0.713 0.705 0.712
7 0.627 0.727 0.034 0.034 0.618 0.71 0.618 0.711 0.617 0.712 0.614 0.712 0.614 0.715 0.613 0.716 0.612 0.716 0.612 0.723 0.611 0.724 0.61 0.724 0.61 0.737 0.611 0.737 0.612 0.738 0.612 0.739 0.613 0.739 0.614 0.74 0.614 0.741 0.619 0.741 0.62 0.742 0.62 0.743 0.637 0.743 0.637 0.742 0.638 0.741 0.639 0.741 0.639 0.74 0.64 0.739 0.641 0.739 0.641 0.73 0.642 0.729 0.643 0.729 0.643 0.72 0.642 0.72 0.641 0.719 0.641 0.718 0.64 0.718 0.639 0.717 0.639 0.716 0.638 0.716 0.637 0.715 0.637 0.714 0.63 0.714 0.629 0.713 0.629 0.712 0.62 0.712 0.619 0.711 0.619 0.71
7 0.5730000000000001 0.741 0.03 0.018000000000000002 0.558 0.732 0.558 0.737 0.561 0.737 0.562 0.738 0.562 0.739 0.565 0.739 0.566 0.74 0.566 0.741 0.569 0.741 0.57 0.742 0.57 0.743 0.571 0.743 0.572 0.744 0.572 0.745 0.573 0.745 0.574 0.746 0.574 0.747 0.579 0.747 0.58 0.748 0.58 0.749 0.585 0.749 0.585 0.748 0.586 0.747 0.587 0.747 0.587 0.742 0.586 0.742 0.585 0.741 0.585 0.74 0.584 0.74 0.583 0.739 0.583 0.738 0.58 0.738 0.579 0.737 0.579 0.736 0.572 0.736 0.571 0.735 0.571 0.734 0.564 0.734 0.563 0.733 0.563 0.732
7 0.749 0.123 0.058 0.042 0.72 0.102 0.72 0.105 0.721 0.105 0.722 0.106 0.722 0.109 0.723 0.109 0.724 0.11 0.724 0.111 0.725 0.111 0.726 0.112 0.726 0.113 0.727 0.113 0.728 0.114 0.728 0.115 0.729 0.115 0.73 0.116 0.73 0.117 0.733 0.117 0.734 0.118 0.734 0.119 0.737 0.119 0.738 0.12 0.738 0.121 0.739 0.121 0.74 0.122 0.74 0.123 0.743 0.123 0.744 0.124 0.744 0.125 0.747 0.125 0.748 0.126 0.748 0.127 0.751 0.127 0.752 0.128 0.752 0.129 0.753 0.129 0.754 0.13 0.754 0.131 0.757 0.131 0.758 0.132 0.758 0.133 0.759 0.133 0.76 0.134 0.76 0.135 0.763 0.135 0.764 0.136 0.764 0.137 0.767 0.137 0.768 0.138 0.768 0.139 0.771 0.139 0.772 0.14 0.772 0.141 0.773 0.141 0.774 0.142 0.774 0.143 0.775 0.143 0.775 0.142 0.776 0.141 0.777 0.141 0.777 0.132 0.776 0.132 0.775 0.131 0.775 0.13 0.774 0.13 0.773 0.129 0.773 0.128 0.772 0.128 0.771 0.127 0.771 0.126 0.77 0.126 0.769 0.125 0.769 0.124 0.766 0.124 0.765 0.123 0.765 0.122 0.764 0.122 0.763 0.121 0.763 0.12 0.76 0.12 0.759 0.119 0.759 0.118 0.758 0.118 0.757 0.117 0.757 0.108 0.752 0.108 0.752 0.109 0.751 0.11 0.746 0.11 0.745 0.109 0.745 0.108 0.74 0.108 0.739 0.107 0.739 0.106 0.736 0.106 0.735 0.105 0.735 0.104 0.73 0.104 0.729 0.103 0.729 0.102
5 0.231 0.101 0.01 0.01 0.226 0.096 0.226 0.105 0.235 0.105 0.235 0.096
7 0.754 0.113 0.008 0.01 0.754 0.108 0.754 0.109 0.753 0.11 0.75 0.11 0.75 0.115 0.751 0.115 0.752 0.116 0.752 0.117 0.753 0.117 0.753 0.116 0.754 0.115 0.755 0.115 0.755 0.114 0.756 0.113 0.757 0.113 0.757 0.11 0.756 0.11 0.755 0.109 0.755 0.108
4 0.165 0.56 0.026000000000000002 0.02 0.156 0.55 0.156 0.551 0.155 0.552 0.154 0.552 0.154 0.557 0.153 0.558 0.152 0.558 0.152 0.565 0.153 0.565 0.154 0.566 0.154 0.567 0.163 0.567 0.164 0.568 0.164 0.569 0.173 0.569 0.173 0.568 0.174 0.567 0.175 0.567 0.175 0.566 0.176 0.565 0.177 0.565 0.177 0.55
7 0.637 0.758 0.01 0.008 0.632 0.754 0.632 0.759 0.633 0.759 0.634 0.76 0.634 0.761 0.641 0.761 0.641 0.754
5 0.623 0.8180000000000001 0.03 0.028 0.624 0.806 0.624 0.807 0.623 0.808 0.622 0.808 0.622 0.809 0.621 0.81 0.62 0.81 0.62 0.811 0.619 0.812 0.618 0.812 0.618 0.813 0.617 0.814 0.616 0.814 0.616 0.815 0.615 0.816 0.614 0.816 0.614 0.817 0.613 0.818 0.612 0.818 0.612 0.819 0.611 0.82 0.61 0.82 0.61 0.825 0.613 0.825 0.614 0.826 0.614 0.827 0.617 0.827 0.618 0.828 0.618 0.829 0.619 0.829 0.62 0.83 0.62 0.831 0.621 0.831 0.621 0.83 0.622 0.829 0.623 0.829 0.623 0.828 0.624 0.827 0.625 0.827 0.625 0.826 0.626 0.825 0.627 0.825 0.627 0.824 0.628 0.823 0.629 0.823 0.629 0.822 0.63 0.821 0.631 0.821 0.631 0.82 0.632 0.819 0.633 0.819 0.633 0.816 0.634 0.815 0.635 0.815 0.635 0.812 0.634 0.812 0.633 0.811 0.633 0.81 0.632 0.81 0.631 0.809 0.631 0.808 0.63 0.808 0.629 0.807 0.629 0.806
5 0.161 0.53 0.014 0.012 0.158 0.524 0.158 0.525 0.157 0.526 0.156 0.526 0.156 0.531 0.155 0.532 0.154 0.532 0.154 0.533 0.159 0.533 0.16 0.534 0.16 0.535 0.163 0.535 0.163 0.534 0.164 0.533 0.165 0.533 0.165 0.528 0.166 0.527 0.167 0.527 0.167 0.526 0.162 0.526 0.161 0.525 0.161 0.524
7 0.23600000000000002 0.301 0.012 0.01 0.234 0.296 0.234 0.297 0.233 0.298 0.23 0.298 0.23 0.301 0.231 0.301 0.232 0.302 0.232 0.305 0.239 0.305 0.239 0.304 0.24 0.303 0.241 0.303 0.241 0.302 0.24 0.302 0.239 0.301 0.239 0.298 0.236 0.298 0.235 0.297 0.235 0.296
7 0.5740000000000001 0.716 0.024 0.024 0.566 0.704 0.566 0.705 0.565 0.706 0.564 0.706 0.564 0.709 0.563 0.71 0.562 0.71 0.562 0.721 0.563 0.721 0.564 0.722 0.564 0.723 0.567 0.723 0.568 0.724 0.568 0.725 0.575 0.725 0.576 0.726 0.576 0.727 0.579 0.727 0.579 0.726 0.58 0.725 0.583 0.725 0.583 0.724 0.584 0.723 0.585 0.723 0.585 0.706 0.582 0.706 0.581 0.705 0.581 0.704
7 0.008 0.652 0.016 0.016 0.0 0.644 0.0 0.659 0.005 0.659 0.005 0.658 0.006 0.657 0.011 0.657 0.011 0.656 0.012 0.655 0.013 0.655 0.013 0.654 0.014 0.653 0.015 0.653 0.015 0.648 0.014 0.648 0.013 0.647 0.013 0.646 0.01 0.646 0.009 0.645 0.009 0.644
4 0.153 0.638 0.022 0.02 0.144 0.628 0.144 0.629 0.143 0.63 0.142 0.63 0.142 0.643 0.143 0.643 0.144 0.644 0.144 0.645 0.147 0.645 0.148 0.646 0.148 0.647 0.159 0.647 0.159 0.646 0.16 0.645 0.161 0.645 0.161 0.636 0.162 0.635 0.163 0.635 0.163 0.632 0.162 0.632 0.161 0.631 0.161 0.63 0.16 0.63 0.159 0.629 0.159 0.628
5 0.772 0.135 0.016 0.018000000000000002 0.766 0.126 0.766 0.129 0.767 0.129 0.768 0.13 0.768 0.131 0.767 0.132 0.766 0.132 0.766 0.133 0.765 0.134 0.764 0.134 0.764 0.135 0.765 0.135 0.766 0.136 0.766 0.137 0.769 0.137 0.77 0.138 0.77 0.139 0.771 0.139 0.772 0.14 0.772 0.141 0.773 0.141 0.774 0.142 0.774 0.143 0.777 0.143 0.777 0.14 0.778 0.139 0.779 0.139 0.779 0.134 0.778 0.134 0.777 0.133 0.777 0.132 0.776 0.132 0.775 0.131 0.775 0.13 0.774 0.13 0.773 0.129 0.773 0.128 0.772 0.128 0.771 0.127 0.771 0.126
