5 0.093 0.262 0.026000000000000002 0.04 0.084 0.242 0.084 0.243 0.083 0.244 0.08 0.244 0.08 0.257 0.081 0.257 0.082 0.258 0.082 0.273 0.083 0.273 0.084 0.274 0.084 0.277 0.087 0.277 0.088 0.278 0.088 0.279 0.093 0.279 0.094 0.28 0.094 0.281 0.103 0.281 0.103 0.278 0.104 0.277 0.105 0.277 0.105 0.25 0.104 0.25 0.103 0.249 0.103 0.244 0.098 0.244 0.097 0.243 0.097 0.242
4 0.145 0.361 0.014 0.018000000000000002 0.142 0.352 0.142 0.353 0.141 0.354 0.138 0.354 0.138 0.367 0.139 0.367 0.14 0.368 0.14 0.369 0.151 0.369 0.151 0.352
4 0.07100000000000001 0.735 0.014 0.018000000000000002 0.07 0.726 0.07 0.727 0.069 0.728 0.066 0.728 0.066 0.729 0.065 0.73 0.064 0.73 0.064 0.741 0.065 0.741 0.066 0.742 0.066 0.743 0.073 0.743 0.073 0.742 0.074 0.741 0.077 0.741 0.077 0.728 0.076 0.728 0.075 0.727 0.075 0.726
4 0.082 0.875 0.016 0.014 0.078 0.868 0.078 0.869 0.077 0.87 0.074 0.87 0.074 0.877 0.075 0.877 0.076 0.878 0.076 0.881 0.087 0.881 0.087 0.88 0.088 0.879 0.089 0.879 0.089 0.87 0.088 0.87 0.087 0.869 0.087 0.868
4 0.20700000000000002 0.92 0.026000000000000002 0.016 0.212 0.912 0.212 0.913 0.211 0.914 0.198 0.914 0.198 0.915 0.197 0.916 0.196 0.916 0.196 0.917 0.195 0.918 0.194 0.918 0.194 0.925 0.195 0.925 0.196 0.926 0.196 0.927 0.213 0.927 0.213 0.926 0.214 0.925 0.217 0.925 0.217 0.924 0.218 0.923 0.219 0.923 0.219 0.914 0.214 0.914 0.213 0.913 0.213 0.912
4 0.088 0.9470000000000001 0.016 0.014 0.082 0.94 0.082 0.941 0.081 0.942 0.08 0.942 0.08 0.947 0.081 0.947 0.082 0.948 0.082 0.951 0.085 0.951 0.086 0.952 0.086 0.953 0.091 0.953 0.091 0.952 0.092 0.951 0.095 0.951 0.095 0.942 0.094 0.942 0.093 0.941 0.093 0.94
5 0.147 0.9 0.014 0.012 0.142 0.894 0.142 0.897 0.141 0.898 0.14 0.898 0.14 0.903 0.141 0.903 0.142 0.904 0.142 0.905 0.151 0.905 0.151 0.902 0.152 0.901 0.153 0.901 0.153 0.9 0.152 0.9 0.151 0.899 0.151 0.896 0.15 0.896 0.149 0.895 0.149 0.894
4 0.024 0.23 0.012 0.012 0.02 0.224 0.02 0.225 0.019 0.226 0.018 0.226 0.018 0.231 0.019 0.231 0.02 0.232 0.02 0.233 0.021 0.233 0.022 0.234 0.022 0.235 0.029 0.235 0.029 0.226 0.028 0.226 0.027 0.225 0.027 0.224
4 0.135 0.23700000000000002 0.014 0.01 0.13 0.232 0.13 0.233 0.129 0.234 0.128 0.234 0.128 0.239 0.129 0.239 0.13 0.24 0.13 0.241 0.141 0.241 0.141 0.232
5 0.106 0.378 0.024 0.028 0.096 0.364 0.096 0.365 0.095 0.366 0.094 0.366 0.094 0.371 0.095 0.371 0.096 0.372 0.096 0.387 0.097 0.387 0.098 0.388 0.098 0.389 0.109 0.389 0.11 0.39 0.11 0.391 0.115 0.391 0.115 0.39 0.116 0.389 0.117 0.389 0.117 0.374 0.116 0.374 0.115 0.373 0.115 0.368 0.112 0.368 0.111 0.367 0.111 0.366 0.106 0.366 0.105 0.365 0.105 0.364
4 0.027 0.28200000000000003 0.014 0.012 0.024 0.276 0.024 0.277 0.023 0.278 0.022 0.278 0.022 0.279 0.021 0.28 0.02 0.28 0.02 0.285 0.021 0.285 0.022 0.286 0.022 0.287 0.033 0.287 0.033 0.278 0.032 0.278 0.031 0.277 0.031 0.276
7 0.215 0.315 0.014 0.014 0.214 0.308 0.214 0.309 0.213 0.31 0.208 0.31 0.208 0.317 0.209 0.317 0.21 0.318 0.21 0.319 0.215 0.319 0.216 0.32 0.216 0.321 0.217 0.321 0.217 0.32 0.218 0.319 0.221 0.319 0.221 0.31 0.218 0.31 0.217 0.309 0.217 0.308
5 0.14 0.749 0.02 0.018000000000000002 0.13 0.74 0.13 0.755 0.143 0.755 0.144 0.756 0.144 0.757 0.149 0.757 0.149 0.752 0.148 0.752 0.147 0.751 0.147 0.75 0.146 0.75 0.145 0.749 0.145 0.746 0.144 0.746 0.143 0.745 0.143 0.742 0.14 0.742 0.139 0.741 0.139 0.74
4 0.04 0.388 0.024 0.02 0.03 0.378 0.03 0.379 0.029 0.38 0.028 0.38 0.028 0.395 0.033 0.395 0.034 0.396 0.034 0.397 0.045 0.397 0.045 0.396 0.046 0.395 0.049 0.395 0.049 0.394 0.05 0.393 0.051 0.393 0.051 0.382 0.05 0.382 0.049 0.381 0.049 0.378
