4 0.62 0.509 0.028 0.026 0.612 0.496 0.606 0.502 0.606 0.514 0.612 0.52 0.616 0.52 0.618 0.518 0.622 0.518 0.624 0.516 0.626 0.516 0.628 0.514 0.63 0.514 0.63 0.512 0.632 0.51 0.632 0.506 0.63 0.504 0.63 0.502 0.628 0.5 0.628 0.498 0.626 0.498 0.624 0.496
4 0.857 0.972 0.022 0.028 0.852 0.958 0.85 0.96 0.848 0.96 0.846 0.962 0.846 0.974 0.848 0.976 0.848 0.978 0.85 0.98 0.85 0.982 0.852 0.984 0.856 0.984 0.858 0.982 0.86 0.982 0.862 0.98 0.864 0.98 0.864 0.978 0.866 0.976 0.864 0.974 0.864 0.962 0.86 0.958
0 0.415 0.278 0.082 0.068 0.436 0.244 0.434 0.246 0.432 0.246 0.43 0.248 0.426 0.248 0.424 0.25 0.422 0.25 0.42 0.252 0.418 0.252 0.416 0.254 0.414 0.254 0.412 0.256 0.41 0.256 0.408 0.258 0.406 0.258 0.404 0.26 0.402 0.26 0.398 0.264 0.394 0.264 0.392 0.266 0.39 0.266 0.388 0.268 0.386 0.268 0.384 0.27 0.382 0.27 0.374 0.278 0.374 0.284 0.376 0.286 0.376 0.288 0.38 0.292 0.38 0.294 0.384 0.298 0.384 0.3 0.386 0.302 0.386 0.304 0.392 0.31 0.404 0.31 0.406 0.308 0.408 0.308 0.41 0.306 0.412 0.306 0.414 0.304 0.416 0.304 0.42 0.3 0.422 0.3 0.424 0.298 0.426 0.298 0.428 0.296 0.43 0.296 0.434 0.292 0.438 0.292 0.44 0.29 0.442 0.29 0.444 0.288 0.446 0.288 0.448 0.286 0.45 0.286 0.452 0.284 0.452 0.282 0.454 0.28 0.454 0.274 0.45 0.27 0.45 0.266 0.448 0.264 0.448 0.252 0.446 0.25 0.446 0.248 0.444 0.248 0.44 0.244
7 0.154 0.93 0.016 0.016 0.148 0.922 0.146 0.924 0.146 0.93 0.148 0.932 0.148 0.934 0.15 0.936 0.156 0.936 0.158 0.934 0.158 0.932 0.16 0.93 0.16 0.928 0.158 0.926 0.158 0.924 0.156 0.922
7 0.02 0.91 0.012 0.012 0.018 0.904 0.014 0.908 0.014 0.912 0.016 0.914 0.02 0.914 0.022 0.912 0.022 0.91 0.024 0.908 0.02 0.904
7 0.044 0.853 0.012 0.014 0.04 0.846 0.038 0.848 0.038 0.854 0.042 0.858 0.044 0.858 0.046 0.856 0.048 0.856 0.048 0.848 0.046 0.846
7 0.6 0.58 0.016 0.024 0.594 0.568 0.592 0.57 0.592 0.58 0.602 0.59 0.606 0.59 0.606 0.582 0.602 0.578 0.602 0.576 0.598 0.572 0.598 0.57 0.596 0.57
7 0.676 0.5 0.012 0.012 0.672 0.494 0.672 0.496 0.67 0.498 0.67 0.5 0.672 0.502 0.672 0.504 0.678 0.504 0.68 0.502 0.68 0.498 0.678 0.496 0.678 0.494
7 0.446 0.241 0.02 0.018 0.44 0.232 0.436 0.236 0.436 0.242 0.44 0.246 0.444 0.246 0.446 0.248 0.448 0.248 0.454 0.242 0.454 0.234 0.452 0.234 0.45 0.232
5 0.148 0.899 0.02 0.014 0.144 0.892 0.142 0.894 0.138 0.894 0.138 0.902 0.14 0.904 0.154 0.904 0.154 0.9 0.156 0.898 0.156 0.896 0.152 0.892
5 0.521 0.136 0.026 0.024 0.524 0.124 0.522 0.126 0.52 0.126 0.518 0.128 0.516 0.128 0.514 0.13 0.512 0.13 0.508 0.134 0.508 0.138 0.51 0.14 0.51 0.142 0.514 0.146 0.52 0.146 0.522 0.144 0.524 0.144 0.526 0.142 0.528 0.142 0.53 0.14 0.53 0.138 0.532 0.136 0.532 0.134 0.53 0.132 0.53 0.13
3 0.18 0.972 0.052 0.056 0.168 0.944 0.162 0.95 0.16 0.95 0.158 0.952 0.158 0.958 0.156 0.96 0.156 0.966 0.154 0.968 0.154 0.998 0.204 0.998 0.202 0.996 0.202 0.992 0.2 0.99 0.2 0.986 0.198 0.984 0.198 0.982 0.196 0.98 0.196 0.978 0.194 0.976 0.194 0.974 0.192 0.972 0.192 0.97 0.19 0.968 0.19 0.966 0.188 0.964 0.188 0.962 0.186 0.96 0.186 0.958 0.182 0.954 0.182 0.952 0.176 0.946 0.174 0.946 0.172 0.944
0 0.839 0.647 0.058 0.062 0.838 0.616 0.836 0.618 0.834 0.618 0.832 0.62 0.828 0.62 0.826 0.622 0.824 0.622 0.822 0.624 0.82 0.624 0.818 0.626 0.816 0.626 0.814 0.628 0.812 0.628 0.81 0.63 0.81 0.636 0.812 0.638 0.812 0.642 0.814 0.644 0.814 0.648 0.816 0.65 0.816 0.654 0.818 0.656 0.818 0.66 0.822 0.664 0.822 0.666 0.824 0.668 0.824 0.67 0.828 0.674 0.828 0.676 0.838 0.676 0.84 0.674 0.842 0.674 0.844 0.672 0.848 0.672 0.85 0.67 0.852 0.67 0.854 0.668 0.856 0.668 0.858 0.666 0.862 0.666 0.866 0.662 0.866 0.656 0.864 0.654 0.864 0.652 0.862 0.65 0.862 0.646 0.86 0.644 0.86 0.642 0.858 0.64 0.858 0.638 0.854 0.634 0.854 0.632 0.852 0.63 0.852 0.628 0.85 0.626 0.85 0.624 0.848 0.622 0.848 0.62 0.846 0.618 0.846 0.616
4 0.091 0.825 0.034 0.03 0.086 0.81 0.082 0.814 0.08 0.814 0.078 0.816 0.076 0.816 0.076 0.818 0.074 0.82 0.076 0.822 0.076 0.826 0.078 0.828 0.078 0.832 0.08 0.834 0.08 0.836 0.082 0.836 0.084 0.838 0.088 0.838 0.09 0.836 0.094 0.836 0.096 0.834 0.098 0.834 0.1 0.832 0.102 0.832 0.106 0.828 0.106 0.824 0.104 0.822 0.104 0.818 0.1 0.814 0.1 0.812 0.098 0.81
5 0.746 0.644 0.028 0.032 0.742 0.628 0.74 0.63 0.736 0.63 0.732 0.634 0.732 0.642 0.736 0.646 0.736 0.648 0.74 0.652 0.74 0.654 0.744 0.658 0.752 0.658 0.754 0.656 0.756 0.656 0.758 0.654 0.758 0.644 0.756 0.642 0.756 0.638 0.754 0.636 0.754 0.634 0.752 0.632 0.752 0.63 0.75 0.628
4 0.008 0.595 0.016 0.022 0.0 0.584 0.0 0.604 0.002 0.604 0.004 0.602 0.006 0.602 0.008 0.6 0.01 0.6 0.014 0.596 0.014 0.59 0.012 0.588 0.012 0.586 0.01 0.586 0.008 0.584
4 0.652 0.202 0.032 0.032 0.658 0.186 0.656 0.188 0.652 0.188 0.65 0.19 0.648 0.19 0.646 0.192 0.644 0.192 0.642 0.194 0.64 0.194 0.636 0.198 0.636 0.206 0.638 0.208 0.638 0.212 0.642 0.216 0.65 0.216 0.652 0.214 0.656 0.214 0.658 0.212 0.66 0.212 0.666 0.206 0.666 0.194 0.664 0.192 0.664 0.188 0.662 0.186
4 0.557 0.089 0.014 0.018 0.552 0.08 0.55 0.082 0.55 0.088 0.552 0.09 0.552 0.092 0.556 0.096 0.56 0.096 0.56 0.094 0.562 0.092 0.562 0.084 0.558 0.08
0 0.104 0.954 0.092 0.072 0.128 0.918 0.126 0.92 0.122 0.92 0.12 0.922 0.116 0.922 0.114 0.924 0.112 0.924 0.11 0.926 0.106 0.926 0.104 0.928 0.102 0.928 0.1 0.93 0.098 0.93 0.096 0.932 0.094 0.932 0.092 0.934 0.088 0.934 0.086 0.936 0.084 0.936 0.082 0.938 0.08 0.938 0.078 0.94 0.076 0.94 0.074 0.942 0.072 0.942 0.07 0.944 0.066 0.944 0.064 0.946 0.062 0.946 0.058 0.95 0.058 0.956 0.06 0.958 0.06 0.962 0.062 0.964 0.062 0.966 0.064 0.968 0.064 0.972 0.066 0.974 0.066 0.976 0.068 0.978 0.068 0.98 0.07 0.982 0.07 0.984 0.074 0.988 0.078 0.988 0.08 0.986 0.084 0.986 0.086 0.984 0.088 0.984 0.092 0.98 0.094 0.98 0.096 0.978 0.098 0.978 0.1 0.976 0.102 0.976 0.104 0.974 0.106 0.974 0.108 0.972 0.11 0.972 0.112 0.97 0.114 0.97 0.118 0.966 0.122 0.966 0.124 0.964 0.126 0.964 0.128 0.962 0.13 0.962 0.132 0.96 0.136 0.96 0.138 0.958 0.14 0.958 0.144 0.954 0.146 0.954 0.148 0.952 0.148 0.946 0.146 0.944 0.146 0.938 0.144 0.936 0.144 0.932 0.142 0.93 0.142 0.928 0.14 0.926 0.14 0.924 0.134 0.918
1 0.776 0.551 0.16 0.09 0.816 0.506 0.814 0.508 0.812 0.508 0.81 0.51 0.808 0.51 0.806 0.512 0.804 0.512 0.802 0.514 0.8 0.514 0.798 0.516 0.796 0.516 0.794 0.518 0.792 0.518 0.79 0.52 0.788 0.52 0.786 0.522 0.784 0.522 0.782 0.524 0.778 0.524 0.776 0.526 0.774 0.526 0.772 0.528 0.77 0.528 0.768 0.53 0.766 0.53 0.764 0.532 0.76 0.532 0.758 0.534 0.756 0.534 0.754 0.536 0.752 0.536 0.75 0.538 0.748 0.538 0.746 0.54 0.744 0.54 0.742 0.542 0.74 0.542 0.738 0.544 0.736 0.544 0.734 0.546 0.732 0.546 0.73 0.548 0.728 0.548 0.726 0.55 0.722 0.55 0.72 0.552 0.718 0.552 0.716 0.554 0.714 0.554 0.71 0.558 0.706 0.558 0.704 0.56 0.702 0.56 0.7 0.562 0.698 0.562 0.696 0.564 0.696 0.574 0.698 0.576 0.698 0.58 0.7 0.582 0.7 0.584 0.702 0.586 0.702 0.588 0.704 0.59 0.71 0.59 0.712 0.588 0.716 0.588 0.718 0.586 0.72 0.586 0.722 0.584 0.724 0.584 0.726 0.582 0.728 0.582 0.73 0.58 0.732 0.58 0.734 0.578 0.738 0.578 0.74 0.576 0.742 0.576 0.744 0.574 0.75 0.574 0.754 0.578 0.754 0.58 0.756 0.582 0.756 0.584 0.758 0.586 0.758 0.588 0.76 0.59 0.76 0.592 0.762 0.594 0.772 0.594 0.774 0.592 0.776 0.592 0.778 0.59 0.78 0.59 0.782 0.588 0.786 0.588 0.788 0.586 0.79 0.586 0.792 0.584 0.794 0.584 0.796 0.582 0.798 0.582 0.8 0.58 0.802 0.58 0.804 0.578 0.806 0.578 0.808 0.576 0.812 0.576 0.814 0.574 0.816 0.574 0.818 0.572 0.82 0.572 0.822 0.57 0.824 0.57 0.826 0.568 0.828 0.568 0.83 0.566 0.834 0.566 0.836 0.564 0.838 0.564 0.84 0.562 0.844 0.562 0.846 0.56 0.848 0.56 0.85 0.558 0.852 0.558 0.854 0.556 0.854 0.55 0.852 0.548 0.852 0.546 0.85 0.544 0.85 0.542 0.848 0.54 0.848 0.536 0.846 0.534 0.846 0.532 0.844 0.53 0.844 0.528 0.842 0.526 0.842 0.524 0.838 0.52 0.838 0.516 0.834 0.512 0.834 0.51 0.832 0.508 0.83 0.508 0.828 0.506
1 0.575 0.696 0.138 0.196 0.624 0.598 0.622 0.6 0.618 0.6 0.616 0.602 0.614 0.602 0.612 0.604 0.61 0.604 0.606 0.608 0.604 0.608 0.602 0.61 0.598 0.61 0.596 0.612 0.592 0.612 0.588 0.616 0.584 0.616 0.582 0.618 0.58 0.618 0.578 0.62 0.576 0.62 0.574 0.622 0.572 0.622 0.57 0.624 0.568 0.624 0.566 0.626 0.564 0.626 0.562 0.628 0.56 0.628 0.558 0.63 0.554 0.63 0.552 0.632 0.55 0.632 0.548 0.634 0.546 0.634 0.544 0.636 0.542 0.636 0.54 0.638 0.536 0.638 0.534 0.64 0.532 0.64 0.53 0.642 0.528 0.642 0.526 0.644 0.524 0.644 0.522 0.646 0.52 0.646 0.518 0.648 0.516 0.648 0.514 0.65 0.512 0.65 0.51 0.652 0.508 0.652 0.506 0.654 0.506 0.66 0.508 0.662 0.508 0.664 0.51 0.666 0.51 0.668 0.512 0.67 0.512 0.672 0.516 0.676 0.516 0.68 0.518 0.682 0.518 0.684 0.52 0.686 0.52 0.688 0.522 0.69 0.522 0.694 0.524 0.696 0.524 0.698 0.526 0.7 0.526 0.702 0.528 0.704 0.528 0.708 0.53 0.71 0.53 0.714 0.532 0.716 0.532 0.734 0.534 0.736 0.534 0.738 0.536 0.74 0.536 0.744 0.538 0.746 0.538 0.748 0.54 0.75 0.54 0.754 0.542 0.756 0.542 0.758 0.544 0.76 0.544 0.762 0.546 0.764 0.546 0.766 0.548 0.768 0.548 0.77 0.55 0.772 0.55 0.774 0.552 0.776 0.552 0.778 0.554 0.78 0.554 0.784 0.56 0.79 0.562 0.79 0.564 0.792 0.566 0.79 0.57 0.79 0.572 0.788 0.574 0.788 0.576 0.786 0.578 0.786 0.58 0.784 0.582 0.784 0.584 0.782 0.586 0.782 0.588 0.78 0.59 0.78 0.592 0.778 0.594 0.778 0.596 0.776 0.598 0.776 0.6 0.774 0.602 0.774 0.604 0.772 0.606 0.772 0.608 0.77 0.61 0.77 0.612 0.768 0.614 0.768 0.616 0.766 0.618 0.766 0.626 0.758 0.626 0.756 0.628 0.754 0.628 0.752 0.63 0.75 0.63 0.746 0.628 0.744 0.628 0.738 0.626 0.736 0.626 0.734 0.624 0.732 0.624 0.726 0.622 0.724 0.622 0.722 0.62 0.72 0.62 0.716 0.618 0.714 0.618 0.712 0.616 0.71 0.616 0.7 0.62 0.696 0.622 0.696 0.628 0.69 0.628 0.684 0.626 0.682 0.626 0.678 0.624 0.676 0.624 0.674 0.622 0.672 0.622 0.654 0.62 0.652 0.62 0.65 0.618 0.648 0.618 0.646 0.616 0.644 0.616 0.64 0.614 0.638 0.614 0.636 0.618 0.632 0.62 0.632 0.622 0.63 0.624 0.63 0.626 0.628 0.63 0.628 0.632 0.626 0.634 0.626 0.636 0.624 0.638 0.624 0.642 0.62 0.642 0.614 0.638 0.61 0.638 0.608 0.636 0.606 0.636 0.604 0.634 0.602 0.634 0.6 0.632 0.598
1 0.67 0.678 0.076 0.108 0.66 0.624 0.658 0.626 0.654 0.626 0.646 0.634 0.646 0.646 0.638 0.654 0.636 0.654 0.634 0.656 0.634 0.66 0.632 0.662 0.632 0.668 0.634 0.67 0.634 0.678 0.636 0.68 0.636 0.686 0.638 0.688 0.638 0.69 0.64 0.692 0.64 0.696 0.642 0.698 0.642 0.702 0.644 0.704 0.644 0.706 0.646 0.708 0.646 0.712 0.648 0.714 0.648 0.716 0.65 0.718 0.65 0.72 0.652 0.72 0.654 0.722 0.656 0.722 0.664 0.73 0.67 0.73 0.672 0.728 0.676 0.728 0.678 0.726 0.68 0.726 0.684 0.722 0.688 0.722 0.69 0.72 0.692 0.72 0.694 0.718 0.696 0.718 0.698 0.716 0.7 0.716 0.702 0.714 0.704 0.714 0.706 0.712 0.706 0.706 0.704 0.704 0.704 0.696 0.702 0.694 0.702 0.692 0.7 0.69 0.7 0.686 0.698 0.684 0.698 0.682 0.696 0.68 0.696 0.676 0.694 0.674 0.694 0.672 0.69 0.668 0.69 0.664 0.688 0.662 0.688 0.66 0.686 0.658 0.686 0.656 0.684 0.654 0.684 0.652 0.68 0.648 0.68 0.646 0.678 0.644 0.678 0.642 0.676 0.64 0.676 0.638 0.674 0.636 0.674 0.632 0.67 0.628 0.67 0.626 0.668 0.624
3 0.477 0.151 0.21 0.17 0.524 0.066 0.522 0.068 0.52 0.068 0.518 0.07 0.514 0.07 0.512 0.072 0.51 0.072 0.508 0.074 0.504 0.074 0.502 0.076 0.498 0.076 0.496 0.078 0.494 0.078 0.492 0.08 0.49 0.08 0.488 0.082 0.486 0.082 0.484 0.084 0.48 0.084 0.478 0.086 0.476 0.086 0.474 0.088 0.472 0.088 0.47 0.09 0.468 0.09 0.466 0.092 0.462 0.092 0.458 0.096 0.454 0.096 0.452 0.098 0.45 0.098 0.448 0.1 0.446 0.1 0.444 0.102 0.442 0.102 0.44 0.104 0.438 0.104 0.436 0.106 0.434 0.106 0.432 0.108 0.428 0.108 0.426 0.11 0.424 0.11 0.422 0.112 0.42 0.112 0.418 0.114 0.416 0.114 0.414 0.116 0.412 0.116 0.41 0.118 0.406 0.118 0.404 0.12 0.402 0.12 0.4 0.122 0.398 0.122 0.394 0.126 0.392 0.126 0.39 0.128 0.388 0.128 0.386 0.13 0.384 0.13 0.382 0.132 0.38 0.132 0.378 0.134 0.376 0.134 0.374 0.136 0.372 0.136 0.372 0.144 0.374 0.146 0.374 0.148 0.376 0.15 0.376 0.152 0.378 0.154 0.378 0.156 0.38 0.158 0.38 0.16 0.382 0.162 0.382 0.164 0.384 0.166 0.384 0.168 0.386 0.17 0.386 0.172 0.388 0.174 0.388 0.176 0.39 0.178 0.39 0.18 0.392 0.182 0.392 0.184 0.394 0.186 0.394 0.188 0.396 0.19 0.396 0.192 0.398 0.194 0.398 0.196 0.4 0.198 0.4 0.2 0.402 0.202 0.402 0.204 0.404 0.206 0.404 0.21 0.406 0.212 0.406 0.214 0.408 0.216 0.408 0.218 0.412 0.222 0.412 0.224 0.414 0.226 0.414 0.228 0.416 0.23 0.416 0.232 0.418 0.234 0.426 0.234 0.428 0.232 0.43 0.232 0.432 0.23 0.434 0.23 0.436 0.228 0.438 0.228 0.44 0.226 0.442 0.226 0.446 0.222 0.448 0.222 0.45 0.22 0.454 0.22 0.456 0.218 0.458 0.218 0.46 0.216 0.462 0.216 0.464 0.214 0.466 0.214 0.468 0.212 0.47 0.212 0.472 0.21 0.474 0.21 0.476 0.208 0.478 0.208 0.48 0.206 0.482 0.206 0.484 0.204 0.486 0.204 0.488 0.202 0.49 0.202 0.492 0.2 0.494 0.2 0.496 0.198 0.5 0.198 0.502 0.196 0.504 0.196 0.506 0.194 0.51 0.194 0.512 0.192 0.514 0.192 0.516 0.19 0.518 0.19 0.52 0.188 0.522 0.188 0.524 0.186 0.526 0.186 0.528 0.184 0.53 0.184 0.532 0.182 0.534 0.182 0.536 0.18 0.538 0.18 0.54 0.178 0.542 0.178 0.544 0.176 0.546 0.176 0.548 0.174 0.55 0.174 0.552 0.172 0.554 0.172 0.558 0.168 0.562 0.168 0.564 0.166 0.566 0.166 0.568 0.164 0.57 0.164 0.574 0.16 0.578 0.16 0.58 0.158 0.58 0.15 0.578 0.148 0.578 0.144 0.576 0.142 0.576 0.14 0.574 0.138 0.574 0.136 0.572 0.134 0.572 0.132 0.57 0.13 0.57 0.128 0.566 0.124 0.566 0.122 0.564 0.12 0.564 0.118 0.562 0.116 0.562 0.114 0.558 0.11 0.558 0.108 0.556 0.106 0.556 0.104 0.554 0.102 0.554 0.1 0.55 0.096 0.55 0.094 0.548 0.092 0.548 0.09 0.546 0.088 0.546 0.084 0.542 0.08 0.542 0.076 0.54 0.074 0.54 0.072 0.536 0.068 0.534 0.068 0.532 0.066
3 0.565 0.263 0.15 0.142 0.54 0.192 0.538 0.194 0.522 0.194 0.518 0.198 0.518 0.2 0.516 0.202 0.516 0.204 0.514 0.206 0.514 0.21 0.512 0.212 0.512 0.214 0.51 0.216 0.51 0.22 0.508 0.222 0.508 0.224 0.506 0.226 0.506 0.228 0.504 0.23 0.504 0.232 0.502 0.234 0.502 0.236 0.5 0.238 0.5 0.24 0.498 0.242 0.498 0.244 0.496 0.246 0.496 0.25 0.494 0.252 0.494 0.254 0.49 0.258 0.49 0.28 0.492 0.282 0.492 0.288 0.494 0.29 0.494 0.294 0.496 0.296 0.496 0.298 0.498 0.3 0.498 0.304 0.508 0.314 0.508 0.316 0.51 0.318 0.51 0.32 0.512 0.322 0.512 0.326 0.514 0.328 0.514 0.332 0.52 0.332 0.522 0.33 0.524 0.33 0.526 0.328 0.534 0.328 0.536 0.326 0.538 0.326 0.54 0.324 0.544 0.324 0.546 0.322 0.55 0.322 0.552 0.32 0.554 0.32 0.556 0.318 0.558 0.318 0.56 0.316 0.562 0.316 0.564 0.314 0.566 0.314 0.568 0.312 0.57 0.312 0.572 0.31 0.574 0.31 0.576 0.308 0.578 0.308 0.58 0.306 0.582 0.306 0.584 0.304 0.586 0.304 0.588 0.302 0.59 0.302 0.592 0.3 0.594 0.3 0.598 0.296 0.6 0.296 0.604 0.292 0.606 0.292 0.608 0.29 0.61 0.29 0.612 0.288 0.614 0.288 0.616 0.286 0.618 0.286 0.62 0.284 0.624 0.284 0.626 0.282 0.628 0.282 0.63 0.28 0.632 0.28 0.636 0.276 0.638 0.276 0.638 0.262 0.636 0.26 0.636 0.258 0.634 0.256 0.634 0.254 0.632 0.252 0.632 0.25 0.63 0.248 0.63 0.246 0.628 0.244 0.628 0.242 0.626 0.24 0.626 0.238 0.624 0.236 0.624 0.234 0.62 0.23 0.62 0.228 0.604 0.212 0.602 0.212 0.6 0.21 0.598 0.21 0.596 0.208 0.592 0.208 0.59 0.206 0.588 0.206 0.586 0.204 0.58 0.204 0.578 0.202 0.572 0.202 0.57 0.2 0.566 0.2 0.564 0.198 0.56 0.198 0.558 0.196 0.554 0.196 0.552 0.194 0.542 0.194
