6 0.584 0.629 0.108 0.066 0.556 0.596 0.554 0.598 0.536 0.598 0.534 0.6 0.532 0.6 0.53 0.602 0.53 0.63 0.532 0.632 0.532 0.642 0.534 0.644 0.534 0.658 0.536 0.66 0.586 0.66 0.588 0.658 0.604 0.658 0.606 0.656 0.63 0.656 0.632 0.654 0.634 0.654 0.636 0.652 0.636 0.634 0.634 0.632 0.634 0.61 0.632 0.608 0.632 0.598 0.63 0.596
3 0.329 0.603 0.102 0.102 0.32 0.552 0.312 0.56 0.312 0.562 0.302 0.572 0.302 0.574 0.296 0.58 0.296 0.582 0.29 0.588 0.29 0.59 0.288 0.592 0.286 0.592 0.286 0.594 0.282 0.598 0.282 0.6 0.28 0.602 0.28 0.61 0.278 0.612 0.278 0.64 0.28 0.642 0.28 0.648 0.284 0.652 0.308 0.652 0.31 0.65 0.316 0.65 0.318 0.648 0.338 0.648 0.34 0.646 0.36 0.646 0.362 0.648 0.374 0.648 0.376 0.646 0.376 0.644 0.378 0.642 0.378 0.602 0.33 0.554 0.328 0.554 0.326 0.552
7 0.843 0.514 0.018 0.02 0.844 0.504 0.842 0.506 0.836 0.506 0.834 0.508 0.834 0.52 0.836 0.52 0.838 0.522 0.842 0.522 0.844 0.52 0.846 0.52 0.848 0.518 0.848 0.514 0.85 0.512 0.85 0.51 0.848 0.508 0.848 0.506 0.846 0.506
7 0.96 0.635 0.036 0.03 0.952 0.62 0.95 0.622 0.946 0.622 0.942 0.626 0.944 0.628 0.944 0.632 0.946 0.634 0.946 0.642 0.944 0.644 0.944 0.648 0.958 0.648 0.96 0.646 0.968 0.646 0.974 0.64 0.974 0.638 0.976 0.636 0.976 0.622 0.974 0.62
1 0.171 0.072 0.086 0.056 0.194 0.044 0.192 0.046 0.168 0.046 0.166 0.048 0.152 0.048 0.15 0.05 0.132 0.05 0.128 0.054 0.128 0.094 0.132 0.098 0.136 0.098 0.138 0.096 0.172 0.096 0.174 0.094 0.208 0.094 0.21 0.092 0.212 0.092 0.212 0.046 0.21 0.046 0.208 0.044
3 0.305 0.402 0.098 0.092 0.334 0.356 0.332 0.358 0.302 0.358 0.3 0.36 0.282 0.36 0.28 0.362 0.266 0.362 0.264 0.364 0.26 0.364 0.256 0.368 0.256 0.378 0.258 0.38 0.258 0.39 0.26 0.392 0.26 0.406 0.266 0.412 0.268 0.412 0.278 0.422 0.28 0.422 0.292 0.434 0.294 0.434 0.306 0.446 0.314 0.446 0.318 0.442 0.318 0.44 0.322 0.436 0.322 0.434 0.33 0.426 0.33 0.424 0.338 0.416 0.338 0.414 0.344 0.408 0.344 0.406 0.35 0.4 0.35 0.398 0.352 0.396 0.352 0.384 0.35 0.382 0.35 0.36 0.346 0.356
3 0.927 0.559 0.106 0.09 0.924 0.514 0.922 0.516 0.914 0.516 0.912 0.518 0.91 0.518 0.908 0.52 0.906 0.52 0.9 0.526 0.898 0.526 0.894 0.53 0.892 0.53 0.884 0.538 0.882 0.538 0.88 0.54 0.878 0.54 0.874 0.544 0.874 0.568 0.876 0.57 0.876 0.59 0.878 0.592 0.878 0.6 0.88 0.602 0.882 0.602 0.884 0.6 0.908 0.6 0.91 0.598 0.93 0.598 0.932 0.596 0.97 0.596 0.972 0.594 0.974 0.594 0.978 0.59 0.978 0.556 0.976 0.554 0.976 0.548 0.974 0.546 0.974 0.542 0.972 0.54 0.972 0.538 0.97 0.536 0.968 0.536 0.966 0.534 0.964 0.534 0.962 0.532 0.96 0.532 0.958 0.53 0.956 0.53 0.952 0.526 0.95 0.526 0.944 0.52 0.942 0.52 0.94 0.518 0.938 0.518 0.936 0.516 0.93 0.516 0.928 0.514
3 0.662 0.555 0.064 0.062 0.656 0.524 0.652 0.528 0.65 0.528 0.646 0.532 0.646 0.534 0.642 0.538 0.642 0.54 0.638 0.544 0.638 0.546 0.634 0.55 0.634 0.552 0.63 0.556 0.63 0.58 0.632 0.582 0.632 0.584 0.634 0.584 0.636 0.582 0.658 0.582 0.66 0.584 0.662 0.584 0.664 0.582 0.674 0.582 0.676 0.58 0.684 0.58 0.686 0.578 0.69 0.578 0.692 0.576 0.692 0.57 0.69 0.568 0.69 0.55 0.664 0.524
3 0.91 0.408 0.056 0.04 0.932 0.388 0.928 0.392 0.894 0.392 0.892 0.394 0.89 0.392 0.884 0.392 0.884 0.394 0.882 0.396 0.882 0.4 0.884 0.402 0.884 0.404 0.886 0.404 0.896 0.414 0.898 0.414 0.908 0.424 0.91 0.424 0.912 0.426 0.914 0.426 0.92 0.42 0.92 0.418 0.93 0.408 0.93 0.406 0.936 0.4 0.936 0.394 0.934 0.392 0.934 0.388
4 0.024 0.438 0.024 0.028 0.016 0.424 0.014 0.426 0.014 0.428 0.012 0.43 0.012 0.432 0.014 0.434 0.014 0.446 0.018 0.45 0.026 0.45 0.028 0.448 0.032 0.448 0.034 0.446 0.034 0.43 0.032 0.428 0.032 0.426 0.03 0.424
4 0.737 0.56 0.026 0.024 0.734 0.548 0.732 0.55 0.726 0.55 0.724 0.552 0.724 0.568 0.726 0.57 0.746 0.57 0.748 0.568 0.748 0.552 0.744 0.548
5 0.595 0.489 0.022 0.03 0.592 0.474 0.59 0.476 0.586 0.476 0.584 0.478 0.584 0.498 0.588 0.502 0.594 0.502 0.596 0.5 0.602 0.5 0.602 0.498 0.604 0.496 0.604 0.476 0.602 0.474
5 0.071 0.503 0.014 0.014 0.064 0.496 0.064 0.506 0.066 0.508 0.072 0.508 0.074 0.506 0.076 0.506 0.076 0.496
5 0.333 0.517 0.022 0.026 0.332 0.504 0.33 0.506 0.326 0.506 0.322 0.51 0.322 0.524 0.326 0.528 0.334 0.528 0.338 0.524 0.338 0.522 0.342 0.518 0.342 0.512 0.34 0.51 0.34 0.508 0.336 0.504
