4 0.427 0.897 0.014 0.014 0.426 0.89 0.424 0.892 0.422 0.892 0.42 0.894 0.42 0.898 0.422 0.9 0.424 0.9 0.426 0.902 0.428 0.902 0.43 0.9 0.432 0.9 0.432 0.894 0.43 0.892 0.428 0.892
3 0.516 0.552 0.048 0.084 0.518 0.51 0.516 0.512 0.514 0.512 0.51 0.516 0.508 0.516 0.504 0.52 0.504 0.532 0.502 0.534 0.502 0.54 0.5 0.542 0.5 0.548 0.498 0.55 0.498 0.556 0.496 0.558 0.496 0.564 0.494 0.566 0.494 0.57 0.492 0.572 0.492 0.584 0.494 0.586 0.498 0.586 0.5 0.588 0.506 0.588 0.508 0.59 0.514 0.59 0.516 0.592 0.522 0.592 0.524 0.59 0.524 0.582 0.526 0.58 0.526 0.572 0.528 0.57 0.528 0.56 0.53 0.558 0.53 0.554 0.532 0.552 0.532 0.544 0.534 0.542 0.534 0.536 0.536 0.534 0.536 0.528 0.538 0.526 0.538 0.518 0.536 0.518 0.532 0.514 0.53 0.514 0.528 0.512 0.526 0.512 0.524 0.51
4 0.067 0.53 0.03 0.024 0.06 0.518 0.058 0.52 0.054 0.52 0.054 0.522 0.052 0.524 0.052 0.534 0.054 0.536 0.058 0.536 0.06 0.538 0.068 0.538 0.07 0.54 0.072 0.54 0.074 0.538 0.078 0.538 0.078 0.536 0.08 0.534 0.08 0.524 0.078 0.522 0.074 0.522 0.072 0.52 0.062 0.52
4 0.055 0.572 0.022 0.02 0.044 0.562 0.044 0.576 0.048 0.58 0.062 0.58 0.062 0.578 0.064 0.576 0.064 0.564 0.062 0.564 0.06 0.562
5 0.323 0.462 0.018 0.02 0.316 0.452 0.314 0.454 0.314 0.466 0.318 0.47 0.33 0.47 0.33 0.452
5 0.509 0.508 0.018 0.02 0.502 0.498 0.502 0.5 0.5 0.502 0.5 0.512 0.502 0.514 0.504 0.514 0.506 0.516 0.508 0.514 0.512 0.514 0.516 0.51 0.516 0.498
5 0.31 0.891 0.02 0.022 0.304 0.88 0.302 0.882 0.302 0.886 0.3 0.888 0.3 0.896 0.302 0.898 0.304 0.898 0.306 0.9 0.312 0.9 0.314 0.898 0.316 0.898 0.316 0.89 0.318 0.888 0.318 0.882 0.316 0.88
5 0.484 0.933 0.02 0.022 0.478 0.922 0.478 0.924 0.476 0.926 0.476 0.928 0.474 0.93 0.474 0.938 0.476 0.94 0.478 0.94 0.48 0.942 0.488 0.942 0.49 0.94 0.49 0.938 0.492 0.936 0.492 0.924 0.484 0.924 0.482 0.922
7 0.025 0.443 0.01 0.01 0.02 0.438 0.02 0.442 0.024 0.446 0.026 0.444 0.028 0.444 0.028 0.438
7 0.412 0.443 0.012 0.01 0.406 0.438 0.406 0.444 0.408 0.446 0.412 0.446 0.416 0.442 0.416 0.438
7 0.449 0.455 0.014 0.014 0.446 0.448 0.442 0.452 0.442 0.454 0.444 0.456 0.444 0.458 0.446 0.46 0.45 0.46 0.452 0.458 0.452 0.456 0.454 0.454 0.452 0.452 0.452 0.45 0.45 0.45 0.448 0.448
4 0.375 0.885 0.018 0.014 0.372 0.878 0.37 0.88 0.368 0.88 0.368 0.882 0.366 0.884 0.366 0.886 0.368 0.888 0.37 0.888 0.372 0.89 0.38 0.89 0.38 0.888 0.382 0.886 0.382 0.882 0.38 0.88 0.378 0.88 0.376 0.878
3 0.5 0.96 0.048 0.08 0.502 0.92 0.5 0.922 0.496 0.922 0.494 0.924 0.494 0.934 0.492 0.936 0.492 0.94 0.488 0.944 0.488 0.948 0.486 0.95 0.486 0.954 0.484 0.956 0.484 0.962 0.482 0.964 0.482 0.97 0.48 0.972 0.48 0.974 0.478 0.976 0.478 0.982 0.476 0.984 0.476 0.992 0.478 0.994 0.48 0.994 0.482 0.996 0.486 0.996 0.488 0.998 0.51 0.998 0.51 0.996 0.512 0.994 0.512 0.982 0.514 0.98 0.514 0.976 0.516 0.974 0.516 0.964 0.518 0.962 0.518 0.956 0.52 0.954 0.52 0.944 0.522 0.942 0.522 0.93 0.514 0.922 0.51 0.922 0.508 0.92
2 0.537 0.597 0.102 0.098 0.568 0.548 0.568 0.55 0.566 0.552 0.566 0.558 0.564 0.56 0.564 0.57 0.562 0.572 0.562 0.578 0.56 0.58 0.56 0.594 0.558 0.596 0.558 0.606 0.56 0.608 0.56 0.62 0.554 0.626 0.54 0.626 0.538 0.624 0.536 0.624 0.534 0.622 0.526 0.622 0.524 0.62 0.522 0.62 0.52 0.618 0.518 0.618 0.516 0.616 0.51 0.616 0.508 0.614 0.504 0.614 0.502 0.612 0.498 0.612 0.496 0.61 0.492 0.61 0.49 0.608 0.486 0.608 0.486 0.62 0.49 0.624 0.492 0.624 0.494 0.626 0.496 0.626 0.498 0.628 0.506 0.628 0.508 0.63 0.512 0.63 0.514 0.632 0.522 0.632 0.524 0.634 0.53 0.634 0.532 0.636 0.534 0.636 0.536 0.638 0.538 0.638 0.54 0.64 0.542 0.64 0.544 0.642 0.55 0.642 0.552 0.644 0.566 0.644 0.57 0.64 0.57 0.636 0.572 0.634 0.572 0.62 0.574 0.618 0.574 0.612 0.576 0.61 0.576 0.604 0.578 0.602 0.576 0.6 0.578 0.598 0.578 0.59 0.58 0.588 0.58 0.582 0.582 0.58 0.582 0.572 0.584 0.57 0.584 0.562 0.586 0.56 0.586 0.552 0.584 0.55 0.582 0.55 0.58 0.548
3 0.372 0.39 0.06 0.08 0.356 0.35 0.354 0.352 0.354 0.356 0.352 0.358 0.352 0.364 0.35 0.366 0.35 0.372 0.348 0.374 0.348 0.38 0.346 0.382 0.346 0.39 0.344 0.392 0.344 0.4 0.342 0.402 0.342 0.414 0.344 0.414 0.348 0.418 0.35 0.418 0.36 0.428 0.368 0.428 0.37 0.426 0.374 0.426 0.376 0.424 0.382 0.424 0.384 0.422 0.386 0.422 0.388 0.42 0.388 0.416 0.39 0.414 0.39 0.408 0.392 0.406 0.392 0.4 0.394 0.398 0.394 0.39 0.396 0.388 0.396 0.382 0.398 0.38 0.398 0.372 0.4 0.37 0.4 0.36 0.396 0.36 0.394 0.358 0.386 0.358 0.384 0.356 0.38 0.356 0.378 0.354 0.37 0.354 0.368 0.352 0.364 0.352 0.362 0.35
3 0.5 0.422 0.06 0.08 0.484 0.382 0.482 0.384 0.482 0.392 0.48 0.394 0.48 0.398 0.478 0.4 0.478 0.404 0.476 0.406 0.476 0.412 0.474 0.414 0.474 0.42 0.472 0.422 0.472 0.43 0.47 0.432 0.47 0.442 0.488 0.46 0.494 0.46 0.496 0.458 0.5 0.458 0.502 0.456 0.506 0.456 0.508 0.454 0.512 0.454 0.518 0.448 0.518 0.444 0.52 0.442 0.52 0.436 0.522 0.434 0.522 0.426 0.524 0.424 0.524 0.416 0.526 0.414 0.526 0.406 0.528 0.404 0.528 0.392 0.526 0.39 0.516 0.39 0.514 0.388 0.508 0.388 0.506 0.386 0.5 0.386 0.498 0.384 0.494 0.384 0.492 0.382
3 0.015 0.499 0.03 0.074 0.0 0.462 0.0 0.534 0.002 0.534 0.014 0.522 0.016 0.522 0.028 0.51 0.028 0.5 0.026 0.498 0.026 0.496 0.016 0.486 0.016 0.484 0.012 0.48 0.012 0.478 0.004 0.47 0.004 0.468 0.002 0.466 0.002 0.464
3 0.295 0.497 0.046 0.078 0.288 0.458 0.288 0.46 0.286 0.462 0.286 0.468 0.284 0.47 0.284 0.478 0.282 0.48 0.282 0.484 0.28 0.486 0.28 0.492 0.278 0.494 0.278 0.5 0.276 0.502 0.276 0.508 0.274 0.51 0.274 0.516 0.272 0.518 0.272 0.53 0.276 0.53 0.278 0.532 0.284 0.532 0.286 0.534 0.302 0.534 0.302 0.532 0.304 0.53 0.304 0.522 0.306 0.52 0.306 0.516 0.308 0.514 0.308 0.504 0.31 0.502 0.31 0.496 0.312 0.494 0.312 0.488 0.314 0.486 0.314 0.478 0.316 0.476 0.316 0.472 0.314 0.47 0.314 0.468 0.312 0.466 0.312 0.464 0.31 0.462 0.31 0.46 0.308 0.46 0.306 0.458
3 0.352 0.511 0.048 0.082 0.348 0.47 0.344 0.474 0.344 0.476 0.342 0.478 0.342 0.486 0.34 0.488 0.34 0.492 0.338 0.494 0.338 0.498 0.336 0.5 0.336 0.506 0.334 0.508 0.334 0.514 0.332 0.516 0.332 0.522 0.33 0.524 0.33 0.528 0.328 0.53 0.328 0.544 0.33 0.544 0.332 0.546 0.338 0.546 0.34 0.548 0.346 0.548 0.348 0.55 0.356 0.55 0.358 0.548 0.358 0.546 0.36 0.544 0.36 0.536 0.362 0.534 0.362 0.528 0.364 0.526 0.364 0.518 0.366 0.516 0.366 0.512 0.368 0.51 0.368 0.504 0.37 0.502 0.37 0.496 0.372 0.494 0.372 0.486 0.374 0.484 0.374 0.48 0.37 0.476 0.368 0.476 0.366 0.474 0.364 0.474 0.362 0.472 0.356 0.472 0.354 0.47
3 0.46 0.537 0.048 0.082 0.46 0.496 0.458 0.498 0.452 0.498 0.45 0.5 0.45 0.504 0.448 0.506 0.448 0.514 0.446 0.516 0.446 0.522 0.444 0.524 0.444 0.532 0.442 0.534 0.442 0.538 0.44 0.54 0.44 0.548 0.438 0.55 0.438 0.556 0.436 0.558 0.436 0.57 0.438 0.57 0.44 0.572 0.444 0.572 0.446 0.574 0.452 0.574 0.454 0.576 0.466 0.576 0.466 0.574 0.468 0.572 0.468 0.56 0.47 0.558 0.47 0.552 0.472 0.55 0.472 0.542 0.474 0.54 0.474 0.536 0.476 0.534 0.476 0.526 0.478 0.524 0.478 0.52 0.48 0.518 0.48 0.51 0.482 0.508 0.48 0.506 0.48 0.504 0.476 0.5 0.474 0.5 0.47 0.496
3 0.445 0.948 0.05 0.084 0.438 0.906 0.436 0.908 0.436 0.912 0.434 0.914 0.434 0.918 0.432 0.92 0.432 0.928 0.43 0.93 0.43 0.936 0.428 0.938 0.428 0.944 0.426 0.946 0.426 0.952 0.424 0.954 0.424 0.96 0.422 0.962 0.422 0.964 0.42 0.966 0.42 0.98 0.422 0.982 0.424 0.982 0.426 0.984 0.432 0.984 0.434 0.986 0.44 0.986 0.442 0.988 0.45 0.988 0.452 0.986 0.452 0.98 0.454 0.978 0.454 0.972 0.456 0.97 0.456 0.964 0.458 0.962 0.458 0.956 0.46 0.954 0.46 0.948 0.462 0.946 0.462 0.94 0.464 0.938 0.464 0.93 0.466 0.928 0.466 0.924 0.468 0.922 0.468 0.916 0.464 0.912 0.462 0.912 0.458 0.908 0.456 0.908 0.454 0.906
3 0.337 0.923 0.05 0.082 0.328 0.882 0.328 0.884 0.326 0.886 0.326 0.898 0.324 0.9 0.324 0.904 0.322 0.906 0.322 0.912 0.32 0.914 0.32 0.922 0.318 0.924 0.318 0.928 0.316 0.93 0.316 0.936 0.314 0.938 0.314 0.944 0.312 0.946 0.312 0.956 0.314 0.958 0.32 0.958 0.322 0.96 0.328 0.96 0.33 0.962 0.342 0.962 0.344 0.96 0.344 0.954 0.346 0.952 0.346 0.948 0.348 0.946 0.348 0.94 0.35 0.938 0.35 0.932 0.352 0.93 0.352 0.924 0.354 0.922 0.354 0.916 0.356 0.914 0.356 0.908 0.358 0.906 0.358 0.902 0.36 0.9 0.36 0.89 0.354 0.884 0.352 0.884 0.35 0.882
2 0.027 0.65 0.054 0.028 0.0 0.636 0.0 0.66 0.024 0.66 0.026 0.662 0.05 0.662 0.05 0.656 0.052 0.654 0.052 0.65 0.05 0.65 0.048 0.648 0.042 0.648 0.04 0.646 0.034 0.646 0.032 0.644 0.026 0.644 0.024 0.642 0.02 0.642 0.018 0.64 0.012 0.64 0.01 0.638 0.004 0.638 0.002 0.636
4 0.44 0.487 0.016 0.014 0.434 0.48 0.432 0.482 0.432 0.488 0.434 0.49 0.436 0.49 0.438 0.492 0.444 0.492 0.446 0.49 0.446 0.482 0.444 0.48
2 0.559 0.984 0.034 0.032 0.554 0.968 0.554 0.97 0.552 0.972 0.552 0.976 0.55 0.978 0.55 0.982 0.548 0.984 0.548 0.988 0.546 0.99 0.546 0.994 0.544 0.996 0.544 0.998 0.568 0.998 0.57 0.996 0.57 0.988 0.572 0.986 0.572 0.978 0.574 0.976 0.574 0.972 0.572 0.972 0.57 0.97 0.56 0.97 0.558 0.968
2 0.247 0.422 0.042 0.072 0.246 0.386 0.246 0.388 0.244 0.39 0.244 0.394 0.242 0.396 0.242 0.4 0.24 0.402 0.24 0.406 0.238 0.408 0.238 0.412 0.236 0.414 0.236 0.418 0.234 0.42 0.234 0.424 0.232 0.426 0.232 0.43 0.23 0.432 0.23 0.436 0.228 0.438 0.228 0.442 0.226 0.444 0.228 0.446 0.23 0.446 0.232 0.448 0.234 0.448 0.236 0.45 0.24 0.45 0.242 0.452 0.244 0.452 0.246 0.454 0.248 0.454 0.25 0.456 0.25 0.454 0.252 0.452 0.252 0.446 0.254 0.444 0.254 0.436 0.256 0.434 0.256 0.428 0.258 0.426 0.258 0.42 0.26 0.418 0.26 0.412 0.262 0.41 0.262 0.402 0.264 0.4 0.264 0.394 0.266 0.392 0.266 0.39 0.262 0.39 0.26 0.388 0.252 0.388 0.25 0.386
2 0.23 0.842 0.044 0.08 0.228 0.802 0.228 0.804 0.226 0.806 0.226 0.81 0.224 0.812 0.224 0.818 0.222 0.82 0.222 0.824 0.22 0.826 0.22 0.83 0.218 0.832 0.218 0.838 0.216 0.84 0.216 0.844 0.214 0.846 0.214 0.852 0.212 0.854 0.212 0.858 0.21 0.86 0.21 0.864 0.208 0.866 0.208 0.868 0.212 0.872 0.214 0.872 0.218 0.876 0.22 0.876 0.224 0.88 0.224 0.878 0.226 0.876 0.226 0.872 0.228 0.87 0.228 0.866 0.23 0.864 0.23 0.86 0.232 0.858 0.232 0.854 0.234 0.852 0.234 0.848 0.236 0.846 0.236 0.842 0.238 0.84 0.238 0.836 0.24 0.834 0.24 0.83 0.242 0.828 0.242 0.824 0.244 0.822 0.244 0.818 0.246 0.816 0.246 0.812 0.248 0.81 0.248 0.806 0.25 0.804 0.25 0.802
3 0.28 0.908 0.048 0.084 0.286 0.866 0.284 0.868 0.276 0.868 0.272 0.872 0.272 0.876 0.27 0.878 0.27 0.884 0.268 0.886 0.268 0.894 0.266 0.896 0.266 0.9 0.264 0.902 0.264 0.91 0.262 0.912 0.262 0.916 0.26 0.918 0.26 0.926 0.258 0.928 0.258 0.934 0.256 0.936 0.256 0.94 0.258 0.942 0.26 0.942 0.262 0.944 0.266 0.944 0.268 0.946 0.274 0.946 0.276 0.948 0.286 0.948 0.288 0.946 0.288 0.94 0.29 0.938 0.29 0.934 0.292 0.932 0.292 0.924 0.294 0.922 0.294 0.916 0.296 0.914 0.296 0.904 0.298 0.902 0.298 0.89 0.3 0.888 0.3 0.884 0.302 0.882 0.302 0.876 0.3 0.874 0.3 0.872 0.298 0.87 0.294 0.87 0.292 0.868 0.288 0.868
3 0.483 0.833 0.062 0.082 0.468 0.792 0.466 0.794 0.466 0.798 0.464 0.8 0.464 0.806 0.462 0.808 0.462 0.812 0.46 0.814 0.46 0.818 0.458 0.82 0.458 0.826 0.456 0.828 0.456 0.836 0.454 0.838 0.454 0.844 0.452 0.846 0.452 0.854 0.47 0.872 0.476 0.872 0.478 0.87 0.482 0.87 0.484 0.868 0.486 0.868 0.488 0.866 0.492 0.866 0.494 0.864 0.496 0.864 0.5 0.86 0.5 0.856 0.502 0.854 0.502 0.848 0.504 0.846 0.504 0.84 0.506 0.838 0.506 0.832 0.508 0.83 0.508 0.824 0.51 0.822 0.51 0.816 0.512 0.814 0.512 0.804 0.51 0.802 0.5 0.802 0.498 0.8 0.494 0.8 0.492 0.798 0.484 0.798 0.482 0.796 0.478 0.796 0.476 0.794 0.474 0.794 0.472 0.792
3 0.357 0.803 0.062 0.082 0.342 0.762 0.34 0.764 0.34 0.766 0.338 0.768 0.338 0.772 0.336 0.774 0.336 0.778 0.334 0.78 0.334 0.786 0.332 0.788 0.332 0.794 0.33 0.796 0.33 0.802 0.328 0.804 0.328 0.81 0.326 0.812 0.326 0.824 0.332 0.83 0.334 0.83 0.344 0.84 0.346 0.84 0.348 0.842 0.35 0.84 0.352 0.84 0.354 0.838 0.362 0.838 0.364 0.836 0.368 0.836 0.374 0.83 0.374 0.826 0.376 0.824 0.376 0.818 0.378 0.816 0.378 0.808 0.38 0.806 0.38 0.802 0.382 0.8 0.382 0.792 0.384 0.79 0.384 0.786 0.386 0.784 0.386 0.772 0.378 0.772 0.376 0.77 0.37 0.77 0.368 0.768 0.362 0.768 0.36 0.766 0.354 0.766 0.352 0.764 0.348 0.764 0.346 0.762
