7 0.21 0.996 0.016 0.008 0.206 0.992 0.202 0.996 0.202 0.998 0.216 0.998 0.214 0.996 0.214 0.994 0.212 0.992
4 0.274 0.945 0.024 0.022 0.27 0.934 0.262 0.942 0.268 0.948 0.27 0.948 0.276 0.954 0.284 0.946 0.278 0.94 0.276 0.94
7 0.121 0.832 0.01 0.012 0.118 0.826 0.116 0.828 0.116 0.832 0.12 0.836 0.122 0.836 0.122 0.834 0.124 0.832 0.124 0.828 0.122 0.826
7 0.157 0.853 0.01 0.01 0.152 0.848 0.152 0.854 0.154 0.856 0.156 0.856 0.16 0.852 0.16 0.85 0.158 0.848
7 0.193 0.875 0.01 0.01 0.19 0.87 0.188 0.872 0.188 0.876 0.19 0.876 0.192 0.878 0.196 0.878 0.196 0.874 0.192 0.87
4 0.005 0.788 0.01 0.02 0.0 0.778 0.0 0.796 0.008 0.788 0.008 0.782 0.004 0.778
4 0.108 0.74 0.024 0.024 0.106 0.728 0.104 0.73 0.098 0.73 0.098 0.732 0.096 0.734 0.096 0.742 0.102 0.748 0.102 0.75 0.11 0.75 0.112 0.748 0.112 0.746 0.114 0.744 0.114 0.742 0.118 0.738 0.118 0.736 0.11 0.728
7 0.126 0.902 0.016 0.02 0.124 0.892 0.122 0.894 0.12 0.894 0.12 0.896 0.118 0.898 0.118 0.904 0.122 0.908 0.124 0.908 0.126 0.91 0.128 0.91 0.128 0.908 0.13 0.906 0.13 0.904 0.132 0.902 0.132 0.896 0.13 0.894 0.128 0.894 0.126 0.892
4 0.067 0.788 0.014 0.016 0.064 0.78 0.06 0.784 0.06 0.792 0.062 0.794 0.068 0.794 0.072 0.79 0.072 0.782 0.07 0.78
7 0.02 0.723 0.008 0.01 0.016 0.718 0.016 0.724 0.018 0.726 0.02 0.726 0.022 0.724 0.022 0.72 0.02 0.718
5 0.037 0.805 0.014 0.014 0.034 0.798 0.03 0.802 0.03 0.808 0.032 0.81 0.038 0.81 0.042 0.806 0.042 0.804 0.04 0.802 0.038 0.802
4 0.166 0.827 0.024 0.022 0.16 0.816 0.156 0.82 0.156 0.826 0.154 0.828 0.156 0.828 0.158 0.83 0.16 0.83 0.164 0.834 0.166 0.834 0.168 0.836 0.174 0.836 0.176 0.834 0.176 0.818 0.172 0.818 0.17 0.816
4 0.238 0.92 0.028 0.028 0.23 0.906 0.228 0.908 0.228 0.912 0.226 0.914 0.226 0.916 0.224 0.918 0.228 0.922 0.23 0.922 0.236 0.928 0.238 0.928 0.242 0.932 0.244 0.93 0.244 0.928 0.248 0.924 0.248 0.922 0.25 0.92 0.246 0.916 0.244 0.916 0.242 0.914 0.24 0.914 0.236 0.91 0.234 0.91
4 0.057 0.711 0.022 0.026 0.06 0.698 0.058 0.7 0.05 0.7 0.046 0.704 0.046 0.71 0.048 0.712 0.048 0.716 0.05 0.716 0.054 0.72 0.056 0.72 0.058 0.722 0.062 0.718 0.062 0.716 0.064 0.714 0.064 0.712 0.066 0.71 0.064 0.708 0.064 0.702
4 0.045 0.818 0.018 0.012 0.04 0.812 0.036 0.816 0.036 0.82 0.038 0.822 0.048 0.822 0.052 0.818 0.052 0.814 0.05 0.812
