3 0.654 0.178 0.096 0.1 0.668 0.128 0.666 0.13 0.662 0.13 0.66 0.132 0.658 0.132 0.656 0.134 0.654 0.134 0.652 0.136 0.648 0.136 0.646 0.138 0.644 0.138 0.642 0.14 0.64 0.14 0.638 0.142 0.636 0.142 0.634 0.144 0.632 0.144 0.63 0.146 0.628 0.146 0.626 0.148 0.624 0.148 0.622 0.15 0.62 0.15 0.616 0.154 0.614 0.154 0.614 0.156 0.612 0.158 0.612 0.162 0.61 0.164 0.61 0.168 0.608 0.17 0.608 0.174 0.606 0.176 0.606 0.196 0.61 0.196 0.612 0.198 0.614 0.198 0.616 0.2 0.622 0.2 0.624 0.202 0.628 0.202 0.63 0.204 0.634 0.204 0.636 0.206 0.64 0.206 0.642 0.208 0.644 0.208 0.648 0.212 0.648 0.214 0.65 0.216 0.656 0.216 0.658 0.218 0.662 0.218 0.664 0.22 0.666 0.22 0.668 0.222 0.676 0.222 0.678 0.224 0.68 0.224 0.682 0.226 0.692 0.226 0.694 0.224 0.696 0.224 0.698 0.222 0.698 0.218 0.696 0.216 0.696 0.21 0.698 0.208 0.698 0.198 0.7 0.196 0.7 0.178 0.698 0.176 0.698 0.174 0.696 0.172 0.696 0.168 0.694 0.166 0.694 0.164 0.69 0.16 0.69 0.158 0.688 0.156 0.688 0.154 0.686 0.152 0.686 0.15 0.684 0.148 0.684 0.146 0.682 0.144 0.682 0.142 0.68 0.14 0.68 0.138 0.678 0.136 0.678 0.134 0.676 0.132 0.676 0.13 0.674 0.128
7 0.469 0.468 0.022 0.016 0.462 0.46 0.458 0.464 0.46 0.466 0.46 0.468 0.462 0.47 0.464 0.47 0.468 0.474 0.47 0.474 0.472 0.472 0.474 0.472 0.478 0.468 0.472 0.462 0.468 0.462 0.466 0.46
0 0.955 0.716 0.046 0.04 0.938 0.696 0.938 0.698 0.936 0.7 0.936 0.704 0.934 0.706 0.934 0.712 0.932 0.714 0.932 0.724 0.934 0.724 0.936 0.726 0.94 0.726 0.942 0.728 0.95 0.728 0.952 0.73 0.956 0.73 0.958 0.732 0.962 0.732 0.964 0.734 0.97 0.734 0.972 0.732 0.972 0.728 0.974 0.726 0.974 0.722 0.976 0.72 0.976 0.708 0.974 0.706 0.968 0.706 0.966 0.704 0.964 0.704 0.962 0.702 0.958 0.702 0.956 0.7 0.95 0.7 0.948 0.698 0.942 0.698 0.94 0.696
3 0.068 0.271 0.096 0.078 0.026 0.232 0.024 0.234 0.024 0.238 0.022 0.24 0.022 0.244 0.02 0.246 0.02 0.256 0.024 0.26 0.024 0.262 0.026 0.264 0.026 0.266 0.028 0.268 0.028 0.27 0.03 0.272 0.03 0.274 0.034 0.278 0.034 0.282 0.036 0.284 0.036 0.286 0.038 0.288 0.038 0.29 0.04 0.292 0.04 0.294 0.042 0.296 0.042 0.298 0.044 0.3 0.044 0.302 0.05 0.308 0.052 0.308 0.054 0.306 0.056 0.306 0.058 0.304 0.062 0.304 0.064 0.302 0.066 0.302 0.068 0.3 0.07 0.3 0.072 0.298 0.074 0.298 0.076 0.296 0.078 0.296 0.08 0.294 0.082 0.294 0.084 0.292 0.088 0.292 0.09 0.29 0.092 0.29 0.094 0.288 0.096 0.288 0.098 0.286 0.1 0.286 0.102 0.284 0.104 0.284 0.11 0.278 0.11 0.276 0.112 0.274 0.112 0.266 0.114 0.264 0.114 0.262 0.11 0.258 0.108 0.258 0.106 0.256 0.102 0.256 0.1 0.254 0.096 0.254 0.094 0.252 0.09 0.252 0.088 0.25 0.086 0.25 0.084 0.248 0.078 0.248 0.076 0.246 0.072 0.246 0.07 0.244 0.066 0.244 0.064 0.242 0.062 0.242 0.06 0.24 0.056 0.24 0.054 0.238 0.05 0.238 0.048 0.236 0.042 0.236 0.04 0.234 0.034 0.234 0.032 0.232
3 0.476 0.552 0.076 0.068 0.482 0.518 0.48 0.52 0.478 0.52 0.476 0.522 0.474 0.522 0.472 0.524 0.47 0.524 0.468 0.526 0.466 0.526 0.464 0.528 0.46 0.528 0.458 0.53 0.456 0.53 0.454 0.532 0.452 0.532 0.45 0.534 0.448 0.534 0.442 0.54 0.442 0.542 0.44 0.544 0.44 0.552 0.438 0.554 0.438 0.562 0.446 0.57 0.45 0.57 0.452 0.572 0.456 0.572 0.458 0.574 0.46 0.574 0.464 0.578 0.466 0.578 0.468 0.58 0.474 0.58 0.476 0.582 0.48 0.582 0.482 0.584 0.502 0.584 0.504 0.582 0.506 0.582 0.506 0.58 0.508 0.578 0.508 0.576 0.51 0.574 0.51 0.57 0.512 0.568 0.512 0.56 0.51 0.558 0.51 0.556 0.508 0.554 0.508 0.552 0.506 0.55 0.506 0.548 0.504 0.546 0.504 0.544 0.502 0.542 0.502 0.54 0.5 0.538 0.5 0.534 0.498 0.532 0.498 0.53 0.496 0.528 0.496 0.524 0.494 0.522 0.494 0.52 0.492 0.518
3 0.029 0.934 0.058 0.064 0.0 0.902 0.0 0.952 0.002 0.954 0.002 0.956 0.006 0.96 0.006 0.962 0.008 0.964 0.01 0.964 0.012 0.962 0.016 0.962 0.018 0.96 0.02 0.96 0.022 0.958 0.024 0.958 0.026 0.956 0.028 0.956 0.03 0.954 0.034 0.954 0.036 0.952 0.038 0.952 0.042 0.948 0.044 0.948 0.046 0.946 0.048 0.946 0.05 0.944 0.05 0.942 0.052 0.94 0.052 0.936 0.054 0.934 0.054 0.93 0.056 0.928 0.056 0.92 0.054 0.918 0.05 0.918 0.048 0.916 0.044 0.916 0.042 0.914 0.038 0.914 0.036 0.912 0.032 0.912 0.03 0.91 0.026 0.91 0.024 0.908 0.02 0.908 0.018 0.906 0.014 0.906 0.012 0.904 0.008 0.904 0.006 0.902
7 0.183 0.982 0.03 0.02 0.17 0.972 0.17 0.976 0.168 0.978 0.17 0.98 0.17 0.982 0.174 0.982 0.176 0.984 0.178 0.984 0.18 0.986 0.182 0.986 0.184 0.988 0.188 0.988 0.19 0.99 0.194 0.99 0.196 0.988 0.196 0.976 0.192 0.976 0.19 0.974 0.182 0.974 0.18 0.972
3 0.722 0.016 0.044 0.02 0.7 0.006 0.702 0.008 0.702 0.012 0.704 0.014 0.704 0.018 0.708 0.022 0.712 0.022 0.714 0.024 0.716 0.024 0.722 0.018 0.724 0.018 0.728 0.014 0.73 0.014 0.736 0.008 0.738 0.008 0.74 0.006
4 0.342 0.045 0.02 0.022 0.334 0.034 0.332 0.036 0.332 0.04 0.334 0.042 0.334 0.052 0.336 0.054 0.344 0.054 0.348 0.05 0.348 0.046 0.35 0.044 0.348 0.042 0.348 0.036 0.346 0.034
4 0.505 0.406 0.018 0.024 0.502 0.394 0.498 0.398 0.498 0.4 0.496 0.402 0.496 0.414 0.498 0.416 0.508 0.416 0.51 0.414 0.51 0.412 0.512 0.41 0.512 0.4 0.51 0.398 0.508 0.398 0.506 0.396 0.504 0.396
4 0.056 0.995 0.02 0.01 0.05 0.99 0.048 0.992 0.048 0.994 0.046 0.996 0.046 0.998 0.064 0.998 0.062 0.996 0.062 0.994 0.058 0.99
5 0.671 0.081 0.022 0.026 0.664 0.068 0.66 0.072 0.66 0.088 0.664 0.092 0.674 0.092 0.678 0.088 0.678 0.084 0.68 0.082 0.68 0.07 0.678 0.07 0.676 0.068
5 0.074 0.347 0.024 0.018 0.066 0.338 0.064 0.34 0.064 0.344 0.062 0.346 0.062 0.35 0.064 0.352 0.068 0.352 0.07 0.354 0.082 0.354 0.084 0.352 0.084 0.342 0.082 0.34 0.08 0.34 0.078 0.338
7 0.409 0.073 0.014 0.014 0.404 0.066 0.404 0.068 0.402 0.07 0.402 0.076 0.404 0.078 0.412 0.078 0.412 0.07 0.414 0.068 0.412 0.066
7 0.739 0.063 0.014 0.014 0.736 0.056 0.732 0.06 0.732 0.064 0.736 0.068 0.74 0.068 0.742 0.066 0.744 0.066 0.744 0.06 0.742 0.058 0.742 0.056
7 0.783 0.08 0.014 0.012 0.778 0.074 0.776 0.076 0.776 0.082 0.778 0.084 0.784 0.084 0.788 0.08 0.788 0.078 0.784 0.074
7 0.713 0.14 0.026 0.02 0.716 0.13 0.706 0.14 0.704 0.14 0.7 0.144 0.7 0.146 0.702 0.148 0.708 0.148 0.71 0.146 0.712 0.146 0.716 0.142 0.718 0.142 0.724 0.136 0.724 0.134 0.72 0.13
7 0.56 0.409 0.012 0.01 0.556 0.404 0.554 0.406 0.554 0.41 0.556 0.412 0.56 0.412 0.562 0.41 0.564 0.41 0.564 0.408 0.56 0.404
7 0.491 0.452 0.014 0.012 0.488 0.446 0.486 0.448 0.484 0.448 0.484 0.45 0.486 0.452 0.486 0.454 0.488 0.456 0.492 0.456 0.496 0.452 0.496 0.45 0.494 0.448 0.492 0.448 0.49 0.446
0 0.104 0.407 0.068 0.042 0.078 0.386 0.074 0.39 0.074 0.392 0.072 0.394 0.072 0.398 0.07 0.4 0.07 0.408 0.072 0.41 0.076 0.41 0.078 0.412 0.082 0.412 0.084 0.414 0.088 0.414 0.09 0.416 0.094 0.416 0.096 0.418 0.1 0.418 0.102 0.42 0.104 0.42 0.106 0.422 0.112 0.422 0.114 0.424 0.12 0.424 0.122 0.426 0.13 0.426 0.132 0.424 0.132 0.418 0.134 0.416 0.134 0.414 0.136 0.412 0.136 0.404 0.134 0.402 0.128 0.402 0.126 0.4 0.12 0.4 0.118 0.398 0.114 0.398 0.112 0.396 0.108 0.396 0.106 0.394 0.102 0.394 0.1 0.392 0.096 0.392 0.094 0.39 0.088 0.39 0.086 0.388 0.082 0.388 0.08 0.386
7 0.012 0.982 0.016 0.012 0.008 0.976 0.006 0.978 0.006 0.98 0.004 0.982 0.008 0.986 0.016 0.986 0.018 0.984 0.018 0.978 0.016 0.976
7 0.537 0.521 0.018 0.014 0.536 0.514 0.534 0.516 0.532 0.516 0.528 0.52 0.528 0.522 0.53 0.524 0.532 0.524 0.534 0.526 0.538 0.526 0.54 0.524 0.542 0.524 0.544 0.522 0.544 0.516 0.542 0.516 0.54 0.514
