4 0.265 0.548 0.018 0.024 0.262 0.536 0.26 0.538 0.256 0.538 0.256 0.552 0.258 0.554 0.258 0.556 0.26 0.558 0.268 0.558 0.27 0.556 0.27 0.552 0.272 0.55 0.272 0.54 0.268 0.536
4 0.316 0.542 0.024 0.024 0.306 0.53 0.304 0.532 0.304 0.55 0.306 0.55 0.308 0.552 0.312 0.552 0.314 0.55 0.324 0.55 0.326 0.548 0.326 0.532 0.324 0.53
4 0.221 0.557 0.014 0.018 0.216 0.548 0.214 0.55 0.214 0.562 0.216 0.564 0.222 0.564 0.226 0.56 0.226 0.55 0.224 0.55 0.222 0.548
7 0.388 0.649 0.032 0.042 0.382 0.628 0.38 0.63 0.378 0.63 0.372 0.636 0.372 0.64 0.374 0.642 0.374 0.652 0.376 0.654 0.376 0.662 0.378 0.664 0.378 0.666 0.38 0.666 0.382 0.668 0.386 0.668 0.388 0.666 0.398 0.666 0.402 0.662 0.402 0.654 0.4 0.652 0.4 0.64 0.398 0.638 0.398 0.634 0.396 0.632 0.396 0.63 0.394 0.63 0.392 0.628
4 0.409 0.694 0.022 0.02 0.4 0.684 0.4 0.686 0.398 0.688 0.398 0.698 0.4 0.7 0.4 0.702 0.416 0.702 0.418 0.7 0.418 0.69 0.416 0.688 0.416 0.686 0.414 0.684
7 0.304 0.651 0.016 0.022 0.302 0.64 0.3 0.642 0.298 0.642 0.296 0.644 0.296 0.65 0.298 0.652 0.298 0.658 0.3 0.658 0.302 0.66 0.304 0.66 0.306 0.658 0.308 0.658 0.31 0.656 0.31 0.64
5 0.456 0.668 0.016 0.024 0.448 0.656 0.448 0.672 0.45 0.674 0.45 0.676 0.452 0.678 0.46 0.678 0.462 0.676 0.462 0.66 0.46 0.658 0.46 0.656
7 0.359 0.648 0.01 0.012 0.356 0.642 0.356 0.644 0.354 0.646 0.354 0.65 0.356 0.652 0.36 0.652 0.362 0.65 0.362 0.646 0.36 0.644 0.36 0.642
4 0.355 0.701 0.018 0.026 0.35 0.688 0.348 0.69 0.346 0.69 0.346 0.71 0.348 0.712 0.358 0.712 0.36 0.71 0.362 0.71 0.362 0.702 0.36 0.7 0.36 0.69 0.358 0.688
4 0.305 0.708 0.014 0.024 0.306 0.696 0.304 0.698 0.3 0.698 0.298 0.7 0.298 0.712 0.3 0.714 0.3 0.718 0.31 0.718 0.31 0.702 0.308 0.7 0.308 0.698
4 0.24 0.717 0.028 0.026 0.238 0.704 0.236 0.706 0.228 0.706 0.226 0.708 0.226 0.716 0.228 0.718 0.228 0.722 0.232 0.726 0.232 0.728 0.24 0.728 0.242 0.726 0.25 0.726 0.252 0.724 0.252 0.716 0.25 0.714 0.25 0.706 0.248 0.704
1 0.3 0.71 0.312 0.136 0.254 0.642 0.252 0.644 0.242 0.644 0.24 0.646 0.228 0.646 0.226 0.648 0.206 0.648 0.204 0.65 0.194 0.65 0.192 0.652 0.184 0.652 0.182 0.654 0.162 0.654 0.16 0.656 0.146 0.656 0.146 0.658 0.144 0.66 0.144 0.686 0.146 0.688 0.144 0.69 0.144 0.694 0.146 0.696 0.146 0.722 0.148 0.724 0.148 0.744 0.15 0.746 0.15 0.762 0.152 0.764 0.152 0.77 0.154 0.772 0.154 0.774 0.156 0.774 0.158 0.776 0.18 0.776 0.182 0.774 0.2 0.774 0.202 0.772 0.218 0.772 0.22 0.77 0.234 0.77 0.236 0.768 0.252 0.768 0.254 0.766 0.264 0.766 0.266 0.764 0.276 0.764 0.278 0.762 0.296 0.762 0.298 0.76 0.308 0.76 0.31 0.758 0.318 0.758 0.32 0.756 0.334 0.756 0.336 0.754 0.346 0.754 0.348 0.752 0.354 0.752 0.356 0.75 0.366 0.75 0.368 0.748 0.376 0.748 0.378 0.746 0.386 0.746 0.388 0.744 0.408 0.744 0.41 0.742 0.416 0.742 0.418 0.74 0.44 0.74 0.442 0.738 0.45 0.738 0.454 0.734 0.454 0.72 0.452 0.718 0.452 0.708 0.45 0.706 0.45 0.704 0.408 0.704 0.406 0.706 0.392 0.706 0.39 0.708 0.386 0.708 0.384 0.71 0.376 0.71 0.374 0.712 0.36 0.712 0.358 0.714 0.348 0.714 0.346 0.716 0.34 0.716 0.338 0.718 0.314 0.718 0.312 0.72 0.302 0.72 0.3 0.722 0.292 0.722 0.29 0.724 0.282 0.724 0.28 0.726 0.266 0.726 0.264 0.728 0.248 0.728 0.246 0.73 0.232 0.73 0.23 0.728 0.23 0.726 0.226 0.722 0.226 0.718 0.224 0.716 0.224 0.708 0.228 0.704 0.23 0.704 0.232 0.702 0.254 0.702 0.256 0.7 0.266 0.7 0.268 0.698 0.278 0.698 0.28 0.696 0.286 0.696 0.288 0.694 0.296 0.694 0.298 0.692 0.3 0.694 0.302 0.694 0.304 0.692 0.308 0.692 0.31 0.69 0.314 0.69 0.316 0.688 0.328 0.688 0.33 0.686 0.338 0.686 0.34 0.684 0.34 0.666 0.338 0.664 0.338 0.66 0.336 0.66 0.334 0.658 0.322 0.658 0.32 0.66 0.308 0.66 0.306 0.662 0.288 0.662 0.286 0.664 0.284 0.662 0.282 0.662 0.278 0.658 0.278 0.646 0.274 0.642
