1 0.759 0.142 0.11 0.268 0.718 0.008 0.716 0.01 0.706 0.01 0.704 0.012 0.704 0.018 0.706 0.02 0.706 0.052 0.708 0.054 0.708 0.076 0.71 0.078 0.71 0.122 0.712 0.124 0.712 0.138 0.714 0.14 0.714 0.154 0.716 0.156 0.716 0.176 0.718 0.178 0.718 0.198 0.72 0.2 0.72 0.212 0.722 0.214 0.722 0.23 0.724 0.232 0.724 0.266 0.728 0.27 0.73 0.27 0.732 0.272 0.74 0.272 0.742 0.274 0.758 0.274 0.76 0.272 0.8 0.272 0.802 0.27 0.808 0.27 0.812 0.266 0.812 0.26 0.81 0.258 0.81 0.242 0.808 0.24 0.808 0.218 0.806 0.216 0.806 0.202 0.804 0.2 0.804 0.18 0.802 0.178 0.802 0.162 0.8 0.16 0.8 0.142 0.798 0.14 0.798 0.122 0.796 0.12 0.796 0.106 0.794 0.104 0.794 0.088 0.792 0.086 0.792 0.066 0.79 0.064 0.79 0.048 0.788 0.046 0.788 0.028 0.786 0.026 0.786 0.012 0.782 0.008
4 0.498 0.065 0.012 0.018 0.496 0.056 0.494 0.058 0.492 0.058 0.492 0.07 0.494 0.072 0.5 0.072 0.502 0.07 0.502 0.058 0.5 0.058 0.498 0.056
5 0.287 0.054 0.022 0.016 0.276 0.046 0.276 0.056 0.278 0.058 0.286 0.058 0.288 0.06 0.29 0.06 0.292 0.058 0.296 0.058 0.296 0.05 0.292 0.046
4 0.337 0.081 0.014 0.014 0.334 0.074 0.33 0.078 0.33 0.082 0.332 0.084 0.334 0.084 0.336 0.086 0.34 0.086 0.34 0.082 0.342 0.08 0.342 0.078 0.34 0.076 0.34 0.074
4 0.481 0.394 0.018 0.02 0.476 0.384 0.472 0.388 0.472 0.402 0.484 0.402 0.484 0.4 0.486 0.398 0.486 0.394 0.488 0.392 0.488 0.388 0.484 0.384
4 0.523 0.413 0.022 0.026 0.52 0.4 0.518 0.402 0.516 0.402 0.516 0.406 0.514 0.408 0.514 0.41 0.512 0.412 0.512 0.422 0.514 0.422 0.516 0.424 0.524 0.424 0.528 0.42 0.528 0.418 0.53 0.416 0.53 0.414 0.532 0.412 0.532 0.404 0.53 0.402 0.526 0.402 0.524 0.4
4 0.579 0.434 0.022 0.024 0.574 0.422 0.572 0.424 0.57 0.424 0.57 0.426 0.568 0.428 0.568 0.44 0.57 0.442 0.572 0.442 0.574 0.444 0.582 0.444 0.584 0.442 0.584 0.44 0.586 0.438 0.586 0.434 0.588 0.432 0.588 0.426 0.586 0.424 0.584 0.424 0.582 0.422
3 0.376 0.067 0.048 0.05 0.376 0.042 0.372 0.046 0.37 0.044 0.368 0.044 0.366 0.046 0.358 0.046 0.356 0.048 0.354 0.048 0.354 0.05 0.352 0.052 0.354 0.054 0.354 0.056 0.356 0.058 0.356 0.068 0.358 0.07 0.358 0.086 0.362 0.09 0.398 0.09 0.398 0.082 0.396 0.08 0.396 0.048 0.398 0.046 0.392 0.046 0.39 0.044 0.38 0.044 0.378 0.042
5 0.572 0.089 0.016 0.022 0.566 0.078 0.566 0.098 0.576 0.098 0.578 0.096 0.578 0.08 0.576 0.08 0.574 0.078
7 0.371 0.505 0.014 0.014 0.368 0.498 0.364 0.502 0.364 0.51 0.372 0.51 0.376 0.506 0.376 0.504 0.37 0.498
4 0.277 0.086 0.01 0.012 0.272 0.08 0.272 0.088 0.274 0.09 0.276 0.09 0.28 0.086 0.28 0.082 0.278 0.08
7 0.61 0.02 0.012 0.016 0.606 0.012 0.606 0.014 0.604 0.016 0.604 0.024 0.606 0.026 0.61 0.026 0.612 0.024 0.614 0.024 0.614 0.016 0.61 0.012
3 0.493 0.128 0.026 0.044 0.482 0.106 0.48 0.108 0.48 0.146 0.482 0.148 0.494 0.148 0.496 0.146 0.504 0.146 0.504 0.11 0.502 0.108 0.5 0.108 0.498 0.106
3 0.456 0.564 0.08 0.096 0.448 0.516 0.446 0.518 0.444 0.518 0.442 0.52 0.442 0.524 0.44 0.526 0.44 0.53 0.438 0.532 0.438 0.536 0.436 0.538 0.436 0.542 0.434 0.544 0.434 0.546 0.432 0.548 0.432 0.55 0.43 0.552 0.43 0.556 0.428 0.558 0.428 0.56 0.426 0.562 0.426 0.566 0.424 0.568 0.424 0.57 0.422 0.572 0.422 0.574 0.42 0.576 0.42 0.58 0.418 0.582 0.418 0.584 0.416 0.586 0.416 0.594 0.418 0.594 0.42 0.596 0.422 0.596 0.424 0.598 0.426 0.598 0.428 0.6 0.436 0.6 0.438 0.602 0.444 0.602 0.446 0.604 0.452 0.604 0.454 0.606 0.462 0.606 0.464 0.608 0.466 0.608 0.466 0.602 0.468 0.6 0.468 0.598 0.47 0.596 0.47 0.594 0.472 0.592 0.472 0.588 0.474 0.586 0.474 0.584 0.476 0.582 0.476 0.58 0.478 0.578 0.478 0.576 0.48 0.574 0.48 0.572 0.482 0.57 0.482 0.56 0.484 0.558 0.484 0.554 0.486 0.552 0.486 0.55 0.492 0.544 0.492 0.54 0.49 0.538 0.488 0.538 0.48 0.53 0.476 0.53 0.474 0.528 0.474 0.526 0.466 0.526 0.464 0.524 0.462 0.524 0.46 0.522 0.458 0.522 0.456 0.52 0.452 0.52 0.45 0.518 0.45 0.516
3 0.563 0.608 0.082 0.096 0.552 0.56 0.55 0.562 0.55 0.564 0.546 0.568 0.546 0.572 0.544 0.574 0.544 0.578 0.542 0.58 0.542 0.582 0.54 0.584 0.54 0.586 0.538 0.588 0.538 0.59 0.536 0.592 0.536 0.596 0.534 0.598 0.534 0.602 0.53 0.606 0.53 0.61 0.528 0.612 0.528 0.616 0.526 0.618 0.526 0.622 0.524 0.624 0.524 0.626 0.522 0.628 0.522 0.636 0.526 0.636 0.53 0.64 0.532 0.64 0.534 0.642 0.536 0.642 0.54 0.646 0.542 0.646 0.544 0.648 0.552 0.648 0.554 0.65 0.556 0.65 0.558 0.652 0.56 0.652 0.562 0.654 0.572 0.654 0.572 0.652 0.574 0.65 0.574 0.648 0.578 0.644 0.578 0.642 0.58 0.64 0.58 0.638 0.582 0.636 0.582 0.634 0.584 0.632 0.584 0.63 0.586 0.628 0.586 0.626 0.588 0.624 0.588 0.62 0.59 0.618 0.59 0.614 0.592 0.612 0.592 0.608 0.594 0.606 0.594 0.602 0.596 0.6 0.596 0.596 0.598 0.594 0.598 0.588 0.6 0.586 0.6 0.584 0.602 0.582 0.602 0.578 0.6 0.576 0.596 0.576 0.594 0.574 0.592 0.574 0.59 0.572 0.588 0.572 0.586 0.57 0.586 0.568 0.584 0.568 0.58 0.564 0.578 0.564 0.576 0.562 0.566 0.562 0.564 0.56 0.562 0.56 0.56 0.562 0.558 0.562 0.556 0.56
4 0.853 0.834 0.03 0.024 0.85 0.822 0.848 0.824 0.846 0.824 0.844 0.826 0.842 0.826 0.84 0.828 0.84 0.83 0.838 0.832 0.842 0.836 0.842 0.838 0.848 0.844 0.85 0.842 0.854 0.842 0.858 0.838 0.86 0.838 0.864 0.834 0.864 0.832 0.858 0.826 0.858 0.824 0.856 0.822
5 0.411 0.488 0.014 0.02 0.404 0.478 0.404 0.492 0.408 0.496 0.416 0.496 0.416 0.484 0.412 0.48 0.41 0.48 0.408 0.478
5 0.525 0.509 0.018 0.022 0.518 0.498 0.518 0.506 0.516 0.508 0.516 0.51 0.518 0.512 0.52 0.512 0.522 0.514 0.524 0.514 0.528 0.518 0.53 0.518 0.532 0.516 0.532 0.502 0.528 0.502 0.526 0.5 0.52 0.5
1 0.814 0.93 0.164 0.14 0.81 0.86 0.808 0.862 0.806 0.862 0.804 0.864 0.802 0.864 0.798 0.868 0.796 0.868 0.794 0.87 0.792 0.87 0.79 0.872 0.788 0.872 0.786 0.874 0.784 0.874 0.78 0.878 0.778 0.878 0.776 0.88 0.774 0.88 0.772 0.882 0.77 0.882 0.768 0.884 0.766 0.884 0.762 0.888 0.76 0.888 0.758 0.89 0.756 0.89 0.754 0.892 0.752 0.892 0.75 0.894 0.748 0.894 0.744 0.898 0.742 0.898 0.738 0.902 0.736 0.902 0.734 0.904 0.732 0.904 0.732 0.91 0.734 0.912 0.734 0.916 0.736 0.918 0.736 0.92 0.738 0.922 0.738 0.924 0.74 0.926 0.74 0.928 0.742 0.93 0.742 0.932 0.744 0.934 0.744 0.936 0.746 0.938 0.746 0.94 0.748 0.942 0.748 0.944 0.75 0.946 0.75 0.948 0.754 0.952 0.754 0.954 0.756 0.956 0.756 0.958 0.758 0.96 0.758 0.962 0.764 0.968 0.764 0.97 0.766 0.972 0.766 0.974 0.77 0.978 0.77 0.98 0.772 0.982 0.772 0.984 0.776 0.988 0.776 0.99 0.78 0.994 0.78 0.996 0.782 0.998 0.894 0.998 0.894 0.996 0.892 0.994 0.892 0.992 0.886 0.986 0.886 0.984 0.884 0.982 0.884 0.978 0.882 0.976 0.882 0.974 0.878 0.97 0.878 0.968 0.876 0.966 0.876 0.964 0.872 0.96 0.872 0.958 0.868 0.954 0.868 0.952 0.864 0.948 0.864 0.946 0.862 0.944 0.862 0.942 0.86 0.94 0.86 0.938 0.858 0.936 0.858 0.934 0.856 0.932 0.856 0.93 0.852 0.926 0.852 0.924 0.848 0.92 0.848 0.918 0.846 0.916 0.846 0.914 0.844 0.912 0.844 0.91 0.84 0.906 0.84 0.904 0.836 0.9 0.836 0.898 0.832 0.894 0.832 0.892 0.83 0.89 0.83 0.888 0.828 0.886 0.828 0.884 0.824 0.88 0.824 0.878 0.818 0.872 0.818 0.87 0.816 0.868 0.816 0.866 0.814 0.864 0.814 0.862 0.812 0.862
