4 0.196 0.796 0.024 0.028 0.192 0.782 0.188 0.786 0.188 0.788 0.186 0.79 0.186 0.794 0.184 0.796 0.184 0.802 0.188 0.806 0.194 0.806 0.196 0.808 0.202 0.808 0.204 0.806 0.204 0.804 0.206 0.802 0.206 0.784 0.202 0.784 0.2 0.782
7 0.377 0.816 0.018 0.028 0.37 0.802 0.368 0.804 0.368 0.806 0.37 0.808 0.372 0.808 0.376 0.812 0.376 0.828 0.382 0.822 0.382 0.818 0.384 0.816 0.384 0.812 0.382 0.81 0.382 0.806 0.38 0.806 0.378 0.804 0.376 0.804 0.374 0.802
3 0.012 0.771 0.024 0.074 0.0 0.734 0.0 0.806 0.002 0.806 0.006 0.802 0.006 0.8 0.008 0.798 0.008 0.796 0.01 0.794 0.01 0.788 0.012 0.786 0.012 0.78 0.014 0.778 0.014 0.772 0.016 0.77 0.016 0.766 0.018 0.764 0.018 0.758 0.02 0.756 0.02 0.752 0.022 0.75 0.022 0.746 0.02 0.744 0.02 0.742 0.018 0.742 0.016 0.74 0.014 0.74 0.012 0.738 0.01 0.738 0.008 0.736 0.004 0.736 0.002 0.734
4 0.459 0.913 0.022 0.022 0.452 0.902 0.448 0.906 0.448 0.918 0.45 0.92 0.45 0.922 0.462 0.922 0.464 0.92 0.466 0.92 0.466 0.918 0.468 0.916 0.468 0.91 0.466 0.908 0.466 0.904 0.464 0.902
5 0.611 0.505 0.022 0.026 0.61 0.492 0.608 0.494 0.604 0.494 0.602 0.496 0.602 0.5 0.6 0.502 0.6 0.506 0.602 0.508 0.602 0.512 0.604 0.514 0.608 0.514 0.61 0.516 0.612 0.514 0.616 0.514 0.62 0.51 0.62 0.496 0.618 0.496 0.616 0.494 0.612 0.494
5 0.432 0.856 0.016 0.02 0.424 0.846 0.424 0.862 0.426 0.864 0.434 0.864 0.436 0.862 0.438 0.862 0.438 0.85 0.436 0.848 0.436 0.846
5 0.044 0.654 0.016 0.02 0.044 0.644 0.042 0.646 0.04 0.646 0.036 0.65 0.036 0.658 0.038 0.66 0.04 0.66 0.042 0.662 0.046 0.662 0.05 0.658 0.05 0.65 0.048 0.65 0.044 0.646
3 0.06 0.783 0.092 0.102 0.08 0.732 0.076 0.736 0.074 0.736 0.066 0.744 0.064 0.744 0.048 0.76 0.046 0.76 0.036 0.77 0.034 0.77 0.018 0.786 0.018 0.788 0.014 0.792 0.014 0.798 0.016 0.798 0.018 0.8 0.022 0.8 0.026 0.804 0.032 0.804 0.034 0.806 0.038 0.806 0.04 0.808 0.042 0.808 0.044 0.81 0.048 0.81 0.05 0.812 0.06 0.812 0.062 0.814 0.066 0.814 0.068 0.816 0.072 0.816 0.074 0.818 0.076 0.818 0.078 0.82 0.08 0.82 0.082 0.822 0.084 0.822 0.086 0.824 0.088 0.824 0.092 0.828 0.094 0.828 0.096 0.83 0.1 0.83 0.102 0.832 0.102 0.83 0.104 0.828 0.104 0.826 0.102 0.824 0.102 0.806 0.1 0.804 0.1 0.794 0.098 0.792 0.098 0.782 0.096 0.78 0.096 0.768 0.094 0.766 0.094 0.758 0.092 0.756 0.092 0.746 0.09 0.744 0.09 0.734 0.088 0.732
5 0.371 0.863 0.014 0.018 0.364 0.854 0.364 0.866 0.366 0.868 0.366 0.87 0.376 0.87 0.376 0.856 0.374 0.856 0.372 0.854
7 0.776 0.618 0.044 0.036 0.76 0.6 0.756 0.604 0.756 0.612 0.754 0.614 0.754 0.616 0.756 0.618 0.756 0.62 0.754 0.622 0.756 0.624 0.756 0.63 0.758 0.632 0.766 0.632 0.768 0.634 0.784 0.634 0.786 0.632 0.794 0.632 0.796 0.63 0.796 0.624 0.794 0.622 0.794 0.62 0.792 0.618 0.792 0.61 0.782 0.6
