5 0.185 0.351 0.022 0.018 0.18 0.342 0.174 0.348 0.174 0.356 0.18 0.356 0.182 0.358 0.186 0.358 0.19 0.354 0.19 0.352 0.194 0.348 0.192 0.346 0.188 0.346 0.186 0.344 0.184 0.344 0.182 0.342
0 0.77 0.439 0.064 0.082 0.764 0.398 0.762 0.4 0.76 0.4 0.758 0.402 0.756 0.402 0.754 0.404 0.752 0.404 0.75 0.406 0.748 0.406 0.744 0.41 0.742 0.41 0.738 0.414 0.738 0.418 0.74 0.42 0.74 0.422 0.744 0.426 0.744 0.428 0.746 0.43 0.746 0.432 0.748 0.434 0.748 0.436 0.75 0.438 0.75 0.44 0.754 0.444 0.754 0.446 0.756 0.448 0.756 0.45 0.758 0.452 0.758 0.454 0.762 0.458 0.762 0.46 0.764 0.462 0.764 0.464 0.766 0.466 0.766 0.468 0.768 0.47 0.768 0.472 0.774 0.478 0.776 0.478 0.778 0.476 0.78 0.476 0.782 0.474 0.784 0.474 0.788 0.47 0.79 0.47 0.792 0.468 0.794 0.468 0.798 0.464 0.8 0.464 0.8 0.458 0.798 0.456 0.798 0.454 0.796 0.452 0.796 0.45 0.794 0.448 0.794 0.446 0.792 0.444 0.792 0.44 0.79 0.438 0.79 0.436 0.786 0.432 0.786 0.43 0.784 0.428 0.784 0.426 0.78 0.422 0.78 0.42 0.778 0.418 0.778 0.416 0.776 0.414 0.776 0.412 0.772 0.408 0.772 0.406 0.77 0.404 0.77 0.402 0.766 0.398
3 0.687 0.388 0.11 0.112 0.672 0.332 0.67 0.334 0.668 0.334 0.666 0.336 0.664 0.336 0.662 0.338 0.66 0.338 0.656 0.342 0.654 0.342 0.652 0.344 0.65 0.344 0.648 0.346 0.646 0.346 0.634 0.358 0.634 0.36 0.632 0.362 0.632 0.364 0.634 0.366 0.634 0.37 0.636 0.372 0.636 0.374 0.638 0.376 0.638 0.378 0.64 0.38 0.64 0.382 0.642 0.384 0.642 0.386 0.644 0.388 0.644 0.39 0.646 0.392 0.646 0.394 0.648 0.396 0.648 0.398 0.65 0.4 0.65 0.402 0.652 0.404 0.652 0.406 0.654 0.408 0.654 0.41 0.656 0.412 0.656 0.414 0.66 0.418 0.66 0.42 0.662 0.422 0.662 0.424 0.664 0.426 0.664 0.428 0.666 0.43 0.666 0.432 0.67 0.436 0.67 0.438 0.672 0.44 0.672 0.442 0.68 0.442 0.684 0.438 0.688 0.438 0.692 0.434 0.694 0.434 0.696 0.432 0.698 0.432 0.7 0.43 0.702 0.43 0.706 0.426 0.708 0.426 0.71 0.424 0.712 0.424 0.714 0.422 0.716 0.422 0.718 0.42 0.72 0.42 0.724 0.416 0.724 0.414 0.726 0.412 0.726 0.406 0.728 0.404 0.728 0.4 0.73 0.398 0.73 0.392 0.732 0.39 0.732 0.384 0.734 0.382 0.734 0.378 0.736 0.376 0.736 0.368 0.738 0.366 0.738 0.36 0.74 0.358 0.74 0.354 0.738 0.352 0.736 0.352 0.734 0.35 0.732 0.35 0.73 0.348 0.726 0.348 0.724 0.346 0.72 0.346 0.718 0.344 0.712 0.344 0.71 0.342 0.708 0.342 0.706 0.34 0.7 0.34 0.698 0.338 0.696 0.338 0.694 0.336 0.688 0.336 0.686 0.334 0.684 0.334 0.682 0.332
3 0.128 0.395 0.096 0.102 0.112 0.344 0.11 0.346 0.106 0.346 0.104 0.348 0.1 0.348 0.098 0.35 0.094 0.35 0.092 0.352 0.09 0.352 0.082 0.36 0.082 0.362 0.08 0.364 0.08 0.368 0.082 0.37 0.082 0.374 0.084 0.376 0.084 0.378 0.086 0.38 0.086 0.382 0.09 0.386 0.09 0.388 0.094 0.392 0.094 0.394 0.1 0.4 0.1 0.402 0.104 0.406 0.104 0.408 0.106 0.41 0.106 0.412 0.11 0.416 0.11 0.422 0.112 0.424 0.112 0.426 0.114 0.428 0.114 0.43 0.116 0.432 0.116 0.434 0.12 0.438 0.12 0.44 0.124 0.444 0.13 0.444 0.138 0.436 0.14 0.436 0.146 0.43 0.148 0.43 0.15 0.428 0.156 0.428 0.158 0.426 0.16 0.426 0.162 0.424 0.162 0.422 0.164 0.42 0.164 0.412 0.166 0.41 0.166 0.4 0.168 0.398 0.168 0.388 0.17 0.386 0.17 0.38 0.172 0.378 0.172 0.372 0.174 0.37 0.174 0.36 0.172 0.36 0.17 0.358 0.168 0.358 0.166 0.356 0.158 0.356 0.156 0.354 0.152 0.354 0.15 0.352 0.144 0.352 0.142 0.35 0.138 0.35 0.136 0.348 0.132 0.348 0.13 0.346 0.122 0.346 0.12 0.344
4 0.715 0.297 0.026 0.022 0.716 0.286 0.714 0.288 0.712 0.288 0.71 0.29 0.708 0.29 0.704 0.294 0.704 0.296 0.702 0.298 0.704 0.3 0.704 0.304 0.706 0.306 0.714 0.306 0.716 0.304 0.718 0.304 0.72 0.302 0.722 0.302 0.724 0.3 0.724 0.298 0.726 0.296 0.726 0.292 0.724 0.29 0.724 0.288 0.722 0.286
4 0.774 0.327 0.028 0.026 0.774 0.314 0.772 0.316 0.768 0.316 0.76 0.324 0.76 0.334 0.764 0.338 0.774 0.338 0.776 0.336 0.778 0.336 0.786 0.328 0.786 0.324 0.784 0.322 0.784 0.318 0.782 0.316 0.782 0.314
7 0.189 0.324 0.026 0.036 0.19 0.306 0.19 0.308 0.188 0.31 0.188 0.312 0.186 0.314 0.184 0.314 0.182 0.316 0.176 0.316 0.176 0.322 0.178 0.324 0.178 0.328 0.18 0.33 0.18 0.332 0.182 0.334 0.182 0.336 0.184 0.338 0.186 0.338 0.188 0.34 0.198 0.33 0.198 0.318 0.2 0.316 0.2 0.312 0.198 0.31 0.196 0.31 0.192 0.306
5 0.78 0.363 0.024 0.022 0.778 0.352 0.776 0.354 0.774 0.354 0.772 0.356 0.77 0.356 0.768 0.358 0.768 0.366 0.77 0.368 0.77 0.37 0.772 0.372 0.778 0.372 0.782 0.368 0.784 0.368 0.786 0.366 0.788 0.366 0.79 0.364 0.79 0.36 0.788 0.358 0.788 0.356 0.784 0.352
7 0.779 0.343 0.014 0.018 0.78 0.336 0.778 0.338 0.776 0.338 0.774 0.34 0.772 0.34 0.774 0.342 0.774 0.346 0.778 0.35 0.782 0.35 0.784 0.348 0.784 0.34 0.782 0.338 0.782 0.336
4 0.806 0.394 0.024 0.02 0.808 0.384 0.806 0.386 0.804 0.386 0.8 0.39 0.796 0.39 0.794 0.392 0.796 0.394 0.796 0.398 0.8 0.402 0.802 0.402 0.804 0.4 0.806 0.4 0.808 0.398 0.81 0.398 0.812 0.396 0.814 0.396 0.816 0.394 0.816 0.386 0.814 0.386 0.812 0.384
2 0.278 0.477 0.188 0.158 0.348 0.398 0.344 0.402 0.342 0.402 0.34 0.404 0.338 0.404 0.334 0.408 0.332 0.408 0.33 0.41 0.33 0.412 0.332 0.414 0.332 0.418 0.334 0.42 0.334 0.424 0.336 0.426 0.336 0.428 0.332 0.432 0.33 0.432 0.328 0.434 0.326 0.434 0.322 0.438 0.32 0.438 0.318 0.44 0.316 0.44 0.314 0.442 0.312 0.442 0.31 0.444 0.308 0.444 0.304 0.448 0.302 0.448 0.3 0.45 0.298 0.45 0.296 0.452 0.294 0.452 0.292 0.454 0.29 0.454 0.288 0.456 0.286 0.456 0.282 0.46 0.28 0.46 0.278 0.462 0.276 0.462 0.274 0.464 0.272 0.464 0.27 0.466 0.268 0.466 0.264 0.47 0.262 0.47 0.26 0.472 0.258 0.472 0.256 0.474 0.254 0.474 0.252 0.476 0.25 0.476 0.246 0.48 0.244 0.48 0.242 0.482 0.24 0.482 0.238 0.484 0.236 0.484 0.234 0.486 0.232 0.486 0.228 0.49 0.226 0.49 0.224 0.492 0.222 0.492 0.22 0.494 0.218 0.494 0.216 0.496 0.214 0.496 0.21 0.5 0.208 0.5 0.206 0.502 0.204 0.502 0.202 0.504 0.2 0.504 0.198 0.506 0.196 0.506 0.192 0.51 0.19 0.51 0.188 0.512 0.186 0.512 0.184 0.514 0.19 0.52 0.19 0.522 0.194 0.526 0.194 0.528 0.2 0.534 0.2 0.536 0.204 0.54 0.204 0.542 0.21 0.548 0.21 0.55 0.214 0.554 0.216 0.552 0.218 0.552 0.22 0.55 0.222 0.55 0.224 0.548 0.226 0.548 0.228 0.546 0.23 0.546 0.232 0.544 0.234 0.544 0.236 0.542 0.238 0.542 0.24 0.54 0.242 0.54 0.244 0.538 0.246 0.538 0.248 0.536 0.25 0.536 0.252 0.534 0.254 0.534 0.256 0.532 0.258 0.532 0.26 0.53 0.262 0.53 0.264 0.528 0.266 0.528 0.268 0.526 0.27 0.526 0.272 0.524 0.274 0.524 0.276 0.522 0.278 0.522 0.28 0.52 0.282 0.52 0.284 0.518 0.286 0.518 0.288 0.516 0.29 0.516 0.292 0.514 0.294 0.514 0.296 0.512 0.298 0.512 0.3 0.51 0.302 0.51 0.304 0.508 0.306 0.508 0.308 0.506 0.31 0.506 0.312 0.504 0.312 0.502 0.31 0.5 0.31 0.496 0.308 0.494 0.308 0.488 0.306 0.486 0.306 0.482 0.304 0.48 0.304 0.478 0.308 0.474 0.31 0.474 0.314 0.47 0.316 0.47 0.318 0.468 0.32 0.468 0.324 0.464 0.326 0.464 0.328 0.462 0.33 0.462 0.332 0.46 0.334 0.46 0.338 0.456 0.34 0.456 0.342 0.454 0.344 0.454 0.346 0.452 0.348 0.452 0.352 0.448 0.354 0.448 0.356 0.446 0.358 0.446 0.36 0.444 0.362 0.444 0.366 0.44 0.368 0.44 0.37 0.438 0.368 0.436 0.368 0.434 0.366 0.432 0.366 0.43 0.364 0.428 0.364 0.426 0.362 0.424 0.362 0.422 0.36 0.42 0.36 0.418 0.356 0.414 0.356 0.412 0.354 0.41 0.354 0.408 0.352 0.406 0.352 0.404 0.35 0.402 0.35 0.4
