7 0.012 0.048 0.024 0.032 0.0 0.032 0.0 0.056 0.002 0.056 0.006 0.06 0.01 0.06 0.012 0.062 0.014 0.062 0.018 0.058 0.018 0.056 0.02 0.054 0.02 0.052 0.022 0.05 0.022 0.044 0.02 0.042 0.018 0.042 0.016 0.04 0.014 0.04 0.01 0.036 0.008 0.036 0.006 0.034 0.004 0.034 0.002 0.032
2 0.223 0.68 0.062 0.08 0.246 0.64 0.24 0.646 0.24 0.648 0.232 0.656 0.232 0.658 0.226 0.664 0.226 0.666 0.22 0.672 0.22 0.674 0.212 0.682 0.212 0.684 0.206 0.69 0.206 0.692 0.198 0.7 0.198 0.702 0.192 0.708 0.2 0.716 0.202 0.716 0.204 0.714 0.204 0.712 0.208 0.708 0.208 0.706 0.212 0.702 0.212 0.7 0.216 0.696 0.216 0.694 0.22 0.69 0.22 0.688 0.224 0.684 0.224 0.682 0.228 0.678 0.228 0.676 0.232 0.672 0.232 0.67 0.236 0.666 0.236 0.664 0.24 0.66 0.24 0.658 0.244 0.654 0.244 0.652 0.248 0.648 0.248 0.646 0.252 0.642 0.25 0.642 0.248 0.64
2 0.384 0.43 0.1 0.136 0.42 0.362 0.416 0.366 0.416 0.368 0.41 0.374 0.41 0.376 0.406 0.38 0.406 0.382 0.4 0.388 0.4 0.39 0.396 0.394 0.396 0.396 0.392 0.4 0.392 0.402 0.386 0.408 0.386 0.41 0.382 0.414 0.382 0.416 0.378 0.42 0.378 0.422 0.372 0.428 0.372 0.43 0.368 0.434 0.368 0.436 0.362 0.442 0.362 0.444 0.358 0.448 0.358 0.45 0.354 0.454 0.354 0.456 0.348 0.462 0.348 0.464 0.344 0.468 0.344 0.47 0.338 0.476 0.338 0.478 0.334 0.482 0.334 0.484 0.344 0.494 0.346 0.494 0.348 0.492 0.348 0.49 0.352 0.486 0.352 0.484 0.356 0.48 0.356 0.478 0.36 0.474 0.36 0.472 0.364 0.468 0.364 0.466 0.368 0.462 0.368 0.46 0.372 0.456 0.372 0.454 0.376 0.45 0.376 0.448 0.38 0.444 0.38 0.442 0.384 0.438 0.384 0.436 0.388 0.432 0.388 0.43 0.392 0.426 0.392 0.424 0.396 0.42 0.396 0.418 0.4 0.414 0.4 0.412 0.404 0.408 0.404 0.406 0.408 0.402 0.408 0.4 0.412 0.396 0.412 0.394 0.416 0.39 0.416 0.388 0.42 0.384 0.42 0.382 0.424 0.378 0.424 0.376 0.428 0.372 0.428 0.37 0.432 0.366 0.43 0.366 0.428 0.364 0.424 0.364 0.422 0.362
2 0.544 0.663 0.036 0.038 0.546 0.646 0.544 0.648 0.544 0.65 0.54 0.654 0.54 0.656 0.538 0.658 0.538 0.66 0.534 0.664 0.534 0.666 0.53 0.67 0.53 0.672 0.526 0.676 0.528 0.676 0.53 0.678 0.538 0.678 0.54 0.68 0.542 0.68 0.55 0.672 0.55 0.67 0.56 0.66 0.56 0.658 0.548 0.646
2 0.664 0.483 0.028 0.03 0.666 0.468 0.662 0.472 0.662 0.474 0.66 0.476 0.66 0.478 0.656 0.482 0.656 0.484 0.654 0.486 0.654 0.488 0.65 0.492 0.652 0.492 0.654 0.494 0.658 0.494 0.66 0.496 0.662 0.496 0.666 0.492 0.666 0.49 0.672 0.484 0.672 0.482 0.676 0.478
2 0.737 0.375 0.03 0.034 0.74 0.358 0.736 0.362 0.736 0.364 0.732 0.368 0.732 0.37 0.73 0.372 0.73 0.374 0.726 0.378 0.726 0.38 0.722 0.384 0.724 0.386 0.728 0.386 0.73 0.388 0.732 0.388 0.734 0.39 0.738 0.386 0.738 0.384 0.742 0.38 0.742 0.378 0.746 0.374 0.746 0.372 0.75 0.368
2 0.471 0.77 0.03 0.032 0.474 0.756 0.47 0.76 0.47 0.762 0.462 0.77 0.462 0.772 0.456 0.778 0.458 0.778 0.46 0.78 0.464 0.78 0.466 0.782 0.47 0.782 0.472 0.784 0.474 0.782 0.474 0.78 0.476 0.778 0.476 0.776 0.48 0.772 0.48 0.77 0.482 0.768 0.482 0.766 0.484 0.764 0.476 0.756
7 0.215 0.992 0.03 0.016 0.212 0.984 0.202 0.994 0.202 0.996 0.2 0.998 0.228 0.998 0.228 0.994 0.226 0.992 0.226 0.99 0.224 0.99 0.22 0.986 0.218 0.986 0.216 0.984
7 0.302 0.963 0.008 0.01 0.3 0.958 0.298 0.96 0.298 0.964 0.3 0.966 0.304 0.966 0.304 0.958
7 0.313 0.833 0.018 0.018 0.31 0.824 0.308 0.826 0.308 0.828 0.306 0.83 0.306 0.832 0.304 0.834 0.304 0.838 0.306 0.838 0.308 0.84 0.316 0.84 0.318 0.838 0.318 0.836 0.32 0.834 0.32 0.828 0.318 0.828 0.316 0.826 0.314 0.826 0.312 0.824
5 0.339 0.82 0.034 0.032 0.332 0.804 0.33 0.806 0.328 0.806 0.328 0.808 0.324 0.812 0.324 0.814 0.322 0.816 0.322 0.82 0.33 0.828 0.332 0.828 0.334 0.83 0.336 0.83 0.338 0.832 0.342 0.832 0.344 0.834 0.346 0.834 0.35 0.83 0.35 0.828 0.352 0.826 0.352 0.824 0.354 0.822 0.354 0.818 0.352 0.816 0.352 0.814 0.35 0.814 0.346 0.81 0.344 0.81 0.342 0.808 0.34 0.808 0.336 0.804
7 0.339 0.674 0.022 0.024 0.334 0.662 0.328 0.668 0.328 0.676 0.332 0.68 0.332 0.682 0.334 0.682 0.336 0.684 0.344 0.684 0.346 0.682 0.346 0.68 0.348 0.678 0.348 0.67 0.344 0.666 0.344 0.664 0.342 0.662
7 0.494 0.552 0.02 0.02 0.492 0.542 0.492 0.544 0.49 0.546 0.49 0.548 0.486 0.552 0.486 0.554 0.484 0.556 0.488 0.56 0.494 0.56 0.496 0.558 0.496 0.556 0.5 0.552 0.5 0.55 0.502 0.548 0.5 0.546 0.5 0.544 0.498 0.544 0.496 0.542
7 0.548 0.473 0.016 0.022 0.548 0.462 0.546 0.464 0.544 0.464 0.544 0.466 0.542 0.468 0.542 0.47 0.54 0.472 0.54 0.48 0.542 0.482 0.548 0.482 0.548 0.48 0.552 0.476 0.552 0.472 0.554 0.47 0.554 0.466 0.552 0.464 0.55 0.464
7 0.007 0.351 0.014 0.034 0.0 0.334 0.0 0.366 0.006 0.36 0.006 0.358 0.012 0.352 0.012 0.344 0.008 0.34 0.006 0.34
7 0.017 0.212 0.034 0.032 0.008 0.196 0.006 0.198 0.004 0.198 0.004 0.2 0.002 0.202 0.002 0.204 0.0 0.206 0.0 0.212 0.002 0.214 0.004 0.214 0.008 0.218 0.01 0.218 0.016 0.224 0.018 0.224 0.02 0.226 0.022 0.226 0.03 0.218 0.03 0.216 0.032 0.214 0.032 0.21 0.028 0.206 0.026 0.206 0.022 0.202 0.02 0.202 0.018 0.2 0.016 0.2 0.014 0.198 0.012 0.198 0.01 0.196
7 0.087 0.104 0.03 0.032 0.078 0.088 0.078 0.09 0.076 0.092 0.076 0.094 0.072 0.098 0.072 0.104 0.08 0.112 0.082 0.112 0.088 0.118 0.094 0.118 0.096 0.116 0.096 0.112 0.098 0.11 0.098 0.106 0.1 0.104 0.1 0.102 0.098 0.1 0.096 0.1 0.084 0.088
7 0.356 0.761 0.016 0.022 0.352 0.75 0.35 0.752 0.35 0.756 0.348 0.758 0.348 0.764 0.352 0.768 0.354 0.768 0.356 0.77 0.36 0.766 0.36 0.762 0.362 0.76 0.362 0.754 0.36 0.752 0.358 0.752 0.356 0.75
7 0.387 0.785 0.014 0.014 0.38 0.778 0.38 0.788 0.382 0.79 0.39 0.79 0.39 0.788 0.392 0.786 0.392 0.782 0.388 0.778
2 0.145 0.833 0.066 0.082 0.156 0.792 0.142 0.806 0.142 0.81 0.138 0.814 0.138 0.818 0.132 0.824 0.132 0.826 0.13 0.828 0.13 0.83 0.128 0.832 0.128 0.834 0.124 0.838 0.124 0.84 0.12 0.844 0.12 0.846 0.118 0.848 0.118 0.85 0.112 0.856 0.114 0.856 0.118 0.86 0.12 0.86 0.126 0.866 0.128 0.866 0.132 0.87 0.134 0.87 0.134 0.868 0.138 0.864 0.138 0.862 0.14 0.86 0.14 0.858 0.144 0.854 0.144 0.852 0.148 0.848 0.148 0.846 0.15 0.844 0.15 0.842 0.154 0.838 0.154 0.836 0.158 0.832 0.158 0.83 0.162 0.826 0.162 0.824 0.164 0.822 0.164 0.82 0.168 0.816 0.168 0.814 0.17 0.812 0.17 0.81 0.172 0.808 0.172 0.806 0.174 0.804 0.174 0.8 0.176 0.798 0.174 0.798 0.172 0.796 0.17 0.796 0.168 0.794 0.166 0.794 0.164 0.792
