5 0.208 0.654 0.024 0.02 0.208 0.644 0.206 0.646 0.206 0.648 0.204 0.65 0.202 0.65 0.198 0.654 0.198 0.656 0.196 0.658 0.196 0.66 0.198 0.662 0.2 0.662 0.202 0.66 0.204 0.66 0.208 0.656 0.21 0.656 0.216 0.65 0.218 0.65 0.218 0.648 0.216 0.646 0.214 0.646 0.212 0.644
5 0.039 0.034 0.026 0.036 0.036 0.016 0.032 0.02 0.03 0.02 0.028 0.022 0.028 0.026 0.026 0.028 0.026 0.032 0.028 0.034 0.028 0.038 0.032 0.042 0.032 0.044 0.034 0.046 0.034 0.048 0.036 0.05 0.042 0.05 0.044 0.048 0.044 0.038 0.05 0.032 0.05 0.028 0.048 0.026 0.048 0.022 0.046 0.02 0.046 0.018 0.044 0.016
0 0.705 0.32 0.118 0.1 0.738 0.27 0.734 0.274 0.732 0.274 0.724 0.282 0.722 0.282 0.716 0.288 0.714 0.288 0.706 0.296 0.704 0.296 0.7 0.3 0.698 0.3 0.694 0.304 0.692 0.304 0.686 0.31 0.684 0.31 0.678 0.316 0.676 0.316 0.67 0.322 0.668 0.322 0.662 0.328 0.66 0.328 0.65 0.338 0.648 0.338 0.646 0.34 0.646 0.344 0.652 0.35 0.652 0.352 0.658 0.358 0.658 0.36 0.662 0.364 0.662 0.366 0.664 0.368 0.674 0.368 0.68 0.362 0.682 0.362 0.688 0.356 0.69 0.356 0.694 0.352 0.696 0.352 0.704 0.344 0.706 0.344 0.712 0.338 0.714 0.338 0.718 0.334 0.72 0.334 0.726 0.328 0.728 0.328 0.734 0.322 0.736 0.322 0.742 0.316 0.744 0.316 0.75 0.31 0.752 0.31 0.758 0.304 0.76 0.304 0.762 0.302 0.762 0.298 0.76 0.296 0.76 0.294 0.754 0.288 0.754 0.286 0.748 0.28 0.748 0.278 0.744 0.274 0.744 0.272 0.742 0.27
1 0.413 0.559 0.134 0.134 0.416 0.492 0.412 0.496 0.41 0.496 0.398 0.508 0.396 0.508 0.39 0.514 0.388 0.514 0.38 0.522 0.378 0.522 0.37 0.53 0.368 0.53 0.354 0.544 0.352 0.544 0.348 0.548 0.348 0.55 0.346 0.552 0.348 0.554 0.348 0.556 0.352 0.56 0.352 0.562 0.362 0.572 0.362 0.574 0.364 0.574 0.366 0.576 0.366 0.578 0.376 0.588 0.376 0.59 0.384 0.598 0.384 0.6 0.392 0.608 0.392 0.61 0.398 0.616 0.398 0.618 0.404 0.624 0.41 0.624 0.414 0.62 0.416 0.62 0.428 0.608 0.43 0.608 0.438 0.6 0.44 0.6 0.468 0.572 0.47 0.572 0.478 0.564 0.478 0.558 0.472 0.552 0.472 0.55 0.458 0.536 0.458 0.534 0.452 0.528 0.452 0.526 0.438 0.512 0.438 0.51 0.42 0.492
5 0.986 0.991 0.028 0.018 0.998 0.982 0.994 0.986 0.992 0.986 0.99 0.988 0.978 0.988 0.974 0.992 0.974 0.994 0.972 0.996 0.972 0.998 0.998 0.998
7 0.333 0.595 0.026 0.026 0.324 0.582 0.32 0.586 0.322 0.588 0.322 0.59 0.326 0.594 0.326 0.596 0.336 0.606 0.34 0.606 0.344 0.602 0.344 0.6 0.342 0.598 0.342 0.596 0.328 0.582
7 0.303 0.564 0.018 0.024 0.294 0.552 0.294 0.558 0.296 0.56 0.296 0.562 0.3 0.566 0.3 0.568 0.302 0.57 0.302 0.572 0.304 0.572 0.306 0.574 0.31 0.57 0.31 0.564 0.308 0.564 0.302 0.558 0.302 0.556 0.3 0.554 0.296 0.554
5 0.749 0.238 0.026 0.028 0.748 0.224 0.744 0.228 0.742 0.228 0.738 0.232 0.738 0.234 0.736 0.236 0.736 0.242 0.738 0.244 0.738 0.246 0.74 0.248 0.742 0.248 0.744 0.25 0.748 0.25 0.75 0.248 0.752 0.248 0.76 0.24 0.76 0.23 0.756 0.226 0.756 0.224
1 0.313 0.651 0.13 0.134 0.306 0.584 0.304 0.586 0.302 0.586 0.298 0.59 0.296 0.59 0.29 0.596 0.288 0.596 0.278 0.606 0.276 0.606 0.27 0.612 0.268 0.612 0.26 0.62 0.258 0.62 0.248 0.63 0.248 0.636 0.25 0.638 0.25 0.64 0.256 0.646 0.256 0.648 0.266 0.658 0.266 0.66 0.274 0.668 0.274 0.67 0.282 0.678 0.282 0.68 0.296 0.694 0.296 0.696 0.304 0.704 0.304 0.706 0.306 0.708 0.306 0.71 0.31 0.714 0.31 0.716 0.314 0.716 0.318 0.712 0.32 0.712 0.324 0.708 0.326 0.708 0.328 0.706 0.33 0.706 0.336 0.7 0.338 0.7 0.342 0.696 0.344 0.696 0.35 0.69 0.352 0.69 0.36 0.682 0.362 0.682 0.376 0.668 0.376 0.664 0.362 0.65 0.362 0.648 0.36 0.648 0.358 0.646 0.358 0.644 0.346 0.632 0.346 0.63 0.338 0.622 0.338 0.62 0.334 0.616 0.334 0.614 0.332 0.612 0.332 0.61 0.326 0.604 0.326 0.602 0.316 0.592 0.316 0.59 0.31 0.584
1 0.219 0.72 0.15 0.148 0.226 0.646 0.22 0.652 0.22 0.654 0.216 0.658 0.214 0.658 0.204 0.668 0.202 0.668 0.2 0.67 0.198 0.67 0.192 0.676 0.19 0.676 0.182 0.684 0.18 0.684 0.176 0.688 0.174 0.688 0.158 0.704 0.156 0.704 0.152 0.708 0.152 0.71 0.148 0.714 0.146 0.714 0.144 0.716 0.144 0.72 0.148 0.724 0.148 0.726 0.152 0.73 0.152 0.732 0.164 0.744 0.164 0.746 0.17 0.752 0.17 0.754 0.18 0.764 0.18 0.766 0.204 0.79 0.206 0.79 0.208 0.792 0.21 0.792 0.214 0.788 0.216 0.788 0.224 0.78 0.226 0.78 0.234 0.772 0.236 0.772 0.236 0.77 0.238 0.768 0.24 0.768 0.25 0.758 0.252 0.758 0.26 0.75 0.262 0.75 0.272 0.74 0.274 0.74 0.284 0.73 0.286 0.73 0.292 0.724 0.292 0.722 0.29 0.72 0.29 0.718 0.286 0.714 0.286 0.712 0.274 0.7 0.274 0.698 0.26 0.684 0.26 0.682 0.252 0.674 0.252 0.672 0.246 0.666 0.246 0.664 0.236 0.654 0.236 0.652 0.23 0.646
4 0.654 0.271 0.028 0.026 0.654 0.258 0.652 0.26 0.65 0.26 0.646 0.264 0.644 0.264 0.64 0.268 0.64 0.272 0.642 0.274 0.642 0.276 0.648 0.282 0.656 0.282 0.666 0.272 0.666 0.27 0.664 0.268 0.664 0.264 0.658 0.258
4 0.363 0.476 0.026 0.028 0.358 0.462 0.35 0.47 0.35 0.474 0.354 0.478 0.354 0.48 0.362 0.488 0.368 0.488 0.374 0.482 0.374 0.476 0.37 0.472 0.37 0.47 0.368 0.468 0.368 0.466 0.366 0.464 0.364 0.464 0.362 0.462
4 0.319 0.512 0.03 0.032 0.318 0.496 0.316 0.498 0.314 0.498 0.304 0.508 0.308 0.512 0.308 0.514 0.32 0.526 0.324 0.526 0.332 0.518 0.332 0.512 0.328 0.508 0.328 0.506
4 0.229 0.608 0.018 0.016 0.226 0.6 0.224 0.602 0.222 0.602 0.222 0.604 0.22 0.606 0.22 0.61 0.224 0.614 0.232 0.614 0.236 0.61 0.236 0.606 0.232 0.602 0.23 0.602 0.228 0.6
