7 0.471 0.476 0.022 0.028 0.464 0.462 0.462 0.464 0.46 0.464 0.46 0.486 0.462 0.488 0.476 0.488 0.476 0.484 0.478 0.482 0.478 0.476 0.48 0.474 0.48 0.466 0.476 0.462
4 0.517 0.555 0.034 0.034 0.508 0.538 0.506 0.54 0.504 0.54 0.504 0.542 0.502 0.544 0.502 0.552 0.5 0.554 0.5 0.566 0.502 0.568 0.514 0.568 0.516 0.57 0.518 0.57 0.52 0.568 0.522 0.57 0.524 0.57 0.526 0.568 0.528 0.568 0.528 0.564 0.53 0.562 0.53 0.556 0.532 0.554 0.532 0.544 0.53 0.542 0.526 0.542 0.524 0.54 0.512 0.54 0.51 0.538
4 0.559 0.445 0.022 0.03 0.55 0.43 0.55 0.434 0.548 0.436 0.548 0.45 0.55 0.452 0.55 0.456 0.552 0.456 0.554 0.458 0.558 0.458 0.56 0.456 0.562 0.456 0.566 0.452 0.566 0.446 0.568 0.444 0.568 0.434 0.564 0.43
4 0.52 0.439 0.032 0.038 0.512 0.42 0.51 0.422 0.51 0.428 0.508 0.43 0.508 0.436 0.506 0.438 0.506 0.44 0.504 0.442 0.504 0.452 0.506 0.454 0.514 0.454 0.516 0.456 0.53 0.456 0.53 0.452 0.532 0.45 0.532 0.434 0.534 0.432 0.534 0.422 0.526 0.422 0.524 0.42
1 0.621 0.569 0.146 0.11 0.564 0.514 0.56 0.518 0.56 0.53 0.558 0.532 0.558 0.55 0.556 0.552 0.556 0.558 0.554 0.56 0.554 0.574 0.552 0.576 0.552 0.584 0.55 0.586 0.55 0.594 0.548 0.596 0.548 0.598 0.552 0.602 0.558 0.602 0.56 0.604 0.562 0.604 0.564 0.606 0.578 0.606 0.58 0.608 0.588 0.608 0.59 0.61 0.598 0.61 0.6 0.612 0.618 0.612 0.62 0.614 0.628 0.614 0.63 0.616 0.638 0.616 0.64 0.618 0.648 0.618 0.65 0.62 0.664 0.62 0.666 0.622 0.674 0.622 0.674 0.62 0.676 0.618 0.676 0.614 0.678 0.612 0.678 0.606 0.68 0.604 0.68 0.594 0.682 0.592 0.682 0.586 0.684 0.584 0.684 0.576 0.686 0.574 0.686 0.566 0.688 0.564 0.688 0.556 0.69 0.554 0.69 0.548 0.692 0.546 0.692 0.532 0.676 0.532 0.674 0.53 0.67 0.53 0.668 0.528 0.646 0.528 0.644 0.526 0.634 0.526 0.632 0.524 0.616 0.524 0.614 0.522 0.596 0.522 0.592 0.518 0.57 0.518 0.568 0.516 0.566 0.516
0 0.537 0.975 0.046 0.05 0.536 0.95 0.534 0.952 0.522 0.952 0.518 0.956 0.518 0.978 0.516 0.98 0.516 0.988 0.514 0.99 0.514 0.998 0.556 0.998 0.556 0.98 0.558 0.978 0.558 0.954 0.556 0.952 0.54 0.952 0.538 0.95
7 0.429 0.911 0.01 0.01 0.424 0.906 0.424 0.914 0.43 0.914 0.43 0.912 0.432 0.91 0.432 0.906
4 0.589 0.566 0.03 0.028 0.578 0.552 0.576 0.554 0.576 0.56 0.574 0.562 0.574 0.574 0.576 0.576 0.58 0.576 0.582 0.578 0.596 0.578 0.598 0.576 0.598 0.574 0.6 0.572 0.6 0.564 0.602 0.562 0.602 0.556 0.6 0.554 0.594 0.554 0.592 0.552
4 0.963 0.665 0.026 0.03 0.958 0.65 0.956 0.652 0.952 0.652 0.952 0.656 0.95 0.658 0.95 0.672 0.954 0.676 0.962 0.676 0.964 0.678 0.97 0.678 0.974 0.674 0.974 0.656 0.97 0.652 0.964 0.652 0.962 0.65
5 0.416 0.896 0.02 0.02 0.408 0.886 0.408 0.89 0.406 0.892 0.406 0.9 0.41 0.904 0.424 0.904 0.424 0.898 0.422 0.896 0.42 0.896 0.418 0.894 0.418 0.892 0.416 0.89 0.416 0.886
4 0.42 0.976 0.02 0.024 0.414 0.964 0.41 0.968 0.41 0.984 0.412 0.986 0.424 0.986 0.426 0.984 0.426 0.98 0.428 0.978 0.428 0.966 0.426 0.966 0.424 0.964
4 0.487 0.987 0.018 0.026 0.48 0.974 0.478 0.976 0.478 0.994 0.48 0.996 0.48 0.998 0.492 0.998 0.492 0.996 0.494 0.994 0.494 0.976 0.49 0.976 0.488 0.974
5 0.503 0.486 0.022 0.02 0.496 0.476 0.494 0.478 0.494 0.484 0.492 0.486 0.492 0.49 0.494 0.492 0.494 0.494 0.508 0.494 0.51 0.492 0.51 0.488 0.512 0.486 0.512 0.48 0.508 0.476
5 0.621 0.505 0.022 0.022 0.614 0.494 0.612 0.496 0.612 0.498 0.61 0.5 0.61 0.51 0.612 0.512 0.618 0.512 0.62 0.514 0.626 0.514 0.628 0.512 0.628 0.504 0.63 0.502 0.63 0.498 0.628 0.496 0.62 0.496 0.618 0.494
7 0.468 0.918 0.016 0.016 0.472 0.91 0.47 0.912 0.46 0.912 0.46 0.922 0.462 0.924 0.47 0.924 0.474 0.92 0.474 0.91
5 0.535 0.925 0.022 0.022 0.528 0.916 0.526 0.918 0.526 0.924 0.524 0.926 0.524 0.928 0.528 0.932 0.532 0.932 0.534 0.934 0.538 0.934 0.54 0.932 0.54 0.926 0.542 0.924 0.542 0.918 0.534 0.918 0.532 0.916
4 0.45 0.879 0.016 0.018 0.444 0.87 0.444 0.876 0.442 0.878 0.442 0.884 0.448 0.884 0.45 0.886 0.454 0.886 0.454 0.88 0.456 0.878 0.456 0.872 0.45 0.872 0.448 0.87
4 0.407 0.87 0.014 0.016 0.402 0.862 0.402 0.868 0.4 0.87 0.4 0.876 0.41 0.876 0.41 0.87 0.412 0.868 0.412 0.864 0.408 0.864 0.406 0.862
