4 0.694 0.125 0.02 0.026 0.69 0.112 0.686 0.116 0.686 0.122 0.684 0.124 0.684 0.132 0.686 0.134 0.69 0.134 0.692 0.136 0.698 0.136 0.7 0.134 0.7 0.132 0.702 0.13 0.702 0.114 0.7 0.112
5 0.022 0.483 0.02 0.03 0.02 0.468 0.016 0.472 0.016 0.476 0.014 0.478 0.014 0.488 0.012 0.49 0.014 0.492 0.014 0.494 0.016 0.496 0.022 0.496 0.024 0.494 0.026 0.494 0.026 0.492 0.028 0.49 0.028 0.486 0.03 0.484 0.03 0.472 0.028 0.47 0.024 0.47 0.022 0.468
7 0.587 0.008 0.022 0.016 0.576 0.0 0.576 0.008 0.578 0.01 0.58 0.01 0.582 0.012 0.586 0.012 0.588 0.014 0.59 0.014 0.594 0.01 0.594 0.006 0.596 0.004 0.596 0.0
1 0.245 0.177 0.078 0.046 0.21 0.154 0.208 0.156 0.208 0.166 0.206 0.168 0.206 0.186 0.21 0.186 0.212 0.188 0.224 0.188 0.226 0.19 0.232 0.19 0.234 0.192 0.242 0.192 0.244 0.194 0.252 0.194 0.254 0.196 0.268 0.196 0.27 0.198 0.276 0.198 0.278 0.196 0.278 0.194 0.28 0.192 0.28 0.182 0.282 0.18 0.282 0.166 0.28 0.166 0.278 0.164 0.266 0.164 0.264 0.162 0.256 0.162 0.254 0.16 0.25 0.16 0.248 0.162 0.246 0.16 0.244 0.16 0.242 0.158 0.228 0.158 0.226 0.156 0.222 0.156 0.22 0.154
1 0.612 0.12 0.276 0.16 0.488 0.04 0.488 0.054 0.486 0.056 0.486 0.074 0.484 0.076 0.484 0.084 0.482 0.086 0.482 0.094 0.48 0.096 0.48 0.106 0.478 0.108 0.478 0.12 0.476 0.122 0.476 0.14 0.474 0.142 0.474 0.154 0.476 0.156 0.48 0.156 0.482 0.158 0.49 0.158 0.492 0.16 0.498 0.16 0.5 0.162 0.51 0.162 0.512 0.164 0.522 0.164 0.524 0.166 0.532 0.166 0.534 0.168 0.544 0.168 0.546 0.17 0.556 0.17 0.558 0.172 0.568 0.172 0.57 0.174 0.576 0.174 0.578 0.176 0.586 0.176 0.588 0.178 0.598 0.178 0.6 0.18 0.608 0.18 0.61 0.182 0.62 0.182 0.622 0.184 0.632 0.184 0.634 0.186 0.646 0.186 0.648 0.188 0.658 0.188 0.66 0.19 0.668 0.19 0.67 0.192 0.682 0.192 0.684 0.194 0.694 0.194 0.696 0.196 0.708 0.196 0.71 0.198 0.728 0.198 0.73 0.196 0.73 0.192 0.732 0.19 0.732 0.176 0.734 0.174 0.734 0.168 0.736 0.166 0.736 0.16 0.738 0.158 0.738 0.144 0.74 0.142 0.74 0.13 0.742 0.128 0.742 0.12 0.744 0.118 0.744 0.112 0.746 0.11 0.746 0.098 0.748 0.096 0.748 0.082 0.744 0.078 0.734 0.078 0.732 0.076 0.722 0.076 0.72 0.074 0.708 0.074 0.706 0.072 0.698 0.072 0.696 0.07 0.682 0.07 0.68 0.068 0.672 0.068 0.67 0.066 0.66 0.066 0.658 0.064 0.648 0.064 0.646 0.062 0.632 0.062 0.63 0.06 0.622 0.06 0.62 0.058 0.61 0.058 0.608 0.056 0.598 0.056 0.596 0.054 0.584 0.054 0.582 0.052 0.572 0.052 0.57 0.05 0.556 0.05 0.554 0.048 0.546 0.048 0.544 0.046 0.532 0.046 0.53 0.044 0.52 0.044 0.518 0.042 0.508 0.042 0.506 0.04
1 0.357 0.021 0.046 0.042 0.338 0.0 0.338 0.004 0.336 0.006 0.336 0.014 0.334 0.016 0.334 0.03 0.336 0.032 0.338 0.032 0.34 0.034 0.348 0.034 0.35 0.036 0.354 0.036 0.356 0.038 0.362 0.038 0.364 0.04 0.37 0.04 0.372 0.038 0.372 0.034 0.374 0.032 0.374 0.026 0.376 0.024 0.376 0.012 0.378 0.01 0.378 0.0
5 0.621 0.007 0.018 0.014 0.612 0.0 0.612 0.008 0.616 0.012 0.624 0.012 0.626 0.01 0.626 0.006 0.628 0.004 0.628 0.0
7 0.625 0.038 0.014 0.012 0.622 0.032 0.618 0.036 0.618 0.038 0.622 0.042 0.626 0.042 0.628 0.04 0.63 0.04 0.63 0.034 0.628 0.034 0.626 0.032
7 0.469 0.526 0.01 0.012 0.466 0.52 0.464 0.522 0.464 0.526 0.466 0.528 0.466 0.53 0.472 0.53 0.472 0.52
7 0.419 0.465 0.014 0.014 0.414 0.458 0.412 0.46 0.412 0.466 0.416 0.47 0.422 0.47 0.422 0.468 0.424 0.466 0.424 0.462 0.42 0.458
5 0.492 0.575 0.024 0.034 0.486 0.558 0.484 0.56 0.482 0.56 0.482 0.566 0.48 0.568 0.48 0.588 0.482 0.59 0.498 0.59 0.5 0.588 0.5 0.584 0.502 0.582 0.502 0.562 0.5 0.56 0.494 0.56 0.492 0.558
4 0.612 0.111 0.02 0.03 0.606 0.096 0.606 0.102 0.604 0.104 0.604 0.116 0.602 0.118 0.602 0.124 0.618 0.124 0.618 0.112 0.62 0.11 0.62 0.098 0.614 0.098 0.612 0.096
3 0.065 0.53 0.13 0.244 0.034 0.408 0.034 0.41 0.032 0.412 0.032 0.418 0.03 0.42 0.03 0.428 0.028 0.43 0.028 0.436 0.026 0.438 0.026 0.444 0.024 0.446 0.024 0.454 0.022 0.456 0.022 0.462 0.02 0.464 0.02 0.466 0.022 0.466 0.024 0.468 0.028 0.468 0.03 0.47 0.032 0.47 0.034 0.472 0.034 0.474 0.032 0.476 0.032 0.484 0.03 0.486 0.03 0.492 0.028 0.494 0.028 0.496 0.026 0.498 0.02 0.498 0.018 0.5 0.012 0.5 0.012 0.502 0.01 0.504 0.01 0.508 0.008 0.51 0.008 0.514 0.006 0.516 0.006 0.53 0.004 0.532 0.004 0.56 0.002 0.562 0.002 0.588 0.0 0.59 0.0 0.632 0.002 0.632 0.004 0.634 0.012 0.634 0.014 0.636 0.022 0.636 0.024 0.638 0.032 0.638 0.034 0.64 0.042 0.64 0.044 0.642 0.052 0.642 0.054 0.644 0.064 0.644 0.066 0.646 0.074 0.646 0.076 0.648 0.084 0.648 0.086 0.65 0.09 0.65 0.09 0.646 0.092 0.644 0.092 0.634 0.094 0.632 0.094 0.622 0.096 0.62 0.096 0.61 0.098 0.608 0.098 0.598 0.1 0.596 0.1 0.586 0.102 0.584 0.102 0.574 0.104 0.572 0.104 0.562 0.106 0.56 0.106 0.55 0.108 0.548 0.108 0.536 0.11 0.534 0.11 0.526 0.112 0.524 0.112 0.514 0.114 0.512 0.114 0.502 0.116 0.5 0.116 0.49 0.118 0.488 0.118 0.478 0.12 0.476 0.12 0.466 0.122 0.464 0.122 0.454 0.124 0.452 0.124 0.442 0.126 0.44 0.126 0.43 0.128 0.428 0.128 0.424 0.124 0.424 0.122 0.422 0.11 0.422 0.108 0.42 0.098 0.42 0.096 0.418 0.084 0.418 0.082 0.416 0.072 0.416 0.07 0.414 0.06 0.414 0.058 0.412 0.046 0.412 0.044 0.41 0.038 0.41 0.036 0.408
1 0.981 0.677 0.03 0.118 0.99 0.622 0.99 0.628 0.988 0.63 0.988 0.638 0.986 0.64 0.986 0.646 0.984 0.648 0.984 0.654 0.982 0.656 0.982 0.664 0.98 0.666 0.98 0.672 0.978 0.674 0.978 0.68 0.976 0.682 0.976 0.69 0.974 0.692 0.974 0.698 0.972 0.7 0.972 0.706 0.97 0.708 0.97 0.716 0.968 0.718 0.968 0.724 0.966 0.726 0.966 0.728 0.97 0.728 0.972 0.73 0.98 0.73 0.982 0.732 0.99 0.732 0.992 0.734 0.994 0.734 0.994 0.706 0.992 0.704 0.992 0.648 0.99 0.646
7 0.465 0.502 0.018 0.016 0.464 0.494 0.462 0.496 0.456 0.496 0.456 0.504 0.458 0.506 0.464 0.506 0.466 0.508 0.468 0.506 0.47 0.506 0.472 0.504 0.472 0.496 0.47 0.494
7 0.548 0.514 0.02 0.024 0.542 0.502 0.54 0.504 0.54 0.514 0.538 0.516 0.538 0.518 0.54 0.52 0.54 0.522 0.544 0.522 0.546 0.524 0.548 0.524 0.55 0.522 0.554 0.522 0.556 0.52 0.556 0.506 0.552 0.502
