2 0.377 0.208 0.066 0.036 0.346 0.19 0.346 0.194 0.344 0.196 0.344 0.202 0.346 0.204 0.346 0.22 0.352 0.22 0.354 0.222 0.392 0.222 0.394 0.224 0.404 0.224 0.406 0.222 0.406 0.214 0.408 0.212 0.408 0.196 0.406 0.194 0.388 0.194 0.386 0.192 0.362 0.192 0.36 0.19
4 0.532 0.413 0.012 0.014 0.526 0.406 0.526 0.418 0.536 0.418 0.536 0.406
3 0.671 0.414 0.03 0.032 0.678 0.398 0.676 0.4 0.656 0.4 0.656 0.426 0.664 0.426 0.666 0.428 0.68 0.428 0.682 0.426 0.682 0.42 0.684 0.418 0.684 0.4 0.682 0.398
3 0.613 0.414 0.042 0.036 0.596 0.396 0.592 0.4 0.592 0.426 0.594 0.426 0.596 0.428 0.612 0.428 0.614 0.43 0.626 0.43 0.63 0.426 0.63 0.424 0.632 0.422 0.632 0.402 0.628 0.398 0.604 0.398 0.602 0.396
3 0.142 0.123 0.072 0.066 0.118 0.09 0.116 0.092 0.11 0.092 0.11 0.094 0.108 0.096 0.108 0.126 0.106 0.128 0.106 0.152 0.108 0.154 0.154 0.154 0.16 0.148 0.16 0.146 0.17 0.136 0.17 0.134 0.172 0.132 0.174 0.132 0.176 0.13 0.176 0.118 0.174 0.116 0.172 0.116 0.17 0.114 0.17 0.11 0.164 0.104 0.164 0.102 0.16 0.098 0.16 0.096 0.154 0.09
4 0.617 0.284 0.026 0.024 0.606 0.272 0.604 0.274 0.604 0.29 0.608 0.294 0.624 0.294 0.628 0.29 0.628 0.274 0.626 0.272
4 0.131 0.057 0.018 0.014 0.124 0.05 0.122 0.052 0.122 0.058 0.124 0.06 0.126 0.06 0.128 0.062 0.134 0.062 0.136 0.06 0.136 0.058 0.138 0.056 0.136 0.054 0.136 0.052 0.134 0.052 0.132 0.05
3 0.467 0.415 0.066 0.066 0.466 0.382 0.464 0.384 0.44 0.384 0.438 0.386 0.436 0.386 0.436 0.406 0.434 0.408 0.436 0.41 0.436 0.412 0.434 0.414 0.434 0.416 0.436 0.418 0.436 0.42 0.434 0.422 0.434 0.424 0.436 0.426 0.436 0.438 0.438 0.44 0.438 0.442 0.44 0.444 0.448 0.444 0.45 0.446 0.464 0.446 0.466 0.444 0.472 0.444 0.474 0.442 0.488 0.442 0.49 0.44 0.492 0.44 0.496 0.436 0.496 0.41 0.498 0.408 0.498 0.39 0.496 0.388 0.496 0.384 0.494 0.382
7 0.558 0.447 0.016 0.022 0.554 0.436 0.552 0.438 0.552 0.442 0.55 0.444 0.55 0.448 0.552 0.45 0.552 0.452 0.556 0.456 0.56 0.456 0.564 0.452 0.564 0.438 0.562 0.436
7 0.475 0.456 0.014 0.02 0.472 0.446 0.468 0.45 0.468 0.462 0.47 0.464 0.474 0.464 0.478 0.46 0.478 0.458 0.48 0.456 0.48 0.446
5 0.407 0.505 0.014 0.018 0.404 0.496 0.402 0.498 0.4 0.498 0.4 0.51 0.402 0.512 0.412 0.512 0.412 0.498 0.41 0.498 0.408 0.496
7 0.433 0.499 0.034 0.03 0.422 0.484 0.42 0.486 0.42 0.488 0.418 0.49 0.418 0.5 0.416 0.502 0.416 0.51 0.418 0.512 0.434 0.512 0.434 0.51 0.436 0.508 0.436 0.506 0.438 0.504 0.44 0.504 0.442 0.502 0.446 0.502 0.446 0.5 0.448 0.498 0.448 0.496 0.446 0.494 0.446 0.492 0.442 0.492 0.438 0.488 0.438 0.486 0.436 0.484
7 0.481 0.496 0.01 0.012 0.478 0.49 0.476 0.492 0.476 0.498 0.478 0.5 0.48 0.5 0.484 0.496 0.484 0.494 0.482 0.492 0.482 0.49
3 0.416 0.582 0.04 0.044 0.418 0.56 0.416 0.562 0.398 0.562 0.396 0.564 0.396 0.6 0.398 0.602 0.43 0.602 0.432 0.6 0.432 0.572 0.434 0.57 0.434 0.562 0.43 0.562 0.428 0.56
4 0.12 0.257 0.02 0.022 0.112 0.246 0.11 0.248 0.11 0.264 0.114 0.264 0.116 0.266 0.122 0.266 0.124 0.264 0.126 0.264 0.128 0.262 0.128 0.248 0.126 0.248 0.124 0.246
4 0.498 0.235 0.02 0.026 0.49 0.222 0.488 0.224 0.488 0.242 0.49 0.244 0.492 0.244 0.494 0.246 0.498 0.246 0.5 0.244 0.504 0.244 0.506 0.242 0.506 0.224 0.504 0.222
4 0.268 0.237 0.016 0.014 0.262 0.23 0.26 0.232 0.26 0.24 0.262 0.242 0.272 0.242 0.272 0.24 0.274 0.238 0.274 0.232 0.272 0.23
4 0.433 0.098 0.022 0.024 0.424 0.086 0.422 0.088 0.422 0.106 0.428 0.106 0.43 0.108 0.438 0.108 0.44 0.106 0.44 0.102 0.442 0.1 0.442 0.092 0.44 0.09 0.44 0.088 0.438 0.086
4 0.662 0.204 0.02 0.024 0.658 0.192 0.656 0.194 0.654 0.194 0.652 0.196 0.652 0.212 0.654 0.214 0.668 0.214 0.67 0.212 0.67 0.194 0.668 0.194 0.666 0.192
4 0.617 0.204 0.026 0.024 0.608 0.192 0.604 0.196 0.604 0.214 0.622 0.214 0.624 0.212 0.626 0.212 0.626 0.208 0.628 0.206 0.628 0.196 0.624 0.192
3 0.669 0.48 0.042 0.032 0.652 0.464 0.65 0.466 0.65 0.468 0.648 0.47 0.648 0.49 0.65 0.492 0.672 0.492 0.674 0.494 0.68 0.494 0.682 0.492 0.682 0.49 0.684 0.488 0.682 0.486 0.688 0.48 0.688 0.466 0.686 0.466 0.684 0.464 0.68 0.464 0.678 0.466 0.662 0.466 0.66 0.464
4 0.144 0.194 0.02 0.032 0.138 0.178 0.136 0.18 0.136 0.182 0.134 0.184 0.134 0.204 0.136 0.206 0.136 0.208 0.148 0.208 0.152 0.204 0.152 0.184 0.148 0.18 0.144 0.18 0.142 0.178
7 0.521 0.515 0.01 0.014 0.516 0.508 0.516 0.52 0.522 0.52 0.524 0.518 0.524 0.51 0.522 0.51 0.52 0.508
4 0.311 0.804 0.014 0.012 0.304 0.798 0.304 0.804 0.306 0.806 0.308 0.806 0.31 0.808 0.312 0.808 0.314 0.806 0.316 0.806 0.316 0.798
4 0.404 0.804 0.012 0.012 0.4 0.798 0.398 0.8 0.398 0.804 0.4 0.806 0.402 0.806 0.404 0.808 0.406 0.806 0.408 0.806 0.408 0.8 0.406 0.798
4 0.526 0.103 0.024 0.022 0.518 0.092 0.516 0.094 0.516 0.096 0.514 0.098 0.514 0.104 0.516 0.106 0.516 0.11 0.518 0.11 0.52 0.112 0.532 0.112 0.536 0.108 0.536 0.098 0.534 0.096 0.534 0.092
4 0.25 0.869 0.012 0.014 0.246 0.862 0.244 0.864 0.244 0.87 0.248 0.874 0.25 0.874 0.252 0.872 0.254 0.872 0.254 0.864 0.252 0.862
4 0.252 0.178 0.02 0.02 0.248 0.168 0.246 0.17 0.244 0.17 0.242 0.172 0.242 0.182 0.246 0.186 0.256 0.186 0.258 0.184 0.26 0.184 0.26 0.17 0.254 0.17 0.252 0.168
7 0.431 0.888 0.014 0.012 0.428 0.882 0.426 0.884 0.424 0.884 0.424 0.89 0.426 0.892 0.434 0.892 0.436 0.89 0.436 0.882
7 0.07 0.956 0.016 0.016 0.064 0.948 0.062 0.95 0.062 0.96 0.064 0.962 0.074 0.962 0.076 0.96 0.076 0.95 0.074 0.948
7 0.108 0.994 0.012 0.012 0.106 0.988 0.102 0.992 0.102 0.998 0.112 0.998 0.112 0.992 0.108 0.988
4 0.194 0.113 0.02 0.022 0.19 0.102 0.188 0.104 0.186 0.104 0.186 0.106 0.184 0.108 0.184 0.12 0.186 0.12 0.188 0.122 0.196 0.122 0.198 0.12 0.2 0.12 0.202 0.118 0.202 0.106 0.2 0.104 0.196 0.104 0.194 0.102
3 0.156 0.376 0.076 0.048 0.148 0.352 0.144 0.356 0.142 0.356 0.142 0.358 0.126 0.374 0.126 0.376 0.118 0.384 0.118 0.386 0.124 0.392 0.128 0.392 0.13 0.394 0.17 0.394 0.172 0.396 0.188 0.396 0.19 0.394 0.19 0.39 0.192 0.388 0.192 0.386 0.178 0.372 0.178 0.37 0.17 0.362 0.17 0.36 0.162 0.352
2 0.49 0.293 0.036 0.062 0.474 0.262 0.472 0.264 0.472 0.316 0.474 0.318 0.474 0.322 0.494 0.322 0.496 0.32 0.506 0.32 0.506 0.274 0.504 0.272 0.504 0.268 0.502 0.266 0.5 0.266 0.498 0.264 0.49 0.264 0.488 0.262
4 0.12 0.268 0.024 0.044 0.11 0.246 0.11 0.248 0.108 0.25 0.108 0.286 0.11 0.288 0.124 0.288 0.124 0.286 0.126 0.284 0.126 0.272 0.128 0.27 0.128 0.26 0.13 0.258 0.13 0.252 0.128 0.25 0.128 0.248 0.126 0.248 0.124 0.246
4 0.229 0.279 0.026 0.05 0.232 0.254 0.23 0.256 0.224 0.256 0.22 0.26 0.22 0.266 0.218 0.268 0.218 0.284 0.216 0.286 0.216 0.296 0.22 0.3 0.226 0.3 0.228 0.302 0.234 0.302 0.236 0.3 0.238 0.3 0.24 0.298 0.24 0.258 0.238 0.256 0.234 0.256
7 0.194 0.252 0.012 0.016 0.19 0.244 0.188 0.246 0.188 0.254 0.19 0.256 0.19 0.258 0.196 0.258 0.198 0.256 0.198 0.252 0.196 0.25 0.196 0.246 0.194 0.246 0.192 0.244
3 0.611 0.48 0.042 0.036 0.596 0.462 0.594 0.464 0.592 0.464 0.592 0.466 0.59 0.468 0.59 0.492 0.592 0.494 0.606 0.494 0.608 0.496 0.622 0.496 0.628 0.49 0.628 0.488 0.63 0.486 0.63 0.466 0.628 0.464 0.624 0.464 0.622 0.466 0.612 0.466 0.61 0.464 0.6 0.464 0.598 0.462
3 0.673 0.829 0.022 0.042 0.676 0.808 0.674 0.81 0.662 0.81 0.662 0.846 0.668 0.846 0.67 0.848 0.68 0.848 0.682 0.846 0.682 0.814 0.68 0.812 0.68 0.808
3 0.528 0.582 0.04 0.036 0.512 0.564 0.51 0.566 0.51 0.572 0.508 0.574 0.508 0.592 0.51 0.594 0.518 0.594 0.52 0.596 0.528 0.596 0.53 0.598 0.54 0.598 0.544 0.594 0.544 0.586 0.546 0.584 0.546 0.57 0.544 0.568 0.544 0.566 0.534 0.566 0.532 0.564
3 0.527 0.815 0.038 0.05 0.512 0.79 0.508 0.794 0.508 0.812 0.51 0.814 0.51 0.83 0.514 0.834 0.516 0.834 0.518 0.836 0.52 0.836 0.522 0.838 0.53 0.838 0.532 0.836 0.536 0.836 0.54 0.832 0.54 0.82 0.542 0.818 0.542 0.814 0.544 0.812 0.544 0.794 0.54 0.79
4 0.23 0.178 0.02 0.02 0.222 0.168 0.22 0.17 0.22 0.182 0.222 0.184 0.226 0.184 0.228 0.186 0.232 0.186 0.234 0.184 0.236 0.184 0.236 0.178 0.238 0.176 0.238 0.174 0.236 0.172 0.236 0.17 0.234 0.168
4 0.345 0.091 0.022 0.022 0.338 0.08 0.334 0.084 0.334 0.096 0.336 0.098 0.338 0.098 0.34 0.1 0.35 0.1 0.354 0.096 0.354 0.082 0.352 0.082 0.35 0.08
4 0.286 0.084 0.016 0.028 0.28 0.07 0.278 0.072 0.278 0.094 0.28 0.096 0.288 0.096 0.29 0.094 0.29 0.09 0.292 0.088 0.292 0.074 0.288 0.07
4 0.229 0.292 0.026 0.024 0.22 0.28 0.218 0.282 0.218 0.284 0.216 0.286 0.216 0.296 0.218 0.298 0.22 0.298 0.222 0.3 0.228 0.3 0.23 0.302 0.234 0.302 0.236 0.3 0.238 0.3 0.24 0.298 0.24 0.284 0.236 0.28
4 0.619 0.343 0.018 0.022 0.616 0.332 0.614 0.334 0.612 0.334 0.61 0.336 0.61 0.348 0.612 0.35 0.616 0.35 0.618 0.352 0.622 0.352 0.624 0.35 0.626 0.35 0.626 0.334 0.624 0.334 0.622 0.332
4 0.528 0.059 0.016 0.018 0.52 0.05 0.52 0.064 0.522 0.064 0.524 0.066 0.53 0.066 0.532 0.064 0.534 0.064 0.534 0.052 0.532 0.05
4 0.179 0.069 0.022 0.022 0.168 0.058 0.168 0.076 0.17 0.078 0.186 0.078 0.186 0.076 0.188 0.074 0.188 0.07 0.186 0.068 0.186 0.06 0.184 0.058
4 0.66 0.345 0.02 0.022 0.654 0.334 0.652 0.336 0.65 0.336 0.65 0.35 0.654 0.354 0.664 0.354 0.666 0.352 0.668 0.352 0.668 0.336 0.666 0.334
4 0.525 0.472 0.026 0.028 0.52 0.458 0.518 0.46 0.514 0.46 0.512 0.462 0.512 0.478 0.516 0.482 0.518 0.482 0.52 0.484 0.526 0.484 0.528 0.482 0.532 0.482 0.534 0.48 0.534 0.468 0.536 0.466 0.536 0.462 0.534 0.46 0.53 0.46 0.528 0.458
4 0.37 0.537 0.028 0.026 0.358 0.524 0.358 0.526 0.356 0.528 0.356 0.532 0.358 0.534 0.358 0.54 0.36 0.542 0.36 0.546 0.362 0.548 0.378 0.548 0.38 0.546 0.38 0.536 0.382 0.534 0.382 0.524
4 0.479 0.542 0.014 0.016 0.476 0.534 0.472 0.538 0.472 0.546 0.474 0.548 0.482 0.548 0.484 0.546 0.484 0.534
4 0.527 0.549 0.03 0.022 0.516 0.538 0.514 0.54 0.514 0.542 0.512 0.544 0.512 0.558 0.538 0.558 0.54 0.556 0.54 0.542 0.538 0.54 0.536 0.54 0.534 0.538
3 0.652 0.911 0.064 0.102 0.658 0.86 0.658 0.862 0.646 0.874 0.646 0.876 0.622 0.9 0.622 0.902 0.62 0.904 0.62 0.914 0.622 0.916 0.624 0.916 0.658 0.95 0.658 0.952 0.66 0.954 0.66 0.956 0.664 0.96 0.666 0.96 0.668 0.958 0.67 0.958 0.672 0.96 0.68 0.96 0.68 0.954 0.682 0.952 0.682 0.948 0.68 0.946 0.68 0.938 0.682 0.936 0.682 0.924 0.68 0.922 0.682 0.92 0.682 0.918 0.68 0.916 0.68 0.884 0.682 0.882 0.682 0.862 0.68 0.86
3 0.478 0.943 0.092 0.066 0.444 0.91 0.442 0.912 0.434 0.912 0.432 0.914 0.432 0.972 0.434 0.972 0.436 0.974 0.454 0.974 0.456 0.972 0.486 0.972 0.488 0.97 0.512 0.97 0.516 0.966 0.516 0.962 0.518 0.96 0.518 0.95 0.52 0.948 0.52 0.932 0.522 0.93 0.522 0.914 0.52 0.912 0.45 0.912 0.448 0.91
4 0.348 0.047 0.02 0.022 0.342 0.036 0.34 0.038 0.338 0.038 0.338 0.052 0.34 0.054 0.346 0.054 0.348 0.056 0.352 0.056 0.356 0.052 0.356 0.038 0.354 0.038 0.352 0.036
4 0.435 0.054 0.022 0.024 0.426 0.042 0.424 0.044 0.424 0.058 0.426 0.06 0.426 0.062 0.43 0.062 0.432 0.064 0.44 0.064 0.442 0.062 0.444 0.062 0.444 0.044 0.442 0.042
3 0.621 0.584 0.034 0.024 0.608 0.572 0.606 0.574 0.606 0.58 0.604 0.582 0.604 0.592 0.606 0.594 0.632 0.594 0.634 0.592 0.634 0.588 0.636 0.586 0.636 0.576 0.632 0.572
4 0.605 0.611 0.026 0.026 0.6 0.598 0.598 0.6 0.592 0.6 0.592 0.62 0.594 0.622 0.612 0.622 0.614 0.62 0.614 0.614 0.616 0.612 0.616 0.606 0.614 0.604 0.614 0.602 0.612 0.6 0.606 0.6 0.604 0.598
4 0.465 0.818 0.018 0.02 0.458 0.808 0.458 0.81 0.456 0.812 0.456 0.824 0.458 0.826 0.47 0.826 0.472 0.824 0.472 0.808
4 0.379 0.945 0.014 0.014 0.376 0.938 0.372 0.942 0.372 0.944 0.374 0.946 0.374 0.95 0.382 0.95 0.382 0.948 0.384 0.946 0.384 0.944 0.382 0.942 0.382 0.94 0.38 0.938
5 0.298 0.151 0.028 0.05 0.288 0.126 0.286 0.128 0.286 0.14 0.284 0.142 0.284 0.17 0.288 0.174 0.304 0.174 0.306 0.172 0.306 0.164 0.308 0.162 0.308 0.138 0.31 0.136 0.31 0.13 0.306 0.126
5 0.563 0.375 0.042 0.026 0.542 0.362 0.542 0.374 0.544 0.376 0.548 0.376 0.55 0.378 0.554 0.378 0.562 0.386 0.578 0.386 0.582 0.382 0.582 0.364 0.58 0.364 0.578 0.362
5 0.553 0.873 0.018 0.042 0.548 0.852 0.546 0.854 0.546 0.862 0.544 0.864 0.544 0.872 0.546 0.874 0.546 0.876 0.548 0.878 0.548 0.882 0.55 0.884 0.55 0.886 0.552 0.888 0.552 0.89 0.554 0.89 0.556 0.892 0.556 0.884 0.558 0.882 0.558 0.876 0.56 0.874 0.56 0.856 0.556 0.852
3 0.672 0.986 0.02 0.028 0.662 0.972 0.662 0.984 0.664 0.986 0.664 0.998 0.68 0.998 0.68 0.986 0.678 0.984 0.678 0.972
5 0.278 0.933 0.032 0.014 0.27 0.926 0.268 0.928 0.262 0.928 0.262 0.938 0.276 0.938 0.278 0.936 0.292 0.936 0.292 0.926
5 0.375 0.894 0.022 0.04 0.364 0.874 0.364 0.882 0.366 0.884 0.366 0.902 0.368 0.904 0.368 0.912 0.384 0.912 0.384 0.874
5 0.557 0.553 0.01 0.022 0.558 0.542 0.556 0.544 0.552 0.544 0.552 0.562 0.56 0.562 0.56 0.542
4 0.427 0.54 0.026 0.032 0.414 0.524 0.414 0.554 0.438 0.554 0.438 0.528 0.434 0.528 0.432 0.526 0.42 0.526 0.418 0.524
4 0.662 0.286 0.02 0.024 0.656 0.274 0.652 0.278 0.652 0.292 0.654 0.294 0.656 0.294 0.658 0.296 0.666 0.296 0.668 0.294 0.668 0.292 0.67 0.29 0.67 0.276 0.668 0.274
7 0.389 0.285 0.05 0.038 0.374 0.266 0.372 0.268 0.368 0.268 0.366 0.27 0.366 0.276 0.364 0.278 0.364 0.298 0.366 0.3 0.366 0.302 0.41 0.302 0.412 0.3 0.412 0.27 0.41 0.268 0.406 0.268 0.404 0.266
2 0.331 0.286 0.066 0.028 0.298 0.272 0.298 0.296 0.328 0.296 0.33 0.298 0.36 0.298 0.36 0.286 0.362 0.284 0.362 0.274 0.33 0.274 0.328 0.272
2 0.151 0.414 0.086 0.04 0.108 0.394 0.108 0.398 0.11 0.4 0.11 0.412 0.112 0.414 0.112 0.426 0.114 0.428 0.114 0.432 0.122 0.432 0.124 0.43 0.142 0.43 0.144 0.428 0.162 0.428 0.164 0.426 0.182 0.426 0.184 0.424 0.192 0.424 0.192 0.398 0.172 0.398 0.17 0.396 0.13 0.396 0.128 0.394
