4 0.259 0.147 0.022 0.026 0.258 0.134 0.256 0.136 0.254 0.136 0.252 0.138 0.25 0.138 0.248 0.14 0.248 0.15 0.25 0.152 0.25 0.154 0.252 0.156 0.254 0.156 0.256 0.158 0.262 0.158 0.264 0.156 0.266 0.156 0.268 0.154 0.268 0.142 0.266 0.14 0.266 0.136 0.264 0.134
4 0.191 0.471 0.01 0.014 0.19 0.464 0.186 0.468 0.186 0.474 0.188 0.476 0.192 0.476 0.192 0.474 0.194 0.472 0.194 0.466 0.192 0.464
3 0.094 0.649 0.048 0.042 0.1 0.628 0.098 0.63 0.07 0.63 0.07 0.64 0.072 0.642 0.072 0.646 0.074 0.648 0.074 0.652 0.076 0.654 0.076 0.658 0.078 0.66 0.078 0.664 0.082 0.668 0.094 0.668 0.096 0.666 0.102 0.666 0.104 0.664 0.106 0.664 0.108 0.662 0.112 0.662 0.116 0.658 0.114 0.656 0.114 0.654 0.112 0.652 0.112 0.65 0.11 0.648 0.11 0.64 0.108 0.638 0.108 0.634 0.106 0.632 0.106 0.628
2 0.465 0.626 0.042 0.068 0.468 0.592 0.466 0.594 0.464 0.594 0.458 0.6 0.454 0.6 0.452 0.602 0.45 0.602 0.446 0.606 0.446 0.608 0.444 0.61 0.444 0.62 0.446 0.622 0.446 0.63 0.448 0.632 0.448 0.634 0.45 0.636 0.45 0.642 0.452 0.644 0.452 0.648 0.454 0.65 0.458 0.65 0.46 0.652 0.46 0.654 0.464 0.658 0.482 0.658 0.482 0.656 0.484 0.654 0.484 0.65 0.482 0.648 0.482 0.638 0.48 0.636 0.48 0.626 0.478 0.624 0.478 0.616 0.476 0.614 0.476 0.604 0.474 0.602 0.474 0.594 0.472 0.594 0.47 0.592
3 0.419 0.422 0.062 0.072 0.396 0.386 0.394 0.388 0.392 0.388 0.388 0.392 0.388 0.4 0.39 0.402 0.39 0.406 0.392 0.408 0.392 0.41 0.396 0.414 0.396 0.418 0.398 0.42 0.398 0.424 0.4 0.426 0.4 0.428 0.402 0.43 0.402 0.434 0.404 0.436 0.404 0.438 0.406 0.44 0.406 0.444 0.408 0.446 0.408 0.448 0.414 0.454 0.416 0.454 0.418 0.456 0.426 0.456 0.428 0.454 0.43 0.454 0.436 0.448 0.438 0.448 0.442 0.444 0.442 0.44 0.444 0.438 0.444 0.436 0.446 0.434 0.446 0.432 0.448 0.43 0.448 0.422 0.442 0.416 0.442 0.414 0.44 0.412 0.44 0.408 0.438 0.406 0.438 0.404 0.436 0.402 0.436 0.4 0.434 0.398 0.434 0.396 0.432 0.394 0.432 0.392 0.428 0.388 0.418 0.388 0.416 0.39 0.412 0.39 0.41 0.388 0.408 0.388 0.406 0.386
2 0.398 0.6 0.064 0.036 0.412 0.582 0.41 0.584 0.402 0.584 0.4 0.586 0.39 0.586 0.388 0.588 0.38 0.588 0.378 0.59 0.374 0.59 0.372 0.592 0.368 0.592 0.366 0.594 0.366 0.598 0.368 0.6 0.368 0.608 0.37 0.61 0.37 0.614 0.372 0.616 0.384 0.616 0.386 0.614 0.392 0.614 0.394 0.612 0.398 0.612 0.4 0.61 0.414 0.61 0.416 0.608 0.418 0.608 0.422 0.604 0.422 0.602 0.424 0.6 0.424 0.598 0.426 0.596 0.426 0.586 0.428 0.584 0.428 0.582
3 0.081 0.588 0.054 0.084 0.084 0.546 0.082 0.548 0.08 0.548 0.078 0.55 0.074 0.55 0.072 0.552 0.068 0.552 0.066 0.554 0.062 0.554 0.058 0.558 0.056 0.558 0.054 0.56 0.054 0.57 0.056 0.572 0.056 0.58 0.058 0.582 0.058 0.586 0.06 0.588 0.06 0.592 0.062 0.594 0.062 0.598 0.064 0.6 0.064 0.614 0.066 0.616 0.066 0.62 0.07 0.624 0.07 0.628 0.098 0.628 0.1 0.626 0.106 0.626 0.106 0.614 0.104 0.612 0.104 0.606 0.102 0.604 0.102 0.594 0.1 0.592 0.1 0.586 0.098 0.584 0.098 0.58 0.096 0.578 0.096 0.574 0.094 0.572 0.094 0.568 0.092 0.566 0.092 0.562 0.09 0.56 0.09 0.554 0.088 0.552 0.088 0.548 0.086 0.546
4 0.582 0.915 0.02 0.05 0.576 0.89 0.572 0.894 0.572 0.9 0.574 0.902 0.574 0.916 0.576 0.918 0.576 0.93 0.578 0.932 0.578 0.936 0.58 0.938 0.588 0.938 0.59 0.936 0.59 0.926 0.588 0.924 0.588 0.91 0.586 0.908 0.586 0.9 0.584 0.898 0.584 0.892 0.582 0.89
7 0.644 0.868 0.012 0.016 0.64 0.86 0.64 0.862 0.638 0.864 0.638 0.866 0.64 0.868 0.64 0.874 0.648 0.874 0.648 0.864 0.646 0.862 0.646 0.86
7 0.622 0.695 0.024 0.062 0.614 0.664 0.61 0.668 0.61 0.69 0.612 0.692 0.612 0.702 0.614 0.704 0.614 0.71 0.616 0.712 0.616 0.72 0.618 0.722 0.62 0.722 0.622 0.724 0.624 0.722 0.628 0.722 0.63 0.72 0.63 0.692 0.632 0.69 0.632 0.688 0.63 0.686 0.63 0.676 0.632 0.674 0.63 0.672 0.63 0.67 0.628 0.668 0.628 0.666 0.624 0.666 0.622 0.664
3 0.54 0.554 0.032 0.02 0.538 0.544 0.536 0.546 0.53 0.546 0.528 0.548 0.526 0.548 0.526 0.55 0.524 0.552 0.524 0.56 0.526 0.562 0.54 0.562 0.542 0.56 0.548 0.56 0.55 0.558 0.552 0.558 0.554 0.556 0.554 0.55 0.552 0.548 0.552 0.546 0.55 0.544
7 0.24 0.507 0.012 0.014 0.24 0.5 0.238 0.502 0.236 0.502 0.234 0.504 0.234 0.508 0.238 0.512 0.242 0.512 0.244 0.51 0.244 0.502 0.242 0.502
4 0.334 0.136 0.02 0.016 0.326 0.128 0.326 0.13 0.324 0.132 0.324 0.142 0.334 0.142 0.336 0.14 0.34 0.14 0.342 0.138 0.342 0.132 0.34 0.13 0.338 0.13 0.336 0.128
7 0.087 0.138 0.018 0.02 0.086 0.128 0.084 0.13 0.08 0.13 0.078 0.132 0.078 0.136 0.082 0.14 0.082 0.144 0.084 0.146 0.092 0.146 0.092 0.14 0.094 0.138 0.094 0.132 0.09 0.128
7 0.236 0.097 0.012 0.01 0.232 0.092 0.23 0.094 0.23 0.098 0.232 0.1 0.236 0.1 0.238 0.098 0.24 0.098 0.24 0.096 0.236 0.092
4 0.56 0.037 0.024 0.014 0.55 0.03 0.548 0.032 0.548 0.04 0.55 0.042 0.566 0.042 0.568 0.04 0.568 0.038 0.57 0.036 0.57 0.034 0.568 0.032 0.568 0.03
5 0.344 0.012 0.016 0.016 0.336 0.004 0.336 0.012 0.338 0.014 0.338 0.016 0.34 0.018 0.348 0.018 0.35 0.016 0.348 0.014 0.348 0.004
4 0.224 0.009 0.02 0.014 0.224 0.002 0.222 0.004 0.214 0.004 0.214 0.01 0.218 0.014 0.22 0.014 0.222 0.012 0.226 0.012 0.228 0.01 0.23 0.01 0.232 0.008 0.232 0.004 0.23 0.004 0.228 0.002
4 0.5 0.099 0.02 0.018 0.494 0.09 0.492 0.092 0.492 0.096 0.49 0.098 0.492 0.1 0.492 0.104 0.494 0.106 0.506 0.106 0.508 0.104 0.508 0.096 0.506 0.094 0.506 0.092 0.504 0.09
2 0.53 0.926 0.044 0.076 0.54 0.888 0.538 0.89 0.53 0.89 0.528 0.892 0.522 0.892 0.52 0.894 0.512 0.894 0.51 0.896 0.508 0.896 0.508 0.91 0.51 0.912 0.51 0.944 0.512 0.946 0.512 0.962 0.516 0.962 0.518 0.96 0.53 0.96 0.532 0.958 0.544 0.958 0.546 0.956 0.55 0.956 0.55 0.95 0.548 0.948 0.548 0.932 0.546 0.93 0.546 0.914 0.544 0.912 0.544 0.896 0.542 0.894 0.542 0.888
5 0.201 0.584 0.014 0.016 0.202 0.578 0.2 0.58 0.196 0.58 0.194 0.582 0.194 0.59 0.198 0.59 0.2 0.588 0.206 0.588 0.206 0.584 0.204 0.582 0.204 0.578
5 0.604 0.653 0.024 0.022 0.604 0.642 0.602 0.644 0.6 0.644 0.596 0.648 0.594 0.648 0.592 0.65 0.594 0.652 0.594 0.654 0.596 0.656 0.596 0.66 0.598 0.662 0.604 0.662 0.606 0.66 0.614 0.66 0.612 0.658 0.612 0.656 0.61 0.654 0.61 0.652 0.608 0.65 0.608 0.648 0.606 0.646 0.606 0.644
3 0.534 0.812 0.12 0.168 0.556 0.728 0.554 0.73 0.55 0.73 0.548 0.732 0.542 0.732 0.54 0.734 0.532 0.734 0.53 0.736 0.522 0.736 0.52 0.738 0.508 0.738 0.506 0.74 0.5 0.74 0.498 0.742 0.492 0.742 0.49 0.744 0.482 0.744 0.48 0.746 0.476 0.746 0.474 0.748 0.474 0.75 0.476 0.752 0.476 0.76 0.478 0.762 0.478 0.77 0.48 0.772 0.48 0.776 0.482 0.778 0.482 0.786 0.484 0.788 0.484 0.798 0.486 0.8 0.486 0.806 0.488 0.808 0.488 0.816 0.49 0.818 0.49 0.826 0.492 0.828 0.492 0.836 0.494 0.838 0.494 0.848 0.496 0.85 0.496 0.862 0.498 0.864 0.498 0.87 0.5 0.872 0.5 0.882 0.502 0.884 0.502 0.89 0.504 0.892 0.506 0.892 0.508 0.894 0.51 0.894 0.512 0.892 0.52 0.892 0.522 0.89 0.528 0.89 0.53 0.888 0.538 0.888 0.54 0.886 0.554 0.886 0.556 0.884 0.564 0.884 0.566 0.882 0.576 0.882 0.578 0.88 0.586 0.88 0.588 0.878 0.592 0.878 0.592 0.866 0.59 0.864 0.59 0.854 0.588 0.852 0.588 0.844 0.586 0.842 0.586 0.836 0.584 0.834 0.584 0.832 0.582 0.83 0.582 0.816 0.58 0.814 0.58 0.802 0.578 0.8 0.578 0.794 0.576 0.792 0.576 0.786 0.574 0.784 0.574 0.776 0.572 0.774 0.572 0.766 0.57 0.764 0.57 0.758 0.568 0.756 0.568 0.748 0.566 0.746 0.566 0.738 0.564 0.736 0.564 0.73 0.562 0.728
7 0.285 0.625 0.102 0.046 0.318 0.602 0.316 0.604 0.31 0.604 0.308 0.606 0.3 0.606 0.298 0.608 0.292 0.608 0.29 0.61 0.284 0.61 0.282 0.612 0.276 0.612 0.274 0.614 0.266 0.614 0.264 0.616 0.258 0.616 0.256 0.618 0.25 0.618 0.248 0.62 0.242 0.62 0.24 0.622 0.236 0.622 0.234 0.624 0.234 0.626 0.236 0.628 0.236 0.636 0.238 0.638 0.238 0.644 0.24 0.644 0.242 0.646 0.246 0.646 0.248 0.644 0.256 0.644 0.258 0.642 0.268 0.642 0.27 0.64 0.274 0.64 0.276 0.638 0.286 0.638 0.288 0.636 0.296 0.636 0.298 0.634 0.306 0.634 0.308 0.632 0.314 0.632 0.316 0.63 0.33 0.63 0.332 0.628 0.334 0.628 0.334 0.616 0.332 0.614 0.332 0.606 0.33 0.604 0.33 0.602
4 0.064 0.194 0.048 0.032 0.074 0.178 0.072 0.18 0.062 0.18 0.06 0.182 0.054 0.182 0.052 0.184 0.046 0.184 0.044 0.186 0.042 0.186 0.04 0.188 0.04 0.198 0.042 0.2 0.042 0.204 0.046 0.208 0.054 0.208 0.056 0.206 0.064 0.206 0.066 0.204 0.074 0.204 0.076 0.202 0.084 0.202 0.086 0.2 0.086 0.194 0.084 0.192 0.084 0.186 0.082 0.184 0.082 0.182 0.078 0.178
4 0.415 0.115 0.046 0.026 0.426 0.102 0.424 0.104 0.418 0.104 0.416 0.106 0.414 0.106 0.412 0.108 0.41 0.108 0.408 0.11 0.4 0.11 0.398 0.112 0.394 0.112 0.392 0.114 0.392 0.122 0.396 0.126 0.4 0.126 0.402 0.124 0.404 0.124 0.406 0.122 0.41 0.122 0.412 0.12 0.424 0.12 0.426 0.118 0.43 0.118 0.432 0.116 0.434 0.116 0.436 0.114 0.436 0.106 0.434 0.104 0.434 0.102
4 0.426 0.112 0.024 0.02 0.43 0.102 0.428 0.104 0.42 0.104 0.418 0.106 0.416 0.106 0.416 0.108 0.414 0.11 0.414 0.114 0.416 0.116 0.416 0.118 0.418 0.118 0.42 0.12 0.422 0.118 0.43 0.118 0.432 0.116 0.434 0.116 0.434 0.114 0.436 0.112 0.436 0.108 0.434 0.106 0.434 0.104 0.432 0.102
4 0.132 0.191 0.048 0.05 0.136 0.166 0.134 0.168 0.132 0.168 0.13 0.17 0.128 0.17 0.126 0.172 0.124 0.17 0.116 0.17 0.114 0.172 0.11 0.172 0.108 0.174 0.108 0.184 0.11 0.186 0.11 0.198 0.112 0.2 0.112 0.208 0.114 0.21 0.114 0.212 0.116 0.214 0.12 0.214 0.122 0.212 0.126 0.212 0.128 0.21 0.132 0.21 0.134 0.208 0.148 0.208 0.15 0.206 0.152 0.206 0.154 0.204 0.154 0.202 0.152 0.2 0.152 0.194 0.15 0.192 0.15 0.186 0.148 0.184 0.148 0.178 0.146 0.176 0.146 0.174 0.144 0.172 0.144 0.168 0.142 0.166
4 0.269 0.451 0.014 0.018 0.266 0.442 0.262 0.446 0.262 0.452 0.268 0.458 0.272 0.458 0.274 0.456 0.274 0.448 0.272 0.446 0.272 0.444 0.27 0.442
4 0.232 0.461 0.016 0.014 0.224 0.454 0.224 0.466 0.23 0.466 0.232 0.464 0.236 0.464 0.238 0.462 0.238 0.456 0.232 0.456 0.23 0.454
7 0.044 0.02 0.016 0.032 0.036 0.004 0.036 0.008 0.038 0.01 0.038 0.012 0.04 0.014 0.04 0.022 0.042 0.024 0.042 0.032 0.044 0.034 0.048 0.034 0.048 0.03 0.05 0.028 0.048 0.026 0.048 0.016 0.046 0.014 0.046 0.006 0.044 0.004
3 0.548 0.397 0.032 0.046 0.534 0.374 0.532 0.376 0.532 0.386 0.534 0.388 0.534 0.39 0.536 0.392 0.536 0.396 0.538 0.398 0.538 0.4 0.54 0.402 0.54 0.404 0.542 0.406 0.542 0.41 0.544 0.412 0.544 0.414 0.546 0.416 0.546 0.418 0.552 0.418 0.554 0.416 0.554 0.414 0.562 0.406 0.562 0.398 0.56 0.396 0.56 0.392 0.558 0.39 0.558 0.384 0.556 0.382 0.556 0.376 0.54 0.376 0.538 0.374
7 0.273 0.503 0.018 0.018 0.27 0.494 0.268 0.496 0.266 0.496 0.266 0.498 0.264 0.5 0.264 0.508 0.266 0.51 0.276 0.51 0.278 0.508 0.28 0.508 0.28 0.498 0.276 0.494
3 0.551 0.612 0.038 0.028 0.558 0.598 0.556 0.6 0.55 0.6 0.548 0.602 0.544 0.602 0.542 0.604 0.538 0.604 0.536 0.606 0.534 0.606 0.534 0.608 0.532 0.61 0.532 0.62 0.536 0.624 0.552 0.624 0.554 0.622 0.562 0.622 0.564 0.62 0.566 0.62 0.568 0.618 0.568 0.606 0.566 0.604 0.566 0.6 0.564 0.598
4 0.357 0.131 0.022 0.026 0.35 0.118 0.346 0.122 0.346 0.132 0.348 0.134 0.348 0.136 0.35 0.138 0.35 0.14 0.352 0.142 0.362 0.142 0.364 0.14 0.366 0.14 0.366 0.132 0.364 0.13 0.364 0.128 0.362 0.126 0.362 0.124 0.36 0.122 0.36 0.12 0.358 0.12 0.356 0.118
4 0.403 0.119 0.022 0.018 0.404 0.11 0.402 0.112 0.394 0.112 0.392 0.114 0.392 0.122 0.396 0.126 0.4 0.126 0.402 0.124 0.404 0.124 0.406 0.122 0.41 0.122 0.412 0.12 0.412 0.112 0.41 0.11
4 0.653 0.68 0.026 0.052 0.642 0.654 0.64 0.656 0.64 0.664 0.642 0.666 0.642 0.674 0.644 0.676 0.644 0.692 0.646 0.694 0.646 0.7 0.648 0.702 0.648 0.704 0.656 0.704 0.658 0.702 0.662 0.702 0.664 0.7 0.664 0.678 0.662 0.676 0.662 0.672 0.66 0.67 0.66 0.658 0.656 0.654
4 0.692 0.838 0.024 0.028 0.684 0.824 0.68 0.828 0.68 0.848 0.682 0.85 0.7 0.85 0.7 0.848 0.702 0.846 0.702 0.844 0.7 0.842 0.7 0.834 0.698 0.832 0.698 0.828 0.694 0.824
7 0.214 0.089 0.028 0.022 0.21 0.078 0.208 0.08 0.204 0.08 0.2 0.084 0.2 0.094 0.202 0.096 0.206 0.096 0.208 0.098 0.222 0.098 0.224 0.096 0.224 0.092 0.226 0.09 0.224 0.088 0.224 0.08 0.222 0.08 0.22 0.078
7 0.61 0.952 0.012 0.012 0.606 0.946 0.604 0.948 0.604 0.956 0.61 0.956 0.614 0.952 0.614 0.948 0.612 0.946
7 0.704 0.704 0.02 0.028 0.706 0.69 0.704 0.692 0.7 0.692 0.698 0.694 0.696 0.694 0.694 0.696 0.694 0.702 0.696 0.704 0.696 0.708 0.7 0.712 0.702 0.712 0.704 0.714 0.706 0.714 0.708 0.716 0.71 0.716 0.712 0.714 0.712 0.696 0.71 0.694 0.71 0.69
5 0.136 0.617 0.016 0.022 0.128 0.606 0.128 0.618 0.13 0.62 0.13 0.622 0.134 0.626 0.14 0.62 0.14 0.618 0.142 0.616 0.142 0.612 0.14 0.61 0.14 0.608 0.138 0.608 0.136 0.606
4 0.469 0.109 0.026 0.046 0.462 0.086 0.46 0.088 0.456 0.088 0.456 0.1 0.458 0.102 0.458 0.108 0.46 0.11 0.46 0.114 0.462 0.116 0.462 0.124 0.464 0.126 0.464 0.128 0.466 0.126 0.468 0.126 0.47 0.124 0.48 0.124 0.48 0.116 0.478 0.114 0.478 0.11 0.476 0.108 0.476 0.102 0.474 0.1 0.474 0.096 0.472 0.094 0.472 0.088 0.47 0.086
4 0.2 0.162 0.052 0.036 0.214 0.144 0.212 0.146 0.206 0.146 0.204 0.148 0.198 0.148 0.196 0.15 0.184 0.15 0.182 0.152 0.178 0.152 0.176 0.154 0.174 0.154 0.174 0.162 0.176 0.164 0.176 0.172 0.178 0.174 0.178 0.176 0.18 0.178 0.188 0.178 0.19 0.176 0.194 0.176 0.196 0.174 0.2 0.174 0.202 0.172 0.204 0.172 0.206 0.17 0.216 0.17 0.218 0.168 0.222 0.168 0.224 0.166 0.224 0.16 0.222 0.158 0.222 0.152 0.22 0.15 0.22 0.146 0.218 0.146 0.216 0.144
4 0.272 0.145 0.048 0.03 0.28 0.13 0.278 0.132 0.272 0.132 0.27 0.134 0.258 0.134 0.256 0.136 0.254 0.136 0.252 0.138 0.25 0.138 0.248 0.14 0.248 0.15 0.25 0.152 0.25 0.154 0.252 0.156 0.254 0.156 0.256 0.158 0.262 0.158 0.264 0.156 0.268 0.156 0.272 0.152 0.274 0.152 0.276 0.154 0.28 0.154 0.282 0.152 0.288 0.152 0.29 0.15 0.292 0.15 0.294 0.148 0.294 0.144 0.292 0.142 0.292 0.136 0.29 0.134 0.29 0.132 0.288 0.13
3 0.504 0.601 0.048 0.07 0.502 0.566 0.5 0.568 0.49 0.568 0.488 0.57 0.484 0.57 0.482 0.572 0.482 0.574 0.48 0.576 0.48 0.58 0.482 0.582 0.48 0.584 0.48 0.588 0.482 0.59 0.482 0.602 0.48 0.604 0.482 0.606 0.482 0.62 0.484 0.622 0.484 0.628 0.488 0.632 0.49 0.632 0.492 0.634 0.5 0.634 0.502 0.632 0.506 0.632 0.508 0.63 0.514 0.63 0.516 0.628 0.52 0.628 0.522 0.626 0.526 0.626 0.526 0.614 0.524 0.612 0.524 0.61 0.52 0.606 0.52 0.602 0.518 0.6 0.518 0.594 0.516 0.592 0.516 0.586 0.514 0.584 0.514 0.582 0.512 0.58 0.512 0.572 0.51 0.57 0.51 0.568 0.508 0.568 0.506 0.566
5 0.606 0.823 0.016 0.014 0.602 0.816 0.6 0.818 0.598 0.818 0.598 0.822 0.6 0.824 0.6 0.826 0.602 0.828 0.61 0.828 0.612 0.826 0.612 0.818 0.61 0.816
7 0.663 0.728 0.026 0.012 0.65 0.722 0.65 0.732 0.668 0.732 0.67 0.73 0.672 0.73 0.672 0.728 0.674 0.726 0.672 0.724 0.672 0.722
3 0.635 0.59 0.054 0.052 0.644 0.564 0.642 0.566 0.634 0.566 0.632 0.568 0.628 0.568 0.626 0.57 0.62 0.57 0.618 0.572 0.614 0.572 0.608 0.578 0.608 0.582 0.61 0.584 0.61 0.586 0.614 0.59 0.614 0.594 0.616 0.596 0.616 0.606 0.62 0.61 0.62 0.612 0.622 0.612 0.624 0.614 0.626 0.614 0.628 0.612 0.632 0.612 0.634 0.61 0.642 0.61 0.644 0.608 0.648 0.608 0.65 0.606 0.658 0.606 0.66 0.604 0.66 0.596 0.658 0.594 0.658 0.59 0.656 0.588 0.656 0.58 0.654 0.578 0.654 0.574 0.652 0.572 0.652 0.566 0.65 0.564
3 0.227 0.593 0.042 0.038 0.228 0.574 0.226 0.576 0.222 0.576 0.22 0.578 0.216 0.578 0.214 0.58 0.21 0.58 0.208 0.582 0.208 0.6 0.21 0.602 0.21 0.604 0.212 0.606 0.212 0.608 0.214 0.608 0.216 0.61 0.22 0.61 0.222 0.608 0.226 0.608 0.228 0.606 0.232 0.606 0.234 0.604 0.238 0.604 0.24 0.602 0.244 0.602 0.244 0.6 0.246 0.598 0.246 0.58 0.244 0.578 0.244 0.574
3 0.379 0.539 0.022 0.042 0.368 0.518 0.368 0.556 0.37 0.558 0.378 0.558 0.38 0.556 0.386 0.556 0.386 0.546 0.384 0.544 0.384 0.54 0.382 0.538 0.382 0.532 0.38 0.53 0.38 0.524 0.378 0.522 0.378 0.52 0.376 0.518
3 0.625 0.517 0.078 0.054 0.65 0.49 0.648 0.492 0.638 0.492 0.636 0.494 0.632 0.494 0.63 0.496 0.626 0.496 0.624 0.498 0.618 0.498 0.616 0.5 0.612 0.5 0.61 0.502 0.602 0.502 0.6 0.504 0.596 0.504 0.592 0.508 0.592 0.512 0.59 0.514 0.59 0.516 0.588 0.518 0.588 0.52 0.586 0.522 0.586 0.526 0.588 0.528 0.588 0.53 0.59 0.53 0.602 0.542 0.62 0.542 0.622 0.54 0.626 0.54 0.628 0.538 0.636 0.538 0.638 0.536 0.642 0.536 0.644 0.534 0.65 0.534 0.652 0.532 0.654 0.532 0.656 0.53 0.66 0.53 0.662 0.528 0.662 0.52 0.66 0.518 0.66 0.508 0.658 0.506 0.658 0.502 0.656 0.5 0.656 0.494 0.654 0.492 0.652 0.492
3 0.491 0.509 0.058 0.054 0.504 0.482 0.502 0.484 0.498 0.484 0.496 0.486 0.488 0.486 0.486 0.488 0.478 0.488 0.476 0.49 0.468 0.49 0.466 0.492 0.464 0.492 0.462 0.494 0.462 0.508 0.464 0.51 0.464 0.526 0.466 0.528 0.466 0.534 0.486 0.534 0.488 0.532 0.498 0.532 0.5 0.53 0.516 0.53 0.518 0.528 0.518 0.518 0.516 0.516 0.516 0.508 0.514 0.506 0.514 0.502 0.512 0.5 0.512 0.49 0.51 0.488 0.51 0.484 0.508 0.482
3 0.6 0.441 0.06 0.074 0.61 0.404 0.608 0.406 0.598 0.406 0.596 0.408 0.59 0.408 0.588 0.41 0.58 0.41 0.578 0.412 0.574 0.412 0.57 0.416 0.57 0.426 0.572 0.428 0.572 0.432 0.574 0.434 0.574 0.442 0.576 0.444 0.576 0.45 0.578 0.452 0.578 0.456 0.58 0.458 0.58 0.462 0.582 0.464 0.582 0.47 0.584 0.472 0.584 0.474 0.586 0.476 0.596 0.476 0.598 0.474 0.602 0.474 0.604 0.472 0.608 0.472 0.61 0.47 0.616 0.47 0.618 0.468 0.622 0.468 0.624 0.466 0.626 0.466 0.628 0.464 0.628 0.458 0.626 0.456 0.626 0.452 0.624 0.45 0.624 0.442 0.622 0.44 0.622 0.434 0.62 0.432 0.62 0.428 0.618 0.426 0.618 0.422 0.616 0.42 0.616 0.412 0.614 0.41 0.614 0.408
3 0.678 0.778 0.08 0.096 0.696 0.73 0.694 0.732 0.684 0.732 0.682 0.734 0.674 0.734 0.672 0.736 0.664 0.736 0.662 0.738 0.656 0.738 0.654 0.74 0.644 0.74 0.642 0.742 0.638 0.742 0.638 0.748 0.64 0.75 0.64 0.76 0.642 0.762 0.642 0.77 0.644 0.772 0.644 0.782 0.646 0.784 0.646 0.792 0.648 0.794 0.648 0.798 0.652 0.802 0.65 0.804 0.65 0.81 0.652 0.812 0.652 0.824 0.662 0.824 0.664 0.822 0.672 0.822 0.674 0.82 0.682 0.82 0.684 0.818 0.692 0.818 0.694 0.816 0.7 0.816 0.702 0.814 0.71 0.814 0.712 0.812 0.714 0.812 0.716 0.81 0.716 0.802 0.714 0.8 0.714 0.792 0.712 0.79 0.712 0.78 0.71 0.778 0.71 0.77 0.708 0.768 0.708 0.76 0.706 0.758 0.706 0.75 0.704 0.748 0.704 0.738 0.702 0.736 0.702 0.732 0.7 0.732 0.698 0.73
3 0.162 0.72 0.048 0.052 0.168 0.694 0.166 0.696 0.16 0.696 0.158 0.698 0.154 0.698 0.152 0.7 0.144 0.7 0.142 0.702 0.138 0.702 0.138 0.708 0.14 0.71 0.14 0.716 0.142 0.718 0.142 0.722 0.144 0.724 0.144 0.73 0.146 0.732 0.146 0.736 0.148 0.738 0.148 0.742 0.15 0.742 0.152 0.744 0.156 0.744 0.158 0.742 0.17 0.742 0.172 0.74 0.176 0.74 0.178 0.738 0.18 0.738 0.182 0.736 0.184 0.736 0.184 0.73 0.182 0.728 0.182 0.724 0.18 0.722 0.18 0.696 0.178 0.694
3 0.485 0.411 0.05 0.054 0.478 0.384 0.476 0.386 0.474 0.386 0.472 0.388 0.466 0.388 0.464 0.39 0.46 0.39 0.46 0.4 0.462 0.402 0.462 0.406 0.464 0.408 0.464 0.41 0.466 0.412 0.466 0.414 0.468 0.416 0.468 0.42 0.47 0.422 0.47 0.424 0.472 0.426 0.472 0.428 0.474 0.43 0.474 0.432 0.478 0.436 0.48 0.434 0.482 0.434 0.484 0.432 0.494 0.432 0.496 0.43 0.5 0.43 0.506 0.424 0.506 0.418 0.508 0.416 0.508 0.408 0.506 0.406 0.506 0.404 0.504 0.402 0.504 0.398 0.502 0.396 0.502 0.39 0.5 0.388 0.5 0.386 0.486 0.386 0.484 0.384
3 0.349 0.442 0.046 0.052 0.35 0.416 0.348 0.418 0.346 0.418 0.344 0.42 0.342 0.42 0.34 0.422 0.328 0.422 0.328 0.424 0.326 0.426 0.328 0.428 0.328 0.434 0.33 0.436 0.33 0.438 0.332 0.44 0.332 0.444 0.334 0.446 0.334 0.45 0.336 0.452 0.336 0.456 0.338 0.458 0.338 0.46 0.34 0.462 0.34 0.464 0.342 0.466 0.346 0.466 0.348 0.464 0.352 0.464 0.354 0.462 0.368 0.462 0.368 0.458 0.37 0.456 0.37 0.452 0.368 0.45 0.368 0.446 0.366 0.444 0.366 0.44 0.364 0.438 0.364 0.436 0.362 0.434 0.362 0.43 0.36 0.428 0.36 0.426 0.358 0.424 0.358 0.42 0.354 0.416
5 0.105 0.053 0.026 0.034 0.098 0.036 0.096 0.038 0.092 0.038 0.092 0.05 0.094 0.052 0.094 0.058 0.096 0.06 0.096 0.064 0.098 0.066 0.1 0.066 0.102 0.068 0.11 0.068 0.112 0.066 0.114 0.066 0.116 0.064 0.116 0.062 0.11 0.056 0.11 0.054 0.108 0.052 0.108 0.046 0.106 0.044 0.106 0.04 0.102 0.036
4 0.153 0.016 0.022 0.024 0.152 0.004 0.15 0.006 0.144 0.006 0.142 0.008 0.142 0.024 0.144 0.026 0.158 0.026 0.162 0.022 0.162 0.016 0.16 0.014 0.16 0.006 0.158 0.004
3 0.539 0.704 0.03 0.052 0.53 0.678 0.528 0.68 0.526 0.68 0.524 0.682 0.524 0.692 0.526 0.694 0.526 0.698 0.528 0.7 0.528 0.704 0.53 0.706 0.53 0.71 0.532 0.712 0.532 0.718 0.534 0.72 0.534 0.724 0.538 0.728 0.542 0.728 0.544 0.726 0.552 0.726 0.552 0.72 0.55 0.718 0.55 0.714 0.548 0.712 0.548 0.708 0.546 0.706 0.546 0.702 0.544 0.7 0.544 0.694 0.542 0.692 0.542 0.686 0.54 0.684 0.54 0.682 0.536 0.678
