6 0.46 0.608 0.184 0.108 0.384 0.554 0.38 0.558 0.38 0.56 0.378 0.562 0.378 0.566 0.376 0.568 0.376 0.572 0.374 0.574 0.374 0.576 0.372 0.578 0.372 0.58 0.37 0.582 0.37 0.586 0.368 0.588 0.368 0.594 0.37 0.596 0.374 0.596 0.376 0.598 0.38 0.598 0.382 0.6 0.384 0.6 0.386 0.602 0.388 0.602 0.39 0.604 0.394 0.604 0.396 0.606 0.398 0.606 0.4 0.608 0.402 0.608 0.404 0.61 0.408 0.61 0.41 0.612 0.412 0.612 0.414 0.614 0.418 0.614 0.42 0.616 0.422 0.616 0.424 0.618 0.428 0.618 0.43 0.62 0.432 0.62 0.434 0.622 0.438 0.622 0.44 0.624 0.444 0.624 0.446 0.626 0.45 0.626 0.452 0.628 0.456 0.628 0.458 0.63 0.46 0.63 0.462 0.632 0.464 0.632 0.466 0.634 0.47 0.634 0.472 0.636 0.476 0.636 0.478 0.638 0.48 0.638 0.482 0.64 0.486 0.64 0.488 0.642 0.49 0.642 0.492 0.644 0.496 0.644 0.498 0.646 0.502 0.646 0.504 0.648 0.506 0.648 0.508 0.65 0.51 0.65 0.512 0.652 0.516 0.652 0.518 0.654 0.522 0.654 0.524 0.656 0.526 0.656 0.528 0.658 0.53 0.658 0.532 0.66 0.538 0.66 0.54 0.658 0.54 0.654 0.542 0.652 0.542 0.65 0.544 0.648 0.544 0.644 0.546 0.642 0.546 0.634 0.548 0.632 0.548 0.63 0.55 0.628 0.55 0.62 0.546 0.616 0.544 0.616 0.542 0.614 0.538 0.614 0.536 0.612 0.534 0.612 0.532 0.61 0.528 0.61 0.526 0.608 0.524 0.608 0.522 0.606 0.518 0.606 0.516 0.604 0.514 0.604 0.512 0.602 0.51 0.602 0.508 0.6 0.504 0.6 0.502 0.598 0.498 0.598 0.496 0.596 0.492 0.596 0.49 0.594 0.488 0.594 0.486 0.592 0.482 0.592 0.48 0.59 0.478 0.59 0.476 0.588 0.472 0.588 0.47 0.586 0.466 0.586 0.464 0.584 0.462 0.584 0.46 0.582 0.456 0.582 0.454 0.58 0.452 0.58 0.45 0.578 0.446 0.578 0.444 0.576 0.442 0.576 0.44 0.574 0.436 0.574 0.434 0.572 0.43 0.572 0.428 0.57 0.426 0.57 0.424 0.568 0.422 0.568 0.42 0.566 0.416 0.566 0.414 0.564 0.412 0.564 0.41 0.562 0.404 0.562 0.402 0.56 0.4 0.56 0.398 0.558 0.396 0.558 0.394 0.556 0.388 0.556 0.386 0.554
4 0.415 0.813 0.022 0.03 0.416 0.798 0.414 0.8 0.412 0.8 0.41 0.802 0.41 0.804 0.408 0.806 0.406 0.806 0.406 0.808 0.404 0.81 0.404 0.822 0.406 0.824 0.408 0.824 0.41 0.826 0.414 0.826 0.422 0.818 0.422 0.812 0.424 0.81 0.424 0.804 0.42 0.8 0.418 0.8
4 0.38 0.797 0.024 0.034 0.376 0.78 0.374 0.782 0.374 0.784 0.372 0.786 0.372 0.794 0.37 0.796 0.37 0.804 0.368 0.806 0.368 0.808 0.37 0.808 0.372 0.81 0.376 0.81 0.378 0.812 0.38 0.81 0.38 0.806 0.382 0.804 0.382 0.802 0.384 0.8 0.384 0.796 0.386 0.794 0.386 0.792 0.388 0.79 0.388 0.786 0.39 0.784 0.388 0.784 0.386 0.782 0.382 0.782 0.38 0.78
3 0.426 0.873 0.08 0.066 0.406 0.84 0.4 0.846 0.4 0.848 0.398 0.85 0.398 0.856 0.396 0.858 0.396 0.86 0.394 0.862 0.394 0.866 0.392 0.868 0.392 0.87 0.39 0.872 0.39 0.874 0.388 0.876 0.388 0.878 0.386 0.88 0.386 0.882 0.388 0.884 0.388 0.886 0.39 0.888 0.394 0.888 0.396 0.89 0.404 0.89 0.406 0.892 0.41 0.892 0.412 0.894 0.414 0.894 0.416 0.896 0.418 0.896 0.42 0.898 0.424 0.898 0.426 0.9 0.428 0.9 0.43 0.902 0.432 0.902 0.434 0.904 0.442 0.904 0.448 0.898 0.448 0.896 0.452 0.892 0.452 0.89 0.454 0.888 0.454 0.886 0.456 0.884 0.456 0.882 0.458 0.88 0.458 0.878 0.46 0.876 0.46 0.874 0.462 0.872 0.462 0.87 0.464 0.868 0.462 0.866 0.462 0.864 0.46 0.862 0.46 0.86 0.458 0.86 0.456 0.858 0.454 0.858 0.452 0.856 0.45 0.856 0.448 0.854 0.444 0.854 0.442 0.852 0.44 0.852 0.438 0.85 0.434 0.85 0.432 0.848 0.426 0.848 0.424 0.846 0.418 0.846 0.414 0.842 0.412 0.842 0.41 0.84
3 0.58 0.213 0.048 0.03 0.58 0.198 0.578 0.2 0.574 0.2 0.56 0.214 0.558 0.214 0.556 0.216 0.558 0.218 0.558 0.22 0.562 0.22 0.564 0.222 0.57 0.222 0.572 0.224 0.576 0.224 0.578 0.226 0.596 0.226 0.596 0.224 0.598 0.222 0.598 0.22 0.6 0.218 0.6 0.216 0.602 0.214 0.602 0.212 0.6 0.21 0.6 0.208 0.594 0.202 0.592 0.202 0.59 0.2 0.586 0.2 0.584 0.198
7 0.317 0.813 0.01 0.014 0.314 0.806 0.312 0.808 0.312 0.816 0.314 0.818 0.316 0.818 0.32 0.814 0.32 0.806
3 0.524 0.115 0.028 0.038 0.528 0.096 0.522 0.102 0.522 0.106 0.518 0.11 0.518 0.112 0.516 0.114 0.516 0.116 0.51 0.122 0.51 0.128 0.512 0.13 0.518 0.13 0.52 0.132 0.524 0.132 0.528 0.128 0.528 0.126 0.53 0.124 0.53 0.12 0.532 0.118 0.532 0.114 0.534 0.112 0.534 0.106 0.536 0.104 0.536 0.098 0.534 0.096
7 0.316 0.794 0.008 0.008 0.312 0.79 0.312 0.794 0.314 0.796 0.316 0.794 0.318 0.794 0.318 0.79
7 0.559 0.514 0.022 0.02 0.552 0.504 0.55 0.506 0.55 0.508 0.548 0.51 0.548 0.518 0.55 0.52 0.558 0.52 0.56 0.522 0.562 0.52 0.564 0.52 0.568 0.516 0.566 0.514 0.566 0.512 0.564 0.512 0.56 0.508 0.556 0.508
2 0.251 0.835 0.046 0.078 0.252 0.796 0.25 0.798 0.246 0.798 0.244 0.8 0.242 0.8 0.24 0.802 0.24 0.804 0.236 0.808 0.236 0.81 0.234 0.812 0.234 0.816 0.232 0.818 0.232 0.828 0.23 0.83 0.23 0.842 0.228 0.844 0.228 0.854 0.23 0.856 0.23 0.858 0.232 0.86 0.232 0.862 0.234 0.864 0.234 0.868 0.236 0.87 0.236 0.872 0.24 0.872 0.242 0.87 0.244 0.87 0.244 0.868 0.246 0.866 0.246 0.864 0.248 0.862 0.248 0.86 0.25 0.858 0.252 0.858 0.256 0.854 0.256 0.852 0.26 0.848 0.26 0.846 0.262 0.844 0.262 0.842 0.264 0.84 0.264 0.836 0.266 0.834 0.266 0.83 0.268 0.828 0.268 0.824 0.27 0.822 0.27 0.818 0.272 0.816 0.272 0.802 0.268 0.798 0.262 0.798 0.26 0.796
5 0.344 0.843 0.032 0.026 0.334 0.83 0.328 0.836 0.328 0.844 0.334 0.85 0.336 0.85 0.338 0.852 0.34 0.852 0.342 0.854 0.352 0.854 0.354 0.852 0.356 0.852 0.358 0.85 0.358 0.838 0.354 0.834 0.35 0.834 0.348 0.832 0.344 0.832 0.342 0.83
5 0.492 0.504 0.028 0.02 0.488 0.494 0.486 0.496 0.48 0.496 0.478 0.498 0.478 0.502 0.48 0.504 0.48 0.506 0.486 0.512 0.494 0.512 0.496 0.51 0.502 0.51 0.504 0.508 0.504 0.502 0.5 0.498 0.5 0.496 0.498 0.494
4 0.308 0.855 0.024 0.022 0.302 0.844 0.296 0.85 0.296 0.858 0.302 0.864 0.314 0.864 0.318 0.86 0.318 0.852 0.314 0.848 0.312 0.848 0.31 0.846 0.306 0.846 0.304 0.844
