3 0.36 0.376 0.112 0.112 0.358 0.32 0.356 0.322 0.342 0.322 0.34 0.324 0.328 0.324 0.326 0.326 0.312 0.326 0.31 0.328 0.304 0.328 0.304 0.334 0.306 0.336 0.306 0.348 0.308 0.35 0.308 0.364 0.31 0.366 0.31 0.378 0.312 0.38 0.312 0.392 0.314 0.394 0.314 0.408 0.316 0.41 0.316 0.422 0.318 0.424 0.318 0.43 0.32 0.43 0.322 0.428 0.33 0.428 0.332 0.426 0.34 0.426 0.342 0.424 0.35 0.424 0.352 0.422 0.36 0.422 0.362 0.42 0.37 0.42 0.372 0.418 0.374 0.418 0.384 0.408 0.384 0.406 0.394 0.396 0.394 0.394 0.404 0.384 0.404 0.382 0.414 0.372 0.414 0.37 0.364 0.32
3 0.483 0.467 0.046 0.054 0.488 0.44 0.486 0.442 0.47 0.442 0.468 0.444 0.462 0.444 0.46 0.446 0.46 0.458 0.462 0.46 0.462 0.482 0.464 0.484 0.464 0.49 0.466 0.492 0.476 0.492 0.478 0.49 0.486 0.49 0.488 0.488 0.494 0.488 0.496 0.486 0.5 0.486 0.504 0.482 0.502 0.48 0.502 0.46 0.5 0.458 0.5 0.44
3 0.378 0.56 0.056 0.032 0.35 0.544 0.35 0.558 0.352 0.56 0.352 0.574 0.392 0.574 0.398 0.568 0.398 0.566 0.404 0.56 0.396 0.552 0.394 0.552 0.386 0.544
3 0.397 0.674 0.106 0.096 0.388 0.626 0.386 0.628 0.358 0.628 0.356 0.63 0.344 0.63 0.344 0.644 0.346 0.646 0.346 0.674 0.348 0.676 0.348 0.704 0.35 0.706 0.35 0.72 0.356 0.72 0.358 0.718 0.372 0.718 0.374 0.716 0.388 0.716 0.39 0.714 0.404 0.714 0.406 0.712 0.412 0.712 0.424 0.7 0.424 0.698 0.436 0.686 0.436 0.684 0.448 0.672 0.402 0.626
2 0.526 0.844 0.028 0.052 0.532 0.818 0.53 0.82 0.518 0.82 0.516 0.822 0.512 0.822 0.512 0.826 0.514 0.828 0.514 0.832 0.516 0.834 0.516 0.85 0.518 0.852 0.518 0.86 0.52 0.862 0.52 0.868 0.538 0.868 0.538 0.844 0.536 0.842 0.536 0.818
2 0.524 0.542 0.028 0.048 0.524 0.518 0.522 0.52 0.51 0.52 0.51 0.53 0.512 0.532 0.512 0.544 0.514 0.546 0.514 0.564 0.536 0.564 0.536 0.542 0.534 0.54 0.534 0.518
2 0.452 0.169 0.028 0.054 0.454 0.142 0.452 0.144 0.444 0.144 0.442 0.146 0.438 0.146 0.438 0.152 0.44 0.154 0.44 0.168 0.442 0.17 0.442 0.194 0.444 0.192 0.45 0.192 0.452 0.19 0.46 0.19 0.462 0.188 0.464 0.188 0.464 0.182 0.462 0.18 0.462 0.166 0.46 0.164 0.46 0.15 0.458 0.148 0.458 0.142
2 0.483 0.248 0.026 0.052 0.472 0.222 0.476 0.222 0.478 0.224 0.478 0.226 0.476 0.228 0.476 0.23 0.478 0.232 0.478 0.234 0.48 0.236 0.48 0.246 0.482 0.248 0.482 0.264 0.484 0.266 0.484 0.272 0.486 0.27 0.488 0.27 0.488 0.268 0.494 0.262 0.494 0.23 0.492 0.228 0.492 0.222
3 0.521 0.962 0.082 0.04 0.528 0.942 0.526 0.944 0.5 0.944 0.494 0.95 0.494 0.952 0.486 0.96 0.486 0.962 0.48 0.968 0.482 0.97 0.484 0.97 0.486 0.972 0.488 0.972 0.49 0.974 0.492 0.974 0.494 0.976 0.496 0.976 0.498 0.978 0.5 0.978 0.502 0.98 0.52 0.98 0.522 0.978 0.56 0.978 0.56 0.974 0.558 0.972 0.558 0.962 0.556 0.96 0.556 0.948 0.554 0.946 0.554 0.942
3 0.518 0.657 0.08 0.046 0.548 0.634 0.546 0.636 0.534 0.636 0.532 0.638 0.52 0.638 0.518 0.64 0.506 0.64 0.504 0.642 0.498 0.642 0.492 0.648 0.492 0.65 0.484 0.658 0.484 0.66 0.478 0.666 0.48 0.668 0.484 0.668 0.486 0.67 0.488 0.67 0.49 0.672 0.494 0.672 0.496 0.674 0.498 0.674 0.5 0.676 0.504 0.676 0.506 0.678 0.53 0.678 0.532 0.676 0.556 0.676 0.556 0.656 0.554 0.654 0.554 0.634
3 0.483 0.355 0.078 0.058 0.48 0.326 0.462 0.344 0.462 0.346 0.444 0.364 0.448 0.368 0.45 0.368 0.454 0.372 0.456 0.372 0.462 0.378 0.464 0.378 0.468 0.382 0.52 0.382 0.52 0.37 0.518 0.368 0.518 0.34 0.516 0.338 0.516 0.326
3 0.421 0.059 0.082 0.054 0.434 0.032 0.432 0.034 0.41 0.034 0.396 0.048 0.396 0.05 0.38 0.066 0.398 0.084 0.428 0.084 0.43 0.082 0.46 0.082 0.46 0.076 0.458 0.074 0.458 0.058 0.456 0.056 0.456 0.04 0.454 0.038 0.454 0.032
2 0.515 0.458 0.03 0.052 0.518 0.432 0.516 0.434 0.508 0.434 0.506 0.436 0.504 0.436 0.502 0.438 0.502 0.458 0.504 0.46 0.504 0.48 0.506 0.48 0.508 0.482 0.51 0.48 0.516 0.48 0.518 0.478 0.52 0.478 0.522 0.476 0.524 0.476 0.526 0.474 0.526 0.472 0.528 0.47 0.528 0.46 0.526 0.458 0.526 0.456 0.528 0.454 0.526 0.452 0.526 0.436 0.522 0.432
2 0.547 0.759 0.026 0.042 0.54 0.738 0.538 0.74 0.536 0.74 0.536 0.742 0.534 0.744 0.534 0.758 0.536 0.76 0.536 0.776 0.538 0.778 0.554 0.778 0.556 0.776 0.558 0.776 0.558 0.746 0.556 0.744 0.556 0.738 0.554 0.738 0.552 0.74 0.55 0.738
3 0.408 0.014 0.06 0.028 0.38 0.0 0.378 0.002 0.378 0.012 0.38 0.014 0.38 0.02 0.382 0.022 0.382 0.024 0.384 0.026 0.424 0.026 0.426 0.024 0.434 0.024 0.436 0.022 0.436 0.008 0.434 0.006 0.434 0.0
3 0.299 0.082 0.102 0.084 0.248 0.04 0.248 0.076 0.25 0.078 0.25 0.082 0.248 0.084 0.248 0.102 0.25 0.104 0.25 0.114 0.252 0.116 0.252 0.118 0.256 0.122 0.288 0.122 0.29 0.12 0.308 0.12 0.346 0.082 0.346 0.08 0.348 0.078 0.348 0.074 0.346 0.074 0.34 0.068 0.338 0.068 0.326 0.056 0.324 0.056 0.316 0.048 0.314 0.048 0.306 0.04 0.304 0.04 0.302 0.042 0.3 0.04 0.252 0.04 0.25 0.042
3 0.419 0.111 0.054 0.034 0.428 0.094 0.426 0.096 0.416 0.096 0.414 0.098 0.404 0.098 0.402 0.1 0.396 0.1 0.394 0.102 0.392 0.102 0.392 0.122 0.396 0.126 0.422 0.126 0.424 0.124 0.432 0.124 0.434 0.122 0.436 0.122 0.438 0.12 0.442 0.12 0.444 0.118 0.444 0.106 0.442 0.104 0.442 0.096 0.44 0.094
3 0.418 0.172 0.048 0.06 0.43 0.142 0.428 0.144 0.416 0.144 0.414 0.146 0.402 0.146 0.4 0.148 0.398 0.148 0.396 0.15 0.396 0.182 0.394 0.184 0.394 0.196 0.398 0.2 0.414 0.2 0.416 0.198 0.432 0.198 0.434 0.196 0.438 0.196 0.44 0.194 0.44 0.17 0.438 0.168 0.438 0.154 0.436 0.152 0.436 0.146 0.434 0.144 0.432 0.144
3 0.306 0.187 0.052 0.034 0.288 0.17 0.286 0.172 0.284 0.172 0.28 0.176 0.28 0.186 0.282 0.188 0.28 0.19 0.28 0.2 0.282 0.202 0.306 0.202 0.308 0.2 0.32 0.2 0.322 0.198 0.324 0.198 0.328 0.194 0.328 0.192 0.33 0.19 0.33 0.186 0.326 0.182 0.326 0.18 0.322 0.18 0.318 0.176 0.316 0.176 0.314 0.174 0.312 0.174 0.31 0.172 0.306 0.172 0.304 0.17
3 0.459 0.252 0.05 0.056 0.458 0.224 0.456 0.226 0.444 0.226 0.442 0.228 0.436 0.228 0.434 0.23 0.434 0.246 0.436 0.248 0.436 0.262 0.438 0.264 0.438 0.272 0.442 0.276 0.45 0.276 0.452 0.278 0.464 0.278 0.466 0.276 0.472 0.276 0.474 0.274 0.478 0.274 0.48 0.272 0.482 0.272 0.482 0.266 0.48 0.264 0.48 0.248 0.478 0.246 0.478 0.236 0.476 0.234 0.476 0.232 0.474 0.23 0.474 0.228 0.476 0.226 0.476 0.224
3 0.472 0.307 0.06 0.034 0.482 0.29 0.48 0.292 0.472 0.292 0.47 0.294 0.458 0.294 0.456 0.296 0.448 0.296 0.446 0.298 0.444 0.298 0.442 0.3 0.442 0.318 0.444 0.318 0.446 0.32 0.466 0.32 0.468 0.322 0.478 0.322 0.48 0.32 0.49 0.32 0.492 0.318 0.496 0.318 0.5 0.314 0.5 0.294 0.498 0.292 0.498 0.29
3 0.481 0.409 0.058 0.038 0.498 0.39 0.496 0.392 0.486 0.392 0.484 0.394 0.472 0.394 0.47 0.396 0.46 0.396 0.458 0.398 0.454 0.398 0.452 0.4 0.452 0.406 0.454 0.408 0.454 0.414 0.456 0.416 0.456 0.42 0.46 0.424 0.464 0.424 0.466 0.426 0.474 0.426 0.476 0.424 0.48 0.424 0.482 0.422 0.496 0.422 0.498 0.42 0.5 0.42 0.502 0.418 0.504 0.418 0.506 0.416 0.506 0.414 0.508 0.412 0.508 0.396 0.506 0.394 0.506 0.392 0.504 0.39
3 0.346 0.263 0.052 0.03 0.32 0.248 0.32 0.26 0.322 0.262 0.322 0.276 0.34 0.276 0.342 0.274 0.362 0.274 0.364 0.272 0.364 0.27 0.366 0.268 0.366 0.264 0.368 0.262 0.368 0.26 0.37 0.258 0.368 0.256 0.366 0.256 0.364 0.254 0.36 0.254 0.358 0.252 0.356 0.252 0.354 0.25 0.352 0.25 0.35 0.248
3 0.522 0.991 0.052 0.018 0.542 0.982 0.54 0.984 0.532 0.984 0.53 0.986 0.522 0.986 0.52 0.988 0.514 0.988 0.512 0.99 0.504 0.99 0.502 0.992 0.498 0.992 0.496 0.994 0.496 0.998 0.546 0.998 0.546 0.992 0.544 0.99 0.544 0.986 0.542 0.984
3 0.395 0.966 0.106 0.068 0.342 0.934 0.342 0.948 0.344 0.95 0.344 0.972 0.346 0.974 0.346 0.984 0.348 0.986 0.346 0.988 0.346 0.992 0.348 0.994 0.348 0.998 0.43 0.998 0.432 0.996 0.432 0.994 0.442 0.984 0.442 0.982 0.446 0.978 0.446 0.976 0.442 0.972 0.442 0.97 0.436 0.964 0.434 0.964 0.422 0.952 0.42 0.952 0.416 0.948 0.414 0.948 0.4 0.934
3 0.51 0.914 0.06 0.036 0.522 0.896 0.52 0.898 0.51 0.898 0.508 0.9 0.498 0.9 0.496 0.902 0.486 0.902 0.484 0.904 0.482 0.904 0.48 0.906 0.48 0.91 0.482 0.912 0.482 0.916 0.484 0.918 0.484 0.922 0.49 0.928 0.504 0.928 0.506 0.93 0.508 0.93 0.51 0.928 0.516 0.928 0.518 0.926 0.528 0.926 0.53 0.924 0.534 0.924 0.538 0.92 0.538 0.914 0.536 0.912 0.536 0.898 0.534 0.896
3 0.497 0.85 0.046 0.056 0.502 0.822 0.5 0.824 0.488 0.824 0.486 0.826 0.476 0.826 0.474 0.828 0.474 0.852 0.476 0.854 0.476 0.866 0.478 0.868 0.478 0.872 0.482 0.876 0.486 0.876 0.488 0.874 0.512 0.874 0.518 0.868 0.518 0.862 0.516 0.86 0.516 0.852 0.514 0.85 0.514 0.834 0.512 0.832 0.512 0.828 0.506 0.822
3 0.379 0.856 0.05 0.036 0.354 0.84 0.356 0.842 0.356 0.858 0.358 0.86 0.356 0.862 0.356 0.868 0.358 0.87 0.358 0.872 0.37 0.872 0.372 0.87 0.374 0.872 0.378 0.872 0.38 0.87 0.386 0.87 0.388 0.868 0.394 0.868 0.398 0.864 0.4 0.864 0.4 0.862 0.402 0.86 0.402 0.852 0.4 0.85 0.398 0.85 0.392 0.844 0.39 0.844 0.388 0.842 0.384 0.842 0.382 0.84
3 0.405 0.78 0.058 0.052 0.376 0.77 0.376 0.778 0.378 0.78 0.378 0.786 0.376 0.788 0.376 0.798 0.378 0.8 0.378 0.802 0.382 0.802 0.384 0.804 0.386 0.802 0.4 0.802 0.402 0.8 0.408 0.8 0.412 0.796 0.414 0.796 0.416 0.794 0.422 0.794 0.424 0.792 0.432 0.792 0.432 0.786 0.426 0.78 0.422 0.78 0.416 0.774 0.41 0.774 0.408 0.772 0.39 0.772 0.388 0.77 0.386 0.77 0.384 0.772 0.378 0.772
3 0.515 0.762 0.046 0.052 0.516 0.736 0.514 0.738 0.5 0.738 0.498 0.74 0.494 0.74 0.492 0.742 0.492 0.77 0.494 0.772 0.494 0.784 0.496 0.786 0.51 0.786 0.512 0.784 0.53 0.784 0.534 0.78 0.534 0.76 0.532 0.758 0.532 0.744 0.534 0.742 0.534 0.74 0.53 0.736
3 0.515 0.711 0.062 0.046 0.532 0.688 0.53 0.69 0.52 0.69 0.518 0.692 0.512 0.692 0.51 0.694 0.496 0.694 0.494 0.696 0.488 0.696 0.484 0.7 0.484 0.702 0.486 0.704 0.486 0.714 0.488 0.716 0.488 0.722 0.49 0.724 0.49 0.726 0.492 0.728 0.492 0.73 0.494 0.732 0.498 0.732 0.5 0.73 0.516 0.73 0.518 0.728 0.534 0.728 0.536 0.726 0.538 0.726 0.544 0.72 0.544 0.708 0.542 0.706 0.542 0.694 0.54 0.692 0.54 0.69 0.538 0.69 0.536 0.688
3 0.505 0.61 0.062 0.036 0.524 0.592 0.522 0.594 0.512 0.594 0.51 0.596 0.5 0.596 0.498 0.598 0.488 0.598 0.486 0.6 0.48 0.6 0.478 0.602 0.476 0.602 0.474 0.604 0.474 0.618 0.476 0.62 0.476 0.622 0.478 0.624 0.484 0.624 0.486 0.626 0.51 0.626 0.512 0.624 0.518 0.624 0.52 0.622 0.53 0.622 0.534 0.618 0.534 0.614 0.532 0.612 0.532 0.596 0.53 0.594 0.526 0.594
3 0.491 0.548 0.046 0.052 0.492 0.522 0.49 0.524 0.48 0.524 0.478 0.526 0.472 0.526 0.468 0.53 0.468 0.546 0.47 0.548 0.47 0.564 0.472 0.566 0.472 0.568 0.474 0.57 0.494 0.57 0.496 0.572 0.508 0.572 0.512 0.568 0.512 0.546 0.51 0.544 0.51 0.532 0.508 0.53 0.508 0.524 0.506 0.522
3 0.368 0.484 0.052 0.032 0.35 0.468 0.348 0.47 0.346 0.47 0.346 0.472 0.342 0.476 0.342 0.484 0.344 0.486 0.344 0.496 0.346 0.498 0.362 0.498 0.364 0.496 0.38 0.496 0.382 0.494 0.384 0.494 0.386 0.492 0.388 0.492 0.392 0.488 0.392 0.482 0.386 0.476 0.386 0.474 0.382 0.47 0.36 0.47 0.358 0.468
