5 0.436 0.775 0.024 0.018 0.426 0.766 0.424 0.768 0.424 0.78 0.426 0.782 0.434 0.782 0.436 0.78 0.44 0.78 0.442 0.778 0.444 0.778 0.444 0.776 0.446 0.774 0.444 0.772 0.444 0.77 0.442 0.768 0.438 0.768 0.436 0.766
7 0.115 0.544 0.03 0.036 0.102 0.526 0.1 0.528 0.1 0.558 0.102 0.558 0.104 0.56 0.124 0.56 0.126 0.558 0.128 0.558 0.128 0.554 0.126 0.552 0.126 0.54 0.124 0.538 0.124 0.528 0.122 0.526 0.12 0.526 0.118 0.528 0.106 0.528 0.104 0.526
5 0.552 0.867 0.02 0.022 0.548 0.856 0.544 0.86 0.544 0.862 0.542 0.864 0.542 0.876 0.556 0.876 0.56 0.872 0.56 0.87 0.558 0.868 0.558 0.86 0.556 0.858 0.554 0.858 0.552 0.856
7 0.544 0.803 0.024 0.03 0.538 0.788 0.536 0.79 0.534 0.79 0.532 0.792 0.532 0.814 0.534 0.814 0.536 0.816 0.546 0.816 0.548 0.814 0.552 0.814 0.552 0.812 0.554 0.81 0.554 0.79 0.552 0.788
7 0.89 0.524 0.024 0.028 0.878 0.51 0.878 0.534 0.88 0.536 0.898 0.536 0.9 0.534 0.9 0.512 0.898 0.51
7 0.588 0.746 0.012 0.012 0.584 0.74 0.582 0.742 0.582 0.748 0.584 0.748 0.586 0.75 0.59 0.75 0.592 0.748 0.592 0.74
5 0.512 0.647 0.036 0.022 0.504 0.636 0.502 0.638 0.498 0.638 0.496 0.64 0.496 0.644 0.494 0.646 0.494 0.656 0.516 0.656 0.518 0.654 0.526 0.654 0.528 0.652 0.528 0.638 0.506 0.638
5 0.509 0.793 0.03 0.026 0.508 0.78 0.506 0.782 0.496 0.782 0.494 0.784 0.494 0.796 0.496 0.798 0.496 0.804 0.52 0.804 0.52 0.8 0.522 0.798 0.522 0.782 0.52 0.78
5 0.491 0.82 0.022 0.024 0.486 0.808 0.484 0.81 0.48 0.81 0.48 0.824 0.482 0.826 0.482 0.828 0.484 0.83 0.496 0.83 0.5 0.826 0.5 0.81 0.498 0.81 0.496 0.808
7 0.938 0.557 0.016 0.014 0.934 0.55 0.932 0.552 0.932 0.554 0.93 0.556 0.932 0.558 0.932 0.56 0.934 0.562 0.94 0.562 0.942 0.56 0.942 0.558 0.944 0.556 0.942 0.554 0.942 0.552 0.94 0.552 0.938 0.55
7 0.068 0.572 0.028 0.024 0.056 0.56 0.054 0.562 0.054 0.58 0.056 0.582 0.076 0.582 0.078 0.58 0.078 0.574 0.08 0.572 0.08 0.566 0.078 0.564 0.078 0.562 0.076 0.56
7 0.652 0.531 0.02 0.026 0.642 0.518 0.642 0.538 0.646 0.542 0.656 0.542 0.658 0.54 0.66 0.54 0.66 0.518
7 0.354 0.536 0.028 0.032 0.358 0.52 0.356 0.522 0.342 0.522 0.34 0.524 0.34 0.548 0.342 0.55 0.364 0.55 0.366 0.548 0.366 0.522 0.364 0.52
