3 0.465 0.515 0.046 0.042 0.458 0.494 0.456 0.496 0.452 0.496 0.45 0.498 0.446 0.498 0.444 0.5 0.444 0.502 0.442 0.504 0.442 0.514 0.444 0.516 0.444 0.52 0.446 0.522 0.448 0.522 0.452 0.526 0.454 0.526 0.458 0.53 0.462 0.53 0.464 0.532 0.466 0.532 0.468 0.534 0.47 0.534 0.472 0.532 0.474 0.532 0.48 0.526 0.48 0.524 0.482 0.522 0.482 0.52 0.484 0.518 0.484 0.516 0.486 0.514 0.486 0.504 0.484 0.502 0.484 0.5 0.48 0.496 0.472 0.496 0.47 0.494
7 0.496 0.443 0.02 0.014 0.488 0.436 0.486 0.438 0.486 0.442 0.488 0.442 0.49 0.444 0.492 0.444 0.494 0.446 0.498 0.446 0.5 0.448 0.502 0.446 0.504 0.446 0.504 0.442 0.502 0.44 0.5 0.44 0.498 0.438 0.496 0.438 0.494 0.436
4 0.943 0.659 0.03 0.026 0.95 0.646 0.948 0.648 0.944 0.648 0.942 0.65 0.938 0.65 0.936 0.652 0.932 0.652 0.93 0.654 0.93 0.656 0.934 0.66 0.936 0.66 0.938 0.662 0.938 0.664 0.942 0.668 0.944 0.668 0.946 0.666 0.956 0.666 0.956 0.648 0.954 0.646
5 0.349 0.977 0.018 0.018 0.346 0.968 0.344 0.97 0.342 0.97 0.342 0.972 0.34 0.974 0.34 0.98 0.344 0.984 0.354 0.984 0.356 0.982 0.356 0.98 0.354 0.978 0.354 0.976 0.352 0.974 0.352 0.972 0.35 0.97 0.35 0.968
4 0.507 0.531 0.022 0.026 0.504 0.518 0.502 0.52 0.502 0.522 0.5 0.524 0.5 0.526 0.498 0.528 0.498 0.53 0.496 0.532 0.496 0.538 0.498 0.54 0.5 0.54 0.502 0.542 0.508 0.542 0.512 0.538 0.512 0.536 0.514 0.534 0.514 0.532 0.516 0.53 0.516 0.522 0.514 0.52 0.512 0.52 0.51 0.518
4 0.55 0.514 0.016 0.02 0.544 0.504 0.542 0.506 0.542 0.516 0.544 0.518 0.544 0.52 0.546 0.52 0.548 0.522 0.554 0.522 0.554 0.52 0.556 0.518 0.556 0.508 0.552 0.504
5 0.874 0.723 0.016 0.014 0.87 0.716 0.866 0.72 0.866 0.724 0.868 0.726 0.87 0.726 0.872 0.728 0.874 0.726 0.878 0.726 0.88 0.724 0.88 0.718 0.878 0.716
5 0.475 0.434 0.022 0.02 0.47 0.424 0.464 0.43 0.464 0.434 0.468 0.438 0.47 0.438 0.472 0.44 0.476 0.44 0.478 0.442 0.48 0.442 0.484 0.438 0.484 0.432 0.478 0.426 0.476 0.426 0.474 0.424
3 0.875 0.147 0.03 0.034 0.866 0.13 0.866 0.132 0.864 0.134 0.864 0.136 0.862 0.138 0.862 0.142 0.86 0.144 0.86 0.154 0.864 0.158 0.866 0.158 0.868 0.16 0.87 0.16 0.872 0.162 0.882 0.162 0.886 0.158 0.886 0.156 0.888 0.154 0.888 0.14 0.884 0.136 0.882 0.136 0.88 0.134 0.878 0.134 0.874 0.13
3 0.553 0.413 0.05 0.038 0.536 0.394 0.532 0.398 0.532 0.4 0.53 0.402 0.53 0.408 0.528 0.41 0.53 0.412 0.53 0.414 0.532 0.414 0.534 0.416 0.536 0.416 0.538 0.418 0.542 0.418 0.544 0.42 0.546 0.42 0.548 0.422 0.55 0.422 0.554 0.426 0.556 0.426 0.558 0.428 0.56 0.428 0.562 0.43 0.568 0.43 0.57 0.428 0.57 0.426 0.572 0.424 0.572 0.422 0.574 0.42 0.574 0.418 0.576 0.416 0.576 0.412 0.574 0.412 0.572 0.41 0.57 0.41 0.568 0.408 0.566 0.408 0.564 0.406 0.562 0.406 0.56 0.404 0.558 0.404 0.556 0.402 0.554 0.402 0.552 0.4 0.55 0.4 0.548 0.398 0.546 0.398 0.544 0.396 0.542 0.396 0.54 0.394
2 0.85 0.195 0.2 0.146 0.78 0.122 0.778 0.124 0.778 0.126 0.774 0.13 0.774 0.132 0.772 0.134 0.772 0.136 0.768 0.14 0.768 0.142 0.766 0.144 0.766 0.146 0.762 0.15 0.762 0.152 0.76 0.154 0.76 0.156 0.756 0.16 0.756 0.162 0.754 0.164 0.754 0.166 0.75 0.17 0.752 0.172 0.754 0.172 0.758 0.176 0.76 0.176 0.762 0.178 0.764 0.178 0.766 0.18 0.768 0.18 0.77 0.182 0.772 0.182 0.776 0.186 0.778 0.186 0.78 0.188 0.782 0.188 0.784 0.19 0.786 0.19 0.788 0.192 0.79 0.192 0.794 0.196 0.796 0.196 0.798 0.198 0.8 0.198 0.802 0.2 0.804 0.2 0.806 0.202 0.808 0.202 0.812 0.206 0.814 0.206 0.816 0.208 0.818 0.208 0.82 0.21 0.822 0.21 0.826 0.214 0.828 0.214 0.83 0.216 0.832 0.216 0.834 0.218 0.836 0.218 0.838 0.22 0.84 0.22 0.844 0.224 0.846 0.224 0.848 0.226 0.85 0.226 0.852 0.228 0.854 0.228 0.856 0.23 0.858 0.23 0.862 0.234 0.864 0.234 0.866 0.236 0.868 0.236 0.87 0.238 0.872 0.238 0.874 0.24 0.876 0.24 0.88 0.244 0.882 0.244 0.884 0.246 0.886 0.246 0.888 0.248 0.89 0.248 0.892 0.25 0.894 0.25 0.898 0.254 0.9 0.254 0.902 0.256 0.904 0.256 0.906 0.258 0.908 0.258 0.912 0.262 0.914 0.262 0.916 0.264 0.918 0.264 0.92 0.266 0.922 0.264 0.922 0.262 0.924 0.26 0.924 0.258 0.926 0.256 0.926 0.254 0.928 0.252 0.928 0.25 0.93 0.248 0.93 0.246 0.932 0.244 0.932 0.242 0.934 0.24 0.934 0.238 0.936 0.236 0.936 0.234 0.94 0.23 0.94 0.228 0.942 0.226 0.942 0.224 0.944 0.222 0.944 0.22 0.946 0.218 0.946 0.216 0.948 0.214 0.946 0.212 0.942 0.212 0.94 0.21 0.938 0.21 0.936 0.208 0.934 0.208 0.932 0.206 0.928 0.206 0.926 0.204 0.924 0.204 0.922 0.202 0.92 0.202 0.918 0.2 0.914 0.2 0.912 0.198 0.91 0.198 0.908 0.196 0.906 0.196 0.904 0.194 0.9 0.194 0.898 0.192 0.896 0.192 0.894 0.19 0.89 0.19 0.888 0.188 0.886 0.188 0.884 0.186 0.882 0.186 0.88 0.184 0.876 0.184 0.874 0.182 0.872 0.182 0.87 0.18 0.868 0.18 0.864 0.176 0.862 0.176 0.86 0.174 0.858 0.174 0.854 0.17 0.852 0.17 0.848 0.166 0.846 0.166 0.842 0.162 0.84 0.162 0.836 0.158 0.834 0.158 0.832 0.156 0.83 0.156 0.826 0.152 0.824 0.152 0.82 0.148 0.818 0.148 0.814 0.144 0.812 0.144 0.808 0.14 0.806 0.14 0.804 0.138 0.802 0.138 0.798 0.134 0.796 0.134 0.792 0.13 0.79 0.13 0.786 0.126 0.784 0.126
7 0.849 0.684 0.014 0.012 0.846 0.678 0.844 0.68 0.844 0.682 0.842 0.684 0.846 0.688 0.854 0.688 0.854 0.686 0.852 0.684 0.852 0.682 0.848 0.678
4 0.876 0.758 0.024 0.028 0.876 0.744 0.874 0.746 0.872 0.746 0.87 0.748 0.868 0.748 0.868 0.75 0.864 0.754 0.864 0.756 0.866 0.758 0.866 0.764 0.868 0.766 0.868 0.768 0.87 0.768 0.872 0.77 0.874 0.77 0.876 0.768 0.878 0.768 0.88 0.766 0.884 0.766 0.884 0.764 0.886 0.762 0.886 0.754 0.884 0.752 0.884 0.75 0.878 0.744
2 0.419 0.57 0.106 0.08 0.384 0.53 0.382 0.532 0.382 0.534 0.376 0.54 0.376 0.542 0.374 0.544 0.374 0.546 0.372 0.548 0.372 0.552 0.37 0.554 0.37 0.558 0.368 0.56 0.368 0.566 0.366 0.568 0.366 0.572 0.368 0.572 0.372 0.576 0.376 0.576 0.378 0.578 0.38 0.578 0.382 0.58 0.386 0.58 0.388 0.582 0.39 0.582 0.392 0.584 0.394 0.584 0.396 0.586 0.398 0.586 0.402 0.59 0.404 0.59 0.406 0.592 0.406 0.594 0.41 0.594 0.412 0.596 0.414 0.596 0.416 0.598 0.42 0.598 0.422 0.6 0.426 0.6 0.43 0.604 0.432 0.604 0.434 0.606 0.44 0.606 0.442 0.608 0.446 0.604 0.446 0.602 0.452 0.596 0.452 0.594 0.456 0.59 0.456 0.588 0.462 0.582 0.462 0.58 0.464 0.578 0.464 0.574 0.468 0.57 0.468 0.566 0.47 0.564 0.466 0.56 0.464 0.56 0.462 0.558 0.46 0.558 0.458 0.556 0.456 0.556 0.454 0.554 0.45 0.554 0.448 0.552 0.446 0.552 0.444 0.55 0.442 0.55 0.44 0.548 0.438 0.548 0.436 0.546 0.434 0.546 0.432 0.544 0.43 0.544 0.426 0.54 0.424 0.54 0.422 0.538 0.42 0.538 0.418 0.536 0.416 0.536 0.414 0.534 0.41 0.534 0.408 0.532 0.404 0.532 0.402 0.53
7 0.336 0.895 0.02 0.026 0.328 0.882 0.326 0.884 0.328 0.886 0.328 0.89 0.332 0.894 0.332 0.898 0.334 0.9 0.334 0.902 0.336 0.904 0.336 0.906 0.344 0.906 0.344 0.9 0.34 0.896 0.34 0.894 0.338 0.892 0.338 0.888 0.336 0.886 0.336 0.884 0.334 0.882
5 0.32 0.875 0.016 0.018 0.314 0.866 0.312 0.868 0.312 0.874 0.316 0.878 0.316 0.88 0.318 0.882 0.324 0.882 0.326 0.88 0.326 0.876 0.324 0.874 0.324 0.87 0.322 0.868 0.322 0.866
3 0.953 0.771 0.046 0.034 0.952 0.754 0.95 0.756 0.946 0.756 0.944 0.758 0.942 0.758 0.938 0.762 0.936 0.762 0.934 0.764 0.932 0.764 0.932 0.766 0.93 0.768 0.932 0.77 0.932 0.772 0.934 0.774 0.934 0.782 0.938 0.786 0.946 0.786 0.948 0.784 0.956 0.784 0.958 0.782 0.96 0.782 0.962 0.78 0.968 0.78 0.97 0.778 0.974 0.778 0.974 0.774 0.972 0.772 0.972 0.768 0.97 0.766 0.97 0.764 0.968 0.762 0.966 0.762 0.96 0.756 0.958 0.756 0.956 0.754
5 0.976 0.687 0.028 0.022 0.976 0.676 0.974 0.678 0.972 0.678 0.97 0.68 0.968 0.68 0.966 0.682 0.964 0.682 0.962 0.684 0.962 0.688 0.964 0.69 0.964 0.692 0.966 0.694 0.974 0.694 0.976 0.696 0.984 0.696 0.986 0.694 0.988 0.694 0.988 0.682 0.986 0.68 0.986 0.678 0.984 0.676
4 0.419 0.44 0.018 0.02 0.414 0.43 0.412 0.432 0.412 0.434 0.41 0.436 0.41 0.442 0.412 0.444 0.412 0.446 0.414 0.448 0.418 0.448 0.42 0.446 0.422 0.446 0.422 0.444 0.424 0.442 0.424 0.44 0.426 0.438 0.426 0.434 0.422 0.43
6 0.813 0.074 0.074 0.096 0.814 0.026 0.808 0.032 0.808 0.034 0.806 0.036 0.806 0.038 0.804 0.04 0.804 0.044 0.802 0.046 0.802 0.048 0.8 0.05 0.8 0.054 0.796 0.058 0.796 0.062 0.794 0.064 0.794 0.066 0.792 0.068 0.792 0.07 0.79 0.072 0.79 0.074 0.788 0.076 0.788 0.08 0.784 0.084 0.784 0.088 0.782 0.09 0.782 0.094 0.78 0.096 0.78 0.1 0.778 0.102 0.778 0.106 0.776 0.108 0.776 0.11 0.78 0.114 0.782 0.114 0.784 0.116 0.788 0.116 0.79 0.118 0.794 0.118 0.796 0.12 0.814 0.12 0.818 0.116 0.818 0.114 0.82 0.112 0.82 0.11 0.822 0.108 0.822 0.106 0.824 0.104 0.824 0.1 0.826 0.098 0.826 0.096 0.828 0.094 0.828 0.092 0.83 0.09 0.83 0.088 0.832 0.086 0.832 0.084 0.836 0.08 0.836 0.076 0.84 0.072 0.84 0.07 0.842 0.068 0.842 0.066 0.846 0.062 0.846 0.05 0.848 0.048 0.848 0.04 0.846 0.038 0.844 0.038 0.842 0.036 0.84 0.036 0.838 0.034 0.836 0.034 0.834 0.032 0.832 0.032 0.83 0.03 0.826 0.03 0.824 0.028 0.822 0.028 0.82 0.026
3 0.285 0.973 0.034 0.054 0.27 0.946 0.27 0.948 0.268 0.95 0.268 0.978 0.27 0.98 0.27 0.984 0.272 0.986 0.272 0.99 0.274 0.992 0.274 0.994 0.276 0.996 0.276 0.998 0.3 0.998 0.3 0.994 0.298 0.992 0.298 0.988 0.296 0.986 0.296 0.984 0.294 0.982 0.294 0.98 0.29 0.976 0.29 0.974 0.288 0.972 0.288 0.97 0.286 0.968 0.286 0.964 0.284 0.962 0.284 0.96 0.282 0.958 0.282 0.956 0.28 0.954 0.28 0.952 0.274 0.946
3 0.406 0.939 0.052 0.074 0.404 0.902 0.402 0.904 0.398 0.904 0.396 0.906 0.394 0.906 0.392 0.908 0.388 0.908 0.386 0.91 0.382 0.91 0.38 0.912 0.382 0.914 0.382 0.916 0.384 0.918 0.384 0.92 0.386 0.922 0.386 0.924 0.388 0.926 0.388 0.93 0.39 0.932 0.39 0.934 0.392 0.936 0.392 0.938 0.394 0.94 0.394 0.942 0.396 0.944 0.396 0.946 0.398 0.948 0.398 0.95 0.4 0.952 0.4 0.954 0.402 0.956 0.402 0.96 0.404 0.962 0.404 0.964 0.406 0.966 0.406 0.968 0.408 0.97 0.408 0.972 0.41 0.974 0.412 0.972 0.416 0.972 0.418 0.97 0.422 0.97 0.424 0.968 0.428 0.968 0.43 0.966 0.428 0.964 0.428 0.96 0.426 0.958 0.426 0.956 0.424 0.954 0.424 0.95 0.422 0.948 0.422 0.946 0.42 0.944 0.42 0.94 0.418 0.938 0.418 0.936 0.416 0.934 0.416 0.93 0.414 0.928 0.414 0.924 0.412 0.922 0.412 0.92 0.41 0.918 0.41 0.914 0.408 0.912 0.408 0.91 0.406 0.908 0.406 0.904
