5 0.243 0.863 0.022 0.018 0.246 0.854 0.238 0.862 0.236 0.862 0.234 0.864 0.236 0.864 0.242 0.87 0.244 0.87 0.244 0.868 0.252 0.86 0.252 0.858 0.248 0.854
3 0.292 0.959 0.076 0.074 0.296 0.922 0.286 0.932 0.286 0.934 0.278 0.942 0.276 0.942 0.272 0.946 0.272 0.948 0.258 0.962 0.258 0.964 0.254 0.968 0.254 0.97 0.26 0.976 0.262 0.976 0.268 0.982 0.27 0.982 0.278 0.99 0.28 0.99 0.284 0.994 0.29 0.994 0.296 0.988 0.296 0.986 0.304 0.978 0.304 0.976 0.312 0.968 0.312 0.966 0.322 0.956 0.322 0.954 0.328 0.948 0.326 0.946 0.324 0.946 0.322 0.944 0.32 0.944 0.308 0.932 0.306 0.932
4 0.336 0.994 0.02 0.012 0.334 0.988 0.332 0.99 0.33 0.99 0.328 0.992 0.328 0.996 0.326 0.998 0.344 0.998 0.344 0.994 0.342 0.992 0.34 0.992 0.336 0.988
4 0.163 0.862 0.026 0.024 0.158 0.85 0.15 0.858 0.15 0.864 0.154 0.868 0.156 0.868 0.16 0.872 0.166 0.872 0.172 0.866 0.172 0.864 0.174 0.862 0.174 0.858 0.166 0.85
5 0.07 0.717 0.016 0.018 0.068 0.708 0.064 0.712 0.064 0.714 0.062 0.716 0.062 0.72 0.066 0.724 0.072 0.724 0.076 0.72 0.076 0.716
5 0.153 0.79 0.022 0.02 0.156 0.78 0.146 0.79 0.144 0.79 0.152 0.798 0.156 0.798 0.156 0.796 0.162 0.79 0.162 0.788 0.16 0.786 0.16 0.784
5 0.205 0.817 0.014 0.014 0.2 0.81 0.198 0.812 0.198 0.818 0.2 0.82 0.2 0.822 0.206 0.822 0.208 0.82 0.208 0.818 0.21 0.816 0.21 0.812 0.208 0.81
5 0.4 0.989 0.04 0.022 0.4 0.984 0.404 0.988 0.404 0.994 0.402 0.996 0.402 0.998 0.418 0.998 0.414 0.994 0.412 0.994 0.404 0.986 0.402 0.986
5 0.323 0.931 0.018 0.022 0.32 0.92 0.316 0.924 0.316 0.926 0.314 0.928 0.314 0.934 0.32 0.94 0.328 0.94 0.328 0.93 0.33 0.928 0.33 0.926 0.328 0.924 0.328 0.922 0.326 0.922 0.324 0.92
4 0.183 0.878 0.022 0.02 0.18 0.868 0.172 0.876 0.172 0.882 0.176 0.886 0.184 0.886 0.186 0.884 0.186 0.882 0.192 0.876 0.192 0.87 0.19 0.868
3 0.406 0.906 0.172 0.168 0.366 0.822 0.36 0.828 0.358 0.828 0.35 0.836 0.35 0.838 0.346 0.842 0.346 0.844 0.34 0.85 0.34 0.852 0.336 0.856 0.336 0.858 0.326 0.868 0.326 0.87 0.322 0.874 0.322 0.878 0.32 0.88 0.32 0.884 0.324 0.888 0.326 0.888 0.336 0.898 0.338 0.898 0.346 0.906 0.348 0.906 0.37 0.928 0.372 0.928 0.376 0.932 0.378 0.932 0.382 0.936 0.384 0.936 0.396 0.948 0.398 0.948 0.406 0.956 0.406 0.958 0.408 0.958 0.416 0.966 0.418 0.966 0.428 0.976 0.43 0.976 0.434 0.98 0.436 0.98 0.44 0.984 0.442 0.984 0.446 0.988 0.454 0.98 0.454 0.976 0.458 0.972 0.458 0.97 0.462 0.966 0.462 0.964 0.466 0.96 0.466 0.958 0.468 0.956 0.468 0.954 0.472 0.95 0.472 0.948 0.48 0.94 0.482 0.94 0.482 0.938 0.484 0.936 0.484 0.934 0.486 0.932 0.486 0.93 0.488 0.928 0.488 0.926 0.49 0.924 0.48 0.914 0.48 0.912 0.474 0.906 0.472 0.906 0.468 0.902 0.466 0.902 0.46 0.896 0.458 0.896 0.452 0.89 0.45 0.89 0.446 0.886 0.444 0.886 0.44 0.882 0.438 0.882 0.432 0.876 0.43 0.876 0.424 0.87 0.422 0.87 0.418 0.866 0.418 0.864 0.404 0.85 0.402 0.85 0.398 0.846 0.396 0.846 0.392 0.842 0.39 0.842 0.384 0.836 0.382 0.836 0.374 0.828 0.372 0.828
3 0.122 0.82 0.084 0.08 0.122 0.78 0.118 0.784 0.116 0.784 0.116 0.786 0.098 0.804 0.098 0.806 0.082 0.822 0.082 0.824 0.08 0.826 0.082 0.828 0.082 0.83 0.09 0.83 0.096 0.836 0.098 0.836 0.104 0.842 0.106 0.842 0.112 0.848 0.112 0.85 0.116 0.854 0.116 0.856 0.118 0.858 0.12 0.858 0.136 0.842 0.136 0.84 0.146 0.83 0.146 0.828 0.16 0.814 0.16 0.812 0.162 0.81 0.162 0.808 0.154 0.8 0.152 0.8 0.146 0.794 0.144 0.794 0.14 0.79 0.138 0.79 0.134 0.786 0.132 0.786 0.126 0.78
3 0.041 0.752 0.066 0.072 0.054 0.716 0.052 0.718 0.046 0.718 0.03 0.734 0.03 0.736 0.018 0.748 0.018 0.75 0.016 0.752 0.014 0.752 0.01 0.756 0.01 0.758 0.008 0.76 0.008 0.766 0.01 0.768 0.01 0.77 0.012 0.772 0.014 0.772 0.024 0.782 0.026 0.782 0.03 0.786 0.032 0.786 0.042 0.776 0.042 0.774 0.052 0.764 0.052 0.762 0.064 0.75 0.064 0.748 0.07 0.742 0.07 0.74 0.072 0.738 0.072 0.736 0.068 0.732 0.068 0.73 0.066 0.728 0.066 0.726 0.062 0.722 0.06 0.722
3 0.236 0.763 0.172 0.162 0.2 0.682 0.194 0.688 0.192 0.688 0.188 0.692 0.188 0.694 0.186 0.696 0.186 0.698 0.184 0.7 0.184 0.702 0.178 0.708 0.178 0.71 0.162 0.726 0.162 0.728 0.15 0.74 0.15 0.762 0.158 0.77 0.16 0.77 0.164 0.774 0.166 0.774 0.17 0.778 0.172 0.778 0.174 0.78 0.18 0.78 0.182 0.782 0.184 0.782 0.192 0.79 0.194 0.79 0.196 0.792 0.198 0.792 0.202 0.796 0.202 0.798 0.204 0.798 0.208 0.802 0.212 0.798 0.216 0.802 0.216 0.806 0.22 0.806 0.224 0.81 0.224 0.812 0.23 0.818 0.23 0.82 0.232 0.822 0.234 0.822 0.24 0.828 0.242 0.828 0.248 0.834 0.248 0.836 0.25 0.838 0.25 0.84 0.254 0.84 0.256 0.842 0.258 0.84 0.264 0.84 0.266 0.838 0.268 0.838 0.27 0.836 0.272 0.836 0.274 0.834 0.276 0.834 0.278 0.832 0.282 0.832 0.282 0.83 0.284 0.828 0.286 0.828 0.286 0.826 0.31 0.802 0.312 0.802 0.314 0.8 0.314 0.796 0.316 0.794 0.316 0.792 0.32 0.788 0.32 0.784 0.318 0.782 0.318 0.78 0.316 0.778 0.314 0.778 0.308 0.772 0.306 0.772 0.304 0.77 0.302 0.77 0.3 0.768 0.3 0.766 0.29 0.756 0.286 0.756 0.278 0.748 0.278 0.746 0.272 0.74 0.27 0.74 0.266 0.736 0.266 0.734 0.264 0.732 0.262 0.732 0.254 0.724 0.252 0.724 0.246 0.718 0.244 0.718 0.232 0.706 0.232 0.704 0.226 0.698 0.224 0.698 0.222 0.696 0.22 0.696 0.218 0.694 0.216 0.694 0.214 0.692 0.212 0.692 0.208 0.688 0.206 0.688
3 0.214 0.894 0.08 0.076 0.216 0.856 0.214 0.858 0.212 0.858 0.208 0.862 0.208 0.864 0.204 0.868 0.204 0.87 0.202 0.872 0.2 0.872 0.196 0.876 0.194 0.876 0.192 0.878 0.192 0.88 0.184 0.888 0.184 0.89 0.182 0.892 0.182 0.894 0.18 0.896 0.178 0.896 0.174 0.9 0.174 0.904 0.176 0.906 0.178 0.906 0.18 0.908 0.182 0.908 0.184 0.91 0.188 0.91 0.19 0.912 0.192 0.912 0.194 0.914 0.196 0.914 0.202 0.92 0.204 0.92 0.214 0.93 0.218 0.93 0.22 0.928 0.22 0.926 0.222 0.924 0.222 0.922 0.24 0.904 0.24 0.902 0.246 0.896 0.246 0.894 0.25 0.89 0.25 0.888 0.252 0.886 0.252 0.878 0.248 0.874 0.246 0.874 0.244 0.872 0.242 0.872 0.236 0.866 0.234 0.866 0.228 0.86 0.226 0.86 0.224 0.858 0.222 0.858 0.22 0.856
4 0.391 0.989 0.026 0.022 0.384 0.978 0.382 0.98 0.38 0.98 0.38 0.984 0.378 0.986 0.38 0.988 0.38 0.99 0.388 0.998 0.4 0.998 0.4 0.996 0.402 0.994 0.402 0.988 0.394 0.98 0.392 0.98 0.39 0.978
7 0.074 0.703 0.012 0.014 0.07 0.696 0.068 0.698 0.068 0.704 0.07 0.706 0.072 0.706 0.074 0.708 0.076 0.708 0.076 0.706 0.078 0.704 0.078 0.7 0.074 0.696
