4 0.717 0.013 0.026 0.014 0.706 0.006 0.704 0.008 0.704 0.016 0.706 0.018 0.724 0.018 0.726 0.016 0.728 0.016 0.728 0.006
2 0.112 0.929 0.188 0.142 0.02 0.858 0.018 0.86 0.018 0.864 0.02 0.866 0.02 0.904 0.018 0.906 0.018 0.908 0.022 0.912 0.034 0.912 0.036 0.914 0.038 0.914 0.04 0.912 0.046 0.912 0.048 0.91 0.058 0.91 0.06 0.912 0.062 0.912 0.066 0.916 0.066 0.918 0.068 0.92 0.068 0.922 0.07 0.924 0.07 0.928 0.072 0.93 0.072 0.932 0.074 0.934 0.074 0.936 0.076 0.938 0.076 0.94 0.078 0.942 0.078 0.946 0.08 0.948 0.08 0.95 0.082 0.952 0.082 0.956 0.088 0.962 0.088 0.964 0.09 0.966 0.09 0.97 0.092 0.972 0.092 0.974 0.094 0.976 0.094 0.978 0.096 0.98 0.096 0.982 0.098 0.984 0.098 0.986 0.1 0.988 0.1 0.99 0.102 0.992 0.102 0.994 0.104 0.996 0.104 0.998 0.196 0.998 0.196 0.996 0.2 0.992 0.2 0.99 0.202 0.988 0.202 0.986 0.204 0.984 0.204 0.972 0.196 0.964 0.194 0.964 0.184 0.954 0.182 0.954 0.18 0.952 0.178 0.952 0.176 0.95 0.174 0.95 0.158 0.934 0.156 0.934 0.154 0.932 0.154 0.93 0.146 0.922 0.146 0.92 0.144 0.918 0.144 0.916 0.142 0.914 0.142 0.912 0.14 0.91 0.14 0.908 0.138 0.906 0.138 0.904 0.136 0.902 0.136 0.9 0.134 0.898 0.134 0.896 0.132 0.894 0.132 0.892 0.13 0.89 0.13 0.886 0.128 0.884 0.128 0.88 0.126 0.878 0.126 0.874 0.124 0.872 0.124 0.87 0.122 0.868 0.122 0.866 0.12 0.866 0.118 0.864 0.098 0.864 0.096 0.862 0.072 0.862 0.07 0.86 0.048 0.86 0.046 0.858
4 0.299 0.506 0.022 0.036 0.294 0.488 0.292 0.49 0.292 0.492 0.29 0.494 0.29 0.51 0.288 0.512 0.288 0.52 0.29 0.522 0.304 0.522 0.306 0.52 0.306 0.516 0.308 0.514 0.308 0.49 0.306 0.49 0.304 0.488
2 0.503 0.581 0.126 0.03 0.554 0.586 0.554 0.588 0.556 0.588 0.556 0.586
7 0.017 0.97 0.01 0.012 0.016 0.964 0.012 0.968 0.012 0.974 0.02 0.974 0.02 0.966 0.018 0.966
2 0.959 0.616 0.082 0.032 0.926 0.6 0.924 0.602 0.924 0.606 0.922 0.608 0.92 0.606 0.92 0.604 0.92 0.606 0.918 0.608 0.918 0.622 0.92 0.624 0.94 0.624 0.942 0.626 0.958 0.626 0.96 0.628 0.98 0.628 0.982 0.63 0.998 0.63 0.998 0.606 0.986 0.606 0.984 0.604 0.97 0.604 0.968 0.602 0.94 0.602 0.938 0.6
2 0.057 0.838 0.114 0.056 0.0 0.81 0.0 0.864 0.002 0.864 0.004 0.862 0.008 0.862 0.01 0.86 0.012 0.86 0.016 0.856 0.046 0.856 0.048 0.858 0.07 0.858 0.072 0.86 0.096 0.86 0.098 0.862 0.11 0.862 0.112 0.86 0.112 0.854 0.11 0.852 0.11 0.85 0.108 0.848 0.108 0.846 0.106 0.844 0.106 0.84 0.104 0.838 0.104 0.836 0.102 0.834 0.102 0.83 0.1 0.828 0.1 0.826 0.094 0.82 0.09 0.82 0.088 0.818 0.072 0.818 0.07 0.816 0.066 0.816 0.064 0.814 0.048 0.814 0.046 0.812 0.026 0.812 0.024 0.81
4 0.528 0.009 0.02 0.018 0.522 0.0 0.518 0.004 0.518 0.01 0.522 0.014 0.524 0.014 0.526 0.016 0.53 0.016 0.532 0.014 0.534 0.014 0.534 0.012 0.536 0.01 0.536 0.008 0.534 0.006 0.534 0.004 0.53 0.0
7 0.383 0.427 0.01 0.01 0.378 0.422 0.378 0.43 0.384 0.43 0.384 0.428 0.386 0.426 0.384 0.424 0.384 0.422
7 0.422 0.425 0.008 0.014 0.418 0.418 0.418 0.426 0.42 0.428 0.42 0.43 0.424 0.43 0.424 0.418
2 0.326 0.565 0.116 0.03 0.274 0.55 0.272 0.552 0.268 0.552 0.268 0.564 0.27 0.566 0.27 0.568 0.28 0.568 0.282 0.57 0.31 0.57 0.312 0.572 0.32 0.572 0.322 0.574 0.336 0.574 0.338 0.576 0.364 0.576 0.366 0.578 0.374 0.578 0.376 0.576 0.376 0.572 0.378 0.57 0.378 0.568 0.382 0.564 0.38 0.562 0.378 0.562 0.376 0.56 0.368 0.56 0.366 0.558 0.35 0.558 0.348 0.556 0.326 0.556 0.324 0.554 0.304 0.554 0.302 0.552 0.282 0.552 0.28 0.55
4 0.515 0.53 0.022 0.032 0.508 0.514 0.508 0.516 0.506 0.518 0.506 0.522 0.504 0.524 0.504 0.542 0.508 0.542 0.51 0.544 0.52 0.544 0.522 0.542 0.524 0.542 0.524 0.516 0.522 0.514
4 0.985 0.559 0.03 0.034 0.974 0.542 0.972 0.544 0.972 0.556 0.97 0.558 0.97 0.572 0.972 0.574 0.998 0.574 0.998 0.548 0.992 0.548 0.99 0.546 0.986 0.546 0.984 0.544 0.98 0.544 0.978 0.542
7 0.405 0.421 0.01 0.014 0.4 0.414 0.4 0.424 0.402 0.424 0.404 0.426 0.406 0.424 0.408 0.424 0.408 0.416 0.406 0.414
