0 0.534 0.943 0.044 0.066 0.516 0.91 0.514 0.912 0.512 0.912 0.512 0.92 0.514 0.922 0.514 0.93 0.516 0.932 0.516 0.938 0.518 0.94 0.518 0.946 0.52 0.948 0.52 0.956 0.522 0.958 0.522 0.964 0.524 0.966 0.524 0.97 0.528 0.974 0.546 0.974 0.548 0.972 0.55 0.974 0.552 0.974 0.554 0.972 0.554 0.966 0.552 0.964 0.552 0.958 0.55 0.956 0.55 0.95 0.548 0.948 0.548 0.94 0.546 0.938 0.546 0.934 0.544 0.932 0.544 0.924 0.542 0.922 0.542 0.916 0.54 0.914 0.54 0.912 0.538 0.912 0.536 0.91
4 0.429 0.511 0.018 0.018 0.422 0.502 0.42 0.504 0.42 0.516 0.422 0.518 0.434 0.518 0.436 0.516 0.436 0.51 0.434 0.508 0.434 0.504 0.432 0.502
2 0.373 0.493 0.034 0.138 0.358 0.424 0.356 0.426 0.356 0.458 0.358 0.46 0.358 0.47 0.362 0.474 0.362 0.486 0.364 0.488 0.364 0.5 0.366 0.502 0.366 0.506 0.368 0.508 0.368 0.518 0.37 0.52 0.37 0.524 0.372 0.526 0.372 0.534 0.374 0.536 0.374 0.54 0.376 0.542 0.376 0.548 0.378 0.55 0.378 0.558 0.38 0.56 0.388 0.56 0.388 0.546 0.386 0.544 0.386 0.536 0.384 0.534 0.384 0.524 0.382 0.522 0.382 0.516 0.38 0.514 0.38 0.504 0.378 0.502 0.378 0.498 0.376 0.496 0.376 0.488 0.374 0.486 0.374 0.48 0.372 0.478 0.372 0.468 0.37 0.466 0.37 0.46 0.368 0.458 0.368 0.45 0.366 0.448 0.366 0.44 0.364 0.438 0.364 0.426 0.362 0.424
4 0.588 0.87 0.016 0.016 0.582 0.862 0.58 0.864 0.58 0.872 0.584 0.876 0.592 0.876 0.594 0.874 0.594 0.868 0.592 0.866 0.592 0.864 0.59 0.862
4 0.526 0.832 0.016 0.02 0.52 0.822 0.518 0.824 0.518 0.84 0.528 0.84 0.532 0.836 0.532 0.832 0.53 0.83 0.53 0.826 0.528 0.824 0.526 0.824 0.524 0.822
3 0.354 0.062 0.096 0.068 0.342 0.028 0.306 0.064 0.306 0.066 0.308 0.068 0.308 0.072 0.31 0.074 0.31 0.078 0.312 0.08 0.312 0.084 0.314 0.086 0.314 0.09 0.316 0.092 0.316 0.094 0.32 0.094 0.322 0.092 0.33 0.092 0.332 0.09 0.34 0.09 0.342 0.088 0.352 0.088 0.354 0.086 0.362 0.086 0.364 0.084 0.374 0.084 0.376 0.082 0.384 0.082 0.386 0.08 0.394 0.08 0.396 0.078 0.4 0.078 0.4 0.076 0.398 0.074 0.398 0.068 0.396 0.066 0.396 0.06 0.394 0.058 0.394 0.052 0.392 0.05 0.392 0.044 0.39 0.042 0.39 0.04 0.388 0.04 0.386 0.038 0.38 0.038 0.378 0.036 0.372 0.036 0.37 0.034 0.362 0.034 0.36 0.032 0.354 0.032 0.352 0.03 0.346 0.03 0.344 0.028
7 0.008 0.597 0.016 0.014 0.008 0.59 0.006 0.592 0.002 0.592 0.0 0.594 0.0 0.602 0.008 0.602 0.01 0.6 0.012 0.6 0.012 0.598 0.014 0.596 0.014 0.594 0.01 0.59
2 0.376 0.104 0.088 0.052 0.406 0.078 0.402 0.082 0.398 0.082 0.396 0.084 0.388 0.084 0.386 0.086 0.38 0.086 0.378 0.088 0.372 0.088 0.37 0.09 0.36 0.09 0.358 0.092 0.354 0.092 0.352 0.094 0.344 0.094 0.342 0.096 0.336 0.096 0.334 0.098 0.332 0.098 0.332 0.11 0.334 0.112 0.334 0.116 0.336 0.118 0.336 0.122 0.338 0.124 0.338 0.126 0.34 0.126 0.342 0.128 0.352 0.128 0.354 0.126 0.36 0.126 0.362 0.124 0.37 0.124 0.372 0.122 0.38 0.122 0.382 0.12 0.39 0.12 0.392 0.118 0.4 0.118 0.402 0.116 0.408 0.116 0.41 0.114 0.414 0.114 0.416 0.112 0.418 0.112 0.418 0.104 0.416 0.102 0.416 0.094 0.414 0.092 0.414 0.084 0.412 0.082 0.412 0.08 0.41 0.078
5 0.595 0.982 0.022 0.032 0.59 0.966 0.588 0.968 0.586 0.968 0.586 0.972 0.584 0.974 0.584 0.976 0.586 0.978 0.586 0.988 0.584 0.99 0.584 0.994 0.586 0.996 0.588 0.996 0.59 0.994 0.6 0.994 0.602 0.992 0.604 0.992 0.604 0.976 0.602 0.974 0.602 0.972 0.6 0.97 0.6 0.968 0.598 0.966
5 0.473 0.482 0.018 0.024 0.466 0.47 0.464 0.472 0.464 0.484 0.466 0.486 0.466 0.49 0.468 0.492 0.474 0.492 0.476 0.49 0.48 0.49 0.48 0.472 0.478 0.472 0.476 0.47
