7 0.011 0.305 0.022 0.038 0.0 0.286 0.0 0.32 0.002 0.322 0.01 0.322 0.014 0.318 0.014 0.316 0.016 0.314 0.016 0.308 0.018 0.306 0.018 0.304 0.02 0.302 0.02 0.292 0.018 0.29 0.016 0.29 0.014 0.288 0.008 0.288 0.006 0.286
7 0.041 0.173 0.054 0.042 0.024 0.152 0.02 0.156 0.02 0.158 0.018 0.16 0.018 0.166 0.016 0.168 0.016 0.17 0.014 0.172 0.014 0.18 0.016 0.182 0.022 0.182 0.024 0.184 0.028 0.184 0.03 0.186 0.034 0.186 0.036 0.188 0.04 0.188 0.042 0.19 0.05 0.19 0.052 0.192 0.056 0.192 0.058 0.19 0.058 0.188 0.06 0.186 0.06 0.182 0.062 0.18 0.062 0.178 0.064 0.176 0.064 0.174 0.066 0.172 0.066 0.166 0.064 0.164 0.062 0.164 0.06 0.162 0.058 0.162 0.056 0.16 0.05 0.16 0.048 0.158 0.042 0.158 0.04 0.156 0.036 0.156 0.034 0.154 0.028 0.154 0.026 0.152
7 0.429 0.686 0.018 0.02 0.424 0.676 0.42 0.68 0.42 0.692 0.422 0.692 0.424 0.694 0.432 0.694 0.434 0.692 0.434 0.69 0.436 0.688 0.436 0.682 0.432 0.678 0.428 0.678 0.426 0.676
7 0.087 0.043 0.054 0.042 0.07 0.022 0.066 0.026 0.066 0.03 0.064 0.032 0.064 0.036 0.062 0.038 0.062 0.042 0.06 0.044 0.06 0.05 0.062 0.052 0.064 0.052 0.066 0.054 0.072 0.054 0.074 0.056 0.078 0.056 0.08 0.058 0.086 0.058 0.088 0.06 0.094 0.06 0.096 0.062 0.104 0.062 0.106 0.06 0.106 0.058 0.108 0.056 0.108 0.05 0.11 0.048 0.11 0.044 0.112 0.042 0.112 0.034 0.11 0.034 0.108 0.032 0.106 0.032 0.104 0.03 0.098 0.03 0.096 0.028 0.094 0.028 0.092 0.026 0.088 0.026 0.086 0.024 0.08 0.024 0.078 0.022
7 0.55 0.042 0.028 0.028 0.542 0.028 0.54 0.03 0.54 0.032 0.538 0.034 0.538 0.042 0.536 0.044 0.536 0.046 0.54 0.05 0.544 0.05 0.546 0.052 0.55 0.052 0.552 0.054 0.556 0.054 0.56 0.05 0.56 0.044 0.562 0.042 0.562 0.034 0.56 0.032 0.556 0.032 0.554 0.03 0.546 0.03 0.544 0.028
7 0.775 0.039 0.018 0.022 0.77 0.028 0.768 0.03 0.768 0.034 0.766 0.036 0.766 0.044 0.768 0.046 0.768 0.048 0.778 0.048 0.782 0.044 0.782 0.034 0.78 0.032 0.78 0.03 0.778 0.028
7 0.734 0.063 0.02 0.014 0.728 0.056 0.724 0.06 0.724 0.068 0.738 0.068 0.742 0.064 0.742 0.058 0.74 0.056
2 0.42 0.43 0.072 0.04 0.386 0.41 0.384 0.412 0.384 0.414 0.386 0.416 0.386 0.418 0.388 0.42 0.388 0.422 0.39 0.424 0.39 0.426 0.394 0.43 0.396 0.43 0.398 0.432 0.402 0.432 0.404 0.434 0.408 0.434 0.41 0.436 0.412 0.436 0.414 0.438 0.418 0.438 0.42 0.44 0.424 0.44 0.426 0.442 0.428 0.442 0.43 0.444 0.434 0.444 0.436 0.446 0.44 0.446 0.442 0.448 0.446 0.448 0.448 0.446 0.45 0.446 0.45 0.444 0.454 0.44 0.454 0.434 0.45 0.43 0.448 0.43 0.446 0.428 0.442 0.428 0.44 0.426 0.436 0.426 0.434 0.424 0.43 0.424 0.428 0.422 0.424 0.422 0.422 0.42 0.418 0.42 0.416 0.418 0.412 0.418 0.41 0.416 0.408 0.416 0.406 0.414 0.402 0.414 0.4 0.412 0.398 0.412 0.396 0.41
2 0.583 0.531 0.046 0.078 0.574 0.512 0.572 0.514 0.568 0.514 0.566 0.516 0.566 0.518 0.564 0.52 0.564 0.524 0.562 0.526 0.562 0.53 0.56 0.532 0.56 0.544 0.562 0.546 0.562 0.558 0.564 0.56 0.564 0.562 0.566 0.562 0.568 0.564 0.574 0.564 0.576 0.566 0.58 0.566 0.582 0.568 0.59 0.568 0.59 0.566 0.592 0.564 0.592 0.558 0.594 0.556 0.594 0.552 0.596 0.55 0.596 0.548 0.598 0.546 0.598 0.544 0.6 0.542 0.6 0.538 0.602 0.536 0.602 0.534 0.604 0.532 0.602 0.53 0.602 0.528 0.6 0.528 0.592 0.52 0.59 0.52 0.584 0.514 0.582 0.514 0.58 0.512
2 0.646 0.373 0.032 0.026 0.634 0.36 0.632 0.362 0.632 0.364 0.63 0.366 0.63 0.368 0.632 0.37 0.632 0.372 0.634 0.372 0.636 0.374 0.64 0.374 0.642 0.376 0.644 0.376 0.646 0.378 0.648 0.378 0.652 0.382 0.654 0.382 0.656 0.384 0.658 0.382 0.658 0.378 0.66 0.376 0.658 0.374 0.658 0.372 0.656 0.37 0.654 0.37 0.652 0.368 0.648 0.368 0.646 0.366 0.644 0.366 0.64 0.362 0.64 0.36
4 0.759 0.898 0.022 0.04 0.75 0.878 0.748 0.88 0.748 0.912 0.75 0.914 0.75 0.916 0.766 0.916 0.766 0.914 0.768 0.912 0.768 0.884 0.766 0.882 0.766 0.878
7 0.885 0.069 0.026 0.026 0.876 0.056 0.876 0.058 0.874 0.06 0.874 0.066 0.872 0.068 0.872 0.074 0.874 0.076 0.876 0.076 0.878 0.078 0.886 0.078 0.888 0.08 0.89 0.078 0.892 0.078 0.894 0.076 0.894 0.07 0.896 0.068 0.896 0.06 0.892 0.056
7 0.072 0.088 0.052 0.04 0.054 0.068 0.052 0.07 0.052 0.072 0.05 0.074 0.05 0.078 0.048 0.08 0.048 0.084 0.046 0.086 0.046 0.094 0.048 0.094 0.05 0.096 0.052 0.096 0.054 0.098 0.06 0.098 0.062 0.1 0.066 0.1 0.068 0.102 0.072 0.102 0.074 0.104 0.078 0.104 0.08 0.106 0.086 0.106 0.09 0.102 0.09 0.1 0.092 0.098 0.092 0.094 0.094 0.092 0.094 0.088 0.096 0.086 0.096 0.08 0.094 0.078 0.09 0.078 0.088 0.076 0.086 0.076 0.084 0.074 0.078 0.074 0.076 0.072 0.072 0.072 0.07 0.07 0.064 0.07 0.062 0.068
7 0.609 0.103 0.014 0.014 0.604 0.096 0.604 0.098 0.602 0.1 0.602 0.102 0.606 0.106 0.608 0.106 0.61 0.108 0.614 0.104 0.614 0.098 0.612 0.096
7 0.86 0.119 0.04 0.042 0.848 0.098 0.848 0.1 0.846 0.102 0.846 0.108 0.844 0.11 0.844 0.112 0.842 0.114 0.842 0.118 0.84 0.12 0.84 0.13 0.842 0.132 0.844 0.132 0.846 0.134 0.85 0.134 0.852 0.136 0.858 0.136 0.86 0.138 0.866 0.138 0.87 0.134 0.87 0.13 0.872 0.128 0.872 0.126 0.874 0.124 0.874 0.122 0.876 0.12 0.876 0.116 0.878 0.114 0.878 0.108 0.874 0.104 0.87 0.104 0.868 0.102 0.864 0.102 0.862 0.1 0.858 0.1 0.856 0.098
7 0.056 0.13 0.052 0.04 0.038 0.11 0.036 0.112 0.036 0.114 0.034 0.116 0.034 0.122 0.032 0.124 0.032 0.128 0.03 0.13 0.03 0.136 0.032 0.136 0.034 0.138 0.038 0.138 0.04 0.14 0.044 0.14 0.046 0.142 0.052 0.142 0.054 0.144 0.058 0.144 0.06 0.146 0.064 0.146 0.066 0.148 0.072 0.148 0.074 0.146 0.074 0.144 0.076 0.142 0.076 0.136 0.078 0.134 0.078 0.13 0.08 0.128 0.08 0.122 0.078 0.122 0.076 0.12 0.072 0.12 0.07 0.118 0.068 0.118 0.066 0.116 0.062 0.116 0.06 0.114 0.056 0.114 0.054 0.112 0.048 0.112 0.046 0.11
7 0.972 0.111 0.02 0.022 0.968 0.1 0.964 0.104 0.964 0.112 0.962 0.114 0.964 0.116 0.964 0.118 0.966 0.12 0.976 0.12 0.976 0.118 0.978 0.116 0.978 0.112 0.98 0.11 0.98 0.106 0.976 0.102 0.974 0.102 0.972 0.1
2 0.422 0.228 0.08 0.124 0.422 0.166 0.422 0.17 0.428 0.17 0.43 0.172 0.426 0.176 0.424 0.174 0.422 0.174 0.42 0.176 0.42 0.178 0.418 0.18 0.418 0.182 0.414 0.186 0.414 0.188 0.412 0.19 0.412 0.194 0.41 0.196 0.41 0.198 0.408 0.2 0.408 0.202 0.406 0.204 0.406 0.206 0.404 0.208 0.404 0.212 0.402 0.214 0.402 0.218 0.4 0.22 0.4 0.222 0.398 0.224 0.398 0.228 0.396 0.23 0.396 0.234 0.394 0.236 0.394 0.242 0.392 0.244 0.392 0.248 0.39 0.25 0.39 0.254 0.388 0.256 0.388 0.26 0.386 0.262 0.386 0.266 0.384 0.268 0.384 0.272 0.382 0.274 0.384 0.276 0.386 0.276 0.388 0.278 0.392 0.278 0.394 0.28 0.398 0.28 0.4 0.282 0.402 0.282 0.404 0.284 0.408 0.284 0.41 0.286 0.412 0.286 0.414 0.288 0.42 0.288 0.424 0.284 0.424 0.282 0.426 0.28 0.426 0.276 0.428 0.274 0.428 0.272 0.43 0.27 0.43 0.266 0.432 0.264 0.432 0.26 0.434 0.258 0.434 0.252 0.436 0.25 0.436 0.246 0.438 0.244 0.438 0.242 0.44 0.24 0.44 0.236 0.442 0.234 0.442 0.228 0.444 0.226 0.444 0.222 0.446 0.22 0.446 0.218 0.448 0.216 0.448 0.214 0.45 0.212 0.45 0.21 0.452 0.208 0.452 0.204 0.454 0.202 0.454 0.2 0.456 0.198 0.456 0.196 0.458 0.194 0.458 0.184 0.46 0.182 0.46 0.18 0.458 0.178 0.458 0.176 0.456 0.176 0.454 0.174 0.452 0.174 0.45 0.176 0.448 0.174 0.446 0.174 0.444 0.172 0.442 0.172 0.438 0.168 0.436 0.17 0.434 0.17 0.43 0.166
7 0.477 0.625 0.026 0.026 0.472 0.612 0.468 0.616 0.468 0.62 0.466 0.622 0.466 0.624 0.464 0.626 0.464 0.63 0.468 0.634 0.472 0.634 0.474 0.636 0.482 0.636 0.484 0.634 0.484 0.632 0.486 0.63 0.486 0.628 0.488 0.626 0.488 0.618 0.486 0.616 0.482 0.616 0.48 0.614 0.478 0.614 0.476 0.612
4 0.682 0.903 0.024 0.034 0.67 0.886 0.67 0.916 0.672 0.918 0.69 0.918 0.692 0.916 0.692 0.888 0.69 0.886
7 0.554 0.172 0.04 0.04 0.542 0.152 0.54 0.154 0.54 0.158 0.538 0.16 0.538 0.164 0.536 0.166 0.536 0.172 0.534 0.174 0.534 0.182 0.536 0.184 0.538 0.184 0.54 0.186 0.544 0.186 0.546 0.188 0.55 0.188 0.552 0.19 0.56 0.19 0.56 0.188 0.564 0.184 0.564 0.182 0.566 0.18 0.566 0.176 0.568 0.174 0.568 0.17 0.57 0.168 0.57 0.166 0.572 0.164 0.57 0.162 0.57 0.16 0.566 0.16 0.564 0.158 0.562 0.158 0.56 0.156 0.556 0.156 0.554 0.154 0.55 0.154 0.548 0.152
7 0.929 0.155 0.014 0.014 0.926 0.148 0.924 0.15 0.922 0.15 0.922 0.156 0.926 0.16 0.932 0.16 0.934 0.158 0.934 0.152 0.932 0.15 0.93 0.15 0.928 0.148
7 0.026 0.22 0.052 0.048 0.012 0.196 0.01 0.198 0.008 0.198 0.008 0.2 0.006 0.202 0.006 0.204 0.004 0.206 0.004 0.208 0.002 0.21 0.002 0.212 0.0 0.214 0.0 0.23 0.002 0.23 0.004 0.232 0.008 0.232 0.01 0.234 0.014 0.234 0.016 0.236 0.02 0.236 0.022 0.238 0.024 0.238 0.026 0.24 0.03 0.24 0.032 0.242 0.036 0.242 0.042 0.236 0.042 0.234 0.044 0.232 0.044 0.23 0.046 0.228 0.046 0.226 0.048 0.224 0.048 0.216 0.05 0.214 0.05 0.208 0.048 0.206 0.042 0.206 0.04 0.204 0.036 0.204 0.034 0.202 0.028 0.202 0.026 0.2 0.022 0.2 0.02 0.198 0.014 0.198
7 0.499 0.207 0.066 0.042 0.474 0.186 0.472 0.188 0.472 0.19 0.47 0.192 0.47 0.194 0.468 0.196 0.468 0.202 0.466 0.204 0.466 0.212 0.468 0.214 0.47 0.214 0.472 0.216 0.474 0.216 0.476 0.218 0.478 0.218 0.48 0.22 0.484 0.22 0.486 0.222 0.49 0.222 0.492 0.224 0.496 0.224 0.498 0.226 0.51 0.226 0.51 0.224 0.512 0.222 0.514 0.222 0.516 0.22 0.516 0.218 0.52 0.214 0.522 0.214 0.528 0.208 0.528 0.206 0.53 0.204 0.528 0.202 0.528 0.2 0.526 0.2 0.524 0.198 0.518 0.198 0.516 0.196 0.512 0.196 0.51 0.194 0.504 0.194 0.502 0.192 0.498 0.192 0.496 0.19 0.494 0.19 0.492 0.188 0.488 0.188 0.486 0.186
7 0.018 0.262 0.036 0.044 0.0 0.24 0.0 0.276 0.004 0.276 0.006 0.278 0.008 0.278 0.01 0.28 0.012 0.28 0.014 0.282 0.022 0.282 0.03 0.274 0.03 0.272 0.032 0.27 0.032 0.262 0.034 0.26 0.034 0.25 0.032 0.25 0.03 0.248 0.026 0.248 0.024 0.246 0.02 0.246 0.018 0.244 0.014 0.244 0.012 0.242 0.008 0.242 0.006 0.24
7 0.577 0.286 0.026 0.028 0.568 0.272 0.568 0.276 0.566 0.278 0.566 0.282 0.564 0.284 0.564 0.292 0.568 0.296 0.572 0.296 0.574 0.298 0.58 0.298 0.584 0.294 0.584 0.292 0.586 0.29 0.586 0.286 0.588 0.284 0.588 0.278 0.586 0.276 0.584 0.276 0.58 0.272
7 0.57 0.317 0.016 0.018 0.568 0.308 0.566 0.31 0.564 0.31 0.562 0.312 0.562 0.32 0.564 0.322 0.566 0.322 0.568 0.324 0.572 0.324 0.576 0.32 0.576 0.312 0.574 0.31 0.572 0.31 0.57 0.308
7 0.54 0.33 0.012 0.012 0.536 0.324 0.534 0.326 0.534 0.332 0.536 0.334 0.542 0.334 0.544 0.332 0.544 0.326 0.542 0.324
7 0.552 0.363 0.02 0.018 0.546 0.354 0.544 0.356 0.544 0.36 0.542 0.362 0.542 0.366 0.544 0.368 0.546 0.368 0.548 0.37 0.558 0.37 0.558 0.368 0.56 0.366 0.56 0.358 0.556 0.354
7 0.485 0.471 0.05 0.05 0.47 0.446 0.47 0.448 0.468 0.45 0.468 0.452 0.466 0.454 0.466 0.458 0.464 0.46 0.464 0.462 0.462 0.464 0.462 0.468 0.46 0.47 0.46 0.482 0.462 0.484 0.466 0.484 0.468 0.486 0.47 0.486 0.472 0.488 0.476 0.488 0.478 0.49 0.48 0.49 0.482 0.492 0.486 0.492 0.488 0.494 0.492 0.494 0.496 0.49 0.496 0.488 0.498 0.486 0.498 0.482 0.5 0.48 0.5 0.478 0.502 0.476 0.502 0.474 0.504 0.472 0.504 0.468 0.506 0.466 0.506 0.464 0.508 0.462 0.508 0.458 0.506 0.458 0.504 0.456 0.502 0.456 0.5 0.454 0.496 0.454 0.494 0.452 0.492 0.452 0.49 0.45 0.486 0.45 0.484 0.448 0.48 0.448 0.478 0.446
7 0.101 0.017 0.054 0.026 0.08 0.004 0.078 0.006 0.076 0.006 0.076 0.012 0.074 0.014 0.074 0.018 0.076 0.018 0.078 0.02 0.084 0.02 0.086 0.022 0.092 0.022 0.094 0.024 0.098 0.024 0.1 0.026 0.104 0.026 0.106 0.028 0.116 0.028 0.12 0.024 0.12 0.02 0.122 0.018 0.122 0.016 0.124 0.014 0.124 0.01 0.126 0.008 0.124 0.006 0.108 0.006 0.106 0.004
7 0.625 0.824 0.01 0.012 0.62 0.818 0.62 0.826 0.622 0.828 0.628 0.828 0.628 0.818
7 0.472 0.992 0.012 0.016 0.472 0.984 0.47 0.986 0.466 0.986 0.466 0.998 0.476 0.998 0.476 0.99 0.474 0.988 0.474 0.984
7 0.472 0.976 0.012 0.048 0.468 0.952 0.468 0.956 0.466 0.958 0.466 0.996 0.468 0.998 0.476 0.998 0.476 0.954 0.474 0.952
7 0.855 0.868 0.014 0.024 0.848 0.856 0.848 0.876 0.85 0.878 0.86 0.878 0.86 0.87 0.858 0.868 0.858 0.86 0.854 0.856
7 0.392 0.963 0.012 0.01 0.386 0.958 0.386 0.964 0.388 0.966 0.394 0.966 0.396 0.964 0.396 0.96 0.394 0.958
7 0.855 0.923 0.018 0.034 0.854 0.906 0.85 0.91 0.848 0.91 0.846 0.912 0.846 0.936 0.848 0.938 0.86 0.938 0.862 0.936 0.862 0.91 0.86 0.908 0.86 0.906
7 0.597 0.335 0.034 0.034 0.59 0.318 0.588 0.32 0.586 0.32 0.586 0.322 0.584 0.324 0.584 0.326 0.582 0.328 0.582 0.33 0.58 0.332 0.58 0.342 0.582 0.342 0.584 0.344 0.586 0.344 0.588 0.346 0.592 0.346 0.594 0.348 0.6 0.348 0.602 0.35 0.608 0.344 0.608 0.34 0.61 0.338 0.61 0.336 0.612 0.334 0.612 0.326 0.61 0.324 0.606 0.324 0.604 0.322 0.6 0.322 0.598 0.32 0.596 0.32 0.594 0.318
7 0.709 0.129 0.026 0.022 0.7 0.118 0.7 0.12 0.696 0.124 0.696 0.13 0.698 0.132 0.702 0.132 0.706 0.136 0.71 0.136 0.712 0.138 0.714 0.136 0.716 0.136 0.72 0.132 0.72 0.12 0.712 0.12 0.71 0.118
7 0.508 0.835 0.012 0.01 0.506 0.83 0.504 0.832 0.504 0.834 0.502 0.836 0.504 0.838 0.512 0.838 0.512 0.832 0.51 0.83
7 0.625 0.853 0.01 0.014 0.622 0.846 0.62 0.848 0.62 0.858 0.628 0.858 0.628 0.848 0.624 0.848
7 0.39 0.868 0.012 0.012 0.386 0.862 0.384 0.864 0.384 0.868 0.388 0.872 0.39 0.872 0.392 0.87 0.394 0.87 0.394 0.864 0.392 0.862
7 0.597 0.853 0.014 0.03 0.592 0.838 0.592 0.84 0.59 0.842 0.59 0.86 0.592 0.862 0.592 0.864 0.594 0.866 0.596 0.864 0.6 0.864 0.6 0.86 0.602 0.858 0.602 0.84 0.6 0.838
7 0.712 0.848 0.012 0.012 0.708 0.842 0.708 0.846 0.706 0.848 0.71 0.852 0.712 0.852 0.714 0.85 0.716 0.85 0.716 0.842
