4 0.162 0.938 0.016 0.02 0.16 0.928 0.158 0.93 0.156 0.93 0.156 0.932 0.154 0.934 0.154 0.944 0.156 0.944 0.158 0.946 0.166 0.946 0.168 0.944 0.168 0.934 0.166 0.932 0.166 0.93 0.162 0.93
5 0.176 0.839 0.02 0.018 0.17 0.83 0.166 0.834 0.166 0.842 0.168 0.844 0.168 0.846 0.18 0.846 0.182 0.844 0.182 0.84 0.184 0.838 0.184 0.836 0.182 0.834 0.182 0.832 0.18 0.83
4 0.175 0.474 0.026 0.02 0.164 0.464 0.164 0.468 0.162 0.47 0.164 0.472 0.164 0.48 0.166 0.482 0.182 0.482 0.184 0.48 0.186 0.48 0.186 0.468 0.184 0.466 0.184 0.464
3 0.401 0.578 0.042 0.076 0.392 0.54 0.39 0.542 0.384 0.542 0.38 0.546 0.38 0.598 0.382 0.6 0.382 0.604 0.384 0.606 0.384 0.61 0.386 0.612 0.388 0.612 0.39 0.614 0.41 0.614 0.412 0.612 0.418 0.612 0.42 0.61 0.42 0.548 0.418 0.546 0.418 0.544 0.416 0.542 0.414 0.542 0.412 0.54
4 0.169 0.542 0.018 0.016 0.164 0.534 0.162 0.536 0.16 0.536 0.16 0.542 0.162 0.544 0.162 0.546 0.164 0.548 0.172 0.548 0.176 0.544 0.176 0.538 0.174 0.536 0.17 0.536 0.168 0.534
4 0.405 0.393 0.026 0.022 0.396 0.382 0.392 0.386 0.392 0.4 0.396 0.4 0.398 0.402 0.4 0.402 0.402 0.4 0.412 0.4 0.414 0.398 0.414 0.396 0.416 0.394 0.416 0.384 0.414 0.384 0.412 0.382
4 0.47 0.518 0.024 0.024 0.458 0.508 0.458 0.518 0.46 0.52 0.46 0.528 0.478 0.528 0.478 0.526 0.48 0.524 0.48 0.508
4 0.474 0.586 0.024 0.028 0.466 0.572 0.462 0.576 0.462 0.594 0.464 0.596 0.466 0.596 0.468 0.598 0.474 0.598 0.476 0.596 0.484 0.596 0.484 0.574 0.482 0.572
5 0.441 0.513 0.018 0.018 0.432 0.504 0.432 0.52 0.448 0.52 0.448 0.504
4 0.466 0.393 0.024 0.018 0.456 0.384 0.454 0.386 0.454 0.396 0.456 0.398 0.456 0.4 0.474 0.4 0.476 0.398 0.476 0.386 0.474 0.384
5 0.074 0.505 0.02 0.022 0.07 0.494 0.068 0.496 0.066 0.496 0.066 0.498 0.064 0.5 0.064 0.504 0.066 0.506 0.066 0.512 0.068 0.514 0.08 0.514 0.08 0.512 0.082 0.51 0.082 0.502 0.08 0.5 0.08 0.494
6 0.188 0.989 0.08 0.022 0.196 0.978 0.194 0.98 0.182 0.98 0.18 0.982 0.15 0.982 0.148 0.984 0.148 0.998 0.226 0.998 0.226 0.99 0.224 0.988 0.224 0.984 0.222 0.982 0.222 0.98 0.22 0.978
7 0.1 0.532 0.016 0.012 0.096 0.526 0.094 0.528 0.092 0.528 0.092 0.534 0.096 0.534 0.098 0.536 0.1 0.536 0.102 0.534 0.104 0.534 0.106 0.532 0.104 0.53 0.104 0.526
7 0.418 0.52 0.016 0.016 0.412 0.512 0.412 0.514 0.41 0.516 0.41 0.52 0.412 0.522 0.412 0.524 0.414 0.526 0.418 0.526 0.42 0.524 0.422 0.524 0.424 0.522 0.424 0.518 0.422 0.516 0.422 0.514 0.42 0.514 0.418 0.512
4 0.509 0.586 0.018 0.036 0.504 0.568 0.5 0.572 0.5 0.58 0.502 0.582 0.502 0.596 0.504 0.598 0.504 0.6 0.506 0.602 0.512 0.602 0.514 0.6 0.514 0.598 0.516 0.596 0.516 0.574 0.51 0.568
7 0.129 0.818 0.014 0.012 0.124 0.812 0.124 0.814 0.122 0.816 0.122 0.818 0.124 0.82 0.124 0.822 0.132 0.822 0.134 0.82 0.134 0.814 0.132 0.812
7 0.144 0.965 0.016 0.01 0.142 0.96 0.14 0.962 0.136 0.962 0.136 0.966 0.14 0.966 0.142 0.968 0.148 0.968 0.15 0.966 0.15 0.962 0.148 0.96
