7 0.468 0.448 0.016 0.02 0.464 0.438 0.464 0.44 0.462 0.442 0.462 0.444 0.46 0.446 0.46 0.452 0.462 0.454 0.466 0.454 0.468 0.456 0.47 0.456 0.474 0.452 0.474 0.446 0.472 0.444 0.472 0.442 0.47 0.44 0.468 0.44 0.466 0.438
4 0.912 0.597 0.012 0.018 0.908 0.588 0.906 0.59 0.906 0.602 0.908 0.604 0.916 0.604 0.916 0.588
4 0.977 0.602 0.01 0.016 0.974 0.594 0.972 0.596 0.972 0.606 0.974 0.608 0.978 0.608 0.98 0.606 0.98 0.596 0.978 0.594
5 0.268 0.219 0.016 0.01 0.262 0.214 0.26 0.216 0.26 0.218 0.264 0.222 0.272 0.222 0.274 0.22 0.274 0.216 0.272 0.216 0.27 0.214
5 0.945 0.584 0.018 0.02 0.942 0.574 0.94 0.576 0.938 0.576 0.936 0.578 0.936 0.592 0.95 0.592 0.95 0.59 0.952 0.588 0.952 0.578 0.95 0.576 0.95 0.574
4 0.957 0.667 0.022 0.022 0.948 0.656 0.948 0.66 0.946 0.662 0.946 0.672 0.95 0.676 0.962 0.676 0.964 0.674 0.964 0.672 0.966 0.67 0.966 0.658 0.964 0.656
3 0.911 0.552 0.066 0.028 0.884 0.538 0.882 0.54 0.88 0.54 0.88 0.548 0.878 0.55 0.878 0.556 0.88 0.558 0.886 0.558 0.888 0.56 0.904 0.56 0.906 0.562 0.93 0.562 0.932 0.564 0.94 0.564 0.942 0.562 0.942 0.548 0.94 0.546 0.93 0.546 0.928 0.544 0.906 0.544 0.904 0.542 0.894 0.542 0.892 0.54 0.886 0.54
3 0.982 0.564 0.036 0.028 0.964 0.55 0.964 0.572 0.966 0.572 0.968 0.574 0.976 0.574 0.978 0.576 0.994 0.576 0.996 0.574 0.996 0.572 0.998 0.57 0.998 0.554 0.996 0.552 0.992 0.552 0.99 0.55
3 0.937 0.711 0.126 0.046 0.88 0.688 0.878 0.69 0.876 0.69 0.874 0.692 0.874 0.708 0.876 0.71 0.876 0.714 0.878 0.716 0.878 0.718 0.88 0.72 0.892 0.72 0.894 0.722 0.92 0.722 0.922 0.724 0.928 0.724 0.93 0.726 0.954 0.726 0.956 0.728 0.97 0.728 0.972 0.73 0.992 0.73 0.994 0.732 0.998 0.732 0.998 0.698 0.972 0.698 0.97 0.696 0.952 0.696 0.95 0.694 0.938 0.694 0.936 0.692 0.926 0.692 0.924 0.69 0.908 0.69 0.906 0.688
4 0.301 0.231 0.022 0.03 0.294 0.216 0.292 0.218 0.292 0.222 0.29 0.224 0.29 0.234 0.292 0.236 0.292 0.242 0.294 0.242 0.296 0.244 0.298 0.244 0.3 0.242 0.304 0.242 0.308 0.238 0.308 0.234 0.31 0.232 0.31 0.226 0.306 0.222 0.304 0.222 0.3 0.218 0.298 0.218 0.296 0.216
0 0.314 0.316 0.048 0.056 0.318 0.288 0.316 0.29 0.314 0.29 0.302 0.302 0.302 0.304 0.292 0.314 0.292 0.316 0.29 0.318 0.29 0.324 0.292 0.326 0.292 0.328 0.296 0.332 0.296 0.334 0.3 0.338 0.302 0.338 0.306 0.342 0.31 0.342 0.316 0.336 0.316 0.334 0.334 0.316 0.334 0.314 0.336 0.312 0.336 0.304 0.334 0.302 0.334 0.3 0.33 0.296 0.33 0.294 0.326 0.29 0.324 0.29 0.322 0.288
