4 0.366 0.816 0.024 0.024 0.356 0.804 0.356 0.806 0.354 0.808 0.354 0.824 0.356 0.826 0.372 0.826 0.374 0.824 0.374 0.814 0.376 0.812 0.376 0.81 0.374 0.808 0.374 0.806 0.372 0.804
5 0.382 0.756 0.016 0.02 0.378 0.746 0.376 0.748 0.376 0.75 0.374 0.752 0.374 0.762 0.376 0.762 0.378 0.764 0.382 0.764 0.386 0.76 0.386 0.754 0.388 0.752 0.388 0.748 0.386 0.746
5 0.384 0.731 0.012 0.014 0.38 0.724 0.378 0.726 0.378 0.734 0.38 0.736 0.386 0.736 0.386 0.734 0.388 0.732 0.388 0.726 0.386 0.724
4 0.383 0.681 0.018 0.018 0.382 0.672 0.38 0.674 0.376 0.674 0.376 0.676 0.374 0.678 0.376 0.68 0.376 0.686 0.378 0.688 0.38 0.686 0.388 0.686 0.39 0.684 0.39 0.674 0.388 0.672
7 0.417 0.732 0.018 0.012 0.412 0.726 0.41 0.728 0.408 0.728 0.408 0.734 0.412 0.734 0.414 0.736 0.418 0.736 0.42 0.734 0.422 0.734 0.424 0.732 0.424 0.728 0.422 0.726
6 0.793 0.103 0.106 0.05 0.744 0.078 0.742 0.08 0.742 0.104 0.74 0.106 0.742 0.108 0.742 0.126 0.806 0.126 0.808 0.124 0.812 0.124 0.814 0.122 0.838 0.122 0.84 0.12 0.84 0.118 0.842 0.116 0.842 0.094 0.844 0.092 0.844 0.082 0.842 0.08 0.84 0.08 0.838 0.078
2 0.665 0.051 0.118 0.042 0.67 0.03 0.668 0.032 0.626 0.032 0.624 0.034 0.622 0.034 0.62 0.036 0.62 0.038 0.616 0.042 0.616 0.044 0.614 0.046 0.614 0.048 0.612 0.05 0.612 0.052 0.61 0.054 0.61 0.056 0.608 0.058 0.608 0.06 0.606 0.062 0.606 0.068 0.608 0.068 0.61 0.066 0.612 0.066 0.614 0.068 0.654 0.068 0.656 0.07 0.666 0.07 0.668 0.068 0.67 0.068 0.672 0.07 0.68 0.07 0.682 0.068 0.686 0.068 0.688 0.07 0.694 0.07 0.696 0.068 0.718 0.068 0.72 0.066 0.72 0.052 0.722 0.05 0.722 0.04 0.72 0.038 0.72 0.034 0.716 0.034 0.714 0.032 0.68 0.032 0.678 0.03
4 0.512 0.811 0.02 0.022 0.504 0.8 0.504 0.804 0.502 0.806 0.502 0.818 0.506 0.818 0.508 0.82 0.518 0.82 0.518 0.818 0.52 0.816 0.52 0.802 0.514 0.802 0.512 0.8
2 0.909 0.859 0.034 0.078 0.902 0.82 0.9 0.822 0.898 0.822 0.894 0.826 0.894 0.862 0.892 0.864 0.892 0.888 0.896 0.892 0.898 0.892 0.9 0.894 0.904 0.894 0.906 0.896 0.912 0.896 0.916 0.892 0.916 0.888 0.918 0.886 0.918 0.87 0.92 0.868 0.92 0.848 0.922 0.846 0.922 0.836 0.924 0.834 0.924 0.822 0.922 0.82
4 0.371 0.791 0.026 0.018 0.36 0.782 0.36 0.784 0.358 0.786 0.358 0.796 0.366 0.796 0.368 0.798 0.376 0.798 0.378 0.796 0.38 0.796 0.38 0.79 0.382 0.788 0.382 0.784 0.38 0.782
6 0.976 0.345 0.036 0.066 0.962 0.312 0.96 0.314 0.96 0.326 0.958 0.328 0.958 0.374 0.984 0.374 0.986 0.376 0.988 0.376 0.992 0.372 0.992 0.314 0.99 0.312
5 0.244 0.366 0.02 0.032 0.236 0.35 0.234 0.352 0.234 0.378 0.236 0.378 0.238 0.38 0.246 0.38 0.248 0.378 0.252 0.378 0.252 0.37 0.25 0.368 0.25 0.366 0.252 0.364 0.252 0.36 0.25 0.358 0.25 0.354 0.248 0.352 0.246 0.352 0.244 0.35
3 0.21 0.984 0.08 0.032 0.17 0.968 0.17 0.974 0.172 0.976 0.172 0.99 0.174 0.992 0.174 0.998 0.242 0.998 0.244 0.996 0.244 0.988 0.246 0.986 0.246 0.98 0.248 0.978 0.248 0.976 0.24 0.976 0.238 0.974 0.22 0.974 0.218 0.972 0.2 0.972 0.198 0.97 0.18 0.97 0.178 0.968
5 0.744 0.04 0.02 0.04 0.738 0.02 0.736 0.022 0.734 0.022 0.734 0.056 0.736 0.058 0.75 0.058 0.752 0.056 0.752 0.024 0.75 0.022 0.75 0.02
6 0.098 0.445 0.112 0.062 0.048 0.414 0.046 0.416 0.046 0.426 0.044 0.428 0.044 0.45 0.042 0.452 0.042 0.464 0.052 0.464 0.054 0.466 0.074 0.466 0.076 0.468 0.092 0.468 0.094 0.47 0.11 0.47 0.112 0.472 0.124 0.472 0.126 0.474 0.144 0.474 0.146 0.472 0.146 0.462 0.148 0.46 0.148 0.446 0.15 0.444 0.15 0.434 0.152 0.432 0.152 0.424 0.15 0.422 0.122 0.422 0.12 0.42 0.106 0.42 0.104 0.418 0.08 0.418 0.078 0.416 0.062 0.416 0.06 0.414
3 0.331 0.685 0.074 0.07 0.304 0.65 0.302 0.652 0.302 0.654 0.3 0.656 0.3 0.668 0.298 0.67 0.298 0.684 0.296 0.686 0.296 0.706 0.294 0.708 0.294 0.712 0.298 0.716 0.31 0.716 0.312 0.718 0.342 0.718 0.344 0.716 0.354 0.716 0.356 0.714 0.358 0.714 0.36 0.712 0.362 0.712 0.36 0.71 0.36 0.698 0.358 0.696 0.358 0.678 0.36 0.676 0.36 0.67 0.362 0.668 0.362 0.666 0.364 0.664 0.364 0.66 0.366 0.658 0.362 0.654 0.348 0.654 0.346 0.652 0.336 0.652 0.334 0.65
3 0.784 0.033 0.052 0.054 0.762 0.006 0.76 0.008 0.758 0.008 0.758 0.056 0.76 0.058 0.806 0.058 0.808 0.056 0.808 0.014 0.806 0.012 0.806 0.01 0.804 0.01 0.802 0.008 0.77 0.008 0.768 0.006
3 0.318 0.798 0.076 0.076 0.29 0.76 0.288 0.762 0.288 0.774 0.286 0.776 0.286 0.782 0.284 0.784 0.284 0.802 0.282 0.804 0.282 0.818 0.28 0.82 0.28 0.832 0.282 0.834 0.288 0.834 0.29 0.832 0.294 0.832 0.296 0.83 0.306 0.83 0.308 0.828 0.322 0.828 0.324 0.826 0.336 0.826 0.338 0.824 0.346 0.824 0.348 0.822 0.348 0.814 0.35 0.812 0.35 0.804 0.352 0.802 0.352 0.786 0.354 0.784 0.354 0.77 0.352 0.768 0.352 0.766 0.35 0.766 0.348 0.764 0.344 0.764 0.342 0.762 0.316 0.762 0.314 0.76
