4 0.385 0.22 0.018 0.024 0.382 0.208 0.38 0.21 0.378 0.21 0.378 0.212 0.376 0.214 0.376 0.218 0.378 0.22 0.378 0.224 0.38 0.226 0.38 0.228 0.382 0.228 0.384 0.23 0.386 0.228 0.388 0.228 0.392 0.224 0.392 0.21 0.39 0.208
5 0.464 0.429 0.012 0.014 0.462 0.422 0.458 0.426 0.458 0.434 0.464 0.434 0.468 0.43 0.468 0.424 0.466 0.422
5 0.789 0.672 0.022 0.048 0.79 0.648 0.79 0.65 0.788 0.652 0.788 0.658 0.786 0.66 0.786 0.666 0.784 0.668 0.784 0.674 0.782 0.676 0.782 0.682 0.78 0.684 0.78 0.69 0.778 0.692 0.778 0.694 0.79 0.694 0.79 0.69 0.792 0.688 0.792 0.678 0.794 0.676 0.794 0.668 0.796 0.666 0.796 0.656 0.798 0.654 0.798 0.65 0.794 0.65 0.792 0.648
5 0.935 0.712 0.018 0.044 0.94 0.69 0.938 0.692 0.934 0.692 0.934 0.696 0.932 0.698 0.932 0.706 0.93 0.708 0.93 0.716 0.928 0.718 0.928 0.726 0.926 0.728 0.926 0.732 0.94 0.732 0.94 0.712 0.942 0.71 0.942 0.69
7 0.797 0.729 0.022 0.018 0.794 0.72 0.792 0.722 0.788 0.722 0.786 0.724 0.786 0.726 0.788 0.728 0.788 0.73 0.79 0.73 0.792 0.732 0.794 0.732 0.796 0.734 0.798 0.734 0.8 0.736 0.802 0.736 0.804 0.734 0.804 0.732 0.806 0.73 0.806 0.722 0.804 0.72
7 0.603 0.221 0.018 0.022 0.598 0.21 0.598 0.212 0.594 0.216 0.598 0.22 0.598 0.222 0.6 0.224 0.6 0.228 0.602 0.23 0.604 0.23 0.606 0.228 0.608 0.228 0.608 0.226 0.61 0.224 0.61 0.214 0.608 0.212 0.606 0.212 0.604 0.21
7 0.911 0.754 0.022 0.024 0.904 0.742 0.902 0.744 0.902 0.754 0.9 0.756 0.9 0.76 0.902 0.762 0.904 0.762 0.906 0.764 0.908 0.762 0.912 0.762 0.92 0.754 0.92 0.75 0.916 0.75 0.912 0.746 0.908 0.746
2 0.915 0.896 0.042 0.02 0.896 0.886 0.896 0.89 0.894 0.892 0.894 0.896 0.896 0.896 0.898 0.898 0.906 0.898 0.908 0.9 0.916 0.9 0.918 0.902 0.926 0.902 0.928 0.904 0.93 0.904 0.93 0.902 0.932 0.9 0.932 0.896 0.934 0.894 0.934 0.892 0.93 0.892 0.928 0.89 0.916 0.89 0.914 0.888 0.902 0.888 0.9 0.886
2 0.748 0.865 0.044 0.026 0.73 0.852 0.73 0.854 0.728 0.856 0.728 0.862 0.726 0.864 0.726 0.866 0.728 0.866 0.73 0.868 0.736 0.868 0.738 0.87 0.744 0.87 0.746 0.872 0.75 0.872 0.752 0.874 0.758 0.874 0.76 0.876 0.762 0.876 0.762 0.874 0.764 0.872 0.764 0.868 0.766 0.866 0.766 0.862 0.768 0.86 0.764 0.86 0.762 0.858 0.754 0.858 0.752 0.856 0.744 0.856 0.742 0.854 0.734 0.854 0.732 0.852
7 0.558 0.215 0.02 0.018 0.56 0.206 0.558 0.208 0.556 0.208 0.548 0.216 0.548 0.22 0.55 0.222 0.556 0.222 0.56 0.218 0.562 0.218 0.566 0.214 0.566 0.21 0.562 0.206
7 0.865 0.775 0.026 0.026 0.86 0.762 0.858 0.764 0.856 0.764 0.854 0.766 0.852 0.766 0.852 0.782 0.854 0.782 0.856 0.784 0.858 0.784 0.86 0.786 0.868 0.786 0.872 0.782 0.872 0.78 0.874 0.778 0.874 0.774 0.876 0.772 0.876 0.766 0.874 0.764 0.872 0.764 0.87 0.762
7 0.715 0.718 0.014 0.012 0.71 0.712 0.708 0.714 0.708 0.72 0.71 0.722 0.716 0.722 0.718 0.72 0.72 0.72 0.718 0.718 0.718 0.714 0.716 0.712
4 0.923 0.867 0.01 0.01 0.918 0.862 0.918 0.87 0.924 0.87 0.924 0.868 0.926 0.866 0.926 0.864 0.924 0.862
4 0.837 0.854 0.018 0.02 0.836 0.844 0.834 0.846 0.83 0.846 0.83 0.848 0.828 0.85 0.828 0.856 0.832 0.86 0.834 0.86 0.836 0.862 0.84 0.862 0.844 0.858 0.844 0.848 0.842 0.846 0.838 0.846
4 0.74 0.833 0.016 0.018 0.738 0.824 0.736 0.826 0.734 0.826 0.732 0.828 0.732 0.838 0.734 0.838 0.736 0.84 0.744 0.84 0.746 0.838 0.746 0.828 0.744 0.826 0.74 0.826
5 0.83 0.8 0.024 0.056 0.83 0.772 0.83 0.774 0.828 0.776 0.828 0.784 0.826 0.786 0.826 0.792 0.824 0.794 0.824 0.8 0.822 0.802 0.822 0.81 0.82 0.812 0.82 0.818 0.818 0.82 0.818 0.822 0.82 0.824 0.824 0.824 0.826 0.826 0.826 0.824 0.828 0.822 0.828 0.816 0.83 0.814 0.83 0.81 0.832 0.808 0.832 0.802 0.834 0.8 0.834 0.794 0.836 0.792 0.836 0.788 0.838 0.786 0.838 0.78 0.84 0.778 0.84 0.776 0.838 0.776 0.836 0.774 0.832 0.774
3 0.449 0.214 0.082 0.128 0.426 0.15 0.426 0.158 0.424 0.16 0.424 0.17 0.422 0.172 0.422 0.184 0.42 0.186 0.42 0.194 0.418 0.196 0.418 0.204 0.416 0.206 0.416 0.214 0.414 0.216 0.414 0.226 0.412 0.228 0.412 0.238 0.41 0.24 0.41 0.258 0.408 0.26 0.408 0.266 0.41 0.268 0.412 0.268 0.414 0.27 0.42 0.27 0.422 0.272 0.432 0.272 0.434 0.274 0.44 0.274 0.442 0.272 0.444 0.272 0.446 0.274 0.46 0.274 0.462 0.276 0.464 0.274 0.466 0.274 0.466 0.272 0.468 0.27 0.468 0.266 0.474 0.26 0.474 0.246 0.476 0.244 0.476 0.234 0.478 0.232 0.478 0.22 0.48 0.218 0.48 0.208 0.482 0.206 0.482 0.198 0.484 0.196 0.484 0.186 0.486 0.184 0.486 0.178 0.488 0.176 0.488 0.162 0.486 0.162 0.484 0.16 0.482 0.16 0.48 0.158 0.47 0.158 0.468 0.156 0.458 0.156 0.456 0.154 0.45 0.154 0.448 0.152 0.44 0.152 0.438 0.15
7 0.833 0.657 0.022 0.022 0.83 0.646 0.828 0.648 0.824 0.648 0.824 0.65 0.822 0.652 0.822 0.662 0.824 0.664 0.826 0.664 0.828 0.666 0.838 0.666 0.838 0.664 0.84 0.662 0.84 0.66 0.842 0.658 0.842 0.65 0.838 0.646
3 0.229 0.172 0.09 0.132 0.21 0.106 0.21 0.108 0.208 0.11 0.208 0.112 0.206 0.114 0.206 0.124 0.204 0.126 0.204 0.132 0.202 0.134 0.202 0.148 0.2 0.15 0.2 0.166 0.198 0.168 0.198 0.178 0.196 0.18 0.196 0.192 0.194 0.194 0.194 0.204 0.192 0.206 0.192 0.212 0.19 0.214 0.19 0.216 0.186 0.22 0.186 0.222 0.184 0.224 0.186 0.226 0.186 0.23 0.2 0.23 0.202 0.232 0.218 0.232 0.22 0.234 0.226 0.234 0.228 0.236 0.244 0.236 0.248 0.232 0.248 0.228 0.25 0.226 0.25 0.22 0.252 0.218 0.252 0.21 0.254 0.208 0.254 0.2 0.256 0.198 0.256 0.186 0.258 0.184 0.258 0.178 0.26 0.176 0.26 0.164 0.262 0.162 0.262 0.152 0.264 0.15 0.264 0.14 0.266 0.138 0.266 0.134 0.268 0.132 0.268 0.13 0.27 0.128 0.27 0.126 0.272 0.124 0.272 0.118 0.27 0.116 0.266 0.116 0.264 0.114 0.256 0.114 0.254 0.112 0.244 0.112 0.242 0.11 0.234 0.11 0.232 0.108 0.224 0.108 0.222 0.106
4 0.857 0.337 0.026 0.022 0.846 0.326 0.844 0.328 0.844 0.332 0.846 0.334 0.846 0.34 0.85 0.344 0.858 0.344 0.86 0.346 0.862 0.344 0.864 0.344 0.864 0.342 0.866 0.34 0.866 0.336 0.868 0.334 0.868 0.332 0.866 0.33 0.86 0.33 0.858 0.328 0.852 0.328 0.85 0.326
4 0.807 0.329 0.022 0.022 0.798 0.318 0.796 0.32 0.796 0.334 0.8 0.334 0.802 0.336 0.806 0.336 0.808 0.338 0.814 0.338 0.814 0.336 0.816 0.334 0.816 0.322 0.814 0.32 0.806 0.32 0.804 0.318
7 0.826 0.281 0.028 0.03 0.822 0.266 0.818 0.27 0.816 0.27 0.814 0.272 0.814 0.274 0.812 0.276 0.812 0.28 0.814 0.282 0.814 0.288 0.818 0.292 0.82 0.292 0.822 0.294 0.828 0.294 0.83 0.292 0.832 0.292 0.832 0.288 0.834 0.286 0.834 0.284 0.836 0.282 0.836 0.272 0.838 0.27 0.836 0.268 0.836 0.266
7 0.767 0.645 0.022 0.022 0.762 0.634 0.758 0.638 0.758 0.64 0.756 0.642 0.756 0.652 0.758 0.652 0.76 0.654 0.768 0.654 0.772 0.65 0.772 0.648 0.774 0.646 0.774 0.644 0.776 0.642 0.776 0.638 0.774 0.636 0.772 0.636 0.77 0.634
2 0.687 0.297 0.19 0.21 0.624 0.192 0.624 0.196 0.622 0.198 0.622 0.206 0.62 0.208 0.62 0.218 0.618 0.22 0.618 0.228 0.616 0.23 0.616 0.24 0.614 0.242 0.614 0.252 0.612 0.254 0.612 0.262 0.61 0.264 0.61 0.274 0.608 0.276 0.608 0.284 0.606 0.286 0.606 0.296 0.604 0.298 0.604 0.308 0.602 0.31 0.602 0.318 0.6 0.32 0.6 0.33 0.598 0.332 0.598 0.342 0.596 0.344 0.596 0.352 0.594 0.354 0.594 0.364 0.592 0.366 0.592 0.37 0.596 0.37 0.598 0.372 0.608 0.372 0.61 0.374 0.618 0.374 0.62 0.376 0.63 0.376 0.632 0.378 0.642 0.378 0.644 0.38 0.652 0.38 0.654 0.382 0.664 0.382 0.666 0.384 0.676 0.384 0.678 0.386 0.686 0.386 0.688 0.388 0.698 0.388 0.7 0.39 0.71 0.39 0.712 0.392 0.722 0.392 0.724 0.394 0.734 0.394 0.736 0.396 0.744 0.396 0.746 0.398 0.756 0.398 0.758 0.4 0.762 0.4 0.762 0.398 0.764 0.396 0.764 0.388 0.766 0.386 0.766 0.378 0.768 0.376 0.768 0.368 0.77 0.366 0.77 0.358 0.772 0.356 0.772 0.348 0.774 0.346 0.774 0.34 0.776 0.338 0.776 0.33 0.778 0.328 0.778 0.32 0.78 0.318 0.78 0.316 0.774 0.316 0.772 0.314 0.76 0.314 0.758 0.312 0.744 0.312 0.742 0.31 0.73 0.31 0.728 0.308 0.722 0.308 0.72 0.306 0.72 0.3 0.722 0.298 0.722 0.284 0.724 0.282 0.724 0.268 0.726 0.266 0.726 0.254 0.728 0.252 0.728 0.238 0.73 0.236 0.73 0.222 0.732 0.22 0.732 0.214 0.728 0.214 0.726 0.212 0.718 0.212 0.716 0.21 0.708 0.21 0.706 0.208 0.698 0.208 0.696 0.206 0.688 0.206 0.686 0.204 0.678 0.204 0.676 0.202 0.668 0.202 0.666 0.2 0.658 0.2 0.656 0.198 0.648 0.198 0.646 0.196 0.638 0.196 0.636 0.194 0.628 0.194 0.626 0.192
