5 0.045 0.388 0.018 0.02 0.042 0.378 0.04 0.38 0.038 0.38 0.038 0.382 0.036 0.384 0.036 0.39 0.042 0.396 0.048 0.396 0.052 0.392 0.052 0.382 0.048 0.378
4 0.764 0.235 0.024 0.018 0.762 0.226 0.76 0.228 0.758 0.228 0.756 0.23 0.754 0.23 0.752 0.232 0.752 0.238 0.756 0.242 0.762 0.242 0.764 0.24 0.77 0.24 0.772 0.238 0.774 0.238 0.774 0.232 0.772 0.23 0.772 0.228 0.77 0.226
4 0.693 0.095 0.018 0.018 0.69 0.086 0.688 0.088 0.684 0.088 0.686 0.09 0.686 0.094 0.688 0.096 0.688 0.1 0.69 0.102 0.694 0.102 0.696 0.1 0.7 0.1 0.698 0.098 0.698 0.094 0.696 0.092 0.696 0.088 0.694 0.086
5 0.81 0.578 0.02 0.02 0.806 0.568 0.804 0.57 0.8 0.57 0.8 0.578 0.804 0.582 0.804 0.584 0.806 0.584 0.808 0.586 0.814 0.586 0.816 0.584 0.816 0.58 0.818 0.578 0.818 0.576 0.816 0.574 0.816 0.572 0.812 0.568
7 0.117 0.78 0.014 0.016 0.112 0.772 0.112 0.774 0.11 0.776 0.11 0.782 0.114 0.786 0.116 0.784 0.12 0.784 0.122 0.782 0.122 0.778 0.12 0.776 0.12 0.772
7 0.128 0.779 0.068 0.038 0.134 0.76 0.13 0.764 0.126 0.764 0.124 0.766 0.112 0.766 0.11 0.768 0.11 0.772 0.108 0.774 0.108 0.778 0.104 0.782 0.102 0.782 0.096 0.788 0.094 0.788 0.094 0.794 0.096 0.796 0.098 0.796 0.1 0.794 0.104 0.794 0.106 0.792 0.11 0.792 0.112 0.79 0.116 0.79 0.118 0.788 0.124 0.788 0.126 0.786 0.13 0.786 0.132 0.784 0.136 0.784 0.138 0.782 0.146 0.782 0.148 0.78 0.15 0.78 0.152 0.778 0.156 0.778 0.16 0.774 0.16 0.772 0.158 0.77 0.158 0.768 0.154 0.764 0.154 0.762 0.136 0.762
3 0.904 0.518 0.072 0.064 0.918 0.486 0.916 0.488 0.91 0.488 0.908 0.49 0.904 0.49 0.902 0.492 0.898 0.492 0.896 0.494 0.892 0.494 0.89 0.496 0.886 0.496 0.884 0.498 0.88 0.498 0.878 0.5 0.872 0.5 0.87 0.502 0.868 0.502 0.868 0.514 0.87 0.516 0.87 0.52 0.872 0.522 0.872 0.526 0.874 0.526 0.876 0.528 0.88 0.528 0.882 0.53 0.89 0.53 0.892 0.532 0.9 0.532 0.902 0.534 0.908 0.534 0.91 0.536 0.916 0.536 0.918 0.538 0.934 0.538 0.938 0.534 0.938 0.53 0.936 0.528 0.936 0.524 0.934 0.522 0.934 0.52 0.932 0.518 0.932 0.514 0.93 0.512 0.93 0.506 0.928 0.504 0.928 0.502 0.926 0.5 0.926 0.496 0.924 0.494 0.924 0.492 0.922 0.49 0.922 0.488 0.92 0.486
4 0.738 0.484 0.016 0.012 0.738 0.478 0.736 0.48 0.732 0.48 0.73 0.482 0.73 0.486 0.732 0.486 0.734 0.488 0.742 0.488 0.744 0.486 0.744 0.48 0.742 0.478
3 0.818 0.618 0.076 0.068 0.83 0.584 0.828 0.586 0.822 0.586 0.82 0.588 0.816 0.588 0.814 0.59 0.806 0.59 0.804 0.592 0.802 0.592 0.8 0.594 0.792 0.594 0.79 0.596 0.782 0.596 0.78 0.598 0.782 0.6 0.782 0.604 0.784 0.606 0.784 0.612 0.786 0.614 0.786 0.618 0.788 0.62 0.788 0.624 0.79 0.626 0.79 0.63 0.792 0.632 0.792 0.638 0.794 0.64 0.794 0.642 0.796 0.644 0.796 0.648 0.798 0.648 0.8 0.65 0.802 0.65 0.804 0.648 0.808 0.648 0.81 0.646 0.814 0.646 0.816 0.644 0.82 0.644 0.822 0.642 0.828 0.642 0.83 0.64 0.836 0.64 0.838 0.638 0.842 0.638 0.844 0.636 0.85 0.636 0.852 0.634 0.854 0.634 0.854 0.626 0.852 0.624 0.852 0.62 0.85 0.618 0.85 0.614 0.848 0.612 0.848 0.608 0.846 0.606 0.846 0.602 0.844 0.6 0.844 0.596 0.842 0.594 0.842 0.59 0.84 0.588 0.84 0.586 0.838 0.584
5 0.746 0.182 0.02 0.016 0.748 0.174 0.746 0.176 0.74 0.176 0.738 0.178 0.736 0.178 0.736 0.182 0.738 0.184 0.738 0.188 0.74 0.186 0.744 0.186 0.746 0.184 0.75 0.184 0.752 0.182 0.754 0.182 0.752 0.18 0.752 0.176 0.75 0.174
4 0.765 0.072 0.026 0.02 0.76 0.062 0.758 0.064 0.754 0.064 0.752 0.066 0.752 0.07 0.754 0.072 0.754 0.076 0.758 0.08 0.762 0.08 0.764 0.078 0.768 0.078 0.77 0.076 0.772 0.076 0.776 0.072 0.776 0.068 0.774 0.066 0.774 0.064 0.772 0.062
4 0.797 0.465 0.018 0.022 0.798 0.454 0.796 0.456 0.794 0.456 0.792 0.458 0.79 0.458 0.788 0.46 0.788 0.472 0.79 0.472 0.792 0.474 0.798 0.474 0.802 0.47 0.802 0.468 0.804 0.466 0.804 0.46
5 0.864 0.581 0.016 0.018 0.858 0.572 0.856 0.574 0.856 0.582 0.858 0.584 0.858 0.586 0.86 0.586 0.862 0.588 0.864 0.588 0.866 0.586 0.87 0.586 0.87 0.58 0.868 0.578 0.868 0.574 0.866 0.574 0.864 0.572
5 0.121 0.757 0.026 0.022 0.126 0.746 0.124 0.748 0.12 0.748 0.118 0.75 0.112 0.75 0.11 0.752 0.108 0.752 0.108 0.758 0.11 0.76 0.11 0.762 0.114 0.766 0.12 0.766 0.122 0.764 0.126 0.764 0.13 0.76 0.13 0.758 0.132 0.756 0.132 0.75 0.13 0.748 0.128 0.748
7 0.084 0.334 0.012 0.012 0.082 0.328 0.078 0.332 0.078 0.334 0.082 0.338 0.084 0.338 0.088 0.334 0.088 0.328
7 0.1 0.384 0.012 0.016 0.098 0.376 0.094 0.38 0.094 0.388 0.096 0.39 0.104 0.39 0.104 0.378 0.102 0.376
7 0.816 0.561 0.02 0.034 0.808 0.544 0.806 0.546 0.808 0.548 0.808 0.552 0.81 0.554 0.81 0.558 0.812 0.56 0.812 0.564 0.814 0.566 0.814 0.568 0.818 0.572 0.818 0.574 0.82 0.576 0.824 0.576 0.824 0.548 0.82 0.544
4 0.621 0.116 0.026 0.02 0.616 0.106 0.614 0.108 0.612 0.108 0.61 0.11 0.608 0.11 0.608 0.118 0.61 0.12 0.61 0.122 0.612 0.124 0.624 0.124 0.626 0.122 0.628 0.122 0.632 0.118 0.632 0.112 0.626 0.106
7 0.714 0.163 0.016 0.01 0.708 0.158 0.706 0.16 0.706 0.162 0.708 0.164 0.708 0.166 0.718 0.166 0.72 0.164 0.72 0.16 0.718 0.158
7 0.884 0.602 0.012 0.012 0.878 0.596 0.878 0.604 0.88 0.606 0.886 0.606 0.888 0.604 0.888 0.598 0.886 0.596
