4 0.482 0.632 0.028 0.024 0.474 0.62 0.472 0.622 0.47 0.622 0.468 0.624 0.468 0.634 0.47 0.636 0.47 0.64 0.472 0.642 0.488 0.642 0.49 0.64 0.492 0.64 0.492 0.628 0.494 0.626 0.492 0.624 0.492 0.62
4 0.456 0.509 0.032 0.03 0.464 0.494 0.462 0.496 0.452 0.496 0.45 0.498 0.442 0.498 0.44 0.5 0.44 0.52 0.442 0.522 0.452 0.522 0.454 0.52 0.462 0.52 0.464 0.518 0.47 0.518 0.47 0.506 0.468 0.504 0.468 0.496 0.466 0.494
7 0.449 0.204 0.018 0.012 0.446 0.198 0.444 0.2 0.442 0.2 0.44 0.202 0.44 0.206 0.442 0.208 0.454 0.208 0.454 0.206 0.456 0.204 0.456 0.2 0.454 0.198
7 0.496 0.331 0.052 0.014 0.504 0.324 0.502 0.326 0.478 0.326 0.476 0.328 0.472 0.328 0.47 0.33 0.47 0.332 0.472 0.334 0.502 0.334 0.504 0.332 0.52 0.332 0.52 0.328 0.518 0.326 0.51 0.326 0.508 0.324
4 0.256 0.139 0.036 0.026 0.262 0.126 0.26 0.128 0.246 0.128 0.244 0.13 0.24 0.13 0.238 0.132 0.238 0.136 0.24 0.138 0.24 0.146 0.242 0.148 0.244 0.148 0.246 0.15 0.252 0.15 0.254 0.148 0.262 0.148 0.264 0.146 0.27 0.146 0.272 0.144 0.272 0.138 0.27 0.136 0.27 0.13 0.266 0.126
4 0.379 0.049 0.026 0.03 0.378 0.034 0.376 0.036 0.368 0.036 0.366 0.038 0.366 0.054 0.368 0.056 0.368 0.06 0.37 0.06 0.372 0.062 0.388 0.062 0.39 0.06 0.39 0.052 0.388 0.05 0.388 0.036 0.386 0.034
3 0.032 0.929 0.064 0.11 0.0 0.874 0.0 0.976 0.006 0.976 0.008 0.978 0.02 0.978 0.022 0.98 0.038 0.98 0.04 0.982 0.042 0.982 0.044 0.98 0.044 0.978 0.046 0.976 0.046 0.97 0.048 0.968 0.048 0.964 0.05 0.962 0.05 0.96 0.052 0.958 0.052 0.95 0.054 0.948 0.054 0.94 0.056 0.938 0.056 0.926 0.058 0.924 0.058 0.912 0.06 0.91 0.06 0.896 0.062 0.894 0.062 0.886 0.058 0.882 0.048 0.882 0.046 0.88 0.032 0.88 0.03 0.878 0.016 0.878 0.014 0.876 0.004 0.876 0.002 0.874
7 0.392 0.123 0.024 0.022 0.388 0.112 0.386 0.114 0.384 0.114 0.382 0.116 0.382 0.118 0.38 0.12 0.38 0.126 0.382 0.128 0.382 0.13 0.384 0.132 0.386 0.13 0.39 0.13 0.392 0.128 0.396 0.128 0.398 0.126 0.4 0.126 0.402 0.124 0.402 0.12 0.4 0.12 0.398 0.118 0.396 0.118 0.394 0.116 0.394 0.114 0.392 0.114 0.39 0.112
3 0.326 0.156 0.092 0.096 0.354 0.108 0.352 0.11 0.346 0.11 0.344 0.112 0.338 0.112 0.336 0.114 0.326 0.114 0.324 0.116 0.316 0.116 0.314 0.118 0.304 0.118 0.302 0.12 0.294 0.12 0.292 0.122 0.282 0.122 0.28 0.124 0.28 0.14 0.282 0.142 0.282 0.154 0.284 0.156 0.284 0.176 0.286 0.178 0.286 0.198 0.288 0.2 0.288 0.202 0.298 0.202 0.3 0.2 0.31 0.2 0.312 0.198 0.322 0.198 0.324 0.196 0.33 0.196 0.332 0.194 0.338 0.194 0.34 0.192 0.348 0.192 0.35 0.19 0.362 0.19 0.364 0.188 0.366 0.188 0.37 0.184 0.37 0.174 0.368 0.172 0.368 0.162 0.366 0.16 0.366 0.146 0.364 0.144 0.364 0.13 0.362 0.128 0.362 0.116 0.36 0.114 0.36 0.11 0.358 0.108
7 0.571 0.839 0.018 0.03 0.568 0.824 0.566 0.826 0.566 0.834 0.564 0.836 0.564 0.838 0.562 0.84 0.562 0.85 0.564 0.852 0.57 0.852 0.574 0.848 0.576 0.848 0.578 0.846 0.578 0.844 0.576 0.842 0.576 0.83 0.574 0.828 0.574 0.826 0.572 0.824
4 0.548 0.638 0.04 0.032 0.56 0.622 0.558 0.624 0.554 0.624 0.552 0.626 0.542 0.626 0.54 0.628 0.536 0.628 0.534 0.63 0.532 0.63 0.53 0.632 0.528 0.632 0.528 0.65 0.53 0.65 0.532 0.652 0.54 0.652 0.542 0.65 0.56 0.65 0.562 0.652 0.566 0.652 0.566 0.638 0.564 0.636 0.564 0.624 0.562 0.622
4 0.505 0.774 0.022 0.024 0.5 0.762 0.498 0.764 0.496 0.764 0.494 0.766 0.494 0.78 0.498 0.784 0.508 0.784 0.51 0.782 0.514 0.782 0.514 0.766 0.512 0.764 0.512 0.762
4 0.572 0.768 0.024 0.02 0.572 0.758 0.57 0.76 0.562 0.76 0.562 0.762 0.56 0.764 0.56 0.77 0.562 0.772 0.562 0.774 0.564 0.776 0.57 0.776 0.572 0.774 0.576 0.774 0.58 0.77 0.58 0.768 0.582 0.766 0.58 0.764 0.58 0.76 0.578 0.76 0.576 0.758
4 0.528 0.893 0.032 0.026 0.526 0.88 0.522 0.884 0.518 0.884 0.516 0.886 0.514 0.886 0.512 0.888 0.512 0.896 0.514 0.898 0.514 0.902 0.516 0.904 0.534 0.904 0.536 0.902 0.54 0.902 0.542 0.9 0.542 0.888 0.54 0.886 0.54 0.884 0.538 0.884 0.534 0.88
4 0.601 0.888 0.018 0.02 0.6 0.878 0.598 0.88 0.596 0.88 0.592 0.884 0.592 0.892 0.596 0.896 0.606 0.896 0.608 0.894 0.608 0.88 0.606 0.878
5 0.376 0.022 0.024 0.024 0.37 0.01 0.368 0.012 0.366 0.012 0.364 0.014 0.364 0.018 0.366 0.02 0.366 0.03 0.368 0.032 0.382 0.032 0.384 0.03 0.386 0.03 0.386 0.016 0.384 0.014 0.384 0.012 0.382 0.01
5 0.421 0.264 0.026 0.028 0.422 0.25 0.42 0.252 0.416 0.252 0.414 0.254 0.41 0.254 0.408 0.256 0.408 0.264 0.41 0.266 0.41 0.276 0.412 0.274 0.422 0.274 0.424 0.276 0.426 0.274 0.43 0.274 0.43 0.272 0.432 0.27 0.432 0.254 0.43 0.252 0.43 0.25
4 0.36 0.245 0.028 0.022 0.356 0.234 0.354 0.236 0.348 0.236 0.346 0.238 0.346 0.252 0.348 0.254 0.36 0.254 0.362 0.252 0.368 0.252 0.372 0.248 0.372 0.244 0.37 0.242 0.37 0.236 0.368 0.234
5 0.488 0.378 0.02 0.02 0.492 0.368 0.49 0.37 0.484 0.37 0.482 0.372 0.48 0.37 0.478 0.37 0.478 0.38 0.48 0.382 0.48 0.384 0.482 0.386 0.492 0.386 0.496 0.382 0.496 0.374 0.494 0.372 0.494 0.368
4 0.413 0.39 0.018 0.02 0.408 0.38 0.406 0.382 0.404 0.382 0.404 0.392 0.406 0.394 0.406 0.396 0.408 0.398 0.416 0.398 0.42 0.394 0.42 0.384 0.416 0.38
4 0.262 0.197 0.036 0.026 0.262 0.184 0.26 0.186 0.246 0.186 0.244 0.188 0.244 0.192 0.246 0.194 0.246 0.198 0.248 0.2 0.248 0.202 0.254 0.208 0.262 0.208 0.264 0.206 0.268 0.206 0.27 0.204 0.278 0.204 0.278 0.186 0.276 0.184
5 0.512 0.497 0.02 0.022 0.512 0.486 0.51 0.488 0.506 0.488 0.504 0.49 0.502 0.49 0.502 0.502 0.504 0.504 0.504 0.506 0.518 0.506 0.52 0.504 0.52 0.49 0.518 0.488 0.518 0.486
5 0.535 0.618 0.022 0.024 0.538 0.606 0.536 0.608 0.534 0.608 0.532 0.61 0.526 0.61 0.524 0.612 0.524 0.626 0.526 0.628 0.534 0.628 0.536 0.626 0.54 0.626 0.544 0.622 0.544 0.614 0.542 0.612 0.542 0.608 0.54 0.606
7 0.603 0.729 0.014 0.018 0.596 0.72 0.596 0.732 0.598 0.734 0.6 0.734 0.602 0.736 0.604 0.734 0.606 0.734 0.608 0.732 0.608 0.722 0.606 0.722 0.604 0.72
5 0.555 0.739 0.026 0.022 0.56 0.728 0.558 0.73 0.554 0.73 0.552 0.732 0.548 0.732 0.546 0.734 0.542 0.734 0.542 0.744 0.544 0.746 0.544 0.748 0.556 0.748 0.558 0.746 0.564 0.746 0.566 0.744 0.566 0.736 0.564 0.734 0.564 0.73 0.562 0.73
4 0.532 0.525 0.032 0.022 0.534 0.514 0.532 0.516 0.526 0.516 0.524 0.518 0.518 0.518 0.516 0.52 0.516 0.53 0.518 0.532 0.518 0.534 0.53 0.534 0.532 0.532 0.54 0.532 0.542 0.53 0.546 0.53 0.546 0.516 0.544 0.514
4 0.515 0.346 0.022 0.02 0.514 0.336 0.512 0.338 0.504 0.338 0.504 0.344 0.506 0.346 0.506 0.354 0.524 0.354 0.524 0.346 0.522 0.344 0.522 0.336
4 0.403 0.162 0.022 0.02 0.41 0.152 0.408 0.154 0.406 0.154 0.404 0.156 0.392 0.156 0.392 0.164 0.394 0.166 0.394 0.168 0.396 0.17 0.402 0.17 0.404 0.168 0.412 0.168 0.412 0.154
5 0.579 0.861 0.026 0.026 0.578 0.848 0.572 0.854 0.57 0.854 0.566 0.858 0.566 0.866 0.568 0.868 0.568 0.87 0.57 0.872 0.578 0.872 0.58 0.87 0.588 0.87 0.588 0.866 0.59 0.864 0.588 0.862 0.588 0.85 0.586 0.848
5 0.399 0.142 0.026 0.028 0.402 0.128 0.4 0.13 0.396 0.13 0.394 0.132 0.39 0.132 0.386 0.136 0.386 0.14 0.388 0.142 0.388 0.15 0.39 0.152 0.39 0.154 0.404 0.154 0.406 0.152 0.408 0.152 0.408 0.15 0.41 0.148 0.41 0.146 0.408 0.144 0.408 0.134 0.406 0.132 0.406 0.13 0.404 0.128
6 0.268 0.264 0.052 0.08 0.28 0.224 0.278 0.226 0.27 0.226 0.268 0.228 0.258 0.228 0.256 0.23 0.248 0.23 0.246 0.232 0.242 0.232 0.242 0.234 0.244 0.236 0.244 0.244 0.246 0.246 0.246 0.254 0.248 0.256 0.248 0.264 0.25 0.266 0.25 0.274 0.252 0.276 0.252 0.284 0.254 0.286 0.254 0.294 0.256 0.296 0.256 0.3 0.274 0.3 0.276 0.302 0.292 0.302 0.292 0.294 0.29 0.292 0.29 0.274 0.288 0.272 0.288 0.254 0.286 0.252 0.286 0.234 0.284 0.232 0.284 0.224
7 0.471 0.354 0.014 0.044 0.466 0.332 0.464 0.334 0.464 0.34 0.466 0.342 0.466 0.352 0.468 0.354 0.468 0.364 0.47 0.366 0.47 0.372 0.472 0.374 0.474 0.374 0.476 0.372 0.476 0.37 0.474 0.368 0.474 0.352 0.472 0.35 0.472 0.342 0.47 0.34 0.47 0.334 0.468 0.334
7 0.514 0.472 0.012 0.024 0.51 0.46 0.508 0.462 0.508 0.476 0.51 0.478 0.51 0.48 0.512 0.482 0.516 0.482 0.518 0.48 0.518 0.472 0.516 0.47 0.516 0.46
7 0.506 0.404 0.024 0.012 0.504 0.398 0.502 0.4 0.496 0.4 0.494 0.402 0.494 0.404 0.496 0.406 0.496 0.408 0.51 0.408 0.512 0.406 0.516 0.406 0.516 0.398
