7 0.703 0.277 0.014 0.038 0.704 0.258 0.702 0.26 0.702 0.262 0.7 0.264 0.7 0.266 0.698 0.268 0.698 0.282 0.696 0.284 0.696 0.292 0.698 0.294 0.7 0.294 0.704 0.29 0.704 0.286 0.706 0.284 0.706 0.276 0.708 0.274 0.708 0.258
3 0.836 0.217 0.076 0.098 0.872 0.168 0.87 0.17 0.868 0.17 0.866 0.172 0.862 0.172 0.86 0.174 0.858 0.174 0.856 0.176 0.854 0.176 0.852 0.178 0.85 0.178 0.848 0.18 0.844 0.18 0.842 0.182 0.84 0.182 0.838 0.184 0.836 0.184 0.834 0.186 0.832 0.186 0.83 0.188 0.828 0.188 0.826 0.19 0.822 0.19 0.82 0.192 0.818 0.192 0.816 0.194 0.814 0.194 0.812 0.196 0.81 0.196 0.808 0.198 0.804 0.198 0.802 0.2 0.8 0.2 0.798 0.202 0.806 0.21 0.806 0.212 0.816 0.222 0.816 0.224 0.824 0.232 0.824 0.234 0.832 0.242 0.832 0.244 0.842 0.254 0.842 0.256 0.848 0.262 0.85 0.26 0.85 0.256 0.852 0.254 0.852 0.248 0.854 0.246 0.854 0.24 0.856 0.238 0.856 0.234 0.858 0.232 0.858 0.226 0.86 0.224 0.86 0.22 0.862 0.218 0.862 0.212 0.864 0.21 0.864 0.202 0.866 0.2 0.866 0.192 0.868 0.19 0.868 0.182 0.87 0.18 0.87 0.172 0.872 0.17
6 0.704 0.063 0.072 0.09 0.688 0.018 0.684 0.022 0.684 0.028 0.682 0.03 0.682 0.036 0.68 0.038 0.68 0.046 0.678 0.048 0.678 0.054 0.676 0.056 0.676 0.064 0.674 0.066 0.674 0.074 0.672 0.076 0.672 0.082 0.67 0.084 0.67 0.092 0.668 0.094 0.67 0.096 0.67 0.098 0.674 0.098 0.676 0.1 0.686 0.1 0.688 0.102 0.698 0.102 0.7 0.104 0.708 0.104 0.71 0.106 0.722 0.106 0.724 0.104 0.724 0.102 0.726 0.1 0.726 0.092 0.728 0.09 0.728 0.084 0.73 0.082 0.73 0.076 0.732 0.074 0.732 0.068 0.734 0.066 0.734 0.054 0.736 0.052 0.736 0.042 0.738 0.04 0.738 0.024 0.736 0.022 0.732 0.022 0.73 0.02 0.716 0.02 0.714 0.018
6 0.49 0.204 0.152 0.128 0.432 0.14 0.43 0.142 0.43 0.146 0.428 0.148 0.428 0.156 0.426 0.158 0.426 0.162 0.424 0.164 0.424 0.17 0.422 0.172 0.422 0.178 0.42 0.18 0.42 0.186 0.418 0.188 0.418 0.194 0.416 0.196 0.416 0.202 0.414 0.204 0.414 0.212 0.416 0.214 0.418 0.214 0.422 0.218 0.422 0.222 0.426 0.226 0.428 0.226 0.43 0.228 0.43 0.234 0.436 0.24 0.436 0.242 0.438 0.244 0.438 0.246 0.44 0.246 0.442 0.248 0.446 0.248 0.448 0.25 0.456 0.25 0.46 0.254 0.466 0.254 0.468 0.256 0.484 0.256 0.486 0.258 0.496 0.258 0.498 0.26 0.504 0.26 0.506 0.262 0.516 0.262 0.518 0.264 0.524 0.264 0.526 0.266 0.532 0.266 0.534 0.264 0.536 0.264 0.538 0.262 0.538 0.26 0.542 0.256 0.542 0.254 0.544 0.252 0.544 0.25 0.546 0.248 0.546 0.244 0.548 0.242 0.548 0.24 0.55 0.238 0.55 0.232 0.552 0.23 0.552 0.226 0.554 0.224 0.554 0.218 0.556 0.216 0.556 0.21 0.558 0.208 0.558 0.202 0.56 0.2 0.56 0.194 0.562 0.192 0.562 0.186 0.564 0.184 0.564 0.174 0.562 0.172 0.558 0.172 0.556 0.17 0.55 0.17 0.548 0.168 0.546 0.168 0.544 0.166 0.536 0.166 0.534 0.164 0.53 0.164 0.528 0.162 0.522 0.162 0.52 0.16 0.514 0.16 0.512 0.158 0.504 0.158 0.502 0.156 0.496 0.156 0.494 0.154 0.486 0.154 0.484 0.152 0.478 0.152 0.476 0.15 0.47 0.15 0.468 0.148 0.46 0.148 0.458 0.146 0.452 0.146 0.45 0.144 0.446 0.144 0.444 0.142 0.438 0.142 0.436 0.14
6 0.647 0.34 0.062 0.096 0.63 0.292 0.626 0.296 0.626 0.302 0.628 0.304 0.628 0.306 0.624 0.31 0.624 0.316 0.622 0.318 0.622 0.322 0.62 0.324 0.62 0.332 0.618 0.334 0.618 0.35 0.616 0.352 0.616 0.37 0.618 0.372 0.618 0.374 0.622 0.378 0.63 0.378 0.632 0.38 0.636 0.38 0.638 0.382 0.64 0.382 0.642 0.384 0.646 0.384 0.648 0.386 0.658 0.386 0.66 0.384 0.66 0.382 0.662 0.38 0.662 0.374 0.664 0.372 0.664 0.366 0.666 0.364 0.666 0.356 0.668 0.354 0.668 0.348 0.67 0.346 0.67 0.34 0.672 0.338 0.672 0.334 0.674 0.332 0.674 0.326 0.676 0.324 0.676 0.306 0.672 0.302 0.67 0.302 0.668 0.3 0.66 0.3 0.658 0.298 0.65 0.298 0.648 0.296 0.644 0.296 0.642 0.294 0.638 0.294 0.636 0.292
6 0.601 0.551 0.142 0.134 0.552 0.484 0.55 0.486 0.55 0.49 0.548 0.492 0.548 0.5 0.546 0.502 0.546 0.508 0.544 0.51 0.544 0.518 0.542 0.52 0.542 0.528 0.54 0.53 0.54 0.536 0.538 0.538 0.538 0.546 0.536 0.548 0.536 0.562 0.534 0.564 0.534 0.572 0.532 0.574 0.532 0.582 0.53 0.584 0.53 0.594 0.532 0.596 0.534 0.596 0.536 0.598 0.548 0.598 0.55 0.6 0.558 0.6 0.56 0.602 0.564 0.602 0.566 0.604 0.572 0.604 0.574 0.606 0.58 0.606 0.582 0.608 0.59 0.608 0.592 0.61 0.602 0.61 0.604 0.612 0.612 0.612 0.614 0.614 0.622 0.614 0.624 0.616 0.634 0.616 0.636 0.614 0.636 0.612 0.638 0.61 0.638 0.606 0.64 0.604 0.64 0.6 0.642 0.598 0.642 0.592 0.644 0.59 0.644 0.584 0.646 0.582 0.646 0.578 0.658 0.566 0.66 0.566 0.66 0.564 0.662 0.562 0.662 0.558 0.664 0.556 0.664 0.55 0.666 0.548 0.666 0.542 0.668 0.54 0.668 0.528 0.67 0.526 0.67 0.512 0.668 0.512 0.666 0.51 0.66 0.51 0.658 0.508 0.652 0.508 0.65 0.506 0.644 0.506 0.642 0.504 0.636 0.504 0.634 0.502 0.626 0.502 0.624 0.5 0.618 0.5 0.616 0.498 0.612 0.498 0.61 0.496 0.606 0.496 0.604 0.494 0.598 0.494 0.596 0.492 0.588 0.492 0.586 0.49 0.58 0.49 0.578 0.488 0.572 0.488 0.57 0.486 0.56 0.486 0.558 0.484
7 0.724 0.411 0.012 0.022 0.724 0.4 0.722 0.402 0.72 0.402 0.72 0.406 0.718 0.408 0.718 0.416 0.722 0.42 0.726 0.42 0.728 0.418 0.728 0.402 0.726 0.402
7 0.817 0.58 0.022 0.028 0.808 0.566 0.808 0.576 0.806 0.578 0.806 0.588 0.808 0.59 0.812 0.59 0.814 0.592 0.82 0.592 0.824 0.588 0.824 0.574 0.826 0.572 0.824 0.57 0.824 0.568 0.822 0.566
7 0.717 0.668 0.014 0.012 0.712 0.662 0.71 0.664 0.71 0.67 0.712 0.672 0.718 0.672 0.722 0.668 0.722 0.664 0.72 0.662
7 0.589 0.992 0.03 0.016 0.584 0.984 0.582 0.986 0.58 0.986 0.578 0.988 0.576 0.988 0.574 0.99 0.574 0.994 0.576 0.996 0.576 0.998 0.602 0.998 0.598 0.994 0.598 0.992 0.596 0.99 0.596 0.988 0.594 0.986 0.594 0.984
5 0.737 0.418 0.014 0.016 0.732 0.41 0.73 0.412 0.73 0.422 0.734 0.422 0.736 0.424 0.742 0.424 0.742 0.412 0.74 0.41
3 0.673 0.673 0.038 0.034 0.662 0.656 0.66 0.658 0.658 0.658 0.658 0.66 0.656 0.662 0.656 0.67 0.654 0.672 0.654 0.684 0.656 0.686 0.662 0.686 0.664 0.688 0.678 0.688 0.68 0.686 0.682 0.686 0.684 0.684 0.686 0.684 0.69 0.68 0.69 0.676 0.686 0.672 0.686 0.67 0.68 0.664 0.678 0.664 0.672 0.658 0.666 0.658 0.664 0.656
4 0.787 0.01 0.03 0.02 0.774 0.0 0.774 0.004 0.772 0.006 0.772 0.014 0.774 0.016 0.78 0.016 0.782 0.018 0.794 0.018 0.796 0.016 0.796 0.014 0.8 0.01 0.8 0.002 0.798 0.0
4 0.845 0.111 0.018 0.018 0.844 0.102 0.842 0.104 0.838 0.104 0.836 0.106 0.836 0.116 0.838 0.118 0.848 0.118 0.85 0.116 0.85 0.112 0.852 0.11 0.852 0.108 0.85 0.106 0.85 0.104 0.846 0.104
4 0.78 0.138 0.032 0.028 0.768 0.124 0.764 0.128 0.764 0.14 0.768 0.144 0.77 0.144 0.772 0.146 0.774 0.146 0.776 0.148 0.778 0.148 0.78 0.15 0.79 0.15 0.794 0.146 0.794 0.134 0.792 0.134 0.79 0.132 0.786 0.132 0.784 0.13 0.782 0.13 0.78 0.128 0.778 0.128 0.774 0.124
4 0.671 0.241 0.022 0.022 0.664 0.23 0.662 0.232 0.662 0.234 0.66 0.236 0.66 0.246 0.662 0.246 0.664 0.248 0.666 0.248 0.668 0.25 0.674 0.25 0.676 0.248 0.678 0.248 0.678 0.246 0.68 0.244 0.68 0.234 0.678 0.232 0.674 0.232 0.672 0.23
4 0.812 0.262 0.016 0.016 0.808 0.254 0.804 0.258 0.804 0.266 0.806 0.268 0.816 0.268 0.816 0.264 0.818 0.262 0.818 0.258 0.816 0.256 0.814 0.256 0.812 0.254
4 0.797 0.33 0.014 0.016 0.794 0.322 0.79 0.326 0.79 0.334 0.792 0.334 0.794 0.336 0.798 0.336 0.8 0.334 0.8 0.33 0.802 0.328 0.8 0.326 0.8 0.324 0.798 0.322
4 0.695 0.549 0.022 0.018 0.688 0.54 0.686 0.542 0.684 0.542 0.684 0.55 0.688 0.554 0.69 0.554 0.692 0.556 0.7 0.556 0.702 0.554 0.704 0.554 0.704 0.546 0.702 0.546 0.7 0.544 0.698 0.544 0.696 0.542 0.69 0.542
4 0.697 0.687 0.01 0.01 0.692 0.682 0.692 0.69 0.7 0.69 0.7 0.682
4 0.749 0.693 0.014 0.018 0.746 0.684 0.744 0.686 0.744 0.688 0.742 0.69 0.742 0.696 0.744 0.698 0.746 0.698 0.748 0.7 0.75 0.698 0.752 0.698 0.754 0.696 0.754 0.688 0.75 0.684
5 0.802 0.144 0.016 0.016 0.796 0.136 0.796 0.14 0.794 0.142 0.794 0.146 0.798 0.15 0.802 0.15 0.804 0.148 0.806 0.148 0.806 0.144 0.808 0.142 0.808 0.14 0.806 0.138 0.806 0.136
4 0.664 0.272 0.02 0.02 0.656 0.262 0.654 0.264 0.654 0.274 0.658 0.278 0.662 0.278 0.664 0.28 0.666 0.28 0.668 0.278 0.67 0.278 0.672 0.276 0.672 0.264 0.67 0.262
7 0.757 0.249 0.034 0.022 0.76 0.238 0.758 0.24 0.756 0.24 0.752 0.244 0.748 0.244 0.746 0.242 0.74 0.242 0.74 0.248 0.746 0.254 0.748 0.254 0.75 0.256 0.754 0.256 0.756 0.258 0.768 0.258 0.768 0.256 0.77 0.254 0.77 0.252 0.772 0.25 0.772 0.246 0.77 0.244 0.77 0.242 0.766 0.238
3 0.705 0.373 0.038 0.042 0.696 0.352 0.696 0.354 0.694 0.356 0.694 0.36 0.692 0.362 0.692 0.368 0.69 0.37 0.69 0.374 0.688 0.376 0.688 0.38 0.686 0.382 0.686 0.384 0.688 0.384 0.69 0.386 0.694 0.386 0.696 0.388 0.7 0.388 0.702 0.39 0.706 0.39 0.708 0.392 0.71 0.392 0.722 0.38 0.722 0.37 0.72 0.368 0.72 0.358 0.718 0.358 0.716 0.356 0.708 0.356 0.706 0.354 0.7 0.354 0.698 0.352
3 0.731 0.273 0.046 0.046 0.718 0.25 0.718 0.252 0.716 0.254 0.716 0.26 0.714 0.262 0.714 0.268 0.712 0.27 0.712 0.274 0.71 0.276 0.71 0.282 0.708 0.284 0.708 0.286 0.71 0.286 0.712 0.288 0.718 0.288 0.72 0.29 0.728 0.29 0.73 0.292 0.736 0.292 0.738 0.294 0.74 0.294 0.752 0.282 0.752 0.272 0.75 0.27 0.75 0.26 0.748 0.26 0.746 0.258 0.742 0.258 0.74 0.256 0.734 0.256 0.732 0.254 0.728 0.254 0.726 0.252 0.722 0.252 0.72 0.25
5 0.777 0.256 0.018 0.024 0.776 0.244 0.774 0.246 0.774 0.25 0.772 0.252 0.772 0.254 0.77 0.256 0.77 0.26 0.768 0.262 0.77 0.262 0.772 0.264 0.776 0.264 0.778 0.266 0.778 0.264 0.78 0.262 0.78 0.258 0.782 0.256 0.782 0.252 0.784 0.25 0.784 0.248 0.782 0.246 0.778 0.246
3 0.766 0.1 0.036 0.04 0.758 0.08 0.758 0.082 0.756 0.084 0.756 0.088 0.754 0.09 0.754 0.096 0.752 0.098 0.752 0.102 0.75 0.104 0.75 0.108 0.748 0.11 0.748 0.112 0.75 0.112 0.752 0.114 0.758 0.114 0.76 0.116 0.766 0.116 0.768 0.118 0.772 0.118 0.782 0.108 0.782 0.086 0.78 0.086 0.778 0.084 0.77 0.084 0.768 0.082 0.762 0.082 0.76 0.08
