6 0.846 0.44 0.084 0.096 0.838 0.392 0.834 0.396 0.832 0.396 0.83 0.398 0.828 0.398 0.826 0.4 0.824 0.4 0.822 0.402 0.818 0.402 0.816 0.404 0.814 0.404 0.812 0.406 0.81 0.406 0.806 0.41 0.804 0.41 0.804 0.416 0.806 0.418 0.806 0.42 0.808 0.422 0.808 0.424 0.81 0.426 0.81 0.428 0.814 0.432 0.814 0.434 0.816 0.436 0.816 0.438 0.818 0.44 0.818 0.442 0.822 0.446 0.822 0.448 0.826 0.452 0.826 0.454 0.832 0.46 0.832 0.462 0.838 0.468 0.838 0.47 0.848 0.48 0.848 0.482 0.85 0.484 0.85 0.486 0.858 0.486 0.86 0.484 0.862 0.484 0.864 0.482 0.866 0.482 0.87 0.478 0.874 0.478 0.876 0.476 0.878 0.476 0.88 0.474 0.882 0.474 0.886 0.47 0.886 0.462 0.884 0.46 0.884 0.456 0.882 0.454 0.882 0.452 0.88 0.45 0.88 0.448 0.876 0.444 0.876 0.442 0.872 0.438 0.872 0.436 0.87 0.434 0.87 0.432 0.868 0.43 0.868 0.428 0.864 0.424 0.864 0.422 0.86 0.418 0.86 0.416 0.858 0.414 0.858 0.412 0.856 0.41 0.856 0.408 0.852 0.404 0.852 0.402 0.848 0.398 0.848 0.396 0.844 0.392
3 0.978 0.397 0.044 0.11 0.998 0.342 0.996 0.344 0.994 0.344 0.99 0.348 0.988 0.348 0.984 0.352 0.982 0.352 0.976 0.358 0.974 0.358 0.966 0.366 0.964 0.366 0.964 0.368 0.962 0.37 0.96 0.37 0.956 0.374 0.956 0.384 0.96 0.388 0.96 0.39 0.962 0.392 0.962 0.394 0.966 0.398 0.966 0.4 0.97 0.404 0.97 0.406 0.972 0.408 0.972 0.41 0.976 0.414 0.976 0.416 0.98 0.42 0.98 0.424 0.984 0.428 0.984 0.43 0.986 0.432 0.986 0.434 0.992 0.44 0.992 0.442 0.998 0.448 0.998 0.45
7 0.487 0.659 0.022 0.042 0.478 0.638 0.476 0.64 0.476 0.654 0.478 0.656 0.478 0.658 0.482 0.662 0.482 0.664 0.486 0.668 0.486 0.67 0.49 0.674 0.49 0.676 0.492 0.678 0.496 0.678 0.496 0.674 0.494 0.672 0.494 0.67 0.492 0.668 0.492 0.664 0.49 0.662 0.49 0.66 0.488 0.658 0.49 0.656 0.49 0.654 0.488 0.652 0.488 0.65 0.486 0.648 0.486 0.644 0.484 0.642 0.484 0.64 0.482 0.638
5 0.5 0.667 0.02 0.026 0.496 0.654 0.494 0.656 0.492 0.656 0.49 0.658 0.492 0.66 0.492 0.662 0.494 0.664 0.494 0.666 0.496 0.668 0.496 0.672 0.498 0.674 0.498 0.676 0.5 0.678 0.508 0.67 0.506 0.668 0.506 0.666 0.504 0.664 0.504 0.662 0.502 0.66 0.502 0.658 0.498 0.654
7 0.521 0.506 0.034 0.04 0.516 0.486 0.512 0.49 0.51 0.49 0.504 0.496 0.504 0.504 0.51 0.51 0.51 0.514 0.512 0.516 0.512 0.52 0.516 0.524 0.518 0.522 0.522 0.522 0.526 0.518 0.534 0.518 0.536 0.516 0.536 0.51 0.534 0.508 0.534 0.506 0.53 0.502 0.53 0.5 0.528 0.498 0.528 0.496 0.524 0.492 0.524 0.49 0.52 0.486
3 0.565 0.665 0.07 0.102 0.572 0.644 0.568 0.648 0.566 0.648 0.564 0.65 0.562 0.65 0.56 0.652 0.558 0.652 0.556 0.654 0.554 0.654 0.552 0.656 0.55 0.656 0.546 0.66 0.544 0.66 0.542 0.662 0.54 0.662 0.538 0.664 0.536 0.664 0.532 0.668 0.532 0.672 0.53 0.674 0.53 0.676 0.532 0.678 0.532 0.68 0.538 0.686 0.538 0.688 0.546 0.696 0.546 0.698 0.548 0.7 0.548 0.702 0.552 0.706 0.552 0.708 0.554 0.71 0.556 0.71 0.558 0.712 0.56 0.712 0.562 0.714 0.564 0.712 0.566 0.712 0.568 0.71 0.57 0.71 0.578 0.702 0.58 0.702 0.586 0.696 0.588 0.696 0.59 0.694 0.592 0.694 0.594 0.692 0.596 0.692 0.598 0.69 0.598 0.684 0.596 0.682 0.596 0.68 0.592 0.676 0.592 0.674 0.59 0.672 0.59 0.67 0.586 0.666 0.586 0.664 0.584 0.662 0.584 0.66 0.58 0.656 0.58 0.654 0.572 0.646
5 0.395 0.339 0.03 0.022 0.398 0.328 0.396 0.33 0.394 0.33 0.388 0.336 0.386 0.336 0.382 0.34 0.38 0.34 0.384 0.344 0.384 0.346 0.386 0.348 0.394 0.348 0.396 0.346 0.398 0.346 0.4 0.344 0.402 0.344 0.408 0.338 0.408 0.334 0.402 0.328
5 0.936 0.436 0.02 0.024 0.934 0.424 0.932 0.426 0.93 0.426 0.926 0.43 0.926 0.434 0.928 0.436 0.928 0.438 0.932 0.442 0.932 0.444 0.934 0.446 0.94 0.446 0.942 0.444 0.944 0.444 0.944 0.434 0.94 0.43 0.94 0.426 0.938 0.424
5 0.676 0.968 0.012 0.016 0.67 0.96 0.67 0.968 0.672 0.97 0.672 0.972 0.674 0.974 0.68 0.974 0.68 0.964 0.676 0.96
7 0.114 0.008 0.016 0.012 0.108 0.002 0.106 0.004 0.106 0.008 0.108 0.01 0.108 0.012 0.11 0.012 0.112 0.01 0.114 0.01 0.116 0.008 0.118 0.008 0.12 0.006 0.12 0.004 0.118 0.004 0.116 0.002
7 0.174 0.036 0.008 0.008 0.172 0.032 0.17 0.034 0.17 0.038 0.176 0.038 0.176 0.032
2 0.883 0.925 0.13 0.142 0.888 0.854 0.886 0.856 0.884 0.856 0.882 0.858 0.878 0.858 0.874 0.862 0.872 0.862 0.868 0.866 0.866 0.866 0.862 0.87 0.86 0.87 0.856 0.874 0.854 0.874 0.85 0.878 0.848 0.878 0.844 0.882 0.842 0.882 0.84 0.884 0.838 0.884 0.832 0.89 0.83 0.89 0.828 0.892 0.826 0.892 0.822 0.896 0.82 0.896 0.818 0.898 0.818 0.906 0.82 0.908 0.82 0.91 0.824 0.914 0.824 0.916 0.826 0.918 0.826 0.92 0.828 0.922 0.828 0.924 0.832 0.928 0.832 0.93 0.834 0.932 0.834 0.934 0.836 0.936 0.836 0.938 0.838 0.94 0.838 0.942 0.844 0.948 0.844 0.95 0.85 0.956 0.85 0.958 0.86 0.968 0.86 0.97 0.866 0.976 0.866 0.978 0.874 0.986 0.874 0.988 0.876 0.99 0.878 0.99 0.882 0.994 0.884 0.994 0.886 0.992 0.888 0.992 0.89 0.99 0.892 0.99 0.894 0.988 0.896 0.988 0.902 0.982 0.904 0.982 0.906 0.98 0.908 0.98 0.912 0.976 0.914 0.976 0.916 0.974 0.918 0.974 0.92 0.972 0.922 0.972 0.926 0.968 0.928 0.968 0.93 0.966 0.932 0.966 0.936 0.962 0.938 0.962 0.942 0.958 0.944 0.958 0.946 0.956 0.946 0.948 0.942 0.944 0.942 0.942 0.94 0.94 0.94 0.938 0.938 0.936 0.938 0.934 0.936 0.932 0.936 0.93 0.932 0.926 0.932 0.922 0.928 0.918 0.928 0.914 0.922 0.908 0.922 0.906 0.918 0.902 0.918 0.9 0.916 0.898 0.916 0.896 0.912 0.892 0.912 0.89 0.91 0.888 0.91 0.886 0.904 0.88 0.904 0.878 0.902 0.876 0.902 0.874 0.9 0.872 0.9 0.87 0.898 0.868 0.898 0.866 0.896 0.864 0.896 0.862 0.894 0.86 0.894 0.858 0.89 0.854
7 0.037 0.072 0.01 0.008 0.034 0.068 0.032 0.07 0.032 0.074 0.04 0.074 0.04 0.068
7 0.153 0.076 0.01 0.008 0.148 0.072 0.148 0.078 0.15 0.078 0.156 0.072
7 0.96 0.422 0.012 0.012 0.956 0.416 0.954 0.418 0.954 0.422 0.958 0.426 0.962 0.426 0.964 0.424 0.964 0.42 0.96 0.416
7 0.815 0.989 0.026 0.022 0.818 0.978 0.814 0.982 0.812 0.982 0.808 0.986 0.806 0.986 0.802 0.99 0.802 0.994 0.806 0.998 0.826 0.998 0.826 0.988 0.824 0.986 0.824 0.984 0.826 0.982 0.826 0.98 0.824 0.98 0.822 0.982 0.82 0.982 0.818 0.98
3 0.921 0.43 0.126 0.136 0.924 0.362 0.922 0.364 0.92 0.364 0.918 0.366 0.916 0.366 0.914 0.368 0.912 0.368 0.91 0.37 0.908 0.37 0.906 0.372 0.904 0.372 0.902 0.374 0.9 0.374 0.898 0.376 0.896 0.376 0.892 0.38 0.888 0.38 0.886 0.382 0.884 0.382 0.882 0.384 0.88 0.384 0.878 0.386 0.876 0.386 0.874 0.388 0.872 0.388 0.87 0.39 0.868 0.39 0.862 0.396 0.86 0.396 0.858 0.398 0.858 0.404 0.86 0.406 0.86 0.41 0.862 0.412 0.862 0.414 0.866 0.418 0.866 0.42 0.868 0.422 0.868 0.424 0.87 0.426 0.87 0.428 0.874 0.432 0.874 0.434 0.876 0.436 0.876 0.438 0.878 0.44 0.878 0.442 0.882 0.446 0.882 0.448 0.884 0.45 0.884 0.452 0.888 0.456 0.888 0.458 0.892 0.462 0.892 0.464 0.894 0.466 0.894 0.468 0.898 0.472 0.898 0.474 0.912 0.488 0.914 0.488 0.916 0.49 0.918 0.49 0.924 0.496 0.93 0.496 0.942 0.484 0.944 0.484 0.944 0.482 0.95 0.476 0.95 0.474 0.952 0.472 0.952 0.47 0.954 0.468 0.954 0.466 0.956 0.464 0.958 0.464 0.966 0.456 0.968 0.456 0.97 0.454 0.972 0.454 0.972 0.452 0.976 0.448 0.978 0.448 0.98 0.446 0.982 0.446 0.98 0.444 0.98 0.438 0.976 0.434 0.976 0.432 0.974 0.43 0.974 0.428 0.972 0.426 0.972 0.424 0.966 0.418 0.966 0.414 0.962 0.41 0.962 0.408 0.958 0.404 0.958 0.4 0.952 0.394 0.952 0.392 0.95 0.39 0.95 0.388 0.948 0.386 0.948 0.384 0.944 0.38 0.944 0.378 0.942 0.376 0.942 0.374 0.938 0.37 0.938 0.368 0.934 0.364 0.932 0.364 0.93 0.362
