7 0.574 0.234 0.012 0.02 0.572 0.224 0.568 0.228 0.568 0.238 0.572 0.242 0.574 0.242 0.576 0.24 0.576 0.238 0.578 0.236 0.578 0.234 0.576 0.232 0.576 0.228
3 0.804 0.378 0.092 0.096 0.814 0.33 0.808 0.336 0.808 0.338 0.802 0.344 0.802 0.346 0.796 0.352 0.796 0.354 0.792 0.358 0.79 0.358 0.79 0.36 0.782 0.368 0.782 0.37 0.78 0.372 0.778 0.372 0.774 0.376 0.774 0.378 0.77 0.382 0.768 0.382 0.762 0.388 0.762 0.39 0.76 0.392 0.76 0.394 0.758 0.396 0.774 0.412 0.776 0.412 0.784 0.42 0.786 0.42 0.788 0.422 0.792 0.422 0.794 0.424 0.796 0.424 0.798 0.422 0.8 0.422 0.818 0.404 0.82 0.404 0.824 0.4 0.824 0.398 0.828 0.394 0.828 0.392 0.838 0.382 0.838 0.38 0.84 0.378 0.84 0.376 0.844 0.372 0.844 0.37 0.846 0.368 0.846 0.364 0.848 0.362 0.848 0.354 0.846 0.352 0.846 0.35 0.844 0.35 0.834 0.34 0.832 0.34 0.828 0.336 0.826 0.336 0.82 0.33
6 0.75 0.341 0.112 0.122 0.768 0.28 0.756 0.292 0.756 0.294 0.742 0.308 0.742 0.31 0.73 0.322 0.73 0.324 0.72 0.334 0.72 0.336 0.71 0.346 0.71 0.348 0.694 0.364 0.694 0.372 0.696 0.374 0.696 0.376 0.698 0.378 0.7 0.378 0.702 0.38 0.702 0.382 0.704 0.384 0.708 0.384 0.71 0.386 0.712 0.386 0.714 0.388 0.714 0.39 0.716 0.392 0.716 0.396 0.718 0.398 0.718 0.4 0.72 0.4 0.726 0.394 0.728 0.394 0.744 0.378 0.744 0.376 0.746 0.374 0.748 0.374 0.748 0.372 0.754 0.366 0.754 0.364 0.764 0.354 0.764 0.352 0.776 0.34 0.776 0.338 0.78 0.334 0.782 0.334 0.792 0.324 0.792 0.322 0.796 0.318 0.796 0.316 0.8 0.312 0.8 0.31 0.804 0.306 0.804 0.304 0.796 0.296 0.794 0.296 0.788 0.29 0.786 0.29 0.78 0.284 0.778 0.284 0.774 0.28
7 0.63 0.77 0.012 0.012 0.626 0.764 0.624 0.766 0.624 0.772 0.626 0.774 0.632 0.774 0.634 0.772 0.634 0.766 0.632 0.764
4 0.841 0.404 0.034 0.032 0.836 0.388 0.83 0.394 0.83 0.396 0.824 0.402 0.824 0.408 0.826 0.408 0.83 0.412 0.832 0.412 0.836 0.416 0.84 0.416 0.842 0.418 0.846 0.418 0.856 0.408 0.856 0.402 0.85 0.396 0.85 0.394 0.848 0.392 0.846 0.392 0.842 0.388
3 0.918 0.474 0.104 0.108 0.918 0.42 0.91 0.428 0.91 0.43 0.886 0.454 0.886 0.456 0.884 0.458 0.884 0.46 0.878 0.466 0.878 0.468 0.868 0.478 0.868 0.48 0.866 0.482 0.866 0.486 0.868 0.488 0.868 0.49 0.87 0.492 0.87 0.494 0.886 0.51 0.888 0.51 0.89 0.512 0.89 0.514 0.892 0.514 0.902 0.524 0.904 0.524 0.906 0.526 0.91 0.526 0.93 0.506 0.93 0.504 0.948 0.486 0.948 0.484 0.956 0.476 0.956 0.474 0.968 0.462 0.968 0.458 0.956 0.446 0.954 0.446 0.948 0.44 0.946 0.44 0.934 0.428 0.932 0.428 0.924 0.42
7 0.63 0.791 0.028 0.034 0.618 0.774 0.616 0.776 0.616 0.778 0.632 0.794 0.632 0.796 0.634 0.798 0.634 0.8 0.64 0.806 0.642 0.806 0.642 0.8 0.64 0.798 0.64 0.796 0.638 0.796 0.636 0.794 0.636 0.792 0.63 0.786 0.628 0.786 0.626 0.784 0.626 0.782 0.624 0.782 0.622 0.78 0.622 0.778 0.62 0.778 0.618 0.776
4 0.759 0.494 0.03 0.028 0.758 0.48 0.746 0.492 0.746 0.494 0.744 0.496 0.744 0.5 0.746 0.502 0.748 0.502 0.75 0.504 0.752 0.504 0.754 0.506 0.762 0.506 0.772 0.496 0.772 0.49 0.764 0.482 0.762 0.482 0.76 0.48
4 0.604 0.785 0.032 0.03 0.602 0.77 0.596 0.776 0.594 0.776 0.59 0.78 0.59 0.784 0.588 0.786 0.59 0.788 0.59 0.792 0.592 0.794 0.594 0.794 0.598 0.798 0.608 0.798 0.61 0.796 0.61 0.794 0.618 0.786 0.614 0.782 0.614 0.78 0.61 0.776 0.61 0.774 0.608 0.772 0.606 0.772 0.604 0.77
5 0.898 0.412 0.024 0.024 0.894 0.4 0.886 0.408 0.886 0.414 0.894 0.422 0.9 0.422 0.906 0.416 0.906 0.414 0.908 0.412 0.908 0.406 0.906 0.404 0.904 0.404 0.9 0.4
5 0.775 0.553 0.026 0.026 0.772 0.54 0.762 0.55 0.762 0.554 0.772 0.564 0.778 0.564 0.784 0.558 0.784 0.556 0.786 0.554 0.786 0.55 0.784 0.548 0.784 0.546 0.782 0.544 0.78 0.544 0.776 0.54
2 0.698 0.446 0.06 0.06 0.712 0.416 0.706 0.422 0.706 0.424 0.694 0.436 0.694 0.438 0.688 0.444 0.686 0.444 0.682 0.448 0.682 0.45 0.67 0.462 0.67 0.464 0.668 0.466 0.67 0.468 0.672 0.468 0.674 0.47 0.674 0.472 0.676 0.474 0.684 0.474 0.694 0.464 0.696 0.464 0.704 0.456 0.704 0.454 0.716 0.442 0.716 0.44 0.724 0.432 0.724 0.43 0.726 0.428 0.726 0.424 0.722 0.42 0.722 0.418 0.72 0.416
2 0.78 0.354 0.056 0.06 0.794 0.324 0.77 0.348 0.77 0.35 0.756 0.364 0.756 0.366 0.752 0.37 0.752 0.376 0.754 0.376 0.756 0.378 0.756 0.38 0.758 0.382 0.766 0.382 0.768 0.38 0.77 0.38 0.772 0.378 0.772 0.376 0.786 0.362 0.786 0.36 0.796 0.35 0.796 0.348 0.802 0.342 0.802 0.34 0.806 0.336 0.806 0.33 0.8 0.324
3 0.836 0.565 0.108 0.11 0.828 0.51 0.826 0.512 0.822 0.512 0.82 0.514 0.818 0.514 0.816 0.516 0.814 0.516 0.81 0.52 0.81 0.522 0.8 0.532 0.8 0.534 0.794 0.54 0.794 0.544 0.792 0.546 0.792 0.548 0.79 0.55 0.79 0.552 0.788 0.554 0.788 0.556 0.784 0.56 0.784 0.562 0.782 0.564 0.782 0.572 0.784 0.574 0.784 0.576 0.786 0.578 0.786 0.582 0.792 0.588 0.794 0.588 0.796 0.59 0.796 0.592 0.798 0.594 0.798 0.596 0.8 0.596 0.808 0.604 0.81 0.604 0.816 0.61 0.818 0.61 0.822 0.614 0.824 0.614 0.828 0.618 0.832 0.618 0.85 0.6 0.85 0.598 0.854 0.594 0.854 0.592 0.862 0.584 0.862 0.582 0.876 0.568 0.876 0.566 0.882 0.56 0.882 0.558 0.888 0.552 0.886 0.55 0.886 0.548 0.876 0.538 0.874 0.538 0.862 0.526 0.86 0.526 0.852 0.518 0.85 0.518 0.844 0.512 0.84 0.512 0.838 0.51
5 0.589 0.214 0.018 0.016 0.586 0.206 0.584 0.208 0.582 0.208 0.582 0.21 0.58 0.212 0.58 0.216 0.582 0.218 0.584 0.218 0.586 0.22 0.592 0.22 0.596 0.216 0.596 0.212 0.592 0.208 0.588 0.208
5 0.615 0.763 0.022 0.022 0.612 0.752 0.61 0.754 0.61 0.756 0.606 0.76 0.606 0.762 0.604 0.764 0.612 0.772 0.618 0.766 0.62 0.766 0.622 0.764 0.622 0.762
3 0.726 0.472 0.092 0.1 0.732 0.422 0.73 0.424 0.73 0.426 0.728 0.428 0.728 0.43 0.72 0.438 0.72 0.44 0.708 0.452 0.708 0.454 0.686 0.476 0.686 0.478 0.682 0.482 0.682 0.484 0.68 0.486 0.68 0.49 0.684 0.494 0.686 0.494 0.69 0.498 0.69 0.5 0.692 0.5 0.698 0.506 0.698 0.508 0.7 0.508 0.704 0.512 0.706 0.512 0.708 0.514 0.71 0.514 0.714 0.518 0.714 0.52 0.734 0.5 0.736 0.5 0.742 0.494 0.742 0.492 0.748 0.486 0.748 0.484 0.762 0.47 0.762 0.468 0.766 0.464 0.766 0.462 0.768 0.46 0.768 0.458 0.77 0.456 0.77 0.452 0.768 0.45 0.768 0.448 0.75 0.43 0.748 0.43 0.742 0.424 0.74 0.424 0.738 0.422
5 0.657 0.811 0.026 0.026 0.65 0.798 0.646 0.802 0.646 0.808 0.644 0.81 0.646 0.812 0.646 0.814 0.654 0.822 0.658 0.822 0.666 0.814 0.666 0.812 0.668 0.81 0.668 0.808 0.666 0.806 0.664 0.806 0.662 0.804 0.66 0.804 0.654 0.798
4 0.596 0.75 0.024 0.02 0.592 0.74 0.584 0.748 0.592 0.756 0.594 0.756 0.596 0.758 0.6 0.758 0.602 0.756 0.602 0.754 0.606 0.75 0.606 0.746 0.602 0.742 0.598 0.742 0.596 0.74
4 0.524 0.148 0.028 0.024 0.516 0.136 0.512 0.14 0.512 0.142 0.51 0.144 0.51 0.15 0.512 0.152 0.514 0.152 0.516 0.154 0.518 0.154 0.52 0.156 0.522 0.156 0.524 0.158 0.532 0.158 0.534 0.156 0.534 0.154 0.536 0.152 0.536 0.146 0.532 0.142 0.53 0.142 0.528 0.14 0.526 0.14 0.524 0.138 0.522 0.138 0.52 0.136
4 0.581 0.176 0.022 0.02 0.574 0.166 0.572 0.168 0.572 0.17 0.57 0.172 0.57 0.176 0.572 0.178 0.572 0.18 0.574 0.18 0.578 0.184 0.586 0.184 0.588 0.182 0.588 0.18 0.59 0.178 0.59 0.176 0.588 0.174 0.588 0.17 0.584 0.166
