6 0.068 0.892 0.1 0.216 0.068 0.784 0.066 0.786 0.066 0.796 0.064 0.798 0.064 0.802 0.062 0.804 0.062 0.828 0.06 0.83 0.06 0.832 0.058 0.834 0.058 0.838 0.056 0.84 0.056 0.842 0.054 0.844 0.054 0.85 0.052 0.852 0.052 0.856 0.05 0.858 0.05 0.864 0.048 0.866 0.048 0.872 0.046 0.874 0.046 0.882 0.044 0.884 0.044 0.896 0.042 0.898 0.042 0.9 0.038 0.904 0.038 0.906 0.036 0.908 0.036 0.914 0.034 0.916 0.034 0.922 0.032 0.924 0.032 0.932 0.03 0.934 0.03 0.94 0.028 0.942 0.028 0.948 0.026 0.95 0.026 0.956 0.024 0.958 0.024 0.966 0.022 0.968 0.022 0.976 0.02 0.978 0.02 0.986 0.018 0.988 0.018 0.998 0.074 0.998 0.074 0.996 0.076 0.994 0.076 0.98 0.078 0.978 0.078 0.972 0.08 0.97 0.08 0.964 0.082 0.962 0.082 0.954 0.084 0.952 0.084 0.948 0.086 0.946 0.086 0.934 0.088 0.932 0.088 0.92 0.09 0.918 0.09 0.91 0.092 0.908 0.092 0.898 0.094 0.896 0.094 0.892 0.096 0.89 0.096 0.886 0.098 0.884 0.098 0.876 0.1 0.874 0.1 0.864 0.102 0.862 0.102 0.856 0.104 0.854 0.104 0.846 0.106 0.844 0.106 0.834 0.108 0.832 0.108 0.826 0.11 0.824 0.11 0.816 0.112 0.814 0.112 0.81 0.114 0.808 0.114 0.802 0.116 0.8 0.116 0.792 0.112 0.792 0.11 0.79 0.1 0.79 0.098 0.788 0.084 0.788 0.082 0.786 0.072 0.786 0.07 0.784
4 0.516 0.501 0.024 0.026 0.51 0.488 0.508 0.49 0.506 0.49 0.506 0.492 0.504 0.494 0.504 0.508 0.506 0.51 0.508 0.51 0.51 0.512 0.522 0.512 0.526 0.508 0.526 0.494 0.524 0.492 0.522 0.492 0.52 0.49 0.516 0.49 0.514 0.488
7 0.818 0.533 0.012 0.01 0.816 0.528 0.812 0.532 0.812 0.534 0.814 0.536 0.816 0.534 0.82 0.534 0.822 0.532 0.822 0.528
4 0.17 0.842 0.036 0.04 0.164 0.822 0.162 0.824 0.16 0.824 0.154 0.83 0.154 0.832 0.152 0.834 0.152 0.854 0.156 0.858 0.166 0.858 0.168 0.86 0.18 0.86 0.182 0.858 0.182 0.854 0.184 0.852 0.184 0.834 0.186 0.832 0.186 0.828 0.184 0.826 0.182 0.826 0.18 0.824 0.176 0.824 0.174 0.822
4 0.227 0.882 0.026 0.02 0.22 0.872 0.218 0.874 0.216 0.874 0.214 0.876 0.214 0.884 0.216 0.886 0.218 0.886 0.22 0.888 0.224 0.888 0.226 0.89 0.236 0.89 0.236 0.888 0.238 0.886 0.238 0.874 0.232 0.874 0.23 0.872
4 0.202 0.992 0.028 0.016 0.192 0.984 0.19 0.986 0.19 0.988 0.188 0.99 0.188 0.998 0.214 0.998 0.214 0.988 0.212 0.986 0.208 0.986 0.206 0.984
7 0.779 0.547 0.038 0.014 0.76 0.54 0.766 0.546 0.77 0.546 0.772 0.548 0.776 0.548 0.778 0.55 0.78 0.55 0.782 0.552 0.788 0.552 0.79 0.55 0.792 0.55 0.796 0.546 0.794 0.544 0.792 0.544 0.79 0.542 0.772 0.542 0.77 0.54
7 0.774 0.566 0.02 0.012 0.768 0.56 0.764 0.564 0.764 0.568 0.766 0.568 0.768 0.57 0.778 0.57 0.782 0.566 0.782 0.562 0.78 0.56
3 0.541 0.916 0.13 0.056 0.482 0.888 0.482 0.892 0.48 0.894 0.48 0.902 0.478 0.904 0.478 0.91 0.476 0.912 0.476 0.916 0.478 0.918 0.478 0.92 0.48 0.92 0.482 0.922 0.488 0.922 0.49 0.924 0.498 0.924 0.5 0.926 0.508 0.926 0.51 0.928 0.516 0.928 0.518 0.93 0.524 0.93 0.526 0.932 0.534 0.932 0.536 0.934 0.542 0.934 0.544 0.936 0.55 0.936 0.552 0.938 0.56 0.938 0.562 0.94 0.572 0.94 0.574 0.942 0.586 0.942 0.588 0.94 0.596 0.94 0.6 0.936 0.6 0.932 0.602 0.93 0.602 0.924 0.604 0.922 0.604 0.916 0.602 0.914 0.596 0.914 0.594 0.912 0.588 0.912 0.586 0.91 0.576 0.91 0.574 0.908 0.57 0.908 0.568 0.906 0.562 0.906 0.56 0.904 0.554 0.904 0.552 0.902 0.546 0.902 0.544 0.9 0.54 0.9 0.538 0.898 0.528 0.898 0.526 0.896 0.522 0.896 0.52 0.894 0.514 0.894 0.512 0.892 0.506 0.892 0.504 0.89 0.494 0.89 0.492 0.888
4 0.481 0.439 0.018 0.018 0.476 0.43 0.474 0.432 0.474 0.434 0.472 0.436 0.472 0.442 0.476 0.446 0.486 0.446 0.486 0.442 0.488 0.44 0.488 0.434 0.484 0.43
4 0.519 0.466 0.03 0.024 0.516 0.454 0.514 0.456 0.512 0.456 0.504 0.464 0.504 0.47 0.506 0.472 0.51 0.472 0.512 0.474 0.524 0.474 0.526 0.476 0.528 0.476 0.53 0.474 0.532 0.474 0.532 0.46 0.528 0.456 0.526 0.456 0.524 0.454
7 0.463 0.115 0.118 0.178 0.442 0.026 0.442 0.028 0.44 0.03 0.44 0.036 0.438 0.038 0.438 0.048 0.436 0.05 0.436 0.056 0.434 0.058 0.434 0.064 0.432 0.066 0.432 0.068 0.43 0.07 0.43 0.076 0.428 0.078 0.428 0.084 0.426 0.086 0.426 0.09 0.424 0.092 0.424 0.1 0.422 0.102 0.422 0.11 0.42 0.112 0.42 0.118 0.418 0.12 0.418 0.126 0.416 0.128 0.416 0.134 0.414 0.136 0.414 0.142 0.412 0.144 0.412 0.148 0.41 0.15 0.41 0.158 0.408 0.16 0.408 0.166 0.406 0.168 0.406 0.174 0.404 0.176 0.404 0.178 0.408 0.182 0.412 0.182 0.414 0.184 0.42 0.184 0.422 0.186 0.424 0.186 0.426 0.188 0.434 0.188 0.436 0.19 0.44 0.19 0.442 0.192 0.45 0.192 0.452 0.194 0.456 0.194 0.458 0.196 0.462 0.196 0.464 0.198 0.47 0.198 0.472 0.2 0.478 0.2 0.48 0.202 0.482 0.2 0.482 0.198 0.484 0.196 0.484 0.188 0.486 0.186 0.486 0.18 0.488 0.178 0.488 0.174 0.49 0.172 0.49 0.166 0.492 0.164 0.492 0.154 0.494 0.152 0.494 0.148 0.496 0.146 0.496 0.142 0.498 0.14 0.498 0.138 0.5 0.136 0.5 0.126 0.502 0.124 0.502 0.12 0.504 0.118 0.504 0.116 0.506 0.114 0.506 0.11 0.508 0.108 0.508 0.102 0.51 0.1 0.51 0.09 0.512 0.088 0.514 0.088 0.516 0.086 0.516 0.07 0.518 0.068 0.518 0.06 0.52 0.058 0.52 0.044 0.518 0.044 0.516 0.042 0.51 0.042 0.508 0.04 0.502 0.04 0.5 0.038 0.494 0.038 0.492 0.036 0.484 0.036 0.482 0.034 0.474 0.034 0.472 0.032 0.466 0.032 0.464 0.03 0.456 0.03 0.454 0.028 0.448 0.028 0.446 0.026
4 0.507 0.535 0.026 0.026 0.5 0.522 0.496 0.526 0.496 0.528 0.494 0.53 0.494 0.542 0.496 0.544 0.498 0.544 0.5 0.546 0.514 0.546 0.518 0.542 0.518 0.528 0.516 0.528 0.514 0.526 0.512 0.526 0.51 0.524 0.504 0.524 0.502 0.522
5 0.151 0.41 0.042 0.024 0.138 0.398 0.132 0.404 0.13 0.404 0.13 0.414 0.132 0.416 0.138 0.416 0.14 0.418 0.148 0.418 0.15 0.42 0.168 0.42 0.17 0.418 0.17 0.408 0.168 0.406 0.166 0.406 0.164 0.404 0.158 0.404 0.156 0.402 0.15 0.402 0.148 0.4 0.14 0.4
4 0.434 0.436 0.012 0.016 0.43 0.428 0.428 0.43 0.428 0.438 0.43 0.44 0.432 0.44 0.434 0.442 0.438 0.438 0.438 0.43 0.436 0.428
4 0.421 0.485 0.01 0.014 0.42 0.478 0.416 0.482 0.416 0.488 0.418 0.49 0.422 0.49 0.424 0.488 0.424 0.48 0.422 0.478
4 0.411 0.524 0.01 0.012 0.41 0.518 0.408 0.52 0.408 0.522 0.406 0.524 0.41 0.528 0.412 0.526 0.414 0.526 0.414 0.52 0.412 0.518
5 0.479 0.468 0.022 0.016 0.472 0.46 0.468 0.464 0.468 0.47 0.47 0.47 0.472 0.472 0.48 0.472 0.482 0.474 0.486 0.474 0.488 0.472 0.488 0.464 0.486 0.462 0.484 0.462 0.482 0.46
5 0.773 0.529 0.026 0.026 0.77 0.516 0.768 0.518 0.766 0.518 0.764 0.52 0.764 0.522 0.762 0.524 0.762 0.53 0.76 0.532 0.76 0.538 0.762 0.54 0.782 0.54 0.782 0.538 0.784 0.536 0.784 0.522 0.782 0.52 0.778 0.52 0.776 0.518 0.774 0.518 0.772 0.516
5 0.21 0.94 0.028 0.032 0.208 0.924 0.206 0.926 0.206 0.93 0.204 0.932 0.202 0.932 0.198 0.936 0.198 0.938 0.196 0.94 0.196 0.952 0.2 0.952 0.202 0.954 0.216 0.954 0.22 0.95 0.22 0.942 0.222 0.94 0.222 0.934 0.22 0.932 0.22 0.93 0.218 0.93 0.212 0.924
5 0.553 0.992 0.026 0.016 0.548 0.984 0.542 0.99 0.542 0.992 0.54 0.994 0.54 0.998 0.56 0.998 0.56 0.996 0.564 0.992 0.564 0.986 0.562 0.986 0.56 0.988 0.556 0.984
