4 0.17 0.755 0.016 0.026 0.17 0.742 0.168 0.744 0.164 0.744 0.162 0.746 0.162 0.752 0.164 0.754 0.164 0.766 0.176 0.766 0.176 0.744 0.174 0.744 0.172 0.742
4 0.265 0.698 0.018 0.024 0.258 0.686 0.256 0.688 0.256 0.706 0.26 0.706 0.262 0.708 0.264 0.706 0.272 0.706 0.272 0.688 0.27 0.686
4 0.154 0.699 0.02 0.022 0.146 0.688 0.144 0.69 0.144 0.708 0.16 0.708 0.162 0.706 0.162 0.698 0.16 0.696 0.16 0.69 0.158 0.69 0.156 0.688
5 0.114 0.773 0.016 0.014 0.11 0.766 0.106 0.77 0.106 0.774 0.108 0.776 0.108 0.778 0.118 0.778 0.12 0.776 0.12 0.77 0.116 0.766
7 0.228 0.695 0.012 0.01 0.222 0.69 0.222 0.694 0.226 0.698 0.228 0.698 0.232 0.694 0.232 0.69
7 0.244 0.422 0.012 0.008 0.238 0.418 0.238 0.422 0.24 0.424 0.246 0.424 0.248 0.422 0.248 0.42 0.246 0.418
4 0.257 0.872 0.022 0.024 0.25 0.86 0.246 0.864 0.246 0.88 0.248 0.88 0.25 0.882 0.262 0.882 0.264 0.88 0.264 0.876 0.266 0.874 0.266 0.864 0.262 0.86
4 0.269 0.813 0.018 0.022 0.262 0.802 0.262 0.804 0.26 0.806 0.26 0.822 0.274 0.822 0.276 0.82 0.276 0.806 0.274 0.804 0.274 0.802
4 0.154 0.815 0.016 0.018 0.148 0.806 0.146 0.808 0.146 0.82 0.148 0.822 0.16 0.822 0.16 0.806
4 0.237 0.758 0.018 0.024 0.228 0.746 0.228 0.768 0.244 0.768 0.244 0.76 0.242 0.758 0.242 0.748 0.24 0.746
