5 0.27 0.172 0.02 0.02 0.274 0.162 0.272 0.164 0.27 0.164 0.266 0.168 0.264 0.168 0.264 0.17 0.26 0.174 0.26 0.176 0.264 0.18 0.266 0.18 0.272 0.174 0.274 0.174 0.274 0.172 0.278 0.168 0.278 0.164 0.276 0.162
4 0.218 0.389 0.028 0.03 0.218 0.374 0.204 0.388 0.216 0.4 0.218 0.4 0.222 0.396 0.222 0.394 0.226 0.39 0.226 0.388 0.23 0.384 0.22 0.374
7 0.279 0.127 0.01 0.014 0.278 0.12 0.276 0.122 0.274 0.122 0.274 0.132 0.278 0.132 0.28 0.13 0.282 0.13 0.282 0.122 0.28 0.122
5 0.405 0.574 0.026 0.028 0.402 0.56 0.402 0.562 0.394 0.57 0.394 0.572 0.392 0.574 0.392 0.578 0.398 0.584 0.4 0.584 0.402 0.586 0.408 0.586 0.416 0.578 0.416 0.566 0.414 0.564 0.414 0.562 0.412 0.562 0.41 0.56
7 0.577 0.647 0.034 0.034 0.57 0.63 0.566 0.634 0.566 0.636 0.562 0.64 0.562 0.644 0.56 0.646 0.56 0.65 0.566 0.656 0.568 0.656 0.572 0.66 0.574 0.66 0.576 0.662 0.578 0.662 0.582 0.658 0.584 0.658 0.584 0.656 0.592 0.648 0.592 0.642 0.59 0.642 0.584 0.636 0.582 0.636 0.576 0.63
5 0.334 0.094 0.02 0.016 0.332 0.086 0.326 0.092 0.326 0.096 0.324 0.098 0.326 0.1 0.332 0.1 0.334 0.098 0.336 0.098 0.338 0.096 0.338 0.094 0.342 0.09 0.342 0.086
7 0.043 0.453 0.014 0.014 0.044 0.446 0.042 0.448 0.04 0.448 0.04 0.45 0.036 0.454 0.036 0.456 0.038 0.458 0.042 0.458 0.048 0.452 0.048 0.448 0.046 0.448
3 0.064 0.319 0.08 0.078 0.06 0.28 0.058 0.282 0.058 0.284 0.05 0.292 0.05 0.294 0.042 0.302 0.042 0.304 0.03 0.316 0.03 0.318 0.024 0.324 0.024 0.326 0.026 0.328 0.026 0.33 0.028 0.33 0.03 0.332 0.032 0.332 0.038 0.338 0.04 0.338 0.046 0.344 0.048 0.344 0.052 0.348 0.054 0.348 0.062 0.356 0.07 0.356 0.07 0.354 0.08 0.344 0.08 0.342 0.088 0.334 0.088 0.332 0.096 0.324 0.096 0.322 0.1 0.318 0.1 0.316 0.102 0.314 0.102 0.31 0.084 0.292 0.082 0.292 0.078 0.288 0.076 0.288 0.07 0.282 0.068 0.282 0.066 0.28
7 0.527 0.215 0.154 0.134 0.478 0.148 0.476 0.15 0.476 0.152 0.474 0.154 0.474 0.156 0.472 0.158 0.472 0.16 0.468 0.164 0.468 0.166 0.464 0.17 0.464 0.172 0.46 0.176 0.46 0.178 0.456 0.182 0.456 0.184 0.452 0.188 0.452 0.19 0.45 0.192 0.45 0.198 0.452 0.2 0.454 0.2 0.458 0.204 0.46 0.204 0.468 0.212 0.47 0.212 0.476 0.218 0.478 0.218 0.484 0.224 0.486 0.224 0.49 0.228 0.492 0.228 0.496 0.232 0.498 0.232 0.502 0.236 0.504 0.236 0.51 0.242 0.512 0.242 0.514 0.244 0.516 0.244 0.522 0.25 0.524 0.25 0.526 0.252 0.528 0.252 0.534 0.258 0.536 0.258 0.54 0.262 0.542 0.262 0.546 0.266 0.548 0.266 0.554 0.272 0.556 0.272 0.56 0.276 0.562 0.276 0.564 0.278 0.566 0.278 0.568 0.28 0.57 0.278 0.572 0.278 0.584 0.266 0.584 0.264 0.588 0.26 0.588 0.258 0.592 0.254 0.592 0.252 0.596 0.248 0.596 0.246 0.602 0.24 0.602 0.236 0.6 0.234 0.6 0.232 0.596 0.228 0.594 0.228 0.59 0.224 0.588 0.224 0.584 0.22 0.582 0.22 0.576 0.214 0.574 0.214 0.57 0.21 0.568 0.21 0.562 0.204 0.56 0.204 0.552 0.196 0.55 0.196 0.548 0.194 0.546 0.194 0.54 0.188 0.538 0.188 0.532 0.182 0.53 0.182 0.526 0.178 0.524 0.178 0.52 0.174 0.518 0.174 0.51 0.166 0.508 0.166 0.506 0.164 0.504 0.164 0.498 0.158 0.496 0.158 0.49 0.152 0.488 0.152 0.484 0.148
0 0.213 0.511 0.09 0.078 0.182 0.472 0.176 0.478 0.176 0.48 0.17 0.486 0.17 0.488 0.168 0.49 0.174 0.496 0.176 0.496 0.182 0.502 0.184 0.502 0.192 0.51 0.194 0.51 0.2 0.516 0.202 0.516 0.208 0.522 0.21 0.522 0.216 0.528 0.218 0.528 0.226 0.536 0.228 0.536 0.234 0.542 0.236 0.542 0.242 0.548 0.244 0.546 0.244 0.544 0.248 0.54 0.248 0.538 0.25 0.536 0.25 0.534 0.254 0.53 0.254 0.528 0.256 0.526 0.252 0.522 0.25 0.522 0.244 0.516 0.242 0.516 0.238 0.512 0.236 0.512 0.23 0.506 0.228 0.506 0.224 0.502 0.222 0.502 0.216 0.496 0.214 0.496 0.21 0.492 0.208 0.492 0.202 0.486 0.2 0.486 0.196 0.482 0.194 0.482 0.188 0.476 0.186 0.476
7 0.532 0.705 0.032 0.034 0.526 0.688 0.522 0.692 0.522 0.694 0.52 0.696 0.52 0.698 0.518 0.7 0.518 0.702 0.516 0.704 0.516 0.71 0.52 0.714 0.522 0.714 0.526 0.718 0.53 0.718 0.532 0.72 0.534 0.718 0.538 0.718 0.54 0.716 0.54 0.714 0.542 0.712 0.542 0.71 0.546 0.706 0.546 0.7 0.54 0.694 0.538 0.694 0.534 0.69 0.532 0.69 0.53 0.688
5 0.148 0.371 0.028 0.022 0.138 0.36 0.134 0.364 0.134 0.368 0.138 0.372 0.142 0.372 0.144 0.374 0.146 0.374 0.148 0.376 0.15 0.376 0.152 0.378 0.154 0.378 0.156 0.38 0.16 0.376 0.158 0.374 0.158 0.368 0.15 0.36
5 0.337 0.154 0.03 0.032 0.34 0.138 0.338 0.14 0.334 0.14 0.332 0.142 0.328 0.142 0.326 0.144 0.324 0.144 0.322 0.146 0.322 0.148 0.324 0.15 0.326 0.15 0.33 0.154 0.33 0.156 0.332 0.158 0.332 0.16 0.334 0.162 0.334 0.166 0.336 0.168 0.34 0.168 0.344 0.164 0.346 0.164 0.35 0.16 0.35 0.158 0.346 0.154 0.346 0.152 0.348 0.15 0.346 0.15 0.344 0.148 0.342 0.148 0.34 0.146 0.34 0.144 0.342 0.142 0.342 0.138
4 0.04 0.594 0.032 0.028 0.03 0.58 0.028 0.582 0.028 0.584 0.026 0.586 0.026 0.588 0.024 0.59 0.024 0.594 0.03 0.6 0.032 0.6 0.038 0.606 0.048 0.606 0.05 0.604 0.05 0.602 0.052 0.6 0.052 0.598 0.054 0.596 0.046 0.588 0.044 0.588 0.04 0.584 0.038 0.584 0.034 0.58
4 0.062 0.574 0.024 0.024 0.054 0.562 0.052 0.564 0.052 0.566 0.05 0.568 0.05 0.576 0.056 0.582 0.058 0.582 0.06 0.584 0.064 0.584 0.07 0.578 0.07 0.576 0.072 0.574 0.072 0.566 0.07 0.564 0.068 0.564 0.066 0.562
4 0.116 0.505 0.016 0.018 0.112 0.496 0.108 0.5 0.108 0.506 0.11 0.508 0.11 0.51 0.112 0.512 0.116 0.512 0.118 0.51 0.12 0.51 0.12 0.508 0.122 0.506 0.122 0.502 0.12 0.5 0.12 0.498 0.118 0.498 0.116 0.496
4 0.168 0.348 0.028 0.032 0.164 0.332 0.156 0.34 0.156 0.344 0.154 0.346 0.154 0.348 0.166 0.36 0.17 0.36 0.176 0.354 0.176 0.352 0.18 0.348 0.18 0.346 0.172 0.338 0.172 0.336 0.17 0.334 0.168 0.334 0.166 0.332
4 0.11 0.432 0.024 0.024 0.106 0.42 0.102 0.424 0.1 0.424 0.1 0.426 0.098 0.428 0.098 0.438 0.102 0.442 0.112 0.442 0.12 0.434 0.12 0.426 0.118 0.424 0.118 0.422 0.116 0.422 0.114 0.42
