4 0.269 0.738 0.018 0.028 0.264 0.724 0.262 0.726 0.26 0.726 0.26 0.75 0.274 0.75 0.274 0.748 0.276 0.746 0.276 0.728 0.272 0.724
3 0.357 0.927 0.082 0.086 0.356 0.884 0.354 0.886 0.352 0.886 0.348 0.89 0.346 0.89 0.33 0.906 0.328 0.906 0.322 0.912 0.32 0.912 0.32 0.914 0.316 0.918 0.316 0.934 0.318 0.936 0.318 0.96 0.32 0.962 0.32 0.966 0.324 0.966 0.326 0.968 0.336 0.968 0.338 0.966 0.354 0.966 0.356 0.964 0.358 0.966 0.362 0.966 0.364 0.968 0.368 0.968 0.37 0.966 0.392 0.966 0.394 0.964 0.396 0.964 0.396 0.91 0.394 0.908 0.392 0.908 0.39 0.906 0.388 0.906 0.384 0.902 0.382 0.902 0.374 0.894 0.372 0.894 0.368 0.89 0.366 0.89 0.362 0.886 0.362 0.884
3 0.278 0.93 0.08 0.088 0.276 0.886 0.274 0.888 0.272 0.888 0.268 0.892 0.266 0.892 0.246 0.912 0.244 0.912 0.242 0.914 0.242 0.916 0.238 0.92 0.238 0.948 0.24 0.95 0.24 0.956 0.242 0.958 0.242 0.96 0.24 0.962 0.24 0.966 0.244 0.97 0.28 0.97 0.282 0.972 0.302 0.972 0.304 0.97 0.312 0.97 0.316 0.966 0.316 0.942 0.314 0.94 0.314 0.926 0.312 0.924 0.312 0.914 0.308 0.91 0.308 0.908 0.302 0.902 0.3 0.902 0.294 0.896 0.292 0.896 0.282 0.886
3 0.133 0.936 0.082 0.084 0.132 0.894 0.13 0.896 0.128 0.896 0.092 0.932 0.094 0.934 0.094 0.964 0.092 0.966 0.092 0.968 0.094 0.97 0.094 0.972 0.096 0.974 0.098 0.974 0.1 0.976 0.158 0.976 0.16 0.974 0.164 0.974 0.166 0.976 0.168 0.976 0.17 0.974 0.17 0.972 0.172 0.97 0.172 0.964 0.17 0.962 0.17 0.96 0.172 0.958 0.172 0.952 0.17 0.95 0.17 0.948 0.172 0.946 0.17 0.944 0.17 0.942 0.172 0.94 0.172 0.938 0.17 0.936 0.17 0.916 0.168 0.914 0.166 0.914 0.164 0.912 0.162 0.912 0.158 0.908 0.156 0.908 0.15 0.902 0.148 0.902 0.144 0.898 0.142 0.898 0.138 0.894
4 0.489 0.78 0.026 0.02 0.478 0.77 0.478 0.772 0.476 0.774 0.476 0.78 0.478 0.782 0.478 0.786 0.48 0.786 0.482 0.788 0.498 0.788 0.498 0.784 0.5 0.782 0.5 0.772 0.498 0.77
3 0.205 0.743 0.078 0.094 0.18 0.696 0.178 0.698 0.174 0.698 0.172 0.7 0.168 0.7 0.166 0.702 0.166 0.748 0.168 0.75 0.168 0.758 0.184 0.774 0.186 0.774 0.19 0.778 0.192 0.778 0.194 0.78 0.196 0.78 0.198 0.782 0.2 0.782 0.206 0.788 0.21 0.788 0.212 0.786 0.214 0.786 0.224 0.776 0.226 0.776 0.232 0.77 0.234 0.77 0.24 0.764 0.24 0.762 0.242 0.76 0.242 0.718 0.24 0.716 0.24 0.704 0.238 0.702 0.238 0.7 0.236 0.698 0.234 0.698 0.232 0.696
3 0.089 0.747 0.074 0.098 0.084 0.698 0.082 0.7 0.064 0.7 0.062 0.702 0.06 0.702 0.058 0.704 0.056 0.704 0.054 0.706 0.054 0.71 0.052 0.712 0.052 0.76 0.054 0.762 0.054 0.764 0.062 0.772 0.064 0.772 0.078 0.786 0.08 0.786 0.082 0.788 0.084 0.788 0.09 0.794 0.094 0.794 0.102 0.786 0.104 0.786 0.108 0.782 0.11 0.782 0.118 0.774 0.12 0.774 0.124 0.77 0.124 0.712 0.122 0.71 0.11 0.71 0.104 0.704 0.104 0.702 0.102 0.7 0.096 0.7 0.094 0.698
4 0.211 0.934 0.018 0.016 0.202 0.926 0.202 0.934 0.204 0.936 0.206 0.936 0.21 0.94 0.212 0.94 0.214 0.938 0.216 0.938 0.218 0.936 0.218 0.928 0.216 0.926
7 0.545 0.185 0.026 0.022 0.534 0.174 0.534 0.176 0.532 0.178 0.532 0.192 0.534 0.194 0.556 0.194 0.556 0.174
7 0.544 0.14 0.024 0.024 0.546 0.128 0.544 0.13 0.534 0.13 0.532 0.132 0.532 0.148 0.534 0.15 0.55 0.15 0.552 0.148 0.554 0.148 0.554 0.132 0.552 0.13 0.552 0.128
4 0.486 0.737 0.024 0.018 0.478 0.728 0.474 0.732 0.474 0.738 0.476 0.74 0.476 0.744 0.494 0.744 0.496 0.742 0.496 0.732 0.494 0.73 0.494 0.728
4 0.529 0.736 0.026 0.024 0.524 0.724 0.522 0.726 0.518 0.726 0.516 0.728 0.516 0.738 0.518 0.74 0.518 0.744 0.52 0.746 0.532 0.746 0.534 0.744 0.536 0.744 0.54 0.74 0.54 0.728 0.538 0.726 0.536 0.726 0.534 0.724
4 0.407 0.928 0.018 0.016 0.4 0.92 0.4 0.924 0.398 0.926 0.398 0.928 0.4 0.93 0.4 0.934 0.41 0.934 0.412 0.932 0.414 0.932 0.414 0.924 0.412 0.922 0.408 0.922 0.406 0.92
7 0.566 0.531 0.016 0.018 0.566 0.522 0.564 0.524 0.562 0.524 0.558 0.528 0.558 0.532 0.56 0.534 0.56 0.536 0.562 0.538 0.57 0.538 0.572 0.536 0.572 0.524 0.57 0.522
3 0.395 0.735 0.082 0.094 0.366 0.688 0.364 0.69 0.362 0.69 0.358 0.694 0.356 0.694 0.356 0.698 0.354 0.7 0.354 0.716 0.356 0.718 0.356 0.746 0.358 0.748 0.358 0.752 0.36 0.754 0.36 0.756 0.364 0.76 0.366 0.76 0.374 0.768 0.376 0.768 0.382 0.774 0.384 0.774 0.388 0.778 0.39 0.778 0.392 0.78 0.398 0.78 0.4 0.778 0.402 0.778 0.408 0.772 0.41 0.772 0.42 0.762 0.422 0.762 0.428 0.756 0.43 0.756 0.43 0.754 0.432 0.752 0.432 0.698 0.434 0.696 0.434 0.694 0.432 0.692 0.432 0.688
7 0.571 0.608 0.014 0.016 0.568 0.6 0.564 0.604 0.564 0.61 0.568 0.614 0.572 0.614 0.574 0.612 0.574 0.61 0.576 0.608 0.576 0.606 0.574 0.604 0.574 0.602 0.572 0.6
3 0.514 0.92 0.076 0.092 0.514 0.874 0.476 0.912 0.476 0.938 0.478 0.94 0.478 0.964 0.55 0.964 0.55 0.902 0.544 0.896 0.542 0.896 0.536 0.89 0.534 0.89 0.53 0.886 0.528 0.886 0.522 0.88 0.52 0.88
7 0.536 0.662 0.02 0.024 0.534 0.65 0.532 0.652 0.53 0.652 0.526 0.656 0.526 0.668 0.528 0.67 0.532 0.666 0.534 0.666 0.538 0.662 0.54 0.662 0.542 0.66 0.542 0.658 0.544 0.656 0.544 0.652 0.542 0.65
