5 0.425 0.519 0.018 0.022 0.422 0.508 0.42 0.51 0.416 0.51 0.416 0.526 0.418 0.526 0.42 0.528 0.428 0.528 0.432 0.524 0.432 0.516 0.43 0.514 0.43 0.51 0.428 0.508
7 0.48 0.496 0.016 0.036 0.474 0.478 0.472 0.48 0.472 0.512 0.48 0.512 0.482 0.51 0.486 0.51 0.486 0.482 0.482 0.478
3 0.236 0.445 0.076 0.078 0.252 0.406 0.25 0.408 0.24 0.408 0.238 0.41 0.236 0.41 0.234 0.412 0.2 0.412 0.198 0.414 0.198 0.428 0.2 0.43 0.2 0.452 0.202 0.454 0.202 0.458 0.212 0.468 0.214 0.468 0.218 0.472 0.22 0.472 0.224 0.476 0.226 0.476 0.23 0.48 0.232 0.48 0.234 0.482 0.24 0.482 0.248 0.474 0.25 0.474 0.262 0.462 0.264 0.462 0.272 0.454 0.272 0.434 0.27 0.432 0.27 0.424 0.268 0.422 0.268 0.412 0.266 0.41 0.266 0.406
3 0.322 0.563 0.04 0.034 0.316 0.546 0.314 0.548 0.31 0.548 0.308 0.55 0.306 0.55 0.302 0.554 0.302 0.57 0.304 0.572 0.304 0.576 0.306 0.578 0.322 0.578 0.324 0.576 0.33 0.576 0.332 0.574 0.334 0.574 0.338 0.57 0.338 0.566 0.34 0.564 0.34 0.562 0.338 0.56 0.338 0.556 0.332 0.55 0.328 0.55 0.326 0.548 0.322 0.548 0.32 0.546
4 0.435 0.085 0.022 0.026 0.426 0.072 0.424 0.074 0.424 0.092 0.428 0.096 0.44 0.096 0.442 0.094 0.444 0.094 0.444 0.074 0.442 0.072
4 0.96 0.465 0.012 0.014 0.956 0.458 0.954 0.46 0.954 0.468 0.956 0.47 0.962 0.47 0.964 0.468 0.964 0.458
4 0.736 0.505 0.028 0.038 0.728 0.486 0.724 0.49 0.724 0.506 0.722 0.508 0.722 0.52 0.724 0.522 0.738 0.522 0.74 0.52 0.742 0.52 0.744 0.518 0.744 0.514 0.746 0.512 0.746 0.508 0.748 0.506 0.748 0.494 0.746 0.492 0.746 0.49 0.744 0.488 0.734 0.488 0.732 0.486
3 0.519 0.387 0.046 0.05 0.528 0.362 0.526 0.364 0.504 0.364 0.502 0.366 0.498 0.366 0.496 0.368 0.496 0.39 0.498 0.392 0.498 0.398 0.5 0.4 0.5 0.404 0.502 0.406 0.502 0.408 0.504 0.408 0.506 0.41 0.528 0.41 0.53 0.408 0.532 0.408 0.54 0.4 0.54 0.374 0.538 0.372 0.538 0.368 0.536 0.366 0.536 0.364 0.534 0.364 0.532 0.362
7 0.471 0.514 0.01 0.008 0.466 0.51 0.466 0.516 0.472 0.516 0.474 0.514 0.474 0.512 0.472 0.51
3 0.445 0.399 0.05 0.05 0.438 0.374 0.434 0.378 0.434 0.38 0.43 0.384 0.428 0.384 0.426 0.386 0.424 0.386 0.42 0.39 0.42 0.396 0.422 0.398 0.422 0.402 0.424 0.404 0.424 0.412 0.426 0.414 0.426 0.416 0.428 0.418 0.428 0.42 0.43 0.422 0.452 0.422 0.454 0.42 0.456 0.42 0.458 0.418 0.462 0.418 0.464 0.416 0.466 0.416 0.466 0.41 0.468 0.408 0.466 0.406 0.466 0.394 0.464 0.392 0.464 0.382 0.462 0.38 0.462 0.378 0.458 0.378 0.456 0.376 0.452 0.376 0.45 0.374
4 0.229 0.533 0.014 0.014 0.222 0.526 0.222 0.536 0.224 0.538 0.228 0.538 0.23 0.536 0.232 0.536 0.234 0.534 0.234 0.53 0.232 0.528 0.232 0.526
7 0.406 0.022 0.012 0.016 0.404 0.014 0.402 0.016 0.4 0.016 0.4 0.024 0.402 0.026 0.402 0.028 0.408 0.028 0.408 0.026 0.41 0.024 0.41 0.02 0.408 0.018 0.408 0.014
7 0.853 0.429 0.01 0.014 0.852 0.422 0.85 0.424 0.848 0.424 0.848 0.432 0.85 0.434 0.854 0.434 0.856 0.432 0.856 0.424 0.854 0.424
7 0.88 0.442 0.012 0.012 0.882 0.436 0.88 0.438 0.874 0.438 0.874 0.444 0.876 0.446 0.884 0.446 0.884 0.436
7 0.48 0.489 0.016 0.022 0.474 0.478 0.472 0.48 0.472 0.496 0.474 0.498 0.48 0.498 0.482 0.496 0.484 0.496 0.486 0.494 0.486 0.484 0.484 0.482 0.484 0.478
7 0.537 0.482 0.014 0.02 0.532 0.472 0.53 0.474 0.53 0.488 0.532 0.49 0.54 0.49 0.542 0.488 0.542 0.48 0.54 0.478 0.54 0.476 0.536 0.472
4 0.845 0.483 0.01 0.01 0.842 0.478 0.84 0.48 0.84 0.486 0.846 0.486 0.848 0.484 0.848 0.478
5 0.424 0.018 0.024 0.016 0.414 0.01 0.412 0.012 0.412 0.018 0.414 0.02 0.414 0.024 0.426 0.024 0.428 0.022 0.432 0.022 0.434 0.02 0.434 0.014 0.43 0.01
7 0.178 0.52 0.016 0.016 0.178 0.512 0.176 0.514 0.174 0.514 0.17 0.518 0.17 0.526 0.174 0.526 0.178 0.522 0.18 0.522 0.182 0.52 0.184 0.52 0.184 0.512
4 0.262 0.575 0.016 0.014 0.256 0.568 0.256 0.57 0.254 0.572 0.254 0.576 0.256 0.578 0.256 0.58 0.264 0.58 0.266 0.578 0.268 0.578 0.268 0.568
