7 0.443 0.404 0.01 0.012 0.44 0.398 0.44 0.4 0.438 0.402 0.438 0.404 0.442 0.408 0.444 0.406 0.446 0.406 0.446 0.402 0.444 0.4 0.444 0.398
7 0.722 0.317 0.012 0.014 0.72 0.31 0.716 0.314 0.716 0.318 0.72 0.322 0.722 0.322 0.726 0.318 0.726 0.316 0.724 0.314 0.724 0.312 0.722 0.31
7 0.607 0.125 0.006 0.01 0.604 0.12 0.604 0.126 0.606 0.128 0.608 0.128 0.608 0.12
7 0.661 0.145 0.022 0.014 0.656 0.138 0.654 0.14 0.652 0.14 0.652 0.142 0.65 0.144 0.654 0.148 0.656 0.148 0.658 0.15 0.666 0.15 0.67 0.146 0.67 0.142 0.668 0.142 0.666 0.14 0.664 0.14 0.662 0.138
7 0.692 0.176 0.008 0.012 0.688 0.17 0.688 0.178 0.69 0.18 0.692 0.18 0.692 0.178 0.694 0.176 0.694 0.17
7 0.553 0.218 0.01 0.012 0.552 0.212 0.55 0.214 0.548 0.214 0.548 0.218 0.55 0.22 0.552 0.22 0.554 0.222 0.556 0.22 0.556 0.214 0.554 0.214
7 0.391 0.88 0.01 0.012 0.388 0.874 0.386 0.876 0.386 0.882 0.388 0.884 0.392 0.884 0.394 0.882 0.394 0.876 0.392 0.874
7 0.361 0.839 0.026 0.026 0.354 0.826 0.35 0.83 0.35 0.832 0.348 0.834 0.348 0.838 0.35 0.84 0.35 0.842 0.354 0.846 0.356 0.846 0.36 0.85 0.364 0.85 0.37 0.844 0.37 0.842 0.372 0.84 0.372 0.832 0.37 0.83 0.368 0.83 0.366 0.828 0.364 0.828 0.362 0.826
7 0.305 0.827 0.01 0.01 0.304 0.822 0.302 0.824 0.3 0.824 0.3 0.83 0.308 0.83 0.308 0.824 0.306 0.822
7 0.445 0.787 0.01 0.01 0.442 0.782 0.442 0.784 0.44 0.786 0.442 0.788 0.442 0.79 0.448 0.79 0.448 0.782
7 0.222 0.779 0.012 0.01 0.216 0.774 0.216 0.778 0.22 0.782 0.226 0.782 0.226 0.78 0.224 0.778 0.224 0.776 0.222 0.774
7 0.5 0.692 0.012 0.012 0.496 0.686 0.494 0.688 0.494 0.692 0.496 0.694 0.496 0.696 0.502 0.696 0.502 0.694 0.504 0.692 0.502 0.69 0.502 0.688 0.5 0.686
7 0.277 0.686 0.01 0.008 0.272 0.682 0.272 0.688 0.28 0.688 0.28 0.682
7 0.776 0.226 0.008 0.012 0.772 0.22 0.772 0.228 0.774 0.23 0.776 0.23 0.778 0.228 0.778 0.222 0.776 0.22
7 0.433 0.688 0.018 0.02 0.43 0.678 0.424 0.684 0.424 0.692 0.426 0.692 0.428 0.694 0.428 0.696 0.436 0.696 0.436 0.694 0.438 0.692 0.438 0.69 0.44 0.688 0.44 0.684 0.438 0.682 0.436 0.682 0.432 0.678
7 0.557 0.599 0.01 0.01 0.552 0.594 0.552 0.6 0.554 0.602 0.558 0.602 0.56 0.6 0.56 0.596 0.558 0.594
7 0.333 0.593 0.01 0.01 0.33 0.588 0.328 0.59 0.328 0.594 0.33 0.594 0.332 0.596 0.336 0.596 0.336 0.592 0.332 0.588
7 0.612 0.506 0.012 0.012 0.608 0.5 0.606 0.502 0.606 0.506 0.608 0.508 0.608 0.51 0.614 0.51 0.614 0.508 0.616 0.506 0.616 0.504 0.612 0.5
7 0.387 0.499 0.01 0.01 0.382 0.494 0.382 0.498 0.384 0.5 0.384 0.502 0.39 0.502 0.39 0.496 0.388 0.494
7 0.666 0.413 0.012 0.014 0.662 0.406 0.66 0.408 0.66 0.412 0.666 0.418 0.668 0.416 0.668 0.414 0.67 0.412 0.668 0.41 0.668 0.408 0.666 0.406
7 0.497 0.311 0.01 0.01 0.494 0.306 0.492 0.308 0.492 0.312 0.494 0.314 0.5 0.314 0.5 0.308 0.498 0.306
7 0.553 0.336 0.034 0.032 0.546 0.32 0.54 0.326 0.54 0.328 0.536 0.332 0.536 0.342 0.538 0.342 0.54 0.344 0.542 0.344 0.544 0.346 0.546 0.346 0.548 0.348 0.552 0.348 0.554 0.35 0.556 0.35 0.564 0.342 0.564 0.34 0.566 0.338 0.566 0.336 0.568 0.334 0.568 0.33 0.566 0.328 0.566 0.326 0.564 0.324 0.56 0.324 0.558 0.322 0.554 0.322 0.552 0.32
