7 0.564 0.371 0.012 0.014 0.56 0.364 0.558 0.366 0.558 0.374 0.56 0.376 0.564 0.376 0.568 0.372 0.566 0.37 0.566 0.366 0.564 0.366 0.562 0.364
7 0.562 0.405 0.012 0.014 0.558 0.398 0.558 0.4 0.556 0.402 0.556 0.404 0.558 0.406 0.558 0.408 0.56 0.41 0.564 0.41 0.564 0.408 0.566 0.406 0.566 0.4 0.564 0.398
7 0.991 0.199 0.018 0.022 0.992 0.188 0.992 0.19 0.99 0.192 0.986 0.192 0.986 0.194 0.984 0.196 0.984 0.2 0.982 0.202 0.982 0.204 0.986 0.208 0.988 0.206 0.998 0.206 0.998 0.188
4 0.993 0.231 0.014 0.034 0.988 0.214 0.986 0.216 0.986 0.238 0.988 0.24 0.988 0.244 0.99 0.244 0.992 0.246 0.998 0.246 0.998 0.214
6 0.524 0.017 0.084 0.034 0.482 0.0 0.482 0.004 0.484 0.006 0.484 0.014 0.486 0.016 0.486 0.026 0.488 0.028 0.488 0.032 0.506 0.032 0.508 0.03 0.544 0.03 0.546 0.028 0.564 0.028 0.564 0.0
4 0.983 0.286 0.014 0.016 0.976 0.278 0.976 0.282 0.978 0.284 0.978 0.29 0.982 0.29 0.984 0.292 0.988 0.292 0.988 0.288 0.986 0.286 0.986 0.28 0.982 0.28 0.98 0.278
7 0.995 0.322 0.01 0.024 0.998 0.31 0.996 0.312 0.992 0.312 0.99 0.314 0.99 0.316 0.992 0.318 0.992 0.326 0.994 0.328 0.994 0.332 0.996 0.33 0.998 0.33
1 0.967 0.364 0.062 0.108 0.944 0.31 0.942 0.312 0.936 0.312 0.936 0.318 0.938 0.32 0.938 0.336 0.94 0.338 0.94 0.354 0.942 0.356 0.942 0.37 0.944 0.372 0.944 0.388 0.946 0.39 0.946 0.406 0.948 0.408 0.948 0.416 0.958 0.416 0.96 0.414 0.984 0.414 0.986 0.412 0.996 0.412 0.996 0.35 0.99 0.35 0.988 0.348 0.982 0.348 0.98 0.346 0.98 0.344 0.978 0.342 0.978 0.338 0.976 0.336 0.976 0.332 0.974 0.33 0.974 0.328 0.958 0.328 0.954 0.324 0.954 0.32 0.952 0.318 0.952 0.314 0.95 0.312 0.95 0.31
4 0.428 0.555 0.024 0.026 0.43 0.542 0.428 0.544 0.422 0.544 0.42 0.546 0.418 0.546 0.416 0.548 0.416 0.56 0.418 0.562 0.418 0.564 0.42 0.566 0.434 0.566 0.436 0.564 0.436 0.562 0.438 0.56 0.438 0.544 0.436 0.544 0.434 0.542
4 0.579 0.49 0.03 0.028 0.578 0.476 0.576 0.478 0.568 0.478 0.564 0.482 0.564 0.488 0.566 0.49 0.566 0.498 0.568 0.5 0.568 0.502 0.582 0.502 0.584 0.5 0.588 0.5 0.59 0.498 0.592 0.498 0.592 0.484 0.59 0.482 0.59 0.48 0.588 0.478 0.586 0.478 0.584 0.476
4 0.412 0.458 0.024 0.024 0.408 0.446 0.406 0.448 0.402 0.448 0.402 0.45 0.4 0.452 0.4 0.466 0.402 0.468 0.418 0.468 0.422 0.464 0.422 0.452 0.42 0.45 0.42 0.448 0.418 0.446
