4 0.403 0.609 0.01 0.01 0.398 0.604 0.398 0.612 0.404 0.612 0.406 0.61 0.406 0.606 0.404 0.604
7 0.113 0.581 0.018 0.014 0.106 0.574 0.104 0.576 0.104 0.578 0.112 0.586 0.12 0.586 0.12 0.578 0.118 0.576 0.114 0.576 0.112 0.574
4 0.693 0.739 0.018 0.018 0.686 0.73 0.684 0.732 0.686 0.734 0.686 0.74 0.688 0.742 0.688 0.746 0.698 0.746 0.7 0.744 0.7 0.732 0.698 0.73
4 0.149 0.656 0.018 0.02 0.144 0.646 0.142 0.648 0.142 0.656 0.14 0.658 0.14 0.66 0.142 0.662 0.142 0.664 0.154 0.664 0.156 0.662 0.156 0.648 0.154 0.648 0.152 0.646
4 0.097 0.654 0.018 0.02 0.09 0.644 0.088 0.646 0.088 0.66 0.09 0.662 0.1 0.662 0.104 0.658 0.104 0.648 0.102 0.646 0.102 0.644
4 0.066 0.544 0.016 0.016 0.058 0.536 0.058 0.548 0.06 0.548 0.062 0.55 0.068 0.55 0.072 0.546 0.072 0.54 0.07 0.538 0.07 0.536
4 0.398 0.737 0.012 0.01 0.394 0.732 0.394 0.734 0.392 0.736 0.394 0.738 0.394 0.74 0.4 0.74 0.4 0.738 0.402 0.736 0.402 0.734 0.4 0.732
5 0.697 0.658 0.01 0.008 0.692 0.654 0.692 0.66 0.7 0.66 0.7 0.654
4 0.661 0.64 0.01 0.012 0.656 0.634 0.656 0.644 0.664 0.644 0.664 0.634
5 0.209 0.632 0.018 0.016 0.21 0.624 0.208 0.626 0.204 0.626 0.2 0.63 0.2 0.634 0.204 0.638 0.212 0.638 0.216 0.634 0.216 0.628 0.212 0.624
7 0.2 0.605 0.04 0.038 0.182 0.586 0.18 0.588 0.18 0.594 0.182 0.596 0.182 0.606 0.184 0.608 0.184 0.614 0.19 0.62 0.198 0.62 0.2 0.622 0.214 0.622 0.216 0.62 0.216 0.602 0.218 0.6 0.218 0.588 0.216 0.586
