4 0.494 0.94 0.02 0.024 0.49 0.928 0.488 0.93 0.486 0.93 0.484 0.932 0.484 0.946 0.486 0.948 0.486 0.95 0.494 0.95 0.496 0.948 0.498 0.948 0.5 0.946 0.502 0.946 0.502 0.932 0.5 0.93 0.496 0.93 0.494 0.928
4 0.5 0.818 0.02 0.02 0.492 0.808 0.49 0.81 0.49 0.818 0.492 0.82 0.492 0.822 0.494 0.824 0.496 0.824 0.498 0.826 0.502 0.826 0.506 0.822 0.506 0.818 0.508 0.816 0.508 0.81 0.506 0.808
4 0.576 0.521 0.024 0.018 0.564 0.512 0.564 0.526 0.566 0.528 0.584 0.528 0.584 0.526 0.586 0.524 0.586 0.518 0.582 0.514 0.576 0.514 0.574 0.512
4 0.459 0.52 0.03 0.02 0.446 0.51 0.444 0.512 0.444 0.524 0.446 0.526 0.446 0.528 0.466 0.528 0.468 0.526 0.47 0.526 0.47 0.518 0.472 0.516 0.472 0.514 0.468 0.51
4 0.587 0.328 0.022 0.016 0.576 0.32 0.576 0.334 0.594 0.334 0.594 0.332 0.596 0.33 0.596 0.322 0.594 0.32
4 0.469 0.321 0.026 0.018 0.46 0.312 0.456 0.316 0.456 0.324 0.458 0.326 0.468 0.326 0.47 0.328 0.474 0.328 0.476 0.326 0.478 0.326 0.478 0.324 0.48 0.322 0.48 0.318 0.478 0.316 0.478 0.312
3 0.357 0.878 0.106 0.184 0.314 0.786 0.312 0.788 0.312 0.79 0.31 0.792 0.31 0.81 0.308 0.812 0.308 0.884 0.306 0.886 0.306 0.928 0.304 0.93 0.304 0.948 0.306 0.95 0.306 0.954 0.308 0.956 0.308 0.958 0.31 0.96 0.31 0.964 0.314 0.968 0.324 0.958 0.324 0.956 0.33 0.95 0.33 0.948 0.332 0.946 0.334 0.946 0.342 0.938 0.344 0.938 0.38 0.902 0.382 0.902 0.402 0.882 0.404 0.882 0.406 0.88 0.406 0.878 0.408 0.876 0.406 0.874 0.406 0.872 0.402 0.868 0.402 0.866 0.378 0.842 0.378 0.84 0.376 0.84 0.37 0.834 0.37 0.832 0.354 0.816 0.352 0.816 0.346 0.81 0.344 0.81 0.338 0.804 0.336 0.804 0.332 0.8 0.33 0.8 0.326 0.796 0.324 0.796
3 0.432 0.418 0.08 0.144 0.398 0.346 0.398 0.35 0.396 0.352 0.396 0.42 0.394 0.422 0.394 0.44 0.392 0.442 0.394 0.444 0.394 0.446 0.392 0.448 0.392 0.486 0.394 0.488 0.398 0.488 0.402 0.484 0.404 0.484 0.432 0.456 0.434 0.456 0.436 0.454 0.438 0.454 0.46 0.432 0.462 0.432 0.47 0.424 0.47 0.422 0.468 0.42 0.468 0.418 0.466 0.416 0.466 0.414 0.462 0.41 0.462 0.408 0.456 0.402 0.456 0.4 0.41 0.354 0.41 0.352 0.408 0.352 0.406 0.35 0.404 0.35 0.402 0.348 0.402 0.346
5 0.407 0.991 0.022 0.018 0.396 0.982 0.396 0.996 0.398 0.998 0.414 0.998 0.414 0.992 0.416 0.99 0.416 0.988 0.414 0.986 0.414 0.984 0.41 0.984 0.408 0.982
5 0.548 0.571 0.012 0.018 0.544 0.562 0.542 0.564 0.542 0.578 0.552 0.578 0.552 0.564 0.55 0.562
5 0.637 0.338 0.018 0.016 0.63 0.33 0.628 0.332 0.628 0.34 0.63 0.342 0.638 0.342 0.64 0.344 0.642 0.344 0.644 0.342 0.644 0.332 0.642 0.332 0.64 0.33
7 0.55 0.293 0.012 0.01 0.546 0.288 0.544 0.29 0.544 0.294 0.546 0.296 0.55 0.296 0.552 0.294 0.554 0.294 0.554 0.29 0.552 0.29 0.55 0.288
6 0.578 0.817 0.056 0.134 0.556 0.75 0.554 0.752 0.554 0.788 0.552 0.79 0.552 0.872 0.55 0.874 0.55 0.878 0.552 0.88 0.552 0.882 0.57 0.882 0.572 0.88 0.578 0.88 0.578 0.878 0.58 0.876 0.594 0.876 0.598 0.872 0.598 0.868 0.6 0.866 0.6 0.842 0.602 0.84 0.602 0.808 0.604 0.806 0.604 0.756 0.602 0.756 0.6 0.754 0.586 0.754 0.584 0.756 0.58 0.756 0.578 0.754 0.572 0.754 0.57 0.752 0.566 0.752 0.564 0.75
6 0.685 0.342 0.062 0.132 0.662 0.276 0.66 0.278 0.66 0.3 0.658 0.302 0.66 0.304 0.66 0.306 0.658 0.308 0.658 0.342 0.656 0.344 0.656 0.374 0.654 0.376 0.656 0.378 0.656 0.39 0.654 0.392 0.656 0.394 0.656 0.4 0.658 0.4 0.66 0.402 0.674 0.402 0.676 0.404 0.684 0.404 0.686 0.406 0.708 0.406 0.71 0.404 0.71 0.4 0.712 0.398 0.712 0.322 0.714 0.32 0.714 0.278 0.712 0.278 0.71 0.276 0.684 0.276 0.682 0.278 0.68 0.278 0.678 0.276 0.672 0.276 0.67 0.278 0.668 0.278 0.666 0.276
5 0.409 0.757 0.026 0.03 0.396 0.742 0.396 0.76 0.398 0.762 0.404 0.762 0.406 0.764 0.408 0.764 0.412 0.768 0.414 0.768 0.416 0.77 0.418 0.77 0.42 0.768 0.42 0.756 0.418 0.754 0.418 0.746 0.416 0.744 0.41 0.744 0.408 0.742
