4 0.215 0.091 0.018 0.018 0.21 0.082 0.208 0.084 0.208 0.086 0.206 0.088 0.206 0.092 0.212 0.098 0.216 0.098 0.218 0.096 0.22 0.096 0.222 0.094 0.222 0.084 0.22 0.082
4 0.752 0.28 0.02 0.02 0.748 0.27 0.746 0.272 0.744 0.272 0.744 0.274 0.742 0.276 0.742 0.28 0.75 0.288 0.754 0.288 0.758 0.284 0.758 0.282 0.76 0.28 0.76 0.278 0.758 0.276 0.758 0.274 0.754 0.27
5 0.154 0.106 0.028 0.028 0.15 0.092 0.148 0.094 0.146 0.094 0.144 0.096 0.142 0.096 0.142 0.098 0.14 0.1 0.14 0.102 0.142 0.104 0.142 0.106 0.144 0.108 0.144 0.11 0.15 0.116 0.152 0.116 0.154 0.118 0.156 0.118 0.162 0.112 0.164 0.112 0.164 0.11 0.166 0.108 0.166 0.106 0.164 0.104 0.164 0.102 0.154 0.092
5 0.235 0.195 0.026 0.026 0.232 0.182 0.228 0.186 0.226 0.186 0.222 0.19 0.222 0.196 0.232 0.206 0.236 0.206 0.24 0.202 0.242 0.202 0.246 0.198 0.246 0.194 0.244 0.192 0.244 0.19 0.242 0.188 0.242 0.186 0.24 0.184 0.238 0.184 0.236 0.182
5 0.991 0.107 0.018 0.026 0.986 0.094 0.984 0.096 0.984 0.098 0.982 0.1 0.982 0.102 0.984 0.104 0.984 0.108 0.994 0.118 0.998 0.118 0.998 0.1 0.996 0.098 0.996 0.096 0.994 0.094
1 0.468 0.535 0.244 0.274 0.4 0.398 0.376 0.422 0.374 0.422 0.368 0.428 0.366 0.428 0.366 0.43 0.364 0.432 0.362 0.432 0.356 0.438 0.356 0.44 0.35 0.446 0.348 0.446 0.346 0.448 0.346 0.454 0.356 0.464 0.356 0.466 0.366 0.476 0.366 0.478 0.372 0.484 0.372 0.486 0.378 0.492 0.378 0.494 0.39 0.506 0.39 0.508 0.398 0.516 0.4 0.516 0.414 0.53 0.414 0.532 0.42 0.538 0.42 0.54 0.424 0.544 0.424 0.546 0.428 0.55 0.428 0.552 0.432 0.556 0.432 0.558 0.444 0.57 0.444 0.572 0.448 0.576 0.448 0.578 0.452 0.582 0.452 0.584 0.462 0.594 0.462 0.596 0.464 0.598 0.464 0.6 0.468 0.604 0.468 0.606 0.492 0.63 0.492 0.632 0.528 0.668 0.53 0.668 0.532 0.67 0.536 0.67 0.538 0.668 0.54 0.668 0.54 0.666 0.548 0.658 0.548 0.656 0.556 0.648 0.558 0.648 0.58 0.626 0.58 0.624 0.584 0.62 0.584 0.618 0.588 0.614 0.588 0.61 0.584 0.606 0.584 0.604 0.574 0.594 0.574 0.592 0.57 0.588 0.57 0.586 0.568 0.584 0.566 0.584 0.56 0.578 0.56 0.576 0.556 0.572 0.556 0.57 0.552 0.566 0.552 0.564 0.55 0.562 0.548 0.562 0.546 0.56 0.546 0.558 0.542 0.554 0.542 0.552 0.534 0.544 0.534 0.542 0.528 0.536 0.528 0.534 0.524 0.53 0.522 0.53 0.52 0.528 0.52 0.526 0.518 0.526 0.51 0.518 0.51 0.516 0.492 0.498 0.492 0.496 0.48 0.484 0.48 0.482 0.468 0.47 0.468 0.468 0.452 0.452 0.452 0.45 0.428 0.426 0.428 0.424 0.416 0.412 0.416 0.41 0.404 0.398
0 0.264 0.298 0.06 0.056 0.254 0.27 0.244 0.28 0.242 0.28 0.234 0.288 0.27 0.324 0.274 0.32 0.276 0.32 0.28 0.316 0.282 0.316 0.286 0.312 0.288 0.312 0.292 0.308
5 0.094 0.533 0.02 0.022 0.094 0.524 0.084 0.534 0.088 0.538 0.09 0.538 0.094 0.542 0.098 0.538 0.098 0.536 0.102 0.532 0.102 0.53 0.096 0.524
4 0.708 0.229 0.02 0.022 0.706 0.218 0.704 0.22 0.702 0.22 0.698 0.224 0.698 0.23 0.7 0.232 0.7 0.234 0.704 0.238 0.712 0.238 0.712 0.236 0.714 0.234 0.714 0.232 0.716 0.23 0.716 0.226 0.714 0.224 0.714 0.222 0.712 0.22 0.71 0.22 0.708 0.218
4 0.275 0.158 0.018 0.02 0.274 0.148 0.272 0.15 0.27 0.15 0.268 0.152 0.266 0.152 0.266 0.16 0.268 0.162 0.268 0.164 0.27 0.166 0.278 0.166 0.282 0.162 0.282 0.154 0.276 0.148
7 0.796 0.077 0.032 0.03 0.794 0.062 0.79 0.066 0.788 0.066 0.784 0.07 0.782 0.07 0.78 0.072 0.78 0.078 0.784 0.082 0.784 0.084 0.79 0.09 0.796 0.09 0.798 0.088 0.8 0.088 0.806 0.082 0.808 0.082 0.81 0.08 0.81 0.078 0.808 0.076 0.808 0.074 0.798 0.064 0.798 0.062
4 0.168 0.038 0.016 0.016 0.166 0.03 0.164 0.032 0.162 0.032 0.162 0.034 0.16 0.036 0.16 0.038 0.166 0.044 0.17 0.044 0.174 0.04 0.174 0.034 0.17 0.03
3 0.185 0.232 0.15 0.156 0.174 0.154 0.172 0.156 0.172 0.158 0.162 0.168 0.16 0.168 0.16 0.17 0.156 0.174 0.154 0.174 0.148 0.18 0.146 0.18 0.138 0.188 0.136 0.188 0.122 0.202 0.12 0.202 0.11 0.212 0.11 0.22 0.112 0.22 0.128 0.236 0.13 0.236 0.136 0.242 0.136 0.244 0.14 0.248 0.14 0.25 0.148 0.258 0.148 0.26 0.152 0.264 0.152 0.266 0.158 0.272 0.158 0.274 0.164 0.28 0.164 0.282 0.17 0.288 0.17 0.29 0.188 0.308 0.192 0.308 0.196 0.304 0.198 0.304 0.202 0.3 0.204 0.3 0.216 0.288 0.218 0.288 0.234 0.272 0.236 0.272 0.258 0.25 0.258 0.248 0.256 0.246 0.256 0.244 0.248 0.236 0.248 0.234 0.244 0.23 0.244 0.228 0.23 0.214 0.228 0.214 0.226 0.212 0.226 0.21 0.222 0.206 0.222 0.204 0.204 0.186 0.204 0.184 0.182 0.162 0.182 0.16 0.176 0.154
3 0.741 0.131 0.086 0.086 0.74 0.088 0.724 0.104 0.722 0.104 0.698 0.128 0.698 0.132 0.7 0.134 0.7 0.136 0.704 0.14 0.704 0.142 0.712 0.15 0.712 0.152 0.72 0.16 0.72 0.162 0.73 0.172 0.736 0.172 0.744 0.164 0.746 0.164 0.752 0.158 0.754 0.158 0.764 0.148 0.766 0.148 0.782 0.132 0.782 0.13 0.778 0.126 0.778 0.124 0.774 0.12 0.774 0.118 0.764 0.108 0.764 0.106 0.756 0.098 0.756 0.096 0.754 0.096 0.752 0.094 0.752 0.092 0.748 0.088
