4 0.008 0.521 0.016 0.018 0.002 0.512 0.0 0.514 0.0 0.526 0.002 0.528 0.01 0.528 0.014 0.524 0.014 0.52 0.012 0.518 0.012 0.516 0.008 0.512
3 0.479 0.151 0.122 0.106 0.504 0.098 0.502 0.1 0.5 0.1 0.498 0.102 0.496 0.102 0.494 0.104 0.492 0.104 0.49 0.106 0.488 0.106 0.486 0.108 0.482 0.108 0.48 0.11 0.478 0.11 0.476 0.112 0.474 0.112 0.472 0.114 0.47 0.114 0.468 0.116 0.466 0.116 0.464 0.118 0.462 0.118 0.46 0.12 0.458 0.12 0.456 0.122 0.454 0.122 0.452 0.124 0.45 0.124 0.448 0.126 0.446 0.126 0.444 0.128 0.442 0.128 0.44 0.13 0.436 0.13 0.434 0.132 0.432 0.132 0.43 0.134 0.428 0.134 0.426 0.136 0.424 0.136 0.422 0.138 0.42 0.138 0.418 0.14 0.42 0.142 0.42 0.144 0.424 0.148 0.424 0.15 0.426 0.152 0.426 0.154 0.428 0.156 0.428 0.158 0.43 0.16 0.43 0.162 0.434 0.166 0.434 0.168 0.436 0.17 0.436 0.172 0.438 0.174 0.438 0.176 0.442 0.18 0.442 0.182 0.444 0.184 0.444 0.186 0.446 0.188 0.446 0.19 0.448 0.192 0.448 0.194 0.452 0.198 0.452 0.2 0.454 0.202 0.458 0.198 0.46 0.198 0.462 0.196 0.464 0.196 0.468 0.192 0.47 0.192 0.472 0.19 0.474 0.19 0.478 0.186 0.48 0.186 0.482 0.184 0.484 0.184 0.488 0.18 0.49 0.18 0.492 0.178 0.494 0.178 0.496 0.176 0.496 0.174 0.494 0.172 0.494 0.162 0.5 0.156 0.51 0.156 0.516 0.162 0.516 0.164 0.518 0.162 0.52 0.162 0.522 0.16 0.524 0.16 0.528 0.156 0.53 0.156 0.532 0.154 0.534 0.154 0.538 0.15 0.534 0.146 0.534 0.144 0.532 0.142 0.532 0.14 0.528 0.136 0.528 0.134 0.524 0.13 0.524 0.128 0.52 0.124 0.52 0.122 0.518 0.12 0.518 0.118 0.514 0.114 0.514 0.112 0.51 0.108 0.51 0.106 0.508 0.104 0.508 0.102
3 0.633 0.127 0.114 0.142 0.62 0.056 0.618 0.058 0.616 0.058 0.612 0.062 0.61 0.062 0.606 0.066 0.604 0.066 0.6 0.07 0.598 0.07 0.594 0.074 0.592 0.074 0.59 0.076 0.59 0.078 0.588 0.08 0.588 0.108 0.586 0.11 0.586 0.116 0.584 0.118 0.584 0.124 0.582 0.126 0.582 0.134 0.58 0.136 0.58 0.142 0.578 0.144 0.578 0.15 0.576 0.152 0.576 0.16 0.578 0.162 0.586 0.162 0.588 0.164 0.59 0.164 0.596 0.17 0.598 0.17 0.6 0.172 0.602 0.172 0.604 0.174 0.608 0.174 0.612 0.178 0.614 0.178 0.618 0.182 0.62 0.182 0.622 0.184 0.626 0.184 0.628 0.186 0.63 0.186 0.634 0.19 0.638 0.19 0.64 0.192 0.642 0.192 0.644 0.194 0.648 0.194 0.65 0.196 0.652 0.194 0.654 0.194 0.66 0.188 0.66 0.186 0.662 0.184 0.662 0.182 0.674 0.17 0.676 0.17 0.678 0.168 0.68 0.168 0.688 0.16 0.686 0.158 0.686 0.156 0.672 0.142 0.672 0.14 0.666 0.134 0.664 0.134 0.654 0.124 0.654 0.122 0.65 0.118 0.65 0.11 0.648 0.108 0.648 0.106 0.646 0.104 0.646 0.102 0.64 0.096 0.64 0.086 0.638 0.084 0.638 0.082 0.636 0.08 0.636 0.078 0.634 0.076 0.634 0.074 0.632 0.072 0.632 0.07 0.626 0.064 0.626 0.062 0.624 0.06 0.624 0.058 0.622 0.056
3 0.538 0.256 0.084 0.076 0.544 0.218 0.542 0.22 0.54 0.22 0.538 0.222 0.536 0.222 0.534 0.224 0.532 0.224 0.53 0.226 0.528 0.226 0.524 0.23 0.52 0.23 0.518 0.232 0.516 0.232 0.514 0.234 0.51 0.234 0.508 0.236 0.506 0.236 0.504 0.238 0.498 0.238 0.496 0.24 0.496 0.244 0.5 0.248 0.5 0.25 0.504 0.254 0.504 0.256 0.506 0.258 0.506 0.26 0.508 0.262 0.508 0.264 0.514 0.27 0.514 0.272 0.516 0.274 0.516 0.276 0.52 0.28 0.52 0.282 0.524 0.286 0.524 0.288 0.528 0.292 0.536 0.292 0.538 0.29 0.54 0.29 0.544 0.286 0.546 0.286 0.55 0.282 0.552 0.282 0.556 0.278 0.558 0.278 0.562 0.274 0.564 0.274 0.566 0.272 0.568 0.272 0.574 0.266 0.576 0.266 0.578 0.264 0.578 0.258 0.576 0.256 0.576 0.254 0.572 0.25 0.572 0.248 0.57 0.246 0.57 0.244 0.566 0.24 0.566 0.238 0.562 0.234 0.562 0.232 0.558 0.228 0.558 0.226 0.556 0.224 0.556 0.222 0.552 0.218
4 0.546 0.209 0.02 0.018 0.542 0.2 0.54 0.202 0.538 0.202 0.536 0.204 0.536 0.212 0.54 0.216 0.554 0.216 0.554 0.21 0.552 0.208 0.552 0.206 0.55 0.204 0.55 0.202 0.548 0.2
4 0.5 0.287 0.024 0.026 0.496 0.274 0.494 0.276 0.49 0.276 0.488 0.278 0.488 0.284 0.49 0.286 0.49 0.288 0.494 0.292 0.494 0.294 0.498 0.298 0.5 0.296 0.502 0.296 0.504 0.294 0.506 0.294 0.51 0.29 0.51 0.284 0.508 0.282 0.508 0.28 0.502 0.274
4 0.093 0.471 0.018 0.018 0.09 0.462 0.088 0.464 0.086 0.464 0.084 0.466 0.084 0.474 0.088 0.478 0.098 0.478 0.1 0.476 0.1 0.47 0.098 0.468 0.098 0.466 0.096 0.464 0.094 0.464 0.092 0.462
6 0.066 0.572 0.132 0.132 0.098 0.506 0.096 0.508 0.094 0.508 0.09 0.512 0.088 0.512 0.086 0.514 0.084 0.514 0.08 0.518 0.078 0.518 0.074 0.522 0.072 0.522 0.068 0.526 0.066 0.526 0.064 0.528 0.062 0.528 0.058 0.532 0.056 0.532 0.05 0.538 0.048 0.538 0.044 0.542 0.042 0.542 0.038 0.546 0.036 0.546 0.032 0.55 0.03 0.55 0.024 0.556 0.022 0.556 0.018 0.56 0.016 0.56 0.014 0.562 0.012 0.562 0.01 0.564 0.008 0.564 0.004 0.568 0.002 0.568 0.0 0.57 0.0 0.596 0.002 0.598 0.002 0.602 0.004 0.604 0.004 0.616 0.006 0.618 0.006 0.622 0.008 0.624 0.008 0.626 0.012 0.63 0.012 0.632 0.014 0.634 0.014 0.636 0.022 0.636 0.022 0.634 0.024 0.632 0.026 0.632 0.028 0.63 0.03 0.63 0.032 0.628 0.034 0.628 0.04 0.622 0.04 0.62 0.042 0.618 0.042 0.616 0.044 0.614 0.044 0.612 0.05 0.606 0.052 0.606 0.056 0.602 0.058 0.602 0.06 0.6 0.062 0.6 0.064 0.598 0.066 0.598 0.068 0.596 0.07 0.596 0.074 0.592 0.076 0.592 0.078 0.59 0.08 0.59 0.082 0.588 0.084 0.588 0.088 0.584 0.09 0.584 0.092 0.582 0.094 0.582 0.098 0.578 0.1 0.578 0.102 0.576 0.104 0.576 0.106 0.574 0.108 0.574 0.112 0.57 0.116 0.57 0.12 0.566 0.122 0.566 0.124 0.564 0.126 0.564 0.13 0.56 0.13 0.554 0.128 0.552 0.128 0.548 0.126 0.546 0.126 0.544 0.124 0.542 0.124 0.54 0.12 0.536 0.12 0.534 0.116 0.53 0.116 0.528 0.112 0.524 0.112 0.522 0.11 0.52 0.11 0.518 0.108 0.516 0.108 0.514 0.104 0.51 0.104 0.508 0.102 0.506
4 0.012 0.382 0.024 0.032 0.004 0.366 0.0 0.37 0.0 0.378 0.002 0.38 0.002 0.382 0.006 0.386 0.006 0.39 0.012 0.396 0.018 0.396 0.022 0.392 0.022 0.384 0.02 0.382 0.02 0.38 0.016 0.376 0.016 0.374 0.014 0.372 0.014 0.37 0.01 0.366
4 0.039 0.503 0.018 0.018 0.036 0.494 0.034 0.496 0.032 0.496 0.03 0.498 0.03 0.502 0.032 0.504 0.032 0.506 0.034 0.508 0.034 0.51 0.044 0.51 0.044 0.508 0.046 0.506 0.046 0.504 0.044 0.502 0.044 0.498 0.042 0.496 0.04 0.496 0.038 0.494
7 0.7 0.492 0.02 0.02 0.7 0.482 0.698 0.484 0.696 0.484 0.694 0.486 0.692 0.486 0.692 0.488 0.69 0.49 0.69 0.492 0.692 0.494 0.692 0.496 0.696 0.5 0.702 0.5 0.708 0.494 0.708 0.488 0.706 0.486 0.706 0.484 0.704 0.484 0.702 0.482
7 0.517 0.181 0.018 0.014 0.52 0.174 0.518 0.176 0.516 0.176 0.514 0.178 0.51 0.178 0.508 0.18 0.508 0.186 0.516 0.186 0.518 0.184 0.52 0.184 0.524 0.18 0.524 0.176 0.522 0.176
7 0.541 0.194 0.018 0.016 0.544 0.186 0.542 0.188 0.54 0.188 0.538 0.19 0.536 0.19 0.532 0.194 0.532 0.198 0.534 0.2 0.538 0.2 0.54 0.198 0.542 0.198 0.546 0.194 0.548 0.194 0.548 0.188 0.546 0.186
7 0.528 0.21 0.012 0.012 0.522 0.204 0.522 0.21 0.526 0.214 0.532 0.214 0.532 0.206 0.53 0.206 0.528 0.204
7 0.012 0.47 0.016 0.02 0.006 0.46 0.004 0.462 0.004 0.47 0.006 0.472 0.006 0.474 0.01 0.478 0.014 0.478 0.016 0.476 0.016 0.474 0.018 0.472 0.018 0.466 0.016 0.464 0.016 0.462 0.014 0.462 0.012 0.46
7 0.72 0.969 0.02 0.022 0.724 0.958 0.722 0.96 0.718 0.96 0.712 0.966 0.712 0.968 0.71 0.97 0.712 0.972 0.712 0.976 0.714 0.976 0.716 0.978 0.724 0.978 0.726 0.976 0.726 0.974 0.728 0.972 0.728 0.96 0.726 0.96
5 0.505 0.167 0.022 0.022 0.5 0.158 0.496 0.162 0.496 0.172 0.5 0.176 0.508 0.176 0.514 0.17 0.514 0.162 0.51 0.158
