4 0.083 0.666 0.066 0.048 0.062 0.642 0.06 0.644 0.06 0.646 0.058 0.648 0.058 0.65 0.056 0.652 0.056 0.654 0.052 0.658 0.052 0.66 0.05 0.662 0.054 0.666 0.056 0.666 0.06 0.67 0.062 0.67 0.064 0.672 0.068 0.672 0.07 0.674 0.072 0.674 0.074 0.676 0.076 0.676 0.078 0.678 0.08 0.678 0.082 0.68 0.084 0.68 0.086 0.682 0.088 0.682 0.09 0.684 0.092 0.684 0.094 0.686 0.096 0.686 0.098 0.688 0.104 0.688 0.11 0.682 0.11 0.68 0.112 0.678 0.112 0.676 0.114 0.674 0.114 0.668 0.108 0.662 0.106 0.662 0.104 0.66 0.1 0.66 0.098 0.658 0.096 0.658 0.094 0.656 0.092 0.656 0.09 0.654 0.088 0.654 0.086 0.652 0.084 0.652 0.082 0.65 0.08 0.65 0.078 0.648 0.076 0.648 0.074 0.646 0.072 0.646 0.07 0.644 0.066 0.644 0.064 0.642
4 0.602 0.916 0.02 0.028 0.598 0.902 0.596 0.904 0.596 0.906 0.594 0.908 0.594 0.912 0.592 0.914 0.592 0.924 0.596 0.928 0.604 0.928 0.606 0.926 0.606 0.924 0.608 0.922 0.608 0.92 0.61 0.918 0.61 0.906 0.608 0.906 0.606 0.904 0.604 0.904 0.602 0.902
4 0.885 0.911 0.018 0.018 0.882 0.902 0.878 0.906 0.878 0.908 0.876 0.91 0.876 0.914 0.88 0.918 0.89 0.918 0.892 0.916 0.892 0.908 0.888 0.904 0.886 0.904 0.884 0.902
5 0.154 0.669 0.02 0.018 0.15 0.66 0.148 0.662 0.146 0.662 0.146 0.664 0.144 0.666 0.152 0.674 0.152 0.676 0.158 0.676 0.16 0.674 0.16 0.67 0.162 0.668 0.162 0.666 0.16 0.664 0.158 0.664 0.156 0.662 0.154 0.662 0.152 0.66
5 0.53 0.81 0.02 0.024 0.524 0.798 0.522 0.8 0.522 0.806 0.52 0.808 0.52 0.816 0.522 0.816 0.524 0.818 0.528 0.818 0.53 0.82 0.532 0.82 0.536 0.816 0.536 0.812 0.538 0.81 0.538 0.808 0.536 0.806 0.536 0.804 0.532 0.8 0.53 0.8 0.528 0.798
5 0.569 0.832 0.018 0.016 0.568 0.824 0.566 0.826 0.564 0.826 0.564 0.828 0.56 0.832 0.56 0.836 0.562 0.838 0.574 0.838 0.576 0.836 0.576 0.832 0.574 0.83 0.574 0.828 0.572 0.826 0.57 0.826
4 0.3 0.37 0.056 0.048 0.28 0.346 0.276 0.35 0.276 0.354 0.274 0.356 0.274 0.368 0.272 0.37 0.272 0.372 0.274 0.374 0.274 0.376 0.276 0.378 0.278 0.378 0.28 0.38 0.282 0.38 0.284 0.382 0.288 0.382 0.29 0.384 0.292 0.384 0.294 0.386 0.298 0.386 0.3 0.388 0.306 0.388 0.308 0.39 0.31 0.39 0.312 0.392 0.318 0.392 0.32 0.39 0.32 0.386 0.322 0.384 0.322 0.38 0.324 0.378 0.324 0.376 0.326 0.374 0.326 0.364 0.324 0.362 0.322 0.362 0.32 0.36 0.318 0.36 0.316 0.358 0.312 0.358 0.31 0.356 0.308 0.356 0.306 0.354 0.302 0.354 0.3 0.352 0.296 0.352 0.294 0.35 0.29 0.35 0.288 0.348 0.284 0.348 0.282 0.346
6 0.153 0.417 0.05 0.046 0.138 0.394 0.136 0.396 0.136 0.4 0.134 0.402 0.134 0.404 0.132 0.406 0.132 0.408 0.13 0.41 0.13 0.414 0.128 0.416 0.128 0.42 0.144 0.436 0.16 0.436 0.162 0.438 0.172 0.438 0.172 0.436 0.174 0.434 0.174 0.42 0.176 0.418 0.176 0.406 0.174 0.404 0.17 0.404 0.168 0.402 0.166 0.402 0.164 0.4 0.162 0.4 0.16 0.398 0.158 0.398 0.156 0.396 0.152 0.396 0.15 0.394
7 0.172 0.686 0.02 0.016 0.164 0.678 0.162 0.68 0.162 0.686 0.166 0.69 0.168 0.69 0.17 0.692 0.18 0.692 0.18 0.688 0.17 0.678
4 0.405 0.847 0.018 0.018 0.404 0.838 0.396 0.846 0.396 0.852 0.398 0.854 0.406 0.854 0.41 0.85 0.41 0.848 0.412 0.846 0.412 0.84 0.41 0.838
3 0.553 0.751 0.286 0.142 0.422 0.68 0.422 0.682 0.42 0.684 0.42 0.69 0.418 0.692 0.418 0.696 0.416 0.698 0.416 0.704 0.414 0.706 0.414 0.708 0.412 0.71 0.412 0.716 0.41 0.718 0.41 0.728 0.416 0.734 0.424 0.734 0.426 0.736 0.432 0.736 0.434 0.738 0.44 0.738 0.442 0.74 0.448 0.74 0.45 0.742 0.452 0.742 0.454 0.744 0.456 0.744 0.458 0.746 0.46 0.746 0.462 0.748 0.466 0.748 0.468 0.75 0.472 0.75 0.474 0.752 0.478 0.752 0.48 0.754 0.484 0.754 0.486 0.756 0.49 0.756 0.492 0.758 0.496 0.758 0.498 0.76 0.5 0.76 0.502 0.762 0.504 0.762 0.506 0.764 0.508 0.764 0.51 0.766 0.518 0.766 0.52 0.768 0.526 0.768 0.528 0.77 0.532 0.77 0.534 0.772 0.538 0.772 0.54 0.774 0.542 0.774 0.544 0.776 0.548 0.776 0.55 0.778 0.554 0.778 0.556 0.78 0.558 0.78 0.56 0.782 0.57 0.782 0.572 0.784 0.578 0.784 0.58 0.782 0.59 0.782 0.592 0.784 0.596 0.784 0.598 0.786 0.602 0.786 0.604 0.788 0.606 0.788 0.608 0.79 0.61 0.79 0.612 0.792 0.614 0.792 0.616 0.794 0.618 0.794 0.62 0.796 0.622 0.796 0.626 0.8 0.628 0.8 0.63 0.802 0.634 0.802 0.638 0.806 0.64 0.806 0.642 0.808 0.644 0.808 0.646 0.81 0.648 0.81 0.652 0.814 0.654 0.814 0.656 0.816 0.658 0.816 0.66 0.818 0.662 0.818 0.664 0.82 0.67 0.82 0.676 0.814 0.676 0.812 0.678 0.81 0.678 0.808 0.68 0.806 0.68 0.804 0.682 0.802 0.682 0.8 0.684 0.798 0.684 0.796 0.686 0.794 0.686 0.792 0.688 0.79 0.688 0.788 0.69 0.786 0.69 0.784 0.692 0.782 0.692 0.776 0.694 0.774 0.692 0.774 0.69 0.772 0.688 0.772 0.686 0.77 0.684 0.77 0.682 0.768 0.68 0.768 0.678 0.766 0.672 0.766 0.67 0.764 0.666 0.764 0.664 0.762 0.66 0.762 0.658 0.76 0.654 0.76 0.652 0.758 0.648 0.758 0.646 0.756 0.644 0.756 0.642 0.754 0.638 0.754 0.636 0.752 0.632 0.752 0.63 0.75 0.626 0.75 0.624 0.748 0.62 0.748 0.618 0.746 0.614 0.746 0.612 0.744 0.61 0.744 0.608 0.742 0.604 0.742 0.602 0.74 0.6 0.74 0.598 0.738 0.596 0.738 0.594 0.736 0.59 0.736 0.588 0.734 0.584 0.734 0.582 0.732 0.578 0.732 0.576 0.73 0.572 0.73 0.57 0.728 0.568 0.728 0.566 0.726 0.558 0.726 0.556 0.724 0.554 0.724 0.552 0.722 0.548 0.722 0.546 0.72 0.54 0.72 0.538 0.718 0.534 0.718 0.532 0.716 0.528 0.716 0.526 0.714 0.524 0.714 0.522 0.712 0.518 0.712 0.516 0.71 0.51 0.71 0.508 0.708 0.506 0.708 0.504 0.706 0.5 0.706 0.498 0.704 0.494 0.704 0.492 0.702 0.484 0.702 0.482 0.7 0.48 0.7 0.478 0.698 0.474 0.698 0.472 0.696 0.468 0.696 0.466 0.694 0.462 0.694 0.46 0.692 0.458 0.692 0.456 0.69 0.454 0.69 0.452 0.688 0.446 0.688 0.444 0.686 0.44 0.686 0.438 0.684 0.434 0.684 0.432 0.682 0.43 0.682 0.428 0.68
3 0.366 0.762 0.036 0.056 0.362 0.734 0.36 0.736 0.36 0.74 0.358 0.742 0.358 0.744 0.356 0.746 0.356 0.75 0.354 0.752 0.354 0.754 0.352 0.756 0.352 0.762 0.35 0.764 0.35 0.768 0.348 0.77 0.348 0.782 0.35 0.784 0.352 0.784 0.354 0.786 0.356 0.786 0.358 0.788 0.366 0.788 0.374 0.78 0.374 0.778 0.376 0.776 0.376 0.772 0.378 0.77 0.378 0.768 0.38 0.766 0.38 0.756 0.382 0.754 0.382 0.74 0.38 0.738 0.378 0.738 0.376 0.736 0.372 0.736 0.37 0.734
3 0.5 0.887 0.144 0.082 0.444 0.846 0.438 0.852 0.438 0.854 0.434 0.858 0.434 0.86 0.432 0.862 0.432 0.864 0.428 0.868 0.43 0.87 0.43 0.876 0.436 0.882 0.438 0.882 0.44 0.884 0.442 0.884 0.444 0.886 0.448 0.886 0.45 0.888 0.452 0.888 0.454 0.89 0.458 0.89 0.46 0.892 0.462 0.892 0.464 0.894 0.468 0.894 0.47 0.896 0.472 0.896 0.474 0.898 0.478 0.898 0.48 0.9 0.482 0.9 0.484 0.902 0.488 0.902 0.49 0.904 0.492 0.904 0.494 0.906 0.498 0.906 0.5 0.908 0.502 0.908 0.504 0.91 0.508 0.91 0.51 0.912 0.514 0.912 0.516 0.914 0.518 0.914 0.52 0.916 0.524 0.916 0.526 0.918 0.532 0.918 0.534 0.92 0.536 0.92 0.538 0.922 0.542 0.922 0.544 0.924 0.548 0.924 0.55 0.926 0.558 0.926 0.56 0.924 0.56 0.92 0.562 0.918 0.562 0.916 0.564 0.914 0.564 0.91 0.566 0.908 0.566 0.902 0.568 0.9 0.568 0.894 0.57 0.892 0.57 0.888 0.568 0.886 0.566 0.886 0.564 0.884 0.562 0.884 0.56 0.882 0.558 0.882 0.556 0.88 0.552 0.88 0.55 0.878 0.548 0.878 0.546 0.876 0.542 0.876 0.54 0.874 0.538 0.874 0.536 0.872 0.53 0.872 0.528 0.87 0.524 0.87 0.522 0.868 0.516 0.868 0.514 0.866 0.51 0.866 0.508 0.864 0.504 0.864 0.502 0.862 0.498 0.862 0.496 0.86 0.492 0.86 0.49 0.858 0.486 0.858 0.484 0.856 0.48 0.856 0.478 0.854 0.476 0.854 0.474 0.852 0.47 0.852 0.468 0.85 0.464 0.85 0.462 0.848 0.458 0.848 0.456 0.846
3 0.692 0.877 0.04 0.062 0.696 0.846 0.694 0.848 0.688 0.848 0.684 0.852 0.684 0.854 0.682 0.856 0.682 0.858 0.68 0.86 0.68 0.862 0.676 0.866 0.676 0.868 0.674 0.87 0.674 0.876 0.672 0.878 0.672 0.9 0.676 0.904 0.678 0.904 0.68 0.906 0.696 0.906 0.694 0.904 0.698 0.9 0.698 0.894 0.7 0.892 0.7 0.89 0.702 0.888 0.702 0.884 0.704 0.882 0.704 0.878 0.706 0.876 0.706 0.874 0.708 0.872 0.708 0.864 0.71 0.862 0.71 0.858 0.708 0.856 0.708 0.854 0.702 0.848 0.698 0.848
3 0.958 0.9 0.068 0.092 0.944 0.854 0.942 0.856 0.942 0.86 0.94 0.862 0.94 0.866 0.938 0.868 0.938 0.872 0.936 0.874 0.936 0.878 0.934 0.88 0.934 0.882 0.932 0.884 0.932 0.89 0.93 0.892 0.93 0.896 0.928 0.898 0.928 0.904 0.926 0.906 0.926 0.91 0.924 0.912 0.924 0.922 0.926 0.924 0.928 0.924 0.93 0.926 0.934 0.926 0.936 0.928 0.94 0.928 0.942 0.93 0.944 0.93 0.946 0.932 0.95 0.932 0.952 0.934 0.958 0.934 0.96 0.936 0.964 0.936 0.966 0.938 0.968 0.938 0.97 0.94 0.972 0.94 0.974 0.942 0.98 0.942 0.982 0.944 0.986 0.944 0.986 0.942 0.988 0.94 0.988 0.874 0.99 0.872 0.99 0.864 0.988 0.864 0.986 0.862 0.982 0.862 0.98 0.86 0.974 0.86 0.972 0.858 0.964 0.858 0.962 0.856 0.956 0.856 0.954 0.854
3 0.911 0.994 0.042 0.012 0.898 0.988 0.89 0.996 0.89 0.998 0.93 0.998 0.924 0.992 0.922 0.992 0.92 0.99 0.916 0.99 0.914 0.988
4 0.866 0.964 0.028 0.032 0.862 0.948 0.858 0.952 0.858 0.958 0.854 0.962 0.854 0.966 0.852 0.968 0.852 0.974 0.856 0.978 0.868 0.978 0.874 0.972 0.874 0.962 0.878 0.958 0.878 0.952 0.874 0.948
6 0.184 0.345 0.06 0.054 0.166 0.318 0.162 0.322 0.162 0.324 0.16 0.326 0.16 0.33 0.158 0.332 0.158 0.336 0.156 0.338 0.156 0.344 0.154 0.346 0.154 0.356 0.158 0.36 0.16 0.36 0.162 0.362 0.166 0.362 0.168 0.364 0.17 0.364 0.172 0.366 0.176 0.366 0.178 0.368 0.184 0.368 0.186 0.37 0.192 0.37 0.192 0.368 0.194 0.366 0.194 0.364 0.196 0.362 0.196 0.36 0.198 0.358 0.198 0.356 0.2 0.354 0.2 0.352 0.204 0.348 0.208 0.348 0.21 0.346 0.21 0.34 0.212 0.338 0.21 0.336 0.21 0.332 0.208 0.332 0.206 0.33 0.202 0.33 0.2 0.328 0.196 0.328 0.194 0.326 0.19 0.326 0.188 0.324 0.182 0.324 0.18 0.322 0.176 0.322 0.174 0.32 0.172 0.32 0.17 0.318
