7 0.576 0.866 0.012 0.012 0.576 0.86 0.574 0.862 0.572 0.862 0.57 0.864 0.57 0.868 0.572 0.87 0.578 0.87 0.58 0.868 0.58 0.862 0.578 0.862
4 0.552 0.996 0.016 0.008 0.55 0.992 0.544 0.998 0.558 0.998 0.556 0.996 0.556 0.994 0.554 0.992
7 0.229 0.385 0.018 0.018 0.228 0.376 0.226 0.378 0.224 0.378 0.22 0.382 0.22 0.384 0.222 0.386 0.222 0.388 0.224 0.39 0.226 0.39 0.228 0.392 0.236 0.384 0.236 0.378 0.234 0.376
3 0.45 0.858 0.068 0.084 0.438 0.816 0.436 0.818 0.432 0.818 0.428 0.822 0.426 0.822 0.424 0.824 0.422 0.824 0.416 0.83 0.416 0.832 0.418 0.834 0.418 0.836 0.42 0.838 0.42 0.84 0.424 0.844 0.424 0.846 0.426 0.848 0.426 0.85 0.43 0.854 0.43 0.856 0.432 0.858 0.432 0.86 0.434 0.862 0.434 0.864 0.438 0.868 0.438 0.87 0.442 0.874 0.442 0.876 0.446 0.88 0.446 0.882 0.448 0.884 0.448 0.886 0.452 0.89 0.452 0.892 0.456 0.896 0.456 0.898 0.464 0.898 0.468 0.894 0.47 0.894 0.476 0.888 0.478 0.888 0.482 0.884 0.482 0.876 0.48 0.874 0.48 0.87 0.476 0.866 0.476 0.864 0.474 0.862 0.474 0.86 0.47 0.856 0.47 0.854 0.468 0.852 0.468 0.85 0.464 0.846 0.464 0.844 0.46 0.84 0.46 0.838 0.456 0.834 0.456 0.832 0.452 0.828 0.452 0.826 0.45 0.824 0.45 0.822 0.444 0.816
3 0.669 0.978 0.098 0.044 0.678 0.956 0.676 0.958 0.674 0.958 0.672 0.96 0.67 0.96 0.668 0.962 0.666 0.962 0.664 0.964 0.662 0.964 0.66 0.966 0.658 0.966 0.656 0.968 0.654 0.968 0.65 0.972 0.648 0.972 0.644 0.976 0.642 0.976 0.64 0.978 0.638 0.978 0.636 0.98 0.634 0.98 0.632 0.982 0.63 0.982 0.628 0.984 0.624 0.984 0.624 0.986 0.62 0.99 0.622 0.992 0.622 0.998 0.716 0.998 0.714 0.996 0.714 0.994 0.712 0.992 0.712 0.99 0.708 0.986 0.708 0.984 0.704 0.98 0.704 0.978 0.7 0.974 0.7 0.972 0.694 0.966 0.694 0.964 0.688 0.958 0.686 0.958 0.684 0.956
4 0.1 0.038 0.028 0.028 0.1 0.024 0.098 0.026 0.096 0.026 0.094 0.028 0.092 0.028 0.09 0.03 0.088 0.03 0.088 0.032 0.086 0.034 0.086 0.036 0.088 0.038 0.088 0.042 0.09 0.044 0.09 0.046 0.094 0.05 0.102 0.05 0.104 0.048 0.106 0.048 0.112 0.042 0.112 0.038 0.11 0.036 0.11 0.034 0.108 0.032 0.108 0.03 0.102 0.024
4 0.158 0.128 0.028 0.028 0.158 0.114 0.156 0.116 0.154 0.116 0.148 0.122 0.146 0.122 0.144 0.124 0.144 0.128 0.148 0.132 0.148 0.134 0.152 0.138 0.154 0.138 0.156 0.14 0.158 0.138 0.16 0.138 0.162 0.136 0.164 0.136 0.17 0.13 0.17 0.124 0.168 0.122 0.168 0.12 0.166 0.118 0.166 0.116 0.164 0.114
4 0.025 0.201 0.034 0.03 0.022 0.186 0.02 0.188 0.018 0.188 0.012 0.194 0.01 0.194 0.01 0.196 0.008 0.198 0.008 0.204 0.01 0.206 0.01 0.21 0.014 0.214 0.022 0.214 0.024 0.212 0.026 0.212 0.028 0.21 0.03 0.21 0.032 0.208 0.034 0.208 0.04 0.202 0.04 0.194 0.038 0.192 0.038 0.19 0.036 0.188 0.034 0.188 0.032 0.186
4 0.175 0.402 0.022 0.02 0.176 0.392 0.174 0.394 0.172 0.394 0.17 0.396 0.166 0.396 0.164 0.398 0.164 0.408 0.166 0.41 0.176 0.41 0.184 0.402 0.184 0.392
4 0.433 0.494 0.058 0.088 0.412 0.45 0.41 0.452 0.408 0.452 0.404 0.456 0.404 0.462 0.406 0.464 0.406 0.47 0.408 0.472 0.408 0.476 0.41 0.478 0.41 0.48 0.412 0.482 0.412 0.486 0.414 0.488 0.414 0.49 0.416 0.492 0.416 0.494 0.42 0.498 0.42 0.5 0.424 0.504 0.424 0.506 0.432 0.514 0.434 0.514 0.436 0.516 0.436 0.52 0.438 0.522 0.438 0.524 0.44 0.526 0.44 0.528 0.444 0.532 0.444 0.534 0.446 0.536 0.452 0.536 0.454 0.534 0.456 0.534 0.46 0.53 0.46 0.52 0.458 0.518 0.458 0.516 0.452 0.51 0.452 0.508 0.45 0.506 0.45 0.502 0.448 0.5 0.448 0.498 0.446 0.496 0.446 0.494 0.444 0.492 0.444 0.49 0.438 0.484 0.438 0.482 0.434 0.478 0.434 0.476 0.428 0.47 0.428 0.468 0.424 0.464 0.424 0.462
7 0.388 0.542 0.028 0.02 0.38 0.532 0.374 0.538 0.374 0.54 0.382 0.548 0.384 0.548 0.386 0.55 0.398 0.55 0.4 0.548 0.4 0.538 0.398 0.538 0.394 0.534 0.39 0.534 0.388 0.532
7 0.404 0.58 0.016 0.016 0.402 0.572 0.4 0.574 0.398 0.574 0.398 0.576 0.396 0.578 0.396 0.58 0.398 0.582 0.398 0.584 0.4 0.586 0.406 0.586 0.41 0.582 0.41 0.574 0.408 0.572
5 0.259 0.423 0.022 0.03 0.252 0.408 0.248 0.412 0.248 0.414 0.25 0.416 0.25 0.426 0.252 0.428 0.252 0.432 0.256 0.436 0.26 0.436 0.262 0.434 0.262 0.432 0.268 0.426 0.268 0.42 0.266 0.418 0.266 0.416 0.258 0.408
5 0.593 0.947 0.026 0.026 0.586 0.934 0.584 0.936 0.582 0.936 0.582 0.938 0.58 0.94 0.58 0.946 0.582 0.948 0.582 0.95 0.59 0.958 0.596 0.958 0.602 0.952 0.602 0.948 0.604 0.946 0.602 0.944 0.602 0.942 0.6 0.94 0.6 0.938 0.596 0.934
4 0.45 0.527 0.024 0.026 0.45 0.514 0.448 0.516 0.444 0.516 0.442 0.518 0.44 0.518 0.438 0.52 0.438 0.524 0.44 0.526 0.44 0.528 0.444 0.532 0.444 0.534 0.446 0.536 0.448 0.536 0.45 0.538 0.452 0.536 0.454 0.536 0.46 0.53 0.46 0.522 0.458 0.52 0.458 0.518 0.454 0.514
3 0.569 0.793 0.126 0.134 0.572 0.726 0.568 0.73 0.566 0.73 0.562 0.734 0.56 0.734 0.556 0.738 0.554 0.738 0.552 0.74 0.55 0.74 0.546 0.744 0.544 0.744 0.54 0.748 0.538 0.748 0.534 0.752 0.532 0.752 0.528 0.756 0.526 0.756 0.522 0.76 0.52 0.76 0.518 0.762 0.516 0.762 0.512 0.766 0.51 0.766 0.506 0.77 0.51 0.774 0.51 0.776 0.514 0.78 0.514 0.782 0.52 0.788 0.52 0.79 0.524 0.794 0.524 0.796 0.528 0.8 0.528 0.802 0.532 0.806 0.532 0.808 0.538 0.814 0.538 0.816 0.542 0.82 0.542 0.822 0.546 0.826 0.546 0.828 0.55 0.832 0.55 0.834 0.554 0.838 0.554 0.84 0.56 0.846 0.56 0.848 0.564 0.852 0.564 0.854 0.568 0.858 0.576 0.85 0.578 0.85 0.584 0.844 0.586 0.844 0.594 0.836 0.596 0.836 0.602 0.83 0.604 0.83 0.612 0.822 0.614 0.822 0.62 0.816 0.622 0.816 0.63 0.808 0.626 0.804 0.626 0.802 0.622 0.798 0.622 0.796 0.616 0.79 0.616 0.788 0.612 0.784 0.612 0.782 0.608 0.778 0.608 0.776 0.604 0.772 0.604 0.77 0.598 0.764 0.598 0.762 0.594 0.758 0.594 0.756 0.59 0.752 0.59 0.75 0.586 0.746 0.586 0.744 0.58 0.738 0.58 0.736 0.576 0.732 0.576 0.73
3 0.629 0.959 0.058 0.058 0.634 0.93 0.624 0.94 0.622 0.94 0.612 0.95 0.61 0.95 0.6 0.96 0.602 0.962 0.602 0.964 0.606 0.968 0.606 0.97 0.608 0.972 0.608 0.974 0.61 0.976 0.61 0.978 0.614 0.982 0.614 0.984 0.616 0.986 0.624 0.978 0.626 0.978 0.636 0.968 0.638 0.968 0.646 0.96 0.648 0.96 0.656 0.952
4 0.227 0.49 0.03 0.032 0.222 0.474 0.22 0.476 0.218 0.476 0.212 0.482 0.212 0.486 0.214 0.488 0.214 0.492 0.22 0.498 0.22 0.5 0.224 0.504 0.228 0.504 0.24 0.492 0.24 0.486 0.238 0.484 0.238 0.482 0.232 0.476 0.232 0.474
5 0.623 0.845 0.038 0.034 0.628 0.828 0.616 0.84 0.614 0.84 0.606 0.848 0.606 0.852 0.604 0.854 0.604 0.858 0.606 0.86 0.616 0.86 0.618 0.858 0.62 0.858 0.63 0.848 0.632 0.848 0.636 0.844 0.636 0.842 0.64 0.838 0.64 0.836 0.638 0.834 0.638 0.832 0.634 0.828
4 0.495 0.589 0.042 0.046 0.484 0.566 0.478 0.572 0.476 0.572 0.474 0.574 0.474 0.58 0.478 0.584 0.478 0.586 0.48 0.588 0.48 0.59 0.484 0.594 0.484 0.596 0.486 0.598 0.486 0.6 0.492 0.606 0.492 0.608 0.494 0.608 0.496 0.61 0.498 0.608 0.5 0.608 0.502 0.606 0.504 0.606 0.506 0.604 0.508 0.604 0.51 0.602 0.512 0.602 0.514 0.6 0.514 0.596 0.512 0.594 0.512 0.592 0.508 0.588 0.508 0.586 0.502 0.58 0.502 0.578 0.498 0.574 0.498 0.572 0.496 0.57 0.496 0.568 0.494 0.566
4 0.284 0.601 0.02 0.026 0.28 0.588 0.278 0.59 0.276 0.59 0.276 0.6 0.274 0.602 0.274 0.612 0.276 0.61 0.278 0.61 0.28 0.608 0.282 0.608 0.286 0.604 0.288 0.604 0.292 0.6 0.292 0.598 0.288 0.594 0.288 0.592 0.284 0.588
4 0.305 0.639 0.026 0.026 0.306 0.626 0.304 0.628 0.302 0.628 0.298 0.632 0.296 0.632 0.292 0.636 0.292 0.642 0.294 0.644 0.294 0.646 0.298 0.65 0.304 0.65 0.306 0.648 0.308 0.648 0.316 0.64 0.316 0.634 0.314 0.632 0.314 0.63 0.312 0.628 0.312 0.626
5 0.509 0.814 0.022 0.02 0.508 0.804 0.504 0.808 0.502 0.808 0.502 0.81 0.498 0.814 0.498 0.818 0.5 0.82 0.502 0.82 0.504 0.822 0.514 0.822 0.518 0.818 0.518 0.81 0.516 0.808 0.514 0.808 0.51 0.804
4 0.6 0.89 0.02 0.02 0.592 0.88 0.592 0.882 0.59 0.884 0.592 0.886 0.592 0.888 0.602 0.898 0.604 0.898 0.606 0.896 0.608 0.896 0.608 0.89 0.604 0.886 0.604 0.884 0.6 0.88
4 0.516 0.966 0.028 0.024 0.512 0.954 0.508 0.958 0.506 0.958 0.504 0.96 0.504 0.962 0.502 0.964 0.504 0.966 0.504 0.968 0.506 0.97 0.506 0.972 0.508 0.974 0.51 0.974 0.512 0.976 0.514 0.976 0.516 0.974 0.518 0.974 0.522 0.97 0.524 0.97 0.528 0.966 0.528 0.962 0.52 0.954
7 0.506 0.838 0.012 0.02 0.5 0.828 0.5 0.836 0.502 0.838 0.502 0.84 0.504 0.842 0.504 0.844 0.506 0.846 0.51 0.846 0.51 0.832 0.508 0.83 0.508 0.828
5 0.213 0.351 0.022 0.018 0.208 0.342 0.206 0.344 0.204 0.344 0.204 0.346 0.202 0.348 0.204 0.35 0.204 0.352 0.206 0.354 0.206 0.356 0.208 0.358 0.212 0.358 0.222 0.348 0.22 0.346 0.22 0.342
7 0.538 0.791 0.012 0.014 0.534 0.784 0.532 0.786 0.532 0.794 0.534 0.796 0.54 0.796 0.542 0.794 0.542 0.786 0.54 0.784
