5 0.547 0.541 0.026 0.022 0.55 0.53 0.544 0.536 0.542 0.536 0.54 0.538 0.538 0.538 0.536 0.54 0.536 0.544 0.538 0.546 0.538 0.548 0.54 0.55 0.546 0.55 0.548 0.548 0.55 0.548 0.552 0.546 0.554 0.546 0.556 0.544 0.556 0.542 0.558 0.54 0.558 0.538 0.554 0.534 0.554 0.532 0.552 0.53
5 0.781 0.984 0.022 0.024 0.78 0.972 0.776 0.976 0.774 0.976 0.772 0.978 0.772 0.982 0.77 0.984 0.77 0.992 0.772 0.992 0.774 0.994 0.776 0.992 0.778 0.992 0.782 0.988 0.784 0.988 0.786 0.986 0.79 0.986 0.79 0.98 0.782 0.972
5 0.737 0.897 0.038 0.038 0.736 0.878 0.732 0.882 0.73 0.882 0.728 0.884 0.728 0.886 0.722 0.892 0.718 0.892 0.72 0.894 0.72 0.896 0.722 0.898 0.722 0.9 0.724 0.902 0.724 0.906 0.726 0.908 0.726 0.91 0.73 0.914 0.742 0.914 0.744 0.912 0.746 0.912 0.748 0.91 0.75 0.91 0.754 0.906 0.754 0.9 0.752 0.898 0.752 0.896 0.748 0.892 0.748 0.89 0.746 0.888 0.746 0.886 0.738 0.878
4 0.581 0.611 0.034 0.026 0.588 0.598 0.586 0.6 0.584 0.6 0.582 0.602 0.58 0.602 0.578 0.604 0.576 0.604 0.574 0.606 0.572 0.606 0.564 0.614 0.564 0.616 0.566 0.618 0.566 0.62 0.568 0.622 0.582 0.622 0.584 0.62 0.588 0.62 0.596 0.612 0.596 0.61 0.594 0.608 0.594 0.606 0.592 0.604 0.592 0.6 0.59 0.598
4 0.519 0.62 0.03 0.028 0.524 0.606 0.522 0.608 0.52 0.608 0.518 0.61 0.514 0.61 0.512 0.612 0.51 0.612 0.508 0.614 0.506 0.614 0.504 0.616 0.504 0.624 0.506 0.626 0.506 0.628 0.51 0.632 0.516 0.632 0.518 0.63 0.52 0.63 0.522 0.628 0.526 0.628 0.53 0.624 0.532 0.624 0.532 0.614 0.53 0.612 0.53 0.61 0.528 0.608 0.526 0.608
4 0.646 0.812 0.032 0.032 0.648 0.796 0.646 0.798 0.644 0.798 0.642 0.8 0.638 0.8 0.636 0.802 0.634 0.802 0.632 0.804 0.632 0.806 0.63 0.808 0.63 0.81 0.632 0.812 0.632 0.814 0.634 0.816 0.634 0.818 0.638 0.822 0.638 0.824 0.64 0.824 0.642 0.826 0.644 0.824 0.648 0.824 0.652 0.82 0.654 0.82 0.66 0.814 0.66 0.808 0.658 0.806 0.658 0.802 0.656 0.8 0.656 0.798 0.654 0.796
4 0.682 0.892 0.04 0.032 0.684 0.876 0.682 0.878 0.68 0.878 0.678 0.88 0.676 0.88 0.672 0.884 0.67 0.884 0.666 0.888 0.664 0.888 0.662 0.89 0.662 0.898 0.664 0.9 0.664 0.902 0.668 0.906 0.68 0.906 0.682 0.904 0.686 0.904 0.688 0.902 0.69 0.902 0.694 0.898 0.696 0.898 0.7 0.894 0.7 0.89 0.698 0.888 0.698 0.886 0.696 0.884 0.696 0.882 0.694 0.88 0.694 0.878 0.692 0.876
5 0.648 0.742 0.02 0.02 0.646 0.732 0.644 0.734 0.642 0.734 0.638 0.738 0.638 0.748 0.64 0.75 0.642 0.748 0.644 0.748 0.646 0.746 0.648 0.746 0.65 0.744 0.652 0.744 0.654 0.742 0.656 0.742 0.656 0.736 0.652 0.732
5 0.597 0.64 0.026 0.02 0.594 0.63 0.594 0.632 0.59 0.636 0.59 0.638 0.586 0.642 0.584 0.642 0.59 0.648 0.6 0.648 0.602 0.646 0.604 0.646 0.606 0.644 0.608 0.644 0.608 0.636 0.606 0.634 0.606 0.632 0.604 0.63
5 0.69 0.797 0.028 0.026 0.688 0.784 0.684 0.788 0.68 0.788 0.676 0.792 0.676 0.802 0.682 0.808 0.684 0.808 0.686 0.806 0.692 0.806 0.694 0.804 0.696 0.804 0.698 0.802 0.7 0.802 0.7 0.8 0.702 0.798 0.7 0.796 0.7 0.794 0.698 0.792 0.698 0.79 0.696 0.788 0.696 0.786 0.694 0.786 0.692 0.784
