5 0.761 0.469 0.022 0.014 0.756 0.462 0.752 0.466 0.752 0.468 0.75 0.47 0.754 0.474 0.76 0.474 0.762 0.472 0.764 0.472 0.766 0.47 0.768 0.47 0.77 0.468 0.768 0.466 0.768 0.464 0.766 0.462
3 0.037 0.669 0.074 0.126 0.034 0.606 0.032 0.608 0.02 0.608 0.018 0.61 0.008 0.61 0.006 0.612 0.0 0.612 0.0 0.73 0.006 0.73 0.008 0.728 0.016 0.728 0.018 0.726 0.028 0.726 0.03 0.724 0.036 0.724 0.038 0.722 0.048 0.722 0.05 0.72 0.054 0.72 0.056 0.718 0.064 0.718 0.068 0.714 0.068 0.712 0.072 0.708 0.072 0.702 0.07 0.7 0.07 0.696 0.068 0.694 0.068 0.69 0.066 0.688 0.066 0.676 0.064 0.674 0.064 0.668 0.062 0.666 0.062 0.66 0.06 0.658 0.06 0.648 0.058 0.646 0.058 0.61 0.056 0.608 0.052 0.608 0.05 0.606
5 0.319 0.551 0.022 0.018 0.318 0.542 0.316 0.544 0.31 0.544 0.308 0.546 0.308 0.55 0.31 0.552 0.31 0.554 0.312 0.554 0.314 0.556 0.314 0.558 0.314 0.556 0.316 0.554 0.318 0.554 0.32 0.552 0.322 0.552 0.324 0.55 0.326 0.55 0.328 0.548 0.328 0.546 0.324 0.542
6 0.312 0.203 0.112 0.078 0.348 0.164 0.346 0.166 0.336 0.166 0.334 0.168 0.324 0.168 0.322 0.17 0.308 0.17 0.306 0.172 0.298 0.172 0.296 0.174 0.284 0.174 0.282 0.176 0.272 0.176 0.27 0.178 0.26 0.178 0.258 0.18 0.256 0.18 0.256 0.184 0.258 0.186 0.258 0.194 0.26 0.196 0.26 0.21 0.262 0.212 0.262 0.218 0.264 0.22 0.264 0.228 0.266 0.23 0.266 0.234 0.268 0.236 0.268 0.238 0.27 0.24 0.298 0.24 0.302 0.236 0.306 0.236 0.308 0.234 0.32 0.234 0.322 0.232 0.332 0.232 0.334 0.23 0.354 0.23 0.356 0.228 0.364 0.228 0.366 0.226 0.366 0.208 0.364 0.206 0.364 0.178 0.362 0.176 0.362 0.17 0.36 0.168 0.36 0.166 0.358 0.164
7 0.282 0.012 0.016 0.012 0.282 0.006 0.28 0.008 0.274 0.008 0.274 0.012 0.276 0.014 0.278 0.014 0.28 0.016 0.282 0.016 0.284 0.014 0.286 0.014 0.288 0.012 0.288 0.008 0.284 0.008
7 0.38 0.049 0.016 0.014 0.372 0.042 0.372 0.052 0.376 0.052 0.378 0.054 0.382 0.054 0.386 0.05 0.386 0.044 0.384 0.042
7 0.004 0.058 0.008 0.012 0.0 0.052 0.0 0.062 0.002 0.062 0.006 0.058 0.006 0.054 0.004 0.052
5 0.014 0.133 0.028 0.026 0.02 0.12 0.018 0.122 0.006 0.122 0.004 0.124 0.0 0.124 0.0 0.144 0.012 0.144 0.014 0.142 0.022 0.142 0.026 0.138 0.026 0.122 0.024 0.12
5 0.349 0.07 0.054 0.024 0.352 0.058 0.35 0.06 0.34 0.06 0.338 0.062 0.322 0.062 0.322 0.07 0.324 0.072 0.324 0.078 0.326 0.08 0.336 0.08 0.338 0.078 0.35 0.078 0.352 0.076 0.356 0.076 0.358 0.074 0.36 0.074 0.362 0.072 0.364 0.072 0.366 0.07 0.37 0.07 0.372 0.068 0.374 0.068 0.374 0.066 0.372 0.066 0.37 0.064 0.37 0.062 0.366 0.058
4 0.345 0.51 0.022 0.04 0.336 0.49 0.334 0.492 0.334 0.506 0.336 0.508 0.336 0.512 0.34 0.516 0.34 0.518 0.344 0.522 0.344 0.526 0.346 0.528 0.35 0.528 0.352 0.526 0.352 0.52 0.354 0.518 0.354 0.508 0.352 0.506 0.352 0.494 0.348 0.49
4 0.008 0.496 0.016 0.028 0.0 0.482 0.0 0.508 0.004 0.508 0.006 0.506 0.01 0.506 0.012 0.504 0.012 0.5 0.014 0.498 0.014 0.494 0.012 0.492 0.012 0.486 0.01 0.484 0.004 0.484 0.002 0.482
4 0.499 0.485 0.022 0.026 0.492 0.472 0.488 0.476 0.488 0.494 0.49 0.496 0.502 0.496 0.504 0.494 0.508 0.494 0.508 0.486 0.506 0.484 0.506 0.478 0.504 0.476 0.504 0.474 0.502 0.472
4 0.787 0.458 0.018 0.016 0.782 0.45 0.78 0.452 0.78 0.454 0.778 0.456 0.778 0.464 0.784 0.464 0.786 0.462 0.79 0.462 0.794 0.458 0.794 0.45
4 0.063 0.122 0.03 0.02 0.058 0.112 0.056 0.114 0.05 0.114 0.048 0.116 0.048 0.124 0.05 0.126 0.05 0.128 0.052 0.13 0.074 0.13 0.076 0.128 0.076 0.116 0.074 0.114 0.074 0.112
4 0.042 0.044 0.02 0.024 0.038 0.032 0.036 0.034 0.032 0.034 0.032 0.05 0.036 0.054 0.046 0.054 0.05 0.05 0.05 0.034 0.048 0.032
3 0.361 0.603 0.082 0.122 0.366 0.542 0.364 0.544 0.352 0.544 0.35 0.546 0.342 0.546 0.34 0.548 0.336 0.548 0.334 0.55 0.332 0.55 0.33 0.552 0.326 0.552 0.324 0.554 0.322 0.554 0.32 0.556 0.32 0.578 0.322 0.58 0.322 0.59 0.324 0.592 0.324 0.6 0.326 0.602 0.326 0.61 0.328 0.612 0.328 0.616 0.33 0.618 0.33 0.628 0.332 0.63 0.332 0.638 0.334 0.64 0.334 0.654 0.336 0.656 0.336 0.66 0.338 0.662 0.344 0.662 0.346 0.66 0.354 0.66 0.356 0.658 0.362 0.658 0.364 0.656 0.366 0.656 0.368 0.654 0.372 0.654 0.374 0.652 0.378 0.652 0.38 0.65 0.384 0.65 0.386 0.648 0.392 0.648 0.394 0.646 0.398 0.646 0.398 0.644 0.4 0.642 0.4 0.638 0.398 0.636 0.398 0.628 0.396 0.626 0.396 0.616 0.394 0.614 0.394 0.606 0.392 0.604 0.392 0.598 0.39 0.596 0.39 0.586 0.388 0.584 0.388 0.576 0.386 0.574 0.386 0.568 0.384 0.566 0.384 0.562 0.382 0.56 0.382 0.554 0.38 0.552 0.38 0.55 0.378 0.548 0.378 0.544 0.376 0.542
4 0.631 0.023 0.022 0.022 0.628 0.012 0.626 0.014 0.622 0.014 0.62 0.016 0.622 0.018 0.622 0.03 0.624 0.032 0.638 0.032 0.64 0.03 0.64 0.016 0.636 0.012
3 0.482 0.452 0.112 0.128 0.512 0.388 0.51 0.39 0.502 0.39 0.5 0.392 0.492 0.392 0.49 0.394 0.482 0.394 0.48 0.396 0.472 0.396 0.47 0.398 0.456 0.398 0.454 0.4 0.446 0.4 0.444 0.402 0.438 0.402 0.434 0.406 0.426 0.406 0.426 0.41 0.428 0.412 0.428 0.414 0.43 0.416 0.43 0.42 0.432 0.422 0.432 0.424 0.434 0.426 0.434 0.434 0.436 0.436 0.436 0.44 0.438 0.442 0.438 0.448 0.44 0.45 0.44 0.46 0.442 0.462 0.442 0.468 0.444 0.47 0.444 0.478 0.446 0.48 0.446 0.486 0.448 0.488 0.448 0.496 0.45 0.498 0.45 0.502 0.452 0.504 0.452 0.508 0.454 0.51 0.456 0.51 0.458 0.512 0.46 0.512 0.462 0.514 0.466 0.514 0.468 0.512 0.486 0.512 0.488 0.51 0.5 0.51 0.502 0.508 0.506 0.508 0.508 0.506 0.51 0.506 0.512 0.504 0.52 0.504 0.524 0.5 0.524 0.498 0.526 0.496 0.526 0.494 0.53 0.49 0.532 0.49 0.536 0.486 0.536 0.472 0.534 0.47 0.534 0.458 0.532 0.456 0.532 0.446 0.53 0.444 0.53 0.436 0.528 0.434 0.528 0.422 0.526 0.42 0.526 0.408 0.524 0.406 0.524 0.392 0.522 0.39 0.522 0.388
3 0.513 0.577 0.082 0.11 0.514 0.522 0.512 0.524 0.504 0.524 0.502 0.526 0.5 0.526 0.498 0.528 0.492 0.528 0.49 0.53 0.486 0.53 0.484 0.532 0.48 0.532 0.478 0.534 0.474 0.534 0.472 0.536 0.472 0.546 0.474 0.548 0.474 0.554 0.476 0.556 0.476 0.564 0.478 0.566 0.478 0.578 0.48 0.58 0.48 0.588 0.482 0.59 0.482 0.6 0.484 0.602 0.484 0.608 0.486 0.61 0.486 0.62 0.488 0.622 0.488 0.628 0.49 0.63 0.502 0.63 0.504 0.628 0.512 0.628 0.514 0.63 0.526 0.63 0.528 0.628 0.542 0.628 0.544 0.626 0.55 0.626 0.552 0.624 0.552 0.612 0.55 0.61 0.55 0.6 0.548 0.598 0.548 0.59 0.546 0.588 0.546 0.58 0.544 0.578 0.544 0.57 0.542 0.568 0.542 0.558 0.54 0.556 0.54 0.55 0.538 0.548 0.538 0.538 0.536 0.536 0.536 0.532 0.534 0.53 0.534 0.524 0.532 0.522
3 0.804 0.524 0.076 0.116 0.778 0.468 0.774 0.472 0.772 0.472 0.77 0.474 0.768 0.474 0.768 0.476 0.766 0.478 0.766 0.506 0.768 0.508 0.768 0.528 0.77 0.53 0.77 0.538 0.772 0.54 0.772 0.55 0.774 0.552 0.774 0.566 0.776 0.568 0.776 0.576 0.78 0.58 0.784 0.58 0.786 0.578 0.792 0.578 0.794 0.576 0.8 0.576 0.802 0.574 0.808 0.574 0.81 0.572 0.814 0.572 0.816 0.57 0.818 0.57 0.82 0.568 0.83 0.568 0.832 0.566 0.836 0.566 0.838 0.564 0.84 0.564 0.84 0.552 0.838 0.55 0.838 0.542 0.836 0.54 0.836 0.538 0.838 0.536 0.836 0.534 0.836 0.528 0.834 0.526 0.834 0.518 0.832 0.516 0.832 0.504 0.83 0.502 0.83 0.494 0.828 0.492 0.828 0.484 0.826 0.482 0.826 0.48 0.824 0.478 0.82 0.478 0.818 0.476 0.802 0.476 0.8 0.474 0.796 0.474 0.794 0.472 0.792 0.474 0.788 0.474 0.786 0.472 0.782 0.472
3 0.642 0.07 0.056 0.076 0.648 0.032 0.646 0.034 0.626 0.034 0.624 0.036 0.614 0.036 0.614 0.042 0.616 0.044 0.616 0.06 0.618 0.062 0.618 0.078 0.62 0.08 0.62 0.096 0.622 0.098 0.622 0.106 0.644 0.106 0.646 0.104 0.668 0.104 0.668 0.1 0.666 0.098 0.666 0.088 0.664 0.086 0.664 0.076 0.662 0.074 0.662 0.062 0.66 0.06 0.66 0.05 0.658 0.048 0.658 0.038 0.656 0.036 0.656 0.032
7 0.943 0.42 0.018 0.016 0.936 0.412 0.934 0.414 0.934 0.424 0.936 0.426 0.944 0.426 0.946 0.424 0.948 0.424 0.95 0.422 0.95 0.418 0.944 0.412
7 0.405 0.502 0.01 0.008 0.402 0.498 0.4 0.5 0.404 0.504 0.406 0.502 0.408 0.502 0.408 0.498
7 0.429 0.496 0.01 0.012 0.424 0.49 0.424 0.498 0.426 0.498 0.428 0.5 0.43 0.5 0.432 0.498 0.432 0.49
7 0.523 0.5 0.014 0.012 0.52 0.494 0.518 0.496 0.516 0.496 0.516 0.498 0.52 0.502 0.522 0.502 0.524 0.504 0.528 0.5 0.528 0.494
7 0.094 0.596 0.008 0.008 0.092 0.592 0.09 0.594 0.09 0.596 0.092 0.598 0.096 0.598 0.096 0.594 0.094 0.592
0 0.091 0.155 0.05 0.042 0.102 0.134 0.1 0.136 0.086 0.136 0.084 0.138 0.074 0.138 0.072 0.14 0.068 0.14 0.066 0.142 0.066 0.154 0.068 0.156 0.068 0.158 0.07 0.16 0.07 0.162 0.074 0.166 0.074 0.168 0.078 0.172 0.08 0.172 0.082 0.174 0.092 0.174 0.094 0.172 0.102 0.172 0.104 0.17 0.106 0.17 0.108 0.168 0.11 0.168 0.114 0.164 0.114 0.16 0.112 0.158 0.112 0.15 0.11 0.148 0.11 0.14 0.108 0.138 0.108 0.136 0.104 0.136
3 0.953 0.506 0.078 0.112 0.978 0.45 0.976 0.452 0.96 0.452 0.958 0.454 0.942 0.454 0.94 0.456 0.924 0.456 0.922 0.458 0.914 0.458 0.914 0.464 0.916 0.466 0.916 0.482 0.918 0.484 0.918 0.5 0.92 0.502 0.92 0.516 0.922 0.518 0.922 0.534 0.924 0.536 0.924 0.552 0.926 0.554 0.926 0.56 0.932 0.56 0.934 0.558 0.948 0.558 0.95 0.556 0.966 0.556 0.968 0.554 0.982 0.554 0.984 0.552 0.99 0.552 0.99 0.528 0.988 0.526 0.988 0.476 0.986 0.474 0.986 0.45
3 0.712 0.067 0.06 0.078 0.708 0.028 0.706 0.03 0.682 0.03 0.682 0.038 0.684 0.04 0.684 0.056 0.686 0.058 0.686 0.076 0.688 0.078 0.688 0.094 0.69 0.096 0.69 0.104 0.74 0.104 0.74 0.098 0.738 0.096 0.738 0.082 0.736 0.08 0.736 0.068 0.734 0.066 0.734 0.052 0.732 0.05 0.732 0.036 0.73 0.034 0.73 0.028
3 0.354 0.113 0.116 0.11 0.39 0.058 0.388 0.06 0.384 0.06 0.38 0.064 0.38 0.066 0.374 0.072 0.372 0.072 0.368 0.076 0.366 0.076 0.364 0.078 0.352 0.078 0.35 0.08 0.346 0.08 0.344 0.082 0.326 0.082 0.322 0.078 0.322 0.076 0.32 0.074 0.32 0.072 0.318 0.07 0.316 0.07 0.314 0.072 0.312 0.072 0.312 0.076 0.31 0.078 0.308 0.078 0.306 0.076 0.298 0.076 0.296 0.078 0.296 0.082 0.298 0.084 0.298 0.098 0.3 0.1 0.3 0.112 0.302 0.114 0.302 0.128 0.304 0.13 0.304 0.138 0.306 0.14 0.306 0.146 0.308 0.148 0.308 0.154 0.31 0.156 0.31 0.162 0.308 0.164 0.308 0.166 0.32 0.166 0.322 0.164 0.334 0.164 0.336 0.162 0.348 0.162 0.35 0.16 0.364 0.16 0.366 0.158 0.37 0.158 0.372 0.156 0.378 0.156 0.38 0.154 0.384 0.154 0.386 0.152 0.392 0.152 0.394 0.15 0.406 0.15 0.41 0.146 0.41 0.138 0.408 0.136 0.408 0.128 0.406 0.126 0.406 0.118 0.404 0.116 0.404 0.11 0.402 0.108 0.402 0.096 0.4 0.094 0.4 0.086 0.398 0.084 0.398 0.074 0.396 0.072 0.396 0.066 0.394 0.064 0.394 0.058
3 0.027 0.186 0.054 0.08 0.014 0.146 0.012 0.148 0.0 0.148 0.0 0.222 0.004 0.222 0.006 0.224 0.026 0.224 0.028 0.222 0.04 0.222 0.042 0.22 0.05 0.22 0.052 0.218 0.052 0.216 0.05 0.214 0.05 0.184 0.048 0.182 0.048 0.17 0.046 0.168 0.046 0.166 0.044 0.164 0.044 0.158 0.042 0.156 0.042 0.152 0.04 0.15 0.04 0.148 0.038 0.148 0.036 0.146
3 0.924 0.37 0.12 0.12 0.958 0.31 0.956 0.312 0.948 0.312 0.946 0.314 0.938 0.314 0.936 0.316 0.928 0.316 0.926 0.318 0.912 0.318 0.91 0.32 0.9 0.32 0.898 0.322 0.89 0.322 0.888 0.324 0.88 0.324 0.878 0.326 0.868 0.326 0.864 0.33 0.864 0.332 0.866 0.334 0.866 0.338 0.868 0.34 0.868 0.346 0.87 0.348 0.87 0.35 0.872 0.352 0.872 0.358 0.874 0.36 0.874 0.362 0.876 0.364 0.876 0.368 0.878 0.37 0.878 0.376 0.88 0.378 0.88 0.384 0.882 0.386 0.882 0.39 0.884 0.392 0.884 0.398 0.886 0.4 0.886 0.404 0.888 0.406 0.888 0.41 0.89 0.412 0.89 0.416 0.892 0.418 0.892 0.422 0.896 0.426 0.912 0.426 0.914 0.424 0.92 0.424 0.922 0.426 0.932 0.426 0.934 0.428 0.944 0.428 0.946 0.426 0.964 0.426 0.966 0.424 0.974 0.424 0.976 0.422 0.978 0.422 0.978 0.42 0.98 0.418 0.98 0.412 0.982 0.41 0.982 0.382 0.98 0.38 0.98 0.37 0.978 0.368 0.978 0.362 0.976 0.36 0.976 0.356 0.974 0.354 0.974 0.348 0.972 0.346 0.972 0.338 0.97 0.336 0.97 0.328 0.968 0.326 0.968 0.318 0.966 0.316 0.966 0.312 0.964 0.31
5 0.974 0.432 0.02 0.016 0.978 0.424 0.976 0.426 0.972 0.426 0.97 0.428 0.966 0.428 0.966 0.43 0.964 0.432 0.964 0.434 0.968 0.438 0.976 0.438 0.978 0.436 0.982 0.436 0.982 0.428 0.98 0.426 0.98 0.424
3 0.772 0.398 0.116 0.12 0.8 0.338 0.798 0.34 0.79 0.34 0.788 0.342 0.778 0.342 0.776 0.344 0.768 0.344 0.766 0.346 0.756 0.346 0.754 0.348 0.744 0.348 0.742 0.35 0.732 0.35 0.73 0.352 0.724 0.352 0.722 0.354 0.716 0.354 0.714 0.356 0.714 0.36 0.716 0.362 0.716 0.366 0.718 0.368 0.718 0.37 0.72 0.372 0.72 0.378 0.722 0.38 0.722 0.384 0.724 0.386 0.724 0.39 0.726 0.392 0.726 0.394 0.728 0.396 0.728 0.402 0.73 0.404 0.73 0.406 0.732 0.408 0.732 0.414 0.734 0.416 0.734 0.422 0.736 0.424 0.736 0.436 0.738 0.438 0.738 0.442 0.74 0.444 0.74 0.446 0.742 0.448 0.742 0.452 0.744 0.454 0.746 0.454 0.748 0.456 0.752 0.456 0.756 0.452 0.758 0.452 0.762 0.448 0.782 0.448 0.784 0.446 0.79 0.446 0.792 0.444 0.802 0.444 0.804 0.442 0.81 0.442 0.812 0.44 0.82 0.44 0.822 0.438 0.826 0.438 0.828 0.436 0.828 0.43 0.826 0.428 0.826 0.418 0.824 0.416 0.824 0.408 0.822 0.406 0.822 0.396 0.82 0.394 0.82 0.384 0.818 0.382 0.818 0.372 0.816 0.37 0.816 0.358 0.814 0.356 0.814 0.348 0.812 0.346 0.812 0.34 0.81 0.338
3 0.333 0.48 0.114 0.128 0.362 0.416 0.36 0.418 0.35 0.418 0.348 0.42 0.34 0.42 0.338 0.422 0.328 0.422 0.326 0.424 0.318 0.424 0.316 0.426 0.306 0.426 0.304 0.428 0.296 0.428 0.294 0.43 0.284 0.43 0.282 0.432 0.278 0.432 0.276 0.434 0.276 0.438 0.278 0.44 0.278 0.444 0.28 0.446 0.28 0.452 0.282 0.454 0.282 0.46 0.284 0.462 0.284 0.468 0.286 0.47 0.286 0.478 0.288 0.48 0.288 0.486 0.29 0.488 0.29 0.494 0.292 0.496 0.292 0.508 0.294 0.51 0.294 0.518 0.296 0.52 0.296 0.524 0.298 0.526 0.298 0.53 0.3 0.532 0.3 0.534 0.306 0.54 0.326 0.54 0.328 0.542 0.334 0.542 0.336 0.54 0.338 0.54 0.34 0.538 0.348 0.538 0.35 0.536 0.36 0.536 0.362 0.534 0.368 0.534 0.37 0.532 0.378 0.532 0.382 0.528 0.382 0.526 0.388 0.52 0.388 0.518 0.386 0.516 0.386 0.508 0.384 0.506 0.384 0.496 0.382 0.494 0.382 0.484 0.38 0.482 0.38 0.472 0.378 0.47 0.378 0.46 0.376 0.458 0.376 0.446 0.374 0.444 0.374 0.434 0.372 0.432 0.372 0.422 0.37 0.42 0.37 0.418 0.368 0.416
