7 0.628 0.479 0.012 0.01 0.624 0.474 0.622 0.476 0.622 0.478 0.626 0.482 0.628 0.48 0.63 0.48 0.632 0.478 0.632 0.474
3 0.975 0.185 0.038 0.034 0.976 0.168 0.972 0.172 0.97 0.172 0.964 0.178 0.962 0.178 0.956 0.184 0.956 0.192 0.958 0.194 0.958 0.196 0.96 0.198 0.962 0.198 0.964 0.2 0.972 0.2 0.974 0.198 0.976 0.198 0.982 0.192 0.984 0.192 0.988 0.188 0.988 0.186 0.99 0.184 0.99 0.182 0.992 0.18 0.99 0.178 0.99 0.176 0.982 0.168
3 0.922 0.254 0.036 0.04 0.918 0.234 0.914 0.238 0.912 0.238 0.908 0.242 0.906 0.242 0.904 0.244 0.904 0.248 0.908 0.252 0.908 0.254 0.91 0.256 0.91 0.258 0.914 0.262 0.914 0.264 0.918 0.268 0.918 0.27 0.92 0.272 0.924 0.272 0.926 0.27 0.928 0.27 0.938 0.26 0.938 0.256 0.936 0.254 0.936 0.252 0.932 0.248 0.932 0.246 0.928 0.242 0.928 0.24 0.922 0.234
4 0.447 0.72 0.03 0.028 0.44 0.706 0.436 0.71 0.434 0.71 0.432 0.712 0.432 0.72 0.436 0.724 0.436 0.726 0.442 0.732 0.448 0.732 0.454 0.726 0.456 0.726 0.46 0.722 0.46 0.72 0.456 0.716 0.456 0.714 0.448 0.706
5 0.48 0.74 0.024 0.024 0.478 0.728 0.476 0.73 0.474 0.73 0.472 0.732 0.472 0.734 0.468 0.738 0.468 0.742 0.474 0.748 0.476 0.748 0.478 0.75 0.484 0.75 0.486 0.748 0.486 0.746 0.488 0.744 0.488 0.742 0.49 0.74 0.49 0.736 0.488 0.734 0.488 0.73 0.486 0.728
3 0.983 0.308 0.034 0.04 0.98 0.288 0.978 0.29 0.976 0.29 0.974 0.292 0.972 0.292 0.97 0.294 0.968 0.294 0.968 0.296 0.966 0.298 0.966 0.302 0.968 0.304 0.968 0.306 0.972 0.31 0.972 0.312 0.976 0.316 0.976 0.318 0.984 0.326 0.988 0.326 0.992 0.322 0.994 0.322 0.998 0.318 0.998 0.304 0.996 0.302 0.996 0.3 0.99 0.294 0.99 0.292 0.986 0.288
4 0.492 0.687 0.028 0.026 0.486 0.674 0.484 0.676 0.482 0.676 0.478 0.68 0.478 0.686 0.48 0.688 0.48 0.69 0.482 0.692 0.482 0.694 0.486 0.698 0.494 0.698 0.498 0.694 0.5 0.694 0.504 0.69 0.504 0.686 0.5 0.682 0.5 0.68 0.498 0.68 0.494 0.676 0.494 0.674
7 0.967 0.243 0.01 0.01 0.964 0.238 0.962 0.24 0.962 0.244 0.964 0.246 0.966 0.246 0.97 0.242 0.97 0.238
7 0.95 0.26 0.02 0.016 0.942 0.252 0.94 0.254 0.94 0.258 0.942 0.26 0.942 0.262 0.946 0.266 0.954 0.266 0.958 0.262 0.958 0.258 0.952 0.252
7 0.915 0.306 0.014 0.012 0.912 0.3 0.908 0.304 0.908 0.306 0.912 0.31 0.92 0.31 0.92 0.308 0.918 0.306 0.918 0.304 0.916 0.302 0.914 0.302
3 0.055 0.836 0.09 0.084 0.056 0.794 0.054 0.796 0.05 0.796 0.048 0.798 0.046 0.798 0.044 0.8 0.042 0.8 0.04 0.802 0.038 0.802 0.036 0.804 0.034 0.804 0.032 0.806 0.03 0.806 0.028 0.808 0.026 0.808 0.024 0.81 0.022 0.81 0.02 0.812 0.018 0.812 0.016 0.814 0.014 0.814 0.01 0.818 0.012 0.82 0.012 0.822 0.014 0.824 0.014 0.826 0.016 0.828 0.016 0.83 0.018 0.832 0.018 0.834 0.02 0.836 0.02 0.838 0.024 0.842 0.024 0.844 0.026 0.846 0.026 0.848 0.03 0.852 0.03 0.854 0.034 0.858 0.044 0.858 0.046 0.86 0.05 0.86 0.052 0.862 0.056 0.862 0.058 0.864 0.062 0.864 0.064 0.866 0.066 0.866 0.068 0.868 0.072 0.868 0.074 0.87 0.08 0.87 0.082 0.872 0.084 0.872 0.086 0.874 0.094 0.874 0.096 0.876 0.098 0.874 0.098 0.87 0.096 0.868 0.096 0.866 0.094 0.864 0.094 0.862 0.092 0.86 0.092 0.858 0.088 0.854 0.088 0.852 0.086 0.85 0.086 0.848 0.084 0.846 0.084 0.842 0.082 0.84 0.082 0.838 0.08 0.836 0.08 0.834 0.078 0.832 0.078 0.83 0.076 0.828 0.076 0.826 0.074 0.824 0.074 0.822 0.072 0.82 0.072 0.818 0.07 0.816 0.07 0.814 0.068 0.812 0.068 0.81 0.066 0.808 0.066 0.806 0.062 0.802 0.062 0.8 0.06 0.798 0.06 0.796 0.058 0.796
4 0.798 0.527 0.02 0.026 0.802 0.514 0.8 0.516 0.796 0.516 0.794 0.518 0.792 0.518 0.79 0.52 0.79 0.522 0.788 0.524 0.788 0.536 0.79 0.538 0.792 0.536 0.794 0.536 0.806 0.524 0.806 0.518
7 0.485 0.716 0.022 0.024 0.48 0.704 0.476 0.708 0.476 0.712 0.474 0.714 0.474 0.72 0.476 0.722 0.476 0.724 0.478 0.726 0.482 0.726 0.484 0.724 0.486 0.724 0.486 0.722 0.494 0.714 0.494 0.71 0.49 0.706 0.488 0.706 0.486 0.704
2 0.946 0.103 0.108 0.11 0.974 0.048 0.972 0.05 0.968 0.05 0.964 0.054 0.962 0.054 0.958 0.058 0.956 0.058 0.952 0.062 0.95 0.062 0.946 0.066 0.944 0.066 0.94 0.07 0.938 0.07 0.934 0.074 0.932 0.074 0.93 0.076 0.928 0.076 0.924 0.08 0.922 0.08 0.918 0.084 0.916 0.084 0.91 0.09 0.908 0.09 0.906 0.092 0.904 0.092 0.902 0.094 0.9 0.094 0.898 0.096 0.896 0.096 0.894 0.098 0.892 0.098 0.892 0.102 0.894 0.102 0.898 0.106 0.898 0.108 0.91 0.12 0.91 0.122 0.914 0.126 0.914 0.128 0.922 0.136 0.922 0.138 0.924 0.14 0.924 0.142 0.926 0.144 0.926 0.146 0.934 0.154 0.936 0.154 0.938 0.156 0.942 0.156 0.944 0.154 0.946 0.154 0.95 0.15 0.952 0.15 0.956 0.146 0.956 0.144 0.962 0.138 0.962 0.136 0.968 0.13 0.968 0.128 0.974 0.122 0.974 0.12 0.98 0.114 0.982 0.114 0.988 0.108 0.99 0.108 0.996 0.102 0.998 0.102 0.998 0.084 0.996 0.082 0.996 0.08 0.994 0.078 0.994 0.076 0.99 0.072 0.99 0.068 0.988 0.066 0.988 0.064 0.986 0.062 0.986 0.06 0.984 0.058 0.984 0.056 0.98 0.052 0.98 0.05 0.978 0.05 0.976 0.048
4 0.73 0.496 0.032 0.032 0.724 0.48 0.72 0.484 0.718 0.484 0.716 0.486 0.716 0.488 0.714 0.49 0.714 0.492 0.716 0.494 0.716 0.5 0.72 0.504 0.72 0.506 0.722 0.508 0.722 0.51 0.728 0.51 0.73 0.508 0.734 0.508 0.738 0.504 0.74 0.504 0.742 0.502 0.742 0.5 0.744 0.498 0.744 0.496 0.742 0.494 0.742 0.49 0.738 0.486 0.738 0.484 0.734 0.48
