2 0.339 0.915 0.118 0.07 0.384 0.88 0.382 0.882 0.372 0.882 0.37 0.884 0.366 0.884 0.364 0.886 0.36 0.886 0.358 0.884 0.328 0.884 0.326 0.882 0.316 0.882 0.314 0.884 0.282 0.884 0.28 0.886 0.28 0.944 0.282 0.946 0.286 0.946 0.288 0.948 0.384 0.948 0.386 0.946 0.394 0.946 0.396 0.944 0.396 0.912 0.394 0.91 0.396 0.908 0.394 0.906 0.394 0.89 0.392 0.888 0.392 0.882 0.39 0.88
3 0.728 0.947 0.024 0.03 0.732 0.932 0.73 0.934 0.728 0.934 0.726 0.936 0.722 0.936 0.72 0.938 0.718 0.938 0.716 0.94 0.716 0.942 0.718 0.944 0.718 0.948 0.72 0.95 0.72 0.954 0.722 0.956 0.722 0.958 0.73 0.958 0.732 0.96 0.738 0.96 0.738 0.958 0.736 0.956 0.736 0.948 0.734 0.946 0.734 0.938 0.732 0.936
7 0.105 0.943 0.01 0.01 0.102 0.938 0.102 0.94 0.1 0.942 0.1 0.944 0.102 0.946 0.108 0.946 0.108 0.94 0.106 0.938
7 0.009 0.988 0.018 0.024 0.0 0.976 0.0 0.998 0.014 0.998 0.016 0.996 0.016 0.982 0.014 0.98 0.014 0.978 0.012 0.976
7 0.094 0.984 0.016 0.032 0.09 0.968 0.086 0.972 0.086 0.976 0.088 0.978 0.088 0.982 0.086 0.984 0.086 0.994 0.088 0.996 0.088 0.998 0.1 0.998 0.1 0.99 0.098 0.988 0.098 0.97 0.096 0.968
7 0.151 0.988 0.09 0.024 0.106 0.976 0.106 0.998 0.194 0.998 0.194 0.996 0.192 0.994 0.192 0.978 0.19 0.976
7 0.965 0.314 0.022 0.02 0.962 0.304 0.96 0.306 0.956 0.306 0.954 0.308 0.954 0.318 0.958 0.322 0.962 0.322 0.964 0.32 0.972 0.32 0.972 0.318 0.974 0.316 0.974 0.31 0.97 0.306 0.964 0.306
5 0.711 0.83 0.018 0.024 0.712 0.818 0.71 0.82 0.704 0.82 0.702 0.822 0.702 0.836 0.704 0.838 0.71 0.838 0.712 0.84 0.718 0.84 0.718 0.82 0.714 0.82
3 0.54 0.95 0.04 0.028 0.52 0.936 0.52 0.948 0.522 0.95 0.522 0.962 0.54 0.962 0.556 0.946 0.556 0.944 0.554 0.944 0.552 0.942 0.548 0.942 0.546 0.94 0.544 0.94 0.542 0.938 0.53 0.938 0.528 0.936
7 0.7 0.868 0.012 0.012 0.694 0.862 0.694 0.868 0.696 0.87 0.698 0.87 0.7 0.872 0.702 0.872 0.704 0.87 0.704 0.866 0.702 0.864 0.7 0.864 0.698 0.862
2 0.83 0.388 0.048 0.112 0.816 0.334 0.814 0.336 0.81 0.336 0.81 0.338 0.808 0.34 0.808 0.348 0.806 0.35 0.806 0.386 0.808 0.388 0.808 0.422 0.81 0.424 0.81 0.44 0.812 0.442 0.84 0.442 0.844 0.438 0.844 0.436 0.846 0.434 0.848 0.434 0.85 0.432 0.85 0.43 0.852 0.428 0.852 0.426 0.85 0.424 0.85 0.422 0.852 0.42 0.852 0.414 0.85 0.412 0.85 0.394 0.852 0.392 0.852 0.35 0.85 0.348 0.852 0.346 0.852 0.344 0.85 0.342 0.85 0.334
2 0.144 0.912 0.06 0.06 0.146 0.882 0.144 0.884 0.116 0.884 0.116 0.886 0.114 0.888 0.114 0.89 0.116 0.892 0.116 0.896 0.118 0.898 0.118 0.936 0.122 0.94 0.164 0.94 0.166 0.938 0.17 0.938 0.172 0.936 0.172 0.904 0.17 0.902 0.17 0.884 0.168 0.884 0.166 0.882
2 0.459 0.802 0.102 0.084 0.452 0.76 0.448 0.764 0.446 0.764 0.444 0.766 0.44 0.766 0.438 0.768 0.414 0.768 0.412 0.77 0.412 0.78 0.41 0.782 0.41 0.788 0.408 0.79 0.408 0.8 0.41 0.802 0.41 0.816 0.412 0.818 0.41 0.82 0.41 0.824 0.412 0.826 0.412 0.838 0.416 0.842 0.502 0.842 0.504 0.84 0.504 0.816 0.502 0.814 0.504 0.812 0.504 0.778 0.506 0.776 0.506 0.772 0.508 0.77 0.508 0.762 0.506 0.76
2 0.756 0.796 0.096 0.088 0.728 0.752 0.726 0.754 0.71 0.754 0.708 0.756 0.71 0.758 0.71 0.806 0.712 0.808 0.712 0.814 0.714 0.816 0.716 0.816 0.722 0.822 0.722 0.832 0.724 0.834 0.728 0.834 0.73 0.836 0.734 0.836 0.736 0.838 0.794 0.838 0.796 0.836 0.798 0.836 0.8 0.834 0.8 0.832 0.802 0.83 0.802 0.808 0.8 0.806 0.8 0.796 0.798 0.794 0.798 0.792 0.796 0.79 0.794 0.79 0.79 0.786 0.79 0.784 0.788 0.782 0.788 0.78 0.786 0.778 0.786 0.762 0.784 0.76 0.784 0.754 0.782 0.752
3 0.879 0.806 0.058 0.128 0.86 0.742 0.856 0.746 0.856 0.752 0.854 0.754 0.854 0.758 0.852 0.76 0.852 0.774 0.854 0.776 0.854 0.778 0.852 0.78 0.852 0.786 0.854 0.788 0.854 0.796 0.852 0.798 0.852 0.8 0.854 0.802 0.854 0.812 0.852 0.814 0.852 0.816 0.854 0.818 0.852 0.82 0.852 0.836 0.85 0.838 0.85 0.864 0.852 0.866 0.852 0.868 0.856 0.868 0.858 0.866 0.874 0.866 0.878 0.862 0.882 0.862 0.884 0.86 0.886 0.86 0.89 0.856 0.89 0.846 0.892 0.844 0.898 0.844 0.898 0.842 0.9 0.84 0.9 0.83 0.902 0.828 0.902 0.818 0.904 0.816 0.904 0.794 0.906 0.792 0.906 0.77 0.904 0.768 0.904 0.754 0.902 0.752 0.902 0.748 0.9 0.746 0.892 0.746 0.89 0.744 0.882 0.744 0.88 0.742
2 0.864 0.277 0.044 0.094 0.852 0.23 0.848 0.234 0.848 0.24 0.846 0.242 0.844 0.242 0.842 0.244 0.842 0.25 0.844 0.252 0.844 0.278 0.846 0.28 0.846 0.292 0.844 0.294 0.846 0.296 0.846 0.304 0.844 0.306 0.844 0.31 0.846 0.312 0.846 0.318 0.844 0.32 0.852 0.32 0.854 0.322 0.872 0.322 0.876 0.318 0.876 0.31 0.878 0.308 0.878 0.306 0.88 0.304 0.88 0.298 0.882 0.296 0.882 0.292 0.884 0.29 0.884 0.246 0.882 0.244 0.882 0.236 0.878 0.232 0.858 0.232 0.856 0.23
5 0.945 0.182 0.018 0.016 0.94 0.174 0.936 0.178 0.936 0.184 0.94 0.188 0.946 0.188 0.948 0.186 0.95 0.186 0.95 0.184 0.952 0.182 0.952 0.18 0.95 0.178 0.95 0.176 0.948 0.176 0.946 0.174
2 0.903 0.234 0.034 0.092 0.904 0.188 0.902 0.19 0.892 0.19 0.886 0.196 0.886 0.244 0.888 0.246 0.888 0.248 0.89 0.25 0.89 0.264 0.892 0.266 0.892 0.272 0.894 0.274 0.894 0.278 0.896 0.278 0.898 0.276 0.904 0.276 0.908 0.272 0.91 0.272 0.912 0.27 0.912 0.268 0.918 0.262 0.918 0.256 0.916 0.254 0.918 0.252 0.918 0.216 0.916 0.214 0.916 0.208 0.918 0.206 0.918 0.196 0.914 0.192 0.914 0.188
