3 0.778 0.077 0.072 0.078 0.778 0.038 0.776 0.04 0.774 0.04 0.772 0.042 0.77 0.042 0.768 0.044 0.766 0.044 0.764 0.046 0.762 0.046 0.76 0.048 0.758 0.048 0.754 0.052 0.752 0.052 0.75 0.054 0.746 0.054 0.742 0.058 0.742 0.068 0.744 0.07 0.744 0.072 0.746 0.074 0.746 0.078 0.748 0.08 0.748 0.082 0.756 0.09 0.756 0.092 0.758 0.094 0.758 0.096 0.76 0.098 0.76 0.1 0.764 0.104 0.764 0.106 0.766 0.108 0.766 0.112 0.768 0.114 0.776 0.114 0.78 0.11 0.782 0.11 0.784 0.108 0.788 0.108 0.792 0.104 0.794 0.104 0.796 0.102 0.798 0.102 0.8 0.1 0.802 0.1 0.804 0.098 0.806 0.098 0.81 0.094 0.812 0.094 0.812 0.086 0.81 0.084 0.81 0.082 0.806 0.078 0.806 0.074 0.804 0.072 0.804 0.07 0.796 0.062 0.796 0.06 0.794 0.058 0.794 0.056 0.792 0.054 0.792 0.052 0.79 0.05 0.79 0.046 0.786 0.042 0.786 0.04 0.784 0.038
7 0.561 0.486 0.014 0.016 0.556 0.478 0.554 0.48 0.554 0.486 0.556 0.488 0.556 0.49 0.558 0.492 0.564 0.492 0.566 0.49 0.566 0.48 0.564 0.478
5 0.134 0.575 0.024 0.026 0.13 0.562 0.128 0.564 0.126 0.564 0.122 0.568 0.124 0.57 0.124 0.574 0.126 0.576 0.126 0.58 0.128 0.582 0.128 0.584 0.13 0.586 0.14 0.586 0.142 0.584 0.142 0.58 0.144 0.578 0.142 0.576 0.142 0.57 0.14 0.568 0.14 0.564 0.138 0.562
5 0.527 0.406 0.022 0.028 0.522 0.392 0.518 0.396 0.516 0.396 0.516 0.406 0.518 0.408 0.518 0.412 0.52 0.414 0.52 0.416 0.522 0.418 0.524 0.418 0.528 0.414 0.53 0.414 0.532 0.412 0.534 0.412 0.534 0.41 0.536 0.408 0.536 0.404 0.532 0.4 0.532 0.398 0.528 0.394 0.526 0.394 0.524 0.392
5 0.744 0.108 0.036 0.032 0.746 0.092 0.742 0.096 0.74 0.096 0.738 0.098 0.736 0.098 0.732 0.102 0.73 0.102 0.726 0.106 0.726 0.108 0.728 0.11 0.728 0.114 0.732 0.118 0.732 0.12 0.734 0.12 0.736 0.122 0.74 0.122 0.742 0.12 0.746 0.12 0.748 0.118 0.75 0.118 0.752 0.116 0.754 0.116 0.758 0.112 0.76 0.112 0.76 0.104 0.758 0.102 0.758 0.1 0.754 0.096 0.754 0.094 0.752 0.092
4 0.483 0.551 0.026 0.026 0.484 0.538 0.482 0.54 0.478 0.54 0.476 0.542 0.474 0.542 0.472 0.544 0.472 0.546 0.47 0.548 0.47 0.556 0.472 0.558 0.472 0.56 0.474 0.56 0.476 0.562 0.488 0.562 0.49 0.56 0.492 0.56 0.494 0.558 0.494 0.548 0.492 0.546 0.492 0.542 0.49 0.54 0.488 0.54 0.486 0.538
4 0.536 0.533 0.032 0.03 0.538 0.518 0.536 0.52 0.534 0.52 0.532 0.522 0.53 0.522 0.528 0.524 0.526 0.524 0.524 0.526 0.522 0.526 0.52 0.528 0.52 0.536 0.522 0.538 0.522 0.542 0.526 0.546 0.534 0.546 0.536 0.544 0.54 0.544 0.544 0.54 0.546 0.54 0.55 0.536 0.55 0.526 0.542 0.518
4 0.593 0.508 0.022 0.024 0.588 0.496 0.586 0.498 0.584 0.498 0.582 0.5 0.582 0.508 0.584 0.51 0.584 0.512 0.588 0.516 0.588 0.518 0.594 0.518 0.596 0.516 0.598 0.516 0.6 0.514 0.6 0.512 0.602 0.51 0.602 0.506 0.6 0.504 0.6 0.5 0.598 0.498 0.596 0.498 0.594 0.496
4 0.622 0.448 0.02 0.02 0.614 0.438 0.612 0.44 0.612 0.444 0.614 0.446 0.614 0.448 0.616 0.45 0.616 0.452 0.618 0.454 0.62 0.454 0.622 0.456 0.626 0.456 0.628 0.454 0.628 0.452 0.63 0.45 0.63 0.448 0.628 0.446 0.628 0.442 0.624 0.438
3 0.088 0.628 0.04 0.048 0.084 0.604 0.082 0.606 0.08 0.606 0.078 0.608 0.076 0.608 0.074 0.61 0.072 0.61 0.068 0.614 0.068 0.616 0.07 0.618 0.07 0.62 0.072 0.622 0.072 0.624 0.074 0.626 0.074 0.628 0.076 0.63 0.076 0.634 0.078 0.636 0.078 0.64 0.08 0.642 0.08 0.646 0.082 0.648 0.084 0.648 0.086 0.65 0.088 0.65 0.09 0.648 0.094 0.648 0.096 0.646 0.098 0.646 0.102 0.642 0.104 0.642 0.106 0.64 0.106 0.634 0.104 0.632 0.104 0.63 0.102 0.628 0.102 0.626 0.098 0.622 0.098 0.62 0.096 0.618 0.096 0.616 0.094 0.614 0.094 0.612 0.086 0.604
3 0.703 0.132 0.078 0.076 0.71 0.094 0.708 0.096 0.706 0.096 0.702 0.1 0.7 0.1 0.698 0.102 0.696 0.102 0.692 0.106 0.69 0.106 0.688 0.108 0.686 0.108 0.684 0.11 0.682 0.11 0.678 0.114 0.676 0.114 0.672 0.118 0.67 0.118 0.666 0.122 0.664 0.122 0.664 0.126 0.668 0.13 0.668 0.132 0.672 0.136 0.672 0.138 0.678 0.144 0.678 0.146 0.68 0.148 0.68 0.15 0.684 0.154 0.684 0.156 0.688 0.16 0.688 0.162 0.692 0.166 0.692 0.168 0.696 0.168 0.698 0.166 0.7 0.166 0.702 0.164 0.704 0.164 0.708 0.16 0.71 0.16 0.714 0.156 0.716 0.156 0.72 0.152 0.722 0.152 0.728 0.146 0.73 0.146 0.736 0.14 0.738 0.14 0.74 0.138 0.74 0.134 0.734 0.128 0.734 0.126 0.732 0.124 0.732 0.122 0.726 0.116 0.726 0.114 0.722 0.11 0.722 0.108 0.72 0.106 0.72 0.104 0.718 0.102 0.718 0.1 0.712 0.094
