4 0.91 0.672 0.012 0.016 0.908 0.664 0.904 0.668 0.904 0.678 0.912 0.678 0.912 0.674 0.914 0.672 0.914 0.664
3 0.918 0.695 0.136 0.09 0.872 0.65 0.87 0.652 0.868 0.652 0.868 0.664 0.866 0.666 0.866 0.672 0.864 0.674 0.864 0.686 0.862 0.688 0.862 0.692 0.86 0.694 0.86 0.698 0.858 0.7 0.858 0.706 0.856 0.708 0.856 0.712 0.852 0.716 0.852 0.73 0.854 0.732 0.862 0.732 0.864 0.734 0.89 0.734 0.892 0.736 0.914 0.736 0.916 0.738 0.97 0.738 0.97 0.732 0.972 0.73 0.972 0.72 0.974 0.718 0.974 0.702 0.976 0.7 0.976 0.692 0.978 0.69 0.978 0.68 0.98 0.678 0.98 0.674 0.982 0.672 0.982 0.67 0.984 0.668 0.984 0.654 0.978 0.654 0.976 0.652 0.928 0.652 0.926 0.65 0.922 0.65 0.92 0.652 0.898 0.652 0.896 0.65
4 0.214 0.605 0.024 0.026 0.204 0.592 0.202 0.594 0.202 0.614 0.204 0.614 0.206 0.616 0.22 0.616 0.222 0.614 0.222 0.61 0.224 0.608 0.224 0.594 0.222 0.592
7 0.267 0.602 0.01 0.008 0.262 0.598 0.262 0.602 0.264 0.604 0.27 0.604 0.27 0.598
4 0.793 0.506 0.018 0.02 0.786 0.496 0.784 0.498 0.784 0.508 0.786 0.51 0.786 0.512 0.788 0.514 0.798 0.514 0.798 0.512 0.8 0.51 0.8 0.498 0.794 0.498 0.792 0.496
4 0.816 0.662 0.024 0.016 0.806 0.654 0.804 0.656 0.804 0.666 0.806 0.668 0.822 0.668 0.824 0.666 0.824 0.664 0.826 0.662 0.826 0.656 0.824 0.654
4 0.046 0.955 0.024 0.026 0.036 0.942 0.034 0.944 0.034 0.964 0.036 0.966 0.052 0.966 0.054 0.964 0.054 0.962 0.056 0.96 0.056 0.946 0.054 0.944 0.052 0.944 0.05 0.942
3 0.454 0.567 0.048 0.158 0.442 0.488 0.44 0.49 0.44 0.494 0.438 0.496 0.438 0.526 0.436 0.528 0.436 0.572 0.438 0.574 0.438 0.588 0.436 0.59 0.436 0.592 0.438 0.594 0.438 0.6 0.436 0.602 0.436 0.614 0.43 0.62 0.43 0.626 0.432 0.628 0.432 0.64 0.436 0.644 0.468 0.644 0.47 0.642 0.47 0.608 0.472 0.606 0.47 0.604 0.47 0.602 0.472 0.6 0.472 0.558 0.474 0.556 0.474 0.512 0.476 0.51 0.476 0.49 0.474 0.49 0.472 0.488
4 0.07 0.564 0.02 0.016 0.062 0.556 0.06 0.558 0.06 0.568 0.062 0.568 0.064 0.57 0.07 0.57 0.072 0.568 0.074 0.568 0.078 0.564 0.078 0.56 0.076 0.558 0.074 0.558 0.072 0.556
4 0.933 0.553 0.042 0.026 0.914 0.54 0.912 0.542 0.912 0.548 0.914 0.55 0.914 0.554 0.916 0.556 0.916 0.56 0.918 0.562 0.938 0.562 0.94 0.564 0.946 0.564 0.95 0.56 0.95 0.556 0.952 0.554 0.952 0.548 0.948 0.544 0.946 0.544 0.944 0.542 0.934 0.542 0.932 0.54
4 0.799 0.551 0.018 0.018 0.792 0.542 0.79 0.544 0.79 0.552 0.792 0.554 0.792 0.556 0.8 0.556 0.802 0.558 0.806 0.554 0.806 0.55 0.804 0.548 0.804 0.542
6 0.492 0.627 0.036 0.142 0.486 0.556 0.484 0.558 0.48 0.558 0.48 0.56 0.478 0.562 0.478 0.584 0.476 0.586 0.476 0.642 0.474 0.644 0.474 0.692 0.478 0.696 0.504 0.696 0.506 0.694 0.506 0.692 0.504 0.69 0.504 0.644 0.506 0.642 0.506 0.602 0.508 0.6 0.508 0.558 0.496 0.558 0.494 0.556
4 0.805 0.704 0.026 0.02 0.794 0.694 0.792 0.696 0.792 0.71 0.794 0.712 0.814 0.712 0.814 0.71 0.816 0.708 0.816 0.696 0.814 0.694
3 0.388 0.668 0.072 0.056 0.358 0.64 0.358 0.648 0.356 0.65 0.356 0.66 0.354 0.662 0.354 0.676 0.352 0.678 0.352 0.68 0.354 0.682 0.354 0.686 0.356 0.688 0.358 0.688 0.36 0.69 0.366 0.69 0.368 0.692 0.388 0.692 0.39 0.694 0.418 0.694 0.42 0.692 0.42 0.65 0.422 0.648 0.422 0.64
4 0.945 0.675 0.014 0.018 0.94 0.666 0.94 0.668 0.938 0.67 0.938 0.68 0.94 0.68 0.942 0.682 0.944 0.68 0.948 0.68 0.948 0.672 0.95 0.67 0.948 0.668 0.948 0.666
4 0.071 0.531 0.018 0.018 0.066 0.522 0.062 0.526 0.062 0.536 0.064 0.538 0.074 0.538 0.076 0.536 0.076 0.534 0.078 0.532 0.078 0.528 0.076 0.526 0.076 0.522
4 0.361 0.615 0.018 0.026 0.358 0.602 0.354 0.606 0.354 0.61 0.352 0.612 0.352 0.624 0.354 0.626 0.364 0.626 0.366 0.624 0.366 0.622 0.368 0.62 0.368 0.604 0.366 0.602
4 0.291 0.515 0.022 0.026 0.282 0.502 0.28 0.504 0.28 0.524 0.282 0.524 0.284 0.526 0.298 0.526 0.3 0.524 0.3 0.514 0.298 0.512 0.298 0.506 0.294 0.502
4 0.205 0.512 0.018 0.024 0.2 0.5 0.196 0.504 0.196 0.518 0.2 0.522 0.208 0.522 0.212 0.518 0.212 0.504 0.208 0.5
3 0.666 0.936 0.036 0.028 0.65 0.922 0.648 0.924 0.648 0.946 0.656 0.946 0.658 0.948 0.68 0.948 0.68 0.93 0.682 0.928 0.682 0.926 0.68 0.924 0.654 0.924 0.652 0.922
4 0.295 0.609 0.026 0.026 0.288 0.596 0.286 0.598 0.284 0.598 0.284 0.604 0.282 0.606 0.282 0.614 0.284 0.616 0.284 0.62 0.3 0.62 0.302 0.618 0.304 0.618 0.304 0.614 0.306 0.612 0.306 0.6 0.304 0.598 0.302 0.598 0.3 0.596
4 0.154 0.602 0.02 0.02 0.146 0.592 0.144 0.594 0.144 0.608 0.146 0.61 0.156 0.61 0.158 0.608 0.16 0.608 0.16 0.606 0.162 0.604 0.162 0.596 0.158 0.592
7 0.141 0.527 0.01 0.018 0.136 0.518 0.136 0.53 0.138 0.532 0.138 0.534 0.144 0.534 0.144 0.518
4 0.103 0.603 0.014 0.018 0.1 0.594 0.096 0.598 0.096 0.608 0.098 0.61 0.106 0.61 0.106 0.608 0.108 0.606 0.108 0.596 0.106 0.594
4 0.239 0.516 0.014 0.024 0.232 0.504 0.232 0.524 0.238 0.524 0.24 0.526 0.242 0.524 0.244 0.524 0.244 0.506 0.242 0.506 0.24 0.504
2 0.228 0.669 0.248 0.03 0.108 0.654 0.106 0.656 0.106 0.658 0.104 0.66 0.104 0.668 0.106 0.67 0.108 0.67 0.11 0.672 0.146 0.672 0.148 0.674 0.17 0.674 0.172 0.676 0.22 0.676 0.222 0.678 0.26 0.678 0.262 0.68 0.296 0.68 0.298 0.682 0.35 0.682 0.35 0.67 0.348 0.67 0.346 0.668 0.334 0.668 0.332 0.666 0.326 0.666 0.324 0.664 0.31 0.664 0.308 0.662 0.286 0.662 0.284 0.66 0.28 0.66 0.278 0.662 0.272 0.662 0.27 0.66 0.25 0.66 0.248 0.658 0.194 0.658 0.192 0.656 0.19 0.658 0.188 0.656 0.13 0.656 0.128 0.654
3 0.253 0.448 0.322 0.064 0.096 0.416 0.094 0.418 0.094 0.432 0.092 0.434 0.092 0.458 0.094 0.46 0.098 0.46 0.1 0.462 0.112 0.462 0.114 0.464 0.132 0.464 0.134 0.466 0.138 0.466 0.14 0.464 0.14 0.462 0.142 0.46 0.144 0.46 0.146 0.462 0.146 0.464 0.16 0.464 0.162 0.466 0.166 0.466 0.168 0.464 0.17 0.464 0.172 0.462 0.192 0.462 0.196 0.466 0.2 0.466 0.202 0.468 0.22 0.468 0.222 0.47 0.258 0.47 0.26 0.472 0.3 0.472 0.302 0.474 0.352 0.474 0.354 0.476 0.38 0.476 0.382 0.478 0.404 0.478 0.408 0.474 0.408 0.472 0.41 0.47 0.41 0.448 0.412 0.446 0.412 0.436 0.41 0.434 0.404 0.434 0.402 0.432 0.366 0.432 0.364 0.43 0.328 0.43 0.326 0.428 0.288 0.428 0.286 0.426 0.246 0.426 0.244 0.424 0.22 0.424 0.218 0.422 0.2 0.422 0.198 0.424 0.186 0.424 0.184 0.422 0.176 0.422 0.174 0.42 0.138 0.42 0.136 0.418 0.12 0.418 0.118 0.416
7 0.789 0.94 0.01 0.012 0.786 0.934 0.784 0.936 0.784 0.942 0.786 0.942 0.788 0.944 0.79 0.944 0.792 0.942 0.792 0.936 0.79 0.934
4 0.11 0.498 0.016 0.024 0.104 0.486 0.102 0.488 0.102 0.506 0.106 0.506 0.108 0.508 0.112 0.508 0.116 0.504 0.116 0.492 0.114 0.49 0.114 0.488 0.112 0.488 0.11 0.486
3 0.02 0.544 0.04 0.152 0.012 0.468 0.01 0.47 0.008 0.47 0.008 0.484 0.006 0.486 0.006 0.506 0.004 0.508 0.004 0.526 0.002 0.528 0.002 0.566 0.0 0.568 0.0 0.618 0.026 0.618 0.028 0.616 0.028 0.612 0.03 0.61 0.03 0.584 0.032 0.582 0.032 0.538 0.034 0.536 0.034 0.52 0.036 0.518 0.036 0.494 0.038 0.492 0.038 0.47 0.034 0.47 0.032 0.468 0.03 0.468 0.028 0.47 0.022 0.47 0.02 0.468
3 0.724 0.94 0.032 0.028 0.71 0.926 0.708 0.928 0.708 0.948 0.71 0.95 0.728 0.95 0.73 0.952 0.732 0.952 0.734 0.95 0.736 0.95 0.736 0.942 0.738 0.94 0.738 0.928 0.736 0.926
2 0.742 0.599 0.04 0.15 0.738 0.524 0.736 0.526 0.732 0.526 0.732 0.528 0.73 0.53 0.73 0.58 0.728 0.582 0.728 0.59 0.726 0.592 0.726 0.598 0.724 0.6 0.724 0.624 0.722 0.626 0.722 0.658 0.724 0.66 0.724 0.67 0.726 0.672 0.744 0.672 0.746 0.67 0.746 0.662 0.748 0.66 0.748 0.65 0.75 0.648 0.75 0.64 0.752 0.638 0.752 0.634 0.754 0.632 0.754 0.624 0.752 0.622 0.752 0.62 0.754 0.618 0.754 0.576 0.756 0.574 0.756 0.572 0.758 0.57 0.758 0.562 0.76 0.56 0.76 0.54 0.758 0.538 0.758 0.528 0.756 0.526 0.74 0.526
2 0.423 0.6 0.03 0.052 0.414 0.574 0.41 0.578 0.41 0.584 0.408 0.586 0.408 0.608 0.41 0.61 0.41 0.612 0.416 0.618 0.416 0.62 0.418 0.622 0.418 0.624 0.428 0.624 0.428 0.62 0.432 0.616 0.432 0.61 0.434 0.608 0.434 0.602 0.436 0.6 0.436 0.594 0.434 0.592 0.434 0.59 0.436 0.588 0.436 0.576 0.428 0.576 0.426 0.574
7 0.836 0.566 0.008 0.008 0.832 0.562 0.832 0.568 0.836 0.568 0.836 0.566 0.838 0.564 0.836 0.562
4 0.052 0.903 0.024 0.026 0.042 0.89 0.04 0.892 0.04 0.912 0.042 0.914 0.058 0.914 0.062 0.91 0.062 0.892 0.06 0.892 0.058 0.89
7 0.25 0.584 0.008 0.008 0.248 0.58 0.246 0.582 0.246 0.586 0.252 0.586 0.252 0.582 0.25 0.58
4 0.368 0.512 0.016 0.02 0.362 0.502 0.36 0.504 0.36 0.518 0.362 0.52 0.372 0.52 0.374 0.518 0.374 0.506 0.372 0.504 0.372 0.502
7 0.713 0.904 0.01 0.016 0.71 0.896 0.708 0.898 0.708 0.908 0.71 0.91 0.712 0.91 0.716 0.906 0.716 0.898 0.714 0.898 0.712 0.896
5 0.94 0.602 0.02 0.028 0.93 0.588 0.93 0.61 0.934 0.614 0.946 0.614 0.946 0.612 0.948 0.61 0.948 0.59 0.934 0.59 0.932 0.588
5 0.137 0.502 0.034 0.024 0.122 0.49 0.122 0.492 0.12 0.494 0.12 0.508 0.124 0.512 0.152 0.512 0.152 0.492 0.14 0.492 0.138 0.49
