3 0.481 0.104 0.034 0.036 0.47 0.086 0.468 0.088 0.468 0.09 0.466 0.092 0.466 0.1 0.464 0.102 0.466 0.104 0.466 0.114 0.468 0.116 0.468 0.118 0.472 0.118 0.474 0.12 0.486 0.12 0.488 0.118 0.49 0.118 0.492 0.116 0.492 0.114 0.494 0.112 0.494 0.108 0.496 0.106 0.496 0.092 0.492 0.088 0.482 0.088 0.48 0.086
6 0.71 0.949 0.092 0.102 0.668 0.898 0.666 0.9 0.666 0.902 0.664 0.904 0.666 0.906 0.666 0.998 0.75 0.998 0.75 0.996 0.748 0.994 0.748 0.992 0.746 0.99 0.746 0.982 0.748 0.98 0.748 0.978 0.75 0.976 0.75 0.968 0.752 0.966 0.752 0.946 0.754 0.944 0.754 0.9 0.702 0.9 0.7 0.898
6 0.492 0.876 0.104 0.056 0.524 0.848 0.522 0.85 0.44 0.85 0.44 0.9 0.442 0.902 0.48 0.902 0.482 0.9 0.532 0.9 0.534 0.898 0.538 0.898 0.538 0.894 0.54 0.892 0.54 0.856 0.542 0.854 0.542 0.85 0.54 0.848
3 0.096 0.928 0.024 0.032 0.088 0.912 0.088 0.914 0.086 0.916 0.086 0.922 0.084 0.924 0.084 0.94 0.086 0.942 0.102 0.942 0.104 0.94 0.104 0.934 0.106 0.932 0.106 0.924 0.104 0.922 0.104 0.914 0.102 0.912 0.1 0.914 0.096 0.914 0.094 0.912
5 0.05 0.874 0.012 0.016 0.046 0.866 0.044 0.868 0.044 0.88 0.048 0.88 0.05 0.878 0.052 0.878 0.054 0.876 0.054 0.868 0.052 0.866
5 0.069 0.569 0.01 0.018 0.068 0.56 0.068 0.562 0.066 0.564 0.066 0.566 0.064 0.568 0.064 0.572 0.066 0.574 0.066 0.576 0.068 0.576 0.068 0.572 0.07 0.57 0.07 0.566 0.072 0.564 0.072 0.562 0.07 0.56
5 0.681 0.479 0.026 0.022 0.672 0.468 0.668 0.472 0.668 0.484 0.67 0.486 0.672 0.486 0.674 0.488 0.686 0.488 0.688 0.486 0.688 0.482 0.69 0.48 0.69 0.478 0.692 0.476 0.692 0.472 0.69 0.47 0.684 0.47 0.682 0.468
3 0.421 0.491 0.03 0.034 0.414 0.474 0.412 0.476 0.41 0.476 0.408 0.478 0.408 0.48 0.406 0.482 0.406 0.502 0.408 0.504 0.416 0.504 0.418 0.506 0.43 0.506 0.432 0.504 0.432 0.498 0.434 0.496 0.434 0.478 0.432 0.478 0.43 0.476 0.42 0.476 0.418 0.474
5 0.088 0.368 0.012 0.016 0.084 0.36 0.084 0.362 0.082 0.364 0.082 0.372 0.084 0.374 0.09 0.374 0.092 0.372 0.092 0.36
5 0.51 0.165 0.016 0.018 0.504 0.156 0.504 0.16 0.502 0.162 0.502 0.166 0.504 0.168 0.504 0.17 0.506 0.17 0.508 0.172 0.51 0.172 0.512 0.17 0.514 0.17 0.516 0.168 0.516 0.16 0.512 0.156
5 0.121 0.019 0.014 0.022 0.118 0.008 0.118 0.014 0.114 0.018 0.114 0.02 0.116 0.022 0.116 0.026 0.118 0.028 0.12 0.028 0.124 0.024 0.124 0.02 0.126 0.018 0.122 0.014 0.122 0.012 0.12 0.012 0.118 0.01
4 0.018 0.579 0.016 0.014 0.014 0.572 0.012 0.574 0.01 0.574 0.01 0.582 0.012 0.584 0.022 0.584 0.024 0.582 0.024 0.574 0.018 0.574 0.016 0.572
4 0.955 0.529 0.026 0.03 0.946 0.514 0.944 0.516 0.944 0.518 0.942 0.52 0.942 0.536 0.946 0.54 0.956 0.54 0.958 0.542 0.962 0.542 0.964 0.54 0.964 0.538 0.966 0.536 0.966 0.532 0.964 0.53 0.964 0.528 0.966 0.526 0.966 0.524 0.964 0.522 0.964 0.518 0.956 0.518 0.954 0.516 0.952 0.516 0.95 0.514
4 0.119 0.483 0.014 0.018 0.114 0.474 0.114 0.476 0.112 0.478 0.112 0.486 0.114 0.488 0.114 0.49 0.122 0.49 0.122 0.488 0.124 0.486 0.124 0.476 0.122 0.474
4 0.131 0.362 0.03 0.028 0.12 0.348 0.118 0.35 0.118 0.358 0.116 0.36 0.116 0.366 0.118 0.368 0.118 0.37 0.12 0.372 0.124 0.372 0.126 0.374 0.142 0.374 0.144 0.372 0.144 0.352 0.142 0.352 0.14 0.35 0.134 0.35 0.132 0.348
4 0.156 0.063 0.016 0.014 0.15 0.056 0.148 0.058 0.148 0.066 0.15 0.066 0.152 0.068 0.156 0.068 0.158 0.066 0.16 0.066 0.162 0.064 0.162 0.058 0.16 0.056
4 0.074 0.057 0.024 0.022 0.064 0.046 0.064 0.05 0.062 0.052 0.062 0.064 0.064 0.066 0.076 0.066 0.078 0.064 0.08 0.064 0.08 0.062 0.082 0.06 0.082 0.054 0.084 0.052 0.084 0.048 0.082 0.046
3 0.538 0.979 0.06 0.042 0.52 0.958 0.518 0.96 0.512 0.96 0.51 0.962 0.508 0.962 0.51 0.964 0.51 0.974 0.508 0.976 0.508 0.982 0.51 0.984 0.51 0.988 0.512 0.99 0.512 0.992 0.51 0.994 0.51 0.998 0.566 0.998 0.566 0.96 0.564 0.958 0.55 0.958 0.548 0.96 0.522 0.96
3 0.86 0.95 0.14 0.1 0.832 0.9 0.792 0.94 0.792 0.942 0.79 0.944 0.79 0.95 0.794 0.954 0.794 0.956 0.796 0.958 0.796 0.96 0.8 0.964 0.8 0.966 0.804 0.97 0.804 0.972 0.806 0.974 0.806 0.976 0.812 0.982 0.812 0.984 0.814 0.986 0.814 0.988 0.816 0.99 0.816 0.992 0.822 0.998 0.926 0.998 0.926 0.956 0.924 0.954 0.924 0.946 0.926 0.944 0.926 0.932 0.928 0.93 0.928 0.914 0.926 0.912 0.926 0.91 0.924 0.908 0.906 0.908 0.904 0.906 0.89 0.906 0.888 0.904 0.872 0.904 0.87 0.902 0.854 0.902 0.852 0.9
3 0.494 0.675 0.036 0.042 0.484 0.654 0.48 0.658 0.48 0.664 0.478 0.666 0.478 0.672 0.476 0.674 0.476 0.688 0.48 0.692 0.488 0.692 0.49 0.694 0.506 0.694 0.508 0.692 0.51 0.692 0.51 0.66 0.508 0.658 0.502 0.658 0.5 0.656 0.492 0.656 0.49 0.654
3 0.401 0.61 0.038 0.036 0.388 0.592 0.386 0.594 0.386 0.598 0.384 0.6 0.384 0.612 0.382 0.614 0.382 0.62 0.384 0.622 0.386 0.622 0.388 0.624 0.392 0.624 0.394 0.626 0.414 0.626 0.416 0.624 0.416 0.612 0.418 0.61 0.418 0.596 0.416 0.596 0.414 0.594 0.404 0.594 0.402 0.592
3 0.514 0.568 0.036 0.036 0.506 0.55 0.504 0.552 0.502 0.552 0.5 0.554 0.5 0.56 0.498 0.562 0.498 0.568 0.496 0.57 0.496 0.576 0.5 0.58 0.502 0.58 0.504 0.582 0.516 0.582 0.518 0.584 0.524 0.584 0.526 0.582 0.526 0.578 0.528 0.576 0.528 0.562 0.53 0.56 0.528 0.558 0.528 0.556 0.526 0.554 0.514 0.554 0.512 0.552 0.508 0.552
3 0.123 0.547 0.022 0.03 0.114 0.534 0.114 0.536 0.112 0.538 0.112 0.558 0.114 0.56 0.128 0.56 0.13 0.558 0.132 0.558 0.132 0.536 0.122 0.536 0.12 0.534
3 0.713 0.542 0.042 0.044 0.71 0.52 0.706 0.524 0.704 0.524 0.7 0.528 0.698 0.528 0.696 0.53 0.696 0.532 0.692 0.536 0.692 0.542 0.694 0.544 0.694 0.546 0.696 0.548 0.696 0.552 0.698 0.554 0.698 0.558 0.7 0.558 0.702 0.56 0.71 0.56 0.712 0.562 0.728 0.562 0.73 0.56 0.73 0.552 0.732 0.55 0.732 0.53 0.73 0.528 0.73 0.526 0.728 0.526 0.724 0.522 0.716 0.522 0.714 0.52
3 0.02 0.539 0.028 0.034 0.01 0.522 0.008 0.524 0.008 0.542 0.006 0.544 0.006 0.55 0.01 0.554 0.03 0.554 0.032 0.552 0.032 0.524 0.03 0.522
3 0.654 0.533 0.044 0.046 0.648 0.51 0.644 0.514 0.644 0.516 0.642 0.518 0.64 0.518 0.634 0.524 0.634 0.526 0.632 0.528 0.632 0.532 0.638 0.538 0.638 0.546 0.642 0.55 0.652 0.55 0.654 0.552 0.658 0.552 0.66 0.554 0.67 0.554 0.672 0.552 0.672 0.542 0.674 0.54 0.674 0.518 0.672 0.518 0.67 0.516 0.668 0.516 0.666 0.514 0.662 0.514 0.66 0.512 0.658 0.512 0.656 0.51
3 0.582 0.521 0.044 0.046 0.576 0.498 0.572 0.502 0.57 0.502 0.562 0.51 0.562 0.512 0.56 0.514 0.56 0.52 0.564 0.524 0.564 0.532 0.566 0.534 0.566 0.536 0.568 0.536 0.57 0.538 0.574 0.538 0.576 0.54 0.588 0.54 0.59 0.542 0.596 0.542 0.6 0.538 0.6 0.52 0.602 0.518 0.602 0.508 0.6 0.506 0.598 0.506 0.594 0.502 0.59 0.502 0.588 0.5 0.584 0.5 0.582 0.498
3 0.026 0.478 0.032 0.032 0.014 0.462 0.012 0.464 0.012 0.474 0.01 0.476 0.01 0.49 0.014 0.49 0.016 0.492 0.036 0.492 0.038 0.49 0.038 0.488 0.04 0.486 0.04 0.466 0.036 0.462
3 0.736 0.446 0.044 0.048 0.722 0.422 0.72 0.424 0.72 0.426 0.718 0.428 0.718 0.434 0.716 0.436 0.716 0.444 0.714 0.446 0.714 0.45 0.716 0.452 0.716 0.456 0.722 0.462 0.722 0.464 0.726 0.468 0.728 0.468 0.73 0.466 0.734 0.466 0.736 0.464 0.74 0.464 0.742 0.462 0.746 0.462 0.748 0.46 0.748 0.452 0.75 0.45 0.75 0.448 0.752 0.446 0.752 0.444 0.754 0.442 0.754 0.44 0.756 0.438 0.756 0.428 0.754 0.426 0.748 0.426 0.746 0.424 0.734 0.424 0.732 0.422
3 0.677 0.437 0.042 0.054 0.664 0.41 0.662 0.412 0.66 0.412 0.66 0.42 0.658 0.422 0.658 0.426 0.656 0.428 0.656 0.446 0.66 0.45 0.66 0.452 0.666 0.458 0.666 0.46 0.668 0.46 0.67 0.462 0.678 0.462 0.69 0.45 0.69 0.442 0.692 0.44 0.692 0.434 0.694 0.432 0.694 0.428 0.696 0.426 0.696 0.42 0.692 0.416 0.69 0.416 0.688 0.414 0.678 0.414 0.676 0.412 0.668 0.412 0.666 0.41
3 0.133 0.427 0.026 0.034 0.126 0.41 0.122 0.414 0.122 0.42 0.12 0.422 0.12 0.436 0.124 0.44 0.13 0.44 0.132 0.442 0.142 0.442 0.144 0.44 0.144 0.42 0.142 0.418 0.142 0.414 0.14 0.412 0.136 0.412 0.134 0.41
3 0.604 0.424 0.044 0.048 0.588 0.4 0.586 0.402 0.586 0.404 0.584 0.406 0.584 0.42 0.582 0.422 0.582 0.436 0.592 0.446 0.596 0.446 0.598 0.444 0.602 0.444 0.604 0.442 0.608 0.442 0.61 0.44 0.614 0.44 0.614 0.438 0.616 0.436 0.616 0.428 0.618 0.426 0.618 0.424 0.62 0.422 0.62 0.416 0.622 0.414 0.622 0.41 0.624 0.408 0.622 0.406 0.622 0.404 0.618 0.404 0.616 0.402 0.606 0.402 0.604 0.4
3 0.03 0.417 0.032 0.034 0.02 0.4 0.02 0.402 0.018 0.404 0.018 0.412 0.016 0.414 0.016 0.422 0.014 0.424 0.014 0.428 0.016 0.43 0.024 0.43 0.026 0.432 0.038 0.432 0.04 0.43 0.042 0.43 0.044 0.428 0.044 0.404 0.042 0.402 0.03 0.402 0.028 0.4
3 0.59 0.117 0.032 0.03 0.578 0.102 0.576 0.104 0.576 0.112 0.574 0.114 0.574 0.128 0.576 0.13 0.594 0.13 0.598 0.126 0.598 0.124 0.6 0.122 0.6 0.12 0.602 0.118 0.602 0.114 0.604 0.112 0.604 0.108 0.602 0.108 0.6 0.106 0.598 0.106 0.596 0.104 0.588 0.104 0.586 0.102
3 0.596 0.048 0.028 0.036 0.594 0.03 0.592 0.032 0.59 0.032 0.584 0.038 0.584 0.04 0.582 0.042 0.582 0.06 0.586 0.064 0.604 0.064 0.606 0.062 0.606 0.06 0.608 0.058 0.608 0.046 0.606 0.044 0.606 0.038 0.604 0.036 0.604 0.032 0.602 0.03
3 0.607 0.009 0.05 0.018 0.584 0.0 0.582 0.002 0.582 0.008 0.584 0.01 0.584 0.014 0.588 0.014 0.59 0.016 0.608 0.016 0.61 0.014 0.618 0.014 0.624 0.008 0.628 0.008 0.628 0.004 0.63 0.002 0.63 0.0
2 0.785 0.511 0.038 0.086 0.778 0.468 0.776 0.47 0.776 0.472 0.772 0.476 0.772 0.478 0.77 0.48 0.77 0.482 0.768 0.484 0.768 0.488 0.766 0.49 0.766 0.546 0.77 0.55 0.78 0.55 0.782 0.552 0.788 0.552 0.79 0.55 0.79 0.548 0.792 0.546 0.792 0.534 0.794 0.532 0.794 0.522 0.796 0.52 0.796 0.51 0.798 0.508 0.798 0.5 0.8 0.498 0.8 0.486 0.802 0.484 0.802 0.474 0.796 0.474 0.794 0.472 0.792 0.472 0.79 0.47 0.784 0.47 0.782 0.468
4 0.44 0.427 0.02 0.018 0.432 0.418 0.43 0.42 0.43 0.43 0.434 0.434 0.442 0.434 0.444 0.432 0.446 0.432 0.448 0.43 0.448 0.422 0.446 0.42 0.444 0.42 0.442 0.418
5 0.468 0.45 0.02 0.016 0.462 0.442 0.458 0.446 0.458 0.452 0.462 0.456 0.472 0.456 0.476 0.452 0.476 0.446 0.472 0.442
6 0.656 0.113 0.068 0.054 0.628 0.086 0.626 0.088 0.626 0.09 0.624 0.092 0.624 0.116 0.622 0.118 0.622 0.132 0.624 0.134 0.636 0.134 0.638 0.136 0.644 0.136 0.646 0.138 0.664 0.138 0.666 0.136 0.67 0.136 0.672 0.134 0.674 0.134 0.676 0.132 0.678 0.132 0.686 0.124 0.686 0.118 0.688 0.116 0.688 0.096 0.686 0.094 0.682 0.094 0.68 0.092 0.672 0.092 0.67 0.09 0.656 0.09 0.654 0.088 0.646 0.088 0.644 0.086
4 0.709 0.281 0.114 0.042 0.656 0.26 0.656 0.262 0.654 0.264 0.654 0.274 0.652 0.276 0.652 0.278 0.654 0.28 0.654 0.282 0.668 0.282 0.67 0.284 0.68 0.284 0.682 0.286 0.69 0.286 0.692 0.288 0.698 0.288 0.7 0.29 0.712 0.29 0.714 0.292 0.724 0.292 0.726 0.294 0.736 0.294 0.738 0.296 0.744 0.296 0.746 0.298 0.756 0.298 0.758 0.3 0.76 0.3 0.762 0.298 0.762 0.292 0.764 0.29 0.764 0.278 0.758 0.278 0.756 0.276 0.75 0.276 0.748 0.274 0.738 0.274 0.736 0.272 0.726 0.272 0.724 0.27 0.714 0.27 0.712 0.268 0.704 0.268 0.702 0.266 0.696 0.266 0.694 0.264 0.684 0.264 0.682 0.262 0.67 0.262 0.668 0.26
4 0.703 0.323 0.114 0.042 0.65 0.302 0.648 0.304 0.648 0.308 0.646 0.31 0.646 0.32 0.648 0.322 0.66 0.322 0.662 0.324 0.67 0.324 0.672 0.326 0.68 0.326 0.682 0.328 0.69 0.328 0.692 0.33 0.702 0.33 0.704 0.332 0.712 0.332 0.714 0.334 0.722 0.334 0.724 0.336 0.732 0.336 0.734 0.338 0.742 0.338 0.744 0.34 0.748 0.34 0.75 0.342 0.754 0.342 0.754 0.34 0.756 0.338 0.756 0.334 0.758 0.332 0.758 0.318 0.748 0.318 0.746 0.316 0.74 0.316 0.738 0.314 0.728 0.314 0.726 0.312 0.72 0.312 0.718 0.31 0.706 0.31 0.704 0.308 0.696 0.308 0.694 0.306 0.682 0.306 0.68 0.304 0.67 0.304 0.668 0.302
3 0.005 0.922 0.01 0.032 0.0 0.906 0.0 0.936 0.002 0.936 0.006 0.932 0.006 0.924 0.008 0.922 0.008 0.91 0.004 0.906
3 0.45 0.995 0.036 0.01 0.438 0.99 0.436 0.992 0.434 0.992 0.432 0.994 0.432 0.998 0.466 0.998 0.464 0.996 0.464 0.992 0.462 0.99
6 0.654 0.693 0.096 0.094 0.614 0.646 0.614 0.654 0.612 0.656 0.612 0.67 0.61 0.672 0.61 0.688 0.608 0.69 0.608 0.716 0.606 0.718 0.606 0.726 0.608 0.728 0.608 0.73 0.642 0.73 0.644 0.732 0.65 0.732 0.652 0.734 0.654 0.734 0.658 0.738 0.66 0.736 0.668 0.736 0.668 0.724 0.67 0.722 0.67 0.708 0.672 0.706 0.672 0.698 0.674 0.696 0.674 0.684 0.676 0.682 0.676 0.674 0.678 0.672 0.678 0.656 0.676 0.654 0.672 0.654 0.67 0.652 0.658 0.652 0.656 0.65 0.646 0.65 0.644 0.648 0.63 0.648 0.628 0.646
7 0.106 0.018 0.012 0.02 0.102 0.008 0.102 0.014 0.1 0.016 0.1 0.024 0.102 0.026 0.108 0.026 0.11 0.024 0.11 0.01 0.108 0.008
7 0.065 0.477 0.014 0.014 0.06 0.47 0.06 0.472 0.058 0.474 0.058 0.48 0.06 0.482 0.068 0.482 0.068 0.48 0.07 0.478 0.068 0.476 0.068 0.47
7 0.955 0.475 0.014 0.01 0.948 0.47 0.948 0.478 0.958 0.478 0.96 0.476 0.96 0.47
7 0.478 0.509 0.008 0.014 0.478 0.502 0.476 0.504 0.476 0.506 0.474 0.508 0.476 0.51 0.476 0.512 0.478 0.514 0.48 0.514 0.48 0.502
7 0.459 0.603 0.022 0.018 0.454 0.594 0.45 0.598 0.45 0.602 0.448 0.604 0.448 0.608 0.45 0.61 0.464 0.61 0.468 0.606 0.468 0.596 0.466 0.594
7 0.516 0.726 0.012 0.012 0.51 0.72 0.51 0.726 0.512 0.728 0.512 0.73 0.516 0.73 0.52 0.726 0.52 0.724 0.516 0.72
5 0.485 0.958 0.018 0.02 0.478 0.948 0.476 0.95 0.476 0.96 0.478 0.962 0.478 0.964 0.48 0.966 0.488 0.966 0.492 0.962 0.492 0.952 0.49 0.95 0.488 0.95 0.486 0.948
7 0.502 0.971 0.016 0.018 0.498 0.962 0.496 0.964 0.496 0.966 0.494 0.968 0.494 0.976 0.496 0.978 0.502 0.978 0.504 0.976 0.506 0.976 0.506 0.974 0.508 0.972 0.508 0.968 0.506 0.966 0.506 0.964 0.504 0.962
3 0.498 0.628 0.032 0.04 0.49 0.608 0.486 0.612 0.486 0.618 0.484 0.62 0.484 0.626 0.482 0.628 0.482 0.634 0.484 0.636 0.484 0.64 0.486 0.642 0.486 0.644 0.502 0.644 0.504 0.646 0.506 0.646 0.51 0.642 0.51 0.632 0.512 0.63 0.512 0.61 0.508 0.61 0.506 0.608
