7 0.123 0.091 0.014 0.014 0.12 0.084 0.118 0.086 0.118 0.088 0.116 0.09 0.116 0.092 0.118 0.094 0.118 0.096 0.126 0.096 0.128 0.094 0.128 0.086 0.126 0.084
5 0.225 0.019 0.018 0.018 0.222 0.01 0.216 0.016 0.216 0.024 0.218 0.026 0.23 0.026 0.232 0.024 0.232 0.016 0.23 0.014 0.23 0.01
5 0.293 0.028 0.018 0.02 0.286 0.018 0.284 0.02 0.284 0.034 0.286 0.036 0.294 0.036 0.296 0.034 0.3 0.034 0.3 0.02 0.298 0.018
5 0.547 0.473 0.022 0.026 0.538 0.46 0.538 0.462 0.536 0.464 0.536 0.466 0.538 0.468 0.538 0.478 0.54 0.48 0.54 0.484 0.548 0.484 0.55 0.482 0.554 0.482 0.556 0.48 0.556 0.464 0.552 0.46
5 0.427 0.871 0.022 0.03 0.422 0.856 0.42 0.858 0.416 0.858 0.416 0.882 0.418 0.884 0.42 0.884 0.422 0.882 0.432 0.882 0.436 0.878 0.436 0.872 0.434 0.87 0.434 0.86 0.432 0.858 0.432 0.856
6 0.238 0.162 0.152 0.084 0.274 0.12 0.272 0.122 0.26 0.122 0.258 0.124 0.25 0.124 0.252 0.126 0.25 0.128 0.248 0.128 0.246 0.126 0.236 0.126 0.234 0.128 0.22 0.128 0.218 0.13 0.196 0.13 0.194 0.132 0.174 0.132 0.172 0.134 0.162 0.134 0.162 0.154 0.164 0.156 0.164 0.172 0.166 0.174 0.166 0.188 0.168 0.19 0.168 0.198 0.17 0.2 0.17 0.202 0.192 0.202 0.194 0.2 0.208 0.2 0.21 0.198 0.228 0.198 0.23 0.196 0.244 0.196 0.246 0.194 0.264 0.194 0.266 0.192 0.282 0.192 0.284 0.19 0.294 0.19 0.296 0.188 0.304 0.188 0.306 0.186 0.308 0.186 0.312 0.182 0.312 0.146 0.31 0.144 0.31 0.124 0.308 0.122 0.308 0.12
7 0.27 0.049 0.008 0.01 0.268 0.044 0.266 0.046 0.266 0.052 0.272 0.052 0.272 0.046 0.27 0.044
7 0.173 0.059 0.014 0.014 0.172 0.052 0.17 0.054 0.168 0.054 0.168 0.056 0.166 0.058 0.166 0.062 0.168 0.064 0.172 0.064 0.174 0.062 0.176 0.062 0.176 0.06 0.178 0.058 0.178 0.056 0.176 0.054 0.174 0.054
7 0.226 0.08 0.012 0.012 0.222 0.074 0.22 0.076 0.22 0.082 0.222 0.084 0.228 0.084 0.23 0.082 0.23 0.074
7 0.082 0.117 0.012 0.01 0.08 0.112 0.078 0.114 0.076 0.114 0.076 0.118 0.078 0.12 0.084 0.12 0.086 0.118 0.086 0.114 0.084 0.112
7 0.139 0.108 0.01 0.008 0.136 0.104 0.134 0.106 0.134 0.11 0.14 0.11 0.142 0.108 0.142 0.106 0.14 0.106 0.138 0.104
7 0.1 0.129 0.008 0.01 0.1 0.124 0.098 0.126 0.096 0.126 0.096 0.13 0.098 0.132 0.102 0.132 0.102 0.124
7 0.101 0.128 0.01 0.008 0.098 0.124 0.098 0.126 0.096 0.128 0.098 0.13 0.104 0.13 0.104 0.124
7 0.125 0.134 0.01 0.008 0.124 0.13 0.122 0.132 0.12 0.132 0.12 0.134 0.122 0.136 0.126 0.136 0.128 0.134 0.128 0.132 0.126 0.13
7 0.1 0.158 0.012 0.012 0.098 0.152 0.096 0.154 0.094 0.154 0.094 0.162 0.1 0.162 0.104 0.158 0.104 0.154 0.102 0.152
7 0.133 0.252 0.014 0.016 0.13 0.244 0.126 0.248 0.126 0.256 0.128 0.258 0.134 0.258 0.134 0.256 0.136 0.254 0.136 0.25 0.138 0.248 0.136 0.246 0.136 0.244
7 0.132 0.254 0.012 0.012 0.128 0.248 0.126 0.25 0.126 0.256 0.128 0.258 0.132 0.258 0.134 0.256 0.134 0.252 0.136 0.25 0.134 0.248
7 0.451 0.801 0.014 0.01 0.446 0.796 0.444 0.798 0.444 0.802 0.446 0.802 0.448 0.804 0.452 0.804 0.454 0.802 0.456 0.802 0.456 0.798 0.454 0.796
7 0.476 0.799 0.012 0.022 0.472 0.788 0.472 0.79 0.47 0.792 0.47 0.802 0.472 0.804 0.472 0.806 0.474 0.806 0.476 0.808 0.478 0.808 0.48 0.806 0.48 0.792 0.476 0.788
7 0.514 0.787 0.02 0.01 0.512 0.782 0.51 0.784 0.504 0.784 0.504 0.79 0.518 0.79 0.522 0.786 0.518 0.782
7 0.447 0.874 0.022 0.016 0.454 0.866 0.452 0.868 0.448 0.868 0.446 0.87 0.442 0.87 0.436 0.876 0.436 0.88 0.44 0.88 0.444 0.876 0.446 0.876 0.448 0.874 0.45 0.874 0.452 0.872 0.454 0.872 0.456 0.87 0.456 0.868
7 0.342 0.89 0.008 0.008 0.338 0.886 0.338 0.888 0.34 0.89 0.34 0.892 0.344 0.892 0.344 0.886
