7 0.256 0.031 0.052 0.038 0.236 0.012 0.232 0.016 0.232 0.022 0.23 0.024 0.23 0.036 0.232 0.038 0.236 0.038 0.238 0.04 0.242 0.04 0.244 0.042 0.248 0.042 0.25 0.044 0.254 0.044 0.256 0.046 0.262 0.046 0.264 0.048 0.274 0.048 0.276 0.046 0.276 0.044 0.278 0.042 0.278 0.036 0.28 0.034 0.28 0.026 0.278 0.024 0.274 0.024 0.272 0.022 0.266 0.022 0.264 0.02 0.26 0.02 0.258 0.018 0.254 0.018 0.252 0.016 0.248 0.016 0.246 0.014 0.242 0.014 0.24 0.012
7 0.323 0.745 0.27 0.278 0.228 0.606 0.226 0.608 0.224 0.608 0.22 0.612 0.22 0.614 0.21 0.624 0.208 0.624 0.208 0.626 0.192 0.642 0.192 0.644 0.19 0.646 0.19 0.648 0.188 0.65 0.188 0.654 0.19 0.656 0.19 0.658 0.206 0.674 0.206 0.676 0.224 0.694 0.226 0.694 0.238 0.706 0.238 0.708 0.314 0.784 0.314 0.786 0.322 0.794 0.324 0.794 0.328 0.798 0.328 0.8 0.334 0.806 0.336 0.806 0.344 0.814 0.344 0.816 0.384 0.856 0.386 0.856 0.406 0.876 0.408 0.876 0.412 0.88 0.414 0.88 0.416 0.882 0.418 0.882 0.422 0.878 0.424 0.878 0.426 0.876 0.426 0.874 0.43 0.87 0.432 0.87 0.438 0.864 0.438 0.862 0.444 0.856 0.444 0.854 0.454 0.844 0.454 0.842 0.456 0.84 0.456 0.836 0.44 0.82 0.438 0.82 0.396 0.778 0.396 0.776 0.394 0.774 0.392 0.774 0.386 0.768 0.386 0.766 0.384 0.766 0.38 0.762 0.38 0.76 0.376 0.756 0.374 0.756 0.372 0.754 0.372 0.752 0.324 0.704 0.324 0.702 0.288 0.666 0.288 0.664 0.286 0.662 0.284 0.662 0.282 0.66 0.282 0.658 0.244 0.62 0.244 0.618 0.242 0.616 0.24 0.616 0.232 0.608 0.23 0.608
4 0.927 0.987 0.038 0.026 0.916 0.974 0.91 0.98 0.91 0.982 0.908 0.984 0.908 0.986 0.91 0.988 0.91 0.99 0.918 0.998 0.944 0.998 0.942 0.996 0.942 0.994 0.932 0.984 0.932 0.982 0.93 0.982 0.922 0.974
4 0.958 0.959 0.044 0.038 0.956 0.94 0.954 0.942 0.952 0.942 0.946 0.948 0.944 0.948 0.936 0.956 0.936 0.96 0.948 0.972 0.95 0.972 0.952 0.974 0.954 0.974 0.956 0.976 0.968 0.976 0.976 0.968 0.976 0.966 0.978 0.964 0.978 0.954 0.976 0.952 0.976 0.95 0.966 0.94
7 0.286 0.105 0.052 0.038 0.266 0.086 0.266 0.088 0.264 0.09 0.264 0.094 0.262 0.096 0.262 0.102 0.26 0.104 0.26 0.108 0.262 0.11 0.264 0.11 0.266 0.112 0.268 0.112 0.27 0.114 0.274 0.114 0.276 0.116 0.278 0.116 0.28 0.118 0.286 0.118 0.288 0.12 0.292 0.12 0.294 0.122 0.304 0.122 0.304 0.12 0.306 0.118 0.306 0.116 0.308 0.114 0.308 0.11 0.31 0.108 0.31 0.098 0.308 0.098 0.306 0.096 0.302 0.096 0.3 0.094 0.294 0.094 0.292 0.092 0.288 0.092 0.286 0.09 0.282 0.09 0.28 0.088 0.276 0.088 0.274 0.086
7 0.227 0.128 0.054 0.04 0.206 0.108 0.204 0.11 0.204 0.112 0.202 0.114 0.202 0.118 0.2 0.12 0.2 0.132 0.202 0.134 0.206 0.134 0.208 0.136 0.212 0.136 0.214 0.138 0.218 0.138 0.22 0.14 0.224 0.14 0.226 0.142 0.23 0.142 0.232 0.144 0.238 0.144 0.24 0.146 0.244 0.146 0.248 0.142 0.248 0.138 0.25 0.136 0.25 0.13 0.252 0.128 0.252 0.126 0.25 0.124 0.25 0.122 0.248 0.122 0.246 0.12 0.242 0.12 0.24 0.118 0.236 0.118 0.234 0.116 0.23 0.116 0.228 0.114 0.224 0.114 0.222 0.112 0.218 0.112 0.216 0.11 0.212 0.11 0.21 0.108
7 0.253 0.209 0.058 0.038 0.232 0.19 0.23 0.192 0.23 0.194 0.228 0.196 0.228 0.202 0.226 0.204 0.226 0.21 0.224 0.212 0.228 0.216 0.234 0.216 0.236 0.218 0.24 0.218 0.242 0.22 0.244 0.22 0.246 0.222 0.25 0.222 0.252 0.224 0.256 0.224 0.258 0.226 0.274 0.226 0.278 0.222 0.278 0.218 0.28 0.216 0.28 0.208 0.274 0.202 0.27 0.202 0.268 0.2 0.264 0.2 0.262 0.198 0.258 0.198 0.256 0.196 0.252 0.196 0.25 0.194 0.246 0.194 0.244 0.192 0.24 0.192 0.238 0.19
7 0.139 0.888 0.254 0.224 0.054 0.776 0.052 0.778 0.05 0.778 0.044 0.784 0.042 0.784 0.028 0.798 0.028 0.8 0.014 0.814 0.014 0.818 0.012 0.82 0.014 0.822 0.014 0.824 0.018 0.828 0.018 0.83 0.032 0.844 0.032 0.846 0.078 0.892 0.08 0.892 0.082 0.894 0.082 0.896 0.084 0.896 0.108 0.92 0.108 0.922 0.11 0.922 0.114 0.926 0.114 0.928 0.116 0.928 0.122 0.934 0.122 0.936 0.164 0.978 0.166 0.978 0.178 0.99 0.18 0.99 0.182 0.992 0.182 0.994 0.186 0.998 0.264 0.998 0.264 0.992 0.256 0.984 0.254 0.984 0.25 0.98 0.25 0.978 0.2 0.928 0.2 0.926 0.194 0.92 0.192 0.92 0.19 0.918 0.19 0.916 0.154 0.88 0.154 0.878 0.122 0.846 0.122 0.844 0.12 0.844 0.114 0.838 0.114 0.836 0.086 0.808 0.086 0.806 0.058 0.778 0.056 0.778
7 0.706 0.983 0.012 0.01 0.702 0.978 0.7 0.98 0.7 0.984 0.702 0.986 0.708 0.986 0.71 0.984 0.71 0.978
7 0.319 0.01 0.054 0.02 0.292 0.0 0.292 0.002 0.298 0.008 0.3 0.008 0.302 0.01 0.304 0.01 0.306 0.012 0.31 0.012 0.312 0.014 0.318 0.014 0.32 0.016 0.328 0.016 0.33 0.018 0.336 0.018 0.34 0.014 0.34 0.01 0.342 0.008 0.342 0.002 0.344 0.0
