7 0.011 0.973 0.022 0.014 0.006 0.966 0.004 0.968 0.0 0.968 0.0 0.978 0.014 0.978 0.016 0.976 0.018 0.976 0.02 0.974 0.02 0.968 0.018 0.966
7 0.613 0.278 0.014 0.012 0.61 0.272 0.606 0.276 0.606 0.278 0.608 0.28 0.608 0.282 0.616 0.282 0.616 0.28 0.618 0.278 0.616 0.276 0.616 0.274 0.614 0.274 0.612 0.272
7 0.871 0.431 0.01 0.014 0.868 0.424 0.866 0.426 0.866 0.434 0.868 0.436 0.87 0.436 0.872 0.434 0.874 0.434 0.874 0.43 0.872 0.428 0.872 0.426 0.87 0.424
7 0.587 0.469 0.014 0.01 0.582 0.464 0.58 0.466 0.58 0.468 0.584 0.472 0.588 0.472 0.59 0.47 0.592 0.47 0.592 0.466 0.59 0.464
7 0.954 0.477 0.032 0.034 0.946 0.46 0.944 0.462 0.942 0.462 0.94 0.464 0.94 0.466 0.938 0.468 0.938 0.482 0.94 0.484 0.94 0.488 0.942 0.488 0.944 0.49 0.946 0.49 0.948 0.492 0.962 0.492 0.964 0.49 0.966 0.49 0.966 0.488 0.968 0.486 0.968 0.468 0.964 0.464 0.962 0.464 0.96 0.462 0.958 0.462 0.956 0.46
5 0.611 0.42 0.014 0.012 0.614 0.414 0.612 0.416 0.608 0.416 0.606 0.418 0.606 0.42 0.604 0.422 0.606 0.424 0.614 0.424 0.616 0.422 0.616 0.416
7 0.358 0.402 0.028 0.036 0.358 0.384 0.356 0.386 0.344 0.386 0.344 0.408 0.346 0.41 0.346 0.414 0.35 0.418 0.36 0.418 0.362 0.416 0.364 0.416 0.366 0.414 0.368 0.414 0.37 0.412 0.37 0.396 0.368 0.394 0.368 0.39 0.366 0.388 0.366 0.386 0.362 0.386 0.36 0.384
7 0.141 0.413 0.174 0.05 0.206 0.388 0.204 0.39 0.194 0.39 0.192 0.392 0.186 0.392 0.184 0.394 0.176 0.394 0.174 0.396 0.16 0.396 0.158 0.398 0.144 0.398 0.142 0.4 0.134 0.4 0.132 0.402 0.12 0.402 0.118 0.404 0.112 0.404 0.11 0.406 0.1 0.406 0.098 0.408 0.09 0.408 0.088 0.41 0.076 0.41 0.074 0.412 0.064 0.412 0.06 0.416 0.058 0.416 0.058 0.418 0.054 0.422 0.054 0.43 0.058 0.434 0.06 0.434 0.064 0.43 0.064 0.428 0.07 0.422 0.074 0.422 0.076 0.42 0.088 0.42 0.09 0.418 0.098 0.418 0.1 0.416 0.108 0.416 0.11 0.414 0.12 0.414 0.122 0.412 0.134 0.412 0.136 0.41 0.144 0.41 0.146 0.408 0.154 0.408 0.156 0.406 0.166 0.406 0.168 0.404 0.178 0.404 0.18 0.402 0.194 0.402 0.196 0.4 0.206 0.4 0.21 0.404 0.21 0.41 0.208 0.412 0.204 0.412 0.202 0.414 0.2 0.414 0.2 0.418 0.202 0.42 0.202 0.424 0.204 0.426 0.204 0.432 0.206 0.434 0.206 0.436 0.216 0.436 0.218 0.434 0.224 0.434 0.226 0.432 0.226 0.42 0.224 0.418 0.224 0.406 0.222 0.404 0.222 0.398 0.22 0.396 0.22 0.394 0.216 0.39 0.214 0.39 0.212 0.388
7 0.445 0.364 0.026 0.036 0.44 0.346 0.438 0.348 0.436 0.348 0.434 0.35 0.432 0.35 0.432 0.374 0.434 0.376 0.434 0.378 0.442 0.378 0.444 0.38 0.45 0.38 0.452 0.378 0.454 0.378 0.456 0.376 0.456 0.366 0.454 0.364 0.454 0.352 0.448 0.346
7 0.151 0.36 0.09 0.056 0.142 0.362 0.14 0.364 0.142 0.364 0.144 0.362
5 0.96 0.314 0.028 0.016 0.964 0.306 0.962 0.308 0.95 0.308 0.948 0.31 0.948 0.312 0.946 0.314 0.948 0.316 0.948 0.32 0.956 0.32 0.958 0.318 0.966 0.318 0.968 0.316 0.97 0.316 0.972 0.314 0.972 0.31 0.97 0.31 0.968 0.308 0.966 0.308
7 0.071 0.436 0.046 0.048 0.068 0.412 0.066 0.414 0.062 0.414 0.06 0.416 0.058 0.416 0.056 0.418 0.056 0.422 0.054 0.424 0.054 0.434 0.052 0.436 0.05 0.436 0.05 0.438 0.048 0.44 0.048 0.446 0.05 0.448 0.052 0.448 0.056 0.452 0.056 0.454 0.058 0.456 0.07 0.456 0.072 0.454 0.076 0.454 0.078 0.456 0.086 0.456 0.088 0.458 0.092 0.458 0.092 0.446 0.09 0.444 0.09 0.442 0.088 0.44 0.088 0.438 0.086 0.436 0.086 0.43 0.082 0.426 0.082 0.422 0.08 0.42 0.08 0.418 0.078 0.416 0.078 0.414 0.076 0.414 0.074 0.412
5 0.581 0.294 0.018 0.02 0.58 0.284 0.578 0.286 0.574 0.286 0.572 0.288 0.572 0.3 0.574 0.302 0.586 0.302 0.588 0.3 0.588 0.288 0.584 0.284
7 0.644 0.551 0.016 0.018 0.638 0.542 0.636 0.544 0.636 0.548 0.638 0.55 0.638 0.556 0.64 0.558 0.648 0.558 0.648 0.556 0.65 0.554 0.65 0.55 0.648 0.548 0.648 0.544 0.646 0.542
7 0.644 0.555 0.012 0.01 0.638 0.55 0.638 0.554 0.64 0.556 0.64 0.558 0.648 0.558 0.648 0.55
7 0.656 0.594 0.012 0.012 0.652 0.588 0.65 0.59 0.65 0.598 0.66 0.598 0.66 0.59 0.658 0.588
7 0.705 0.593 0.014 0.014 0.702 0.586 0.7 0.588 0.7 0.592 0.698 0.594 0.698 0.596 0.7 0.598 0.706 0.598 0.708 0.596 0.71 0.596 0.71 0.59 0.708 0.588 0.706 0.588 0.704 0.586
4 0.642 0.489 0.072 0.082 0.66 0.448 0.658 0.45 0.652 0.45 0.65 0.452 0.644 0.452 0.642 0.454 0.63 0.454 0.628 0.456 0.614 0.456 0.612 0.458 0.606 0.458 0.606 0.464 0.608 0.466 0.608 0.474 0.61 0.476 0.61 0.486 0.612 0.488 0.612 0.498 0.614 0.5 0.614 0.51 0.616 0.512 0.616 0.524 0.618 0.526 0.618 0.528 0.626 0.528 0.628 0.526 0.642 0.526 0.644 0.524 0.652 0.524 0.654 0.522 0.662 0.522 0.664 0.52 0.67 0.52 0.672 0.518 0.674 0.518 0.676 0.516 0.676 0.512 0.674 0.51 0.674 0.504 0.672 0.502 0.672 0.492 0.67 0.49 0.67 0.48 0.668 0.478 0.668 0.468 0.666 0.466 0.666 0.458 0.664 0.456 0.664 0.45 0.662 0.45
7 0.688 0.992 0.04 0.016 0.688 0.984 0.686 0.986 0.68 0.986 0.678 0.988 0.672 0.988 0.67 0.99 0.67 0.992 0.668 0.994 0.668 0.998 0.706 0.998 0.706 0.996 0.704 0.994 0.704 0.99 0.7 0.986 0.698 0.986 0.696 0.984
5 0.897 0.635 0.034 0.03 0.902 0.62 0.9 0.622 0.89 0.622 0.888 0.624 0.884 0.624 0.88 0.628 0.88 0.634 0.884 0.634 0.888 0.638 0.888 0.642 0.89 0.644 0.89 0.646 0.892 0.646 0.894 0.648 0.898 0.648 0.9 0.646 0.91 0.646 0.912 0.644 0.912 0.628 0.91 0.626 0.91 0.624 0.908 0.622 0.906 0.622 0.904 0.62
5 0.642 0.681 0.032 0.03 0.644 0.666 0.642 0.668 0.638 0.668 0.636 0.67 0.632 0.67 0.63 0.672 0.628 0.672 0.626 0.674 0.626 0.678 0.628 0.68 0.628 0.682 0.63 0.684 0.63 0.69 0.632 0.692 0.632 0.694 0.64 0.694 0.642 0.692 0.648 0.692 0.65 0.69 0.654 0.69 0.656 0.688 0.656 0.676 0.654 0.674 0.654 0.672 0.652 0.67 0.652 0.668 0.65 0.668 0.648 0.666
