7 0.018 0.639 0.012 0.014 0.016 0.632 0.012 0.636 0.012 0.64 0.016 0.644 0.018 0.642 0.02 0.642 0.022 0.64 0.022 0.636 0.018 0.632
7 0.214 0.619 0.016 0.014 0.216 0.612 0.214 0.614 0.212 0.614 0.208 0.618 0.206 0.618 0.206 0.624 0.212 0.624 0.214 0.622 0.216 0.622 0.22 0.618 0.22 0.614 0.218 0.614
4 0.879 0.201 0.03 0.03 0.876 0.186 0.874 0.188 0.872 0.188 0.87 0.19 0.868 0.19 0.866 0.192 0.866 0.194 0.864 0.196 0.864 0.198 0.866 0.2 0.866 0.204 0.868 0.206 0.868 0.208 0.87 0.21 0.87 0.212 0.872 0.214 0.878 0.214 0.88 0.212 0.884 0.212 0.888 0.208 0.89 0.208 0.89 0.206 0.892 0.204 0.89 0.202 0.89 0.198 0.888 0.196 0.888 0.194 0.886 0.192 0.886 0.19 0.884 0.188 0.884 0.186
4 0.948 0.224 0.02 0.02 0.942 0.214 0.938 0.218 0.938 0.222 0.94 0.224 0.94 0.23 0.942 0.232 0.95 0.232 0.952 0.23 0.956 0.23 0.956 0.222 0.954 0.22 0.954 0.218 0.952 0.216 0.952 0.214
4 0.964 0.265 0.02 0.022 0.958 0.254 0.954 0.258 0.954 0.268 0.956 0.27 0.956 0.272 0.958 0.274 0.97 0.274 0.972 0.272 0.972 0.26 0.97 0.258 0.97 0.256 0.968 0.256 0.966 0.254
4 0.931 0.329 0.022 0.03 0.926 0.314 0.922 0.318 0.92 0.318 0.92 0.326 0.922 0.328 0.922 0.334 0.924 0.336 0.924 0.338 0.926 0.34 0.926 0.342 0.93 0.342 0.932 0.34 0.934 0.34 0.938 0.336 0.94 0.336 0.94 0.324 0.938 0.322 0.938 0.318 0.936 0.316 0.936 0.314
4 0.98 0.306 0.02 0.024 0.976 0.294 0.974 0.296 0.972 0.296 0.97 0.298 0.97 0.304 0.972 0.306 0.972 0.308 0.974 0.31 0.974 0.314 0.976 0.316 0.984 0.316 0.986 0.314 0.988 0.314 0.988 0.304 0.986 0.302 0.986 0.3 0.984 0.298 0.984 0.296 0.982 0.294
5 0.643 0.418 0.026 0.024 0.634 0.406 0.632 0.408 0.632 0.41 0.63 0.412 0.63 0.416 0.632 0.418 0.632 0.422 0.638 0.428 0.644 0.428 0.646 0.426 0.648 0.426 0.652 0.422 0.652 0.418 0.654 0.416 0.654 0.408 0.652 0.406
5 0.499 0.475 0.03 0.026 0.496 0.462 0.494 0.464 0.49 0.464 0.488 0.466 0.486 0.466 0.484 0.468 0.484 0.478 0.486 0.48 0.486 0.482 0.49 0.486 0.502 0.486 0.502 0.484 0.504 0.482 0.508 0.482 0.512 0.478 0.512 0.466 0.508 0.462
7 0.107 0.65 0.01 0.008 0.104 0.646 0.102 0.648 0.102 0.65 0.104 0.652 0.11 0.652 0.11 0.646
7 0.141 0.684 0.01 0.012 0.138 0.678 0.136 0.68 0.136 0.686 0.138 0.688 0.14 0.688 0.142 0.686 0.144 0.686 0.144 0.68 0.142 0.678
2 0.954 0.442 0.092 0.088 0.996 0.398 0.994 0.4 0.99 0.4 0.988 0.402 0.986 0.402 0.984 0.404 0.98 0.404 0.978 0.406 0.976 0.406 0.974 0.408 0.972 0.408 0.97 0.41 0.966 0.41 0.964 0.412 0.96 0.412 0.958 0.414 0.954 0.414 0.952 0.416 0.946 0.416 0.944 0.418 0.942 0.418 0.94 0.42 0.936 0.42 0.934 0.422 0.93 0.422 0.928 0.424 0.926 0.424 0.924 0.426 0.922 0.426 0.92 0.428 0.918 0.428 0.916 0.43 0.914 0.43 0.91 0.434 0.91 0.436 0.908 0.438 0.908 0.442 0.91 0.444 0.91 0.448 0.912 0.45 0.912 0.454 0.914 0.456 0.914 0.46 0.916 0.462 0.916 0.464 0.918 0.466 0.918 0.47 0.92 0.472 0.92 0.474 0.922 0.476 0.922 0.478 0.924 0.48 0.924 0.482 0.926 0.484 0.928 0.484 0.93 0.482 0.934 0.482 0.936 0.48 0.938 0.48 0.94 0.478 0.942 0.478 0.944 0.476 0.946 0.476 0.948 0.474 0.952 0.474 0.954 0.472 0.956 0.472 0.958 0.47 0.962 0.47 0.964 0.468 0.966 0.468 0.968 0.466 0.972 0.466 0.974 0.464 0.976 0.464 0.978 0.462 0.982 0.462 0.984 0.46 0.986 0.46 0.988 0.458 0.99 0.458 0.992 0.456 0.994 0.456 0.996 0.454 0.998 0.454 0.998 0.398
3 0.973 0.243 0.054 0.138 0.998 0.174 0.996 0.176 0.99 0.176 0.988 0.178 0.984 0.178 0.982 0.18 0.978 0.18 0.976 0.182 0.972 0.182 0.97 0.184 0.966 0.184 0.964 0.186 0.96 0.186 0.958 0.188 0.952 0.188 0.95 0.19 0.946 0.19 0.952 0.196 0.952 0.204 0.954 0.206 0.954 0.216 0.956 0.218 0.956 0.22 0.958 0.222 0.958 0.228 0.96 0.23 0.96 0.232 0.962 0.234 0.962 0.236 0.964 0.238 0.964 0.242 0.966 0.244 0.966 0.248 0.968 0.25 0.968 0.252 0.972 0.256 0.972 0.258 0.974 0.26 0.974 0.262 0.976 0.264 0.976 0.266 0.978 0.268 0.978 0.27 0.98 0.272 0.98 0.274 0.982 0.276 0.982 0.28 0.986 0.284 0.986 0.286 0.988 0.288 0.988 0.292 0.99 0.294 0.99 0.3 0.992 0.302 0.992 0.308 0.994 0.31 0.996 0.308 0.998 0.308
3 0.878 0.31 0.1 0.152 0.872 0.234 0.87 0.236 0.868 0.236 0.864 0.24 0.862 0.24 0.86 0.242 0.858 0.242 0.856 0.244 0.854 0.244 0.852 0.246 0.85 0.246 0.848 0.248 0.846 0.248 0.844 0.25 0.842 0.25 0.84 0.252 0.838 0.252 0.836 0.254 0.834 0.254 0.83 0.258 0.83 0.26 0.828 0.262 0.828 0.264 0.83 0.266 0.83 0.268 0.832 0.27 0.832 0.274 0.834 0.276 0.834 0.282 0.836 0.284 0.836 0.288 0.838 0.29 0.838 0.296 0.84 0.298 0.84 0.3 0.842 0.302 0.842 0.306 0.844 0.308 0.844 0.31 0.846 0.312 0.846 0.316 0.85 0.32 0.85 0.328 0.852 0.33 0.852 0.334 0.856 0.338 0.856 0.34 0.858 0.342 0.858 0.346 0.86 0.348 0.86 0.35 0.862 0.352 0.862 0.354 0.866 0.358 0.866 0.362 0.87 0.366 0.87 0.368 0.874 0.372 0.874 0.374 0.876 0.376 0.876 0.378 0.878 0.38 0.878 0.382 0.88 0.384 0.882 0.384 0.886 0.38 0.888 0.38 0.89 0.378 0.892 0.378 0.894 0.376 0.896 0.376 0.902 0.37 0.904 0.37 0.908 0.366 0.91 0.366 0.916 0.36 0.918 0.36 0.922 0.356 0.924 0.356 0.926 0.354 0.926 0.344 0.924 0.342 0.924 0.34 0.922 0.338 0.922 0.336 0.92 0.334 0.92 0.328 0.918 0.326 0.918 0.32 0.914 0.316 0.914 0.314 0.912 0.312 0.912 0.308 0.91 0.306 0.91 0.302 0.908 0.3 0.908 0.298 0.906 0.296 0.906 0.294 0.904 0.292 0.904 0.288 0.902 0.286 0.902 0.284 0.9 0.282 0.9 0.278 0.898 0.276 0.898 0.274 0.896 0.272 0.896 0.268 0.894 0.266 0.894 0.264 0.892 0.262 0.892 0.26 0.89 0.258 0.89 0.256 0.888 0.254 0.888 0.252 0.886 0.25 0.886 0.244 0.884 0.242 0.884 0.24 0.88 0.236 0.88 0.234
3 0.432 0.5 0.036 0.048 0.416 0.476 0.414 0.478 0.414 0.482 0.422 0.49 0.422 0.498 0.424 0.5 0.424 0.504 0.426 0.506 0.426 0.508 0.428 0.51 0.428 0.512 0.43 0.514 0.43 0.516 0.432 0.518 0.432 0.52 0.434 0.52 0.436 0.522 0.442 0.522 0.444 0.52 0.444 0.508 0.446 0.506 0.446 0.494 0.448 0.492 0.448 0.486 0.446 0.486 0.442 0.482 0.438 0.482 0.436 0.48 0.434 0.48 0.432 0.478 0.428 0.478 0.426 0.476
7 0.074 0.62 0.012 0.012 0.068 0.614 0.068 0.622 0.07 0.624 0.076 0.624 0.078 0.622 0.078 0.616 0.076 0.614
7 0.62 0.436 0.028 0.016 0.61 0.428 0.606 0.432 0.606 0.438 0.61 0.442 0.612 0.44 0.62 0.44 0.622 0.438 0.626 0.438 0.632 0.432 0.632 0.428 0.62 0.428 0.618 0.43 0.614 0.43 0.612 0.428
5 0.182 0.701 0.02 0.022 0.18 0.69 0.178 0.692 0.174 0.692 0.172 0.694 0.172 0.706 0.174 0.708 0.176 0.708 0.178 0.71 0.184 0.71 0.19 0.704 0.19 0.698 0.188 0.696 0.188 0.694 0.184 0.69
7 0.548 0.381 0.012 0.014 0.542 0.374 0.542 0.382 0.544 0.384 0.544 0.386 0.55 0.386 0.552 0.384 0.552 0.376 0.55 0.374
3 0.6 0.546 0.196 0.148 0.658 0.472 0.658 0.474 0.654 0.478 0.652 0.478 0.65 0.48 0.646 0.48 0.644 0.482 0.642 0.482 0.638 0.486 0.624 0.486 0.622 0.488 0.62 0.488 0.618 0.49 0.616 0.49 0.614 0.492 0.61 0.488 0.61 0.486 0.61 0.49 0.608 0.492 0.606 0.492 0.602 0.496 0.598 0.496 0.596 0.498 0.594 0.498 0.592 0.5 0.578 0.5 0.576 0.502 0.57 0.502 0.57 0.504 0.568 0.506 0.564 0.506 0.562 0.508 0.56 0.508 0.556 0.512 0.554 0.512 0.552 0.514 0.55 0.514 0.548 0.516 0.546 0.516 0.544 0.518 0.542 0.518 0.54 0.52 0.538 0.52 0.536 0.522 0.532 0.522 0.53 0.524 0.526 0.524 0.524 0.526 0.516 0.526 0.514 0.528 0.506 0.528 0.504 0.53 0.502 0.53 0.502 0.538 0.504 0.54 0.504 0.542 0.506 0.544 0.506 0.546 0.508 0.548 0.508 0.55 0.51 0.552 0.51 0.556 0.512 0.558 0.512 0.562 0.514 0.564 0.514 0.566 0.516 0.568 0.516 0.57 0.518 0.572 0.518 0.576 0.52 0.578 0.52 0.58 0.522 0.582 0.522 0.586 0.524 0.588 0.524 0.59 0.526 0.592 0.526 0.594 0.528 0.596 0.528 0.6 0.53 0.602 0.53 0.604 0.532 0.606 0.532 0.61 0.534 0.612 0.534 0.614 0.538 0.618 0.55 0.618 0.552 0.616 0.554 0.616 0.556 0.614 0.562 0.614 0.564 0.612 0.566 0.612 0.568 0.61 0.57 0.61 0.572 0.608 0.574 0.608 0.576 0.606 0.58 0.606 0.582 0.604 0.586 0.604 0.588 0.602 0.59 0.602 0.592 0.6 0.596 0.6 0.598 0.598 0.602 0.598 0.606 0.594 0.61 0.594 0.612 0.592 0.616 0.592 0.62 0.588 0.626 0.588 0.628 0.586 0.63 0.586 0.632 0.584 0.634 0.584 0.636 0.582 0.638 0.582 0.64 0.58 0.642 0.58 0.644 0.578 0.648 0.578 0.65 0.576 0.652 0.576 0.654 0.574 0.656 0.574 0.658 0.572 0.662 0.572 0.664 0.57 0.668 0.57 0.672 0.566 0.674 0.566 0.676 0.564 0.68 0.564 0.684 0.56 0.686 0.56 0.688 0.558 0.69 0.558 0.696 0.552 0.696 0.544 0.694 0.542 0.694 0.538 0.692 0.536 0.692 0.534 0.69 0.532 0.69 0.528 0.688 0.526 0.688 0.524 0.686 0.522 0.686 0.518 0.684 0.516 0.684 0.514 0.682 0.512 0.682 0.508 0.68 0.506 0.68 0.502 0.678 0.5 0.678 0.496 0.676 0.494 0.676 0.492 0.674 0.49 0.674 0.488 0.672 0.486 0.672 0.48 0.67 0.478 0.67 0.476 0.668 0.474 0.666 0.474 0.664 0.472
3 0.515 0.335 0.078 0.074 0.538 0.298 0.536 0.3 0.532 0.3 0.53 0.302 0.526 0.302 0.524 0.304 0.52 0.304 0.518 0.306 0.514 0.306 0.512 0.308 0.508 0.308 0.506 0.31 0.502 0.31 0.5 0.312 0.496 0.312 0.494 0.314 0.49 0.314 0.488 0.316 0.484 0.316 0.482 0.318 0.478 0.318 0.476 0.32 0.478 0.322 0.478 0.326 0.48 0.328 0.48 0.332 0.482 0.334 0.482 0.338 0.484 0.34 0.484 0.344 0.488 0.348 0.49 0.348 0.492 0.35 0.496 0.35 0.498 0.352 0.5 0.352 0.502 0.354 0.504 0.354 0.506 0.356 0.508 0.356 0.51 0.358 0.514 0.358 0.516 0.36 0.518 0.36 0.52 0.362 0.522 0.362 0.524 0.364 0.526 0.364 0.528 0.366 0.532 0.366 0.534 0.368 0.536 0.368 0.538 0.37 0.54 0.368 0.54 0.364 0.542 0.362 0.542 0.358 0.544 0.356 0.544 0.352 0.546 0.35 0.546 0.346 0.548 0.344 0.548 0.34 0.55 0.338 0.55 0.334 0.552 0.332 0.552 0.33 0.55 0.328 0.55 0.324 0.548 0.322 0.548 0.32 0.546 0.318 0.546 0.316 0.544 0.314 0.544 0.31 0.542 0.308 0.542 0.306 0.54 0.304 0.54 0.3
3 0.707 0.395 0.042 0.062 0.698 0.364 0.696 0.366 0.696 0.37 0.694 0.372 0.694 0.374 0.692 0.376 0.692 0.38 0.69 0.382 0.69 0.384 0.688 0.386 0.688 0.39 0.686 0.392 0.692 0.398 0.694 0.398 0.7 0.404 0.702 0.404 0.71 0.412 0.712 0.412 0.718 0.418 0.72 0.418 0.726 0.424 0.724 0.422 0.724 0.42 0.722 0.418 0.722 0.414 0.72 0.412 0.72 0.41 0.718 0.408 0.718 0.406 0.716 0.404 0.716 0.4 0.714 0.398 0.714 0.396 0.712 0.394 0.712 0.392 0.71 0.39 0.71 0.386 0.708 0.384 0.708 0.382 0.706 0.38 0.706 0.378 0.704 0.376 0.704 0.372 0.702 0.37 0.702 0.368
