3 0.57 0.96 0.04 0.04 0.556 0.94 0.556 0.944 0.554 0.946 0.554 0.958 0.552 0.96 0.552 0.97 0.55 0.972 0.55 0.976 0.566 0.976 0.568 0.978 0.584 0.978 0.584 0.97 0.586 0.968 0.586 0.952 0.588 0.95 0.588 0.942 0.572 0.942 0.57 0.94
5 0.474 0.966 0.02 0.02 0.466 0.956 0.466 0.958 0.464 0.96 0.464 0.972 0.472 0.972 0.474 0.97 0.48 0.97 0.482 0.968 0.48 0.966 0.48 0.962 0.476 0.958 0.474 0.958 0.472 0.956
4 0.496 0.079 0.028 0.014 0.484 0.072 0.482 0.074 0.482 0.076 0.484 0.078 0.484 0.08 0.486 0.08 0.488 0.082 0.498 0.082 0.5 0.084 0.504 0.084 0.506 0.082 0.508 0.082 0.508 0.076 0.506 0.076 0.504 0.074 0.502 0.074 0.5 0.072
4 0.441 0.527 0.018 0.01 0.432 0.522 0.432 0.526 0.434 0.528 0.44 0.528 0.442 0.53 0.444 0.53 0.448 0.526 0.448 0.522
4 0.611 0.286 0.03 0.024 0.6 0.274 0.598 0.276 0.598 0.278 0.596 0.28 0.596 0.29 0.598 0.292 0.598 0.294 0.608 0.294 0.61 0.296 0.618 0.296 0.62 0.294 0.622 0.294 0.622 0.29 0.624 0.288 0.624 0.28 0.62 0.276 0.608 0.276 0.606 0.274
5 0.472 0.478 0.016 0.012 0.466 0.472 0.464 0.474 0.464 0.48 0.466 0.482 0.474 0.482 0.478 0.478 0.478 0.476 0.476 0.474 0.468 0.474
7 0.514 0.381 0.012 0.014 0.508 0.374 0.508 0.384 0.51 0.386 0.516 0.386 0.516 0.384 0.518 0.382 0.518 0.378 0.516 0.376 0.516 0.374
4 0.467 0.313 0.026 0.026 0.458 0.3 0.456 0.302 0.454 0.302 0.454 0.32 0.456 0.322 0.464 0.322 0.466 0.324 0.474 0.324 0.474 0.322 0.476 0.32 0.476 0.314 0.478 0.312 0.478 0.306 0.476 0.304 0.472 0.304 0.47 0.302 0.462 0.302 0.46 0.3
7 0.532 0.337 0.02 0.018 0.524 0.328 0.522 0.33 0.522 0.334 0.53 0.342 0.532 0.342 0.534 0.344 0.54 0.344 0.54 0.34 0.538 0.338 0.538 0.336 0.53 0.328
7 0.531 0.294 0.014 0.008 0.526 0.29 0.524 0.292 0.524 0.294 0.53 0.294 0.532 0.296 0.534 0.294 0.536 0.294 0.536 0.292 0.534 0.292 0.532 0.29
4 0.498 0.237 0.028 0.014 0.488 0.23 0.486 0.232 0.484 0.232 0.484 0.238 0.486 0.24 0.488 0.24 0.49 0.242 0.506 0.242 0.508 0.24 0.51 0.24 0.51 0.234 0.508 0.234 0.506 0.232 0.496 0.232 0.494 0.23
3 0.508 0.038 0.08 0.064 0.476 0.006 0.474 0.008 0.474 0.01 0.472 0.012 0.472 0.034 0.47 0.036 0.47 0.054 0.468 0.056 0.468 0.066 0.47 0.068 0.474 0.068 0.476 0.066 0.478 0.066 0.49 0.054 0.492 0.054 0.498 0.048 0.5 0.048 0.51 0.038 0.512 0.038 0.518 0.032 0.52 0.032 0.53 0.022 0.532 0.022 0.546 0.008 0.544 0.006
3 0.636 0.15 0.12 0.184 0.688 0.058 0.686 0.06 0.682 0.06 0.68 0.062 0.678 0.062 0.674 0.066 0.672 0.066 0.668 0.07 0.666 0.07 0.66 0.076 0.658 0.076 0.654 0.08 0.652 0.08 0.648 0.084 0.646 0.084 0.64 0.09 0.638 0.09 0.634 0.094 0.632 0.094 0.63 0.096 0.628 0.096 0.624 0.1 0.622 0.1 0.616 0.106 0.614 0.106 0.61 0.11 0.608 0.11 0.604 0.114 0.602 0.114 0.6 0.116 0.598 0.116 0.592 0.122 0.59 0.122 0.586 0.126 0.584 0.126 0.58 0.13 0.578 0.13 0.578 0.134 0.576 0.136 0.576 0.138 0.578 0.14 0.578 0.142 0.596 0.16 0.596 0.162 0.608 0.174 0.608 0.176 0.628 0.196 0.628 0.198 0.636 0.206 0.636 0.208 0.652 0.224 0.652 0.226 0.658 0.232 0.66 0.232 0.662 0.234 0.662 0.236 0.664 0.238 0.666 0.238 0.668 0.24 0.67 0.238 0.672 0.238 0.672 0.23 0.674 0.228 0.674 0.22 0.676 0.218 0.676 0.202 0.678 0.2 0.678 0.188 0.68 0.186 0.68 0.172 0.682 0.17 0.682 0.148 0.686 0.144 0.686 0.138 0.688 0.136 0.688 0.118 0.69 0.116 0.69 0.104 0.692 0.102 0.692 0.084 0.694 0.082 0.694 0.062 0.692 0.06 0.692 0.058
3 0.49 0.169 0.084 0.154 0.466 0.092 0.464 0.094 0.464 0.098 0.462 0.1 0.462 0.116 0.46 0.118 0.46 0.13 0.458 0.132 0.458 0.144 0.456 0.146 0.456 0.166 0.454 0.168 0.454 0.172 0.452 0.174 0.452 0.196 0.45 0.198 0.45 0.212 0.448 0.214 0.448 0.244 0.452 0.244 0.458 0.238 0.46 0.238 0.468 0.23 0.47 0.23 0.474 0.226 0.476 0.226 0.482 0.22 0.484 0.22 0.498 0.206 0.5 0.206 0.506 0.2 0.508 0.2 0.52 0.188 0.522 0.188 0.53 0.18 0.53 0.172 0.528 0.17 0.528 0.168 0.526 0.166 0.526 0.164 0.518 0.156 0.518 0.154 0.51 0.146 0.51 0.144 0.508 0.142 0.508 0.14 0.502 0.134 0.502 0.132 0.488 0.118 0.488 0.116 0.48 0.108 0.48 0.106 0.472 0.098 0.472 0.096 0.468 0.092
3 0.593 0.755 0.042 0.038 0.594 0.736 0.592 0.738 0.578 0.738 0.576 0.74 0.574 0.74 0.574 0.752 0.572 0.754 0.572 0.768 0.574 0.77 0.578 0.77 0.58 0.772 0.608 0.772 0.608 0.77 0.61 0.768 0.61 0.76 0.612 0.758 0.612 0.738 0.608 0.738 0.606 0.736
2 0.374 0.501 0.036 0.174 0.382 0.414 0.38 0.416 0.38 0.426 0.376 0.43 0.376 0.442 0.374 0.444 0.374 0.454 0.372 0.456 0.372 0.474 0.37 0.476 0.37 0.492 0.368 0.494 0.368 0.502 0.366 0.504 0.366 0.506 0.364 0.508 0.364 0.514 0.362 0.516 0.362 0.522 0.36 0.524 0.36 0.544 0.358 0.546 0.358 0.554 0.356 0.556 0.356 0.582 0.358 0.584 0.362 0.584 0.364 0.586 0.372 0.586 0.376 0.582 0.376 0.562 0.378 0.56 0.378 0.548 0.38 0.546 0.38 0.536 0.382 0.534 0.382 0.516 0.384 0.514 0.384 0.478 0.386 0.476 0.386 0.47 0.388 0.468 0.388 0.454 0.39 0.452 0.39 0.43 0.388 0.428 0.388 0.426 0.39 0.424 0.39 0.42 0.388 0.418 0.388 0.416 0.386 0.414
3 0.602 0.864 0.052 0.148 0.626 0.79 0.624 0.792 0.62 0.792 0.618 0.794 0.616 0.794 0.614 0.796 0.61 0.796 0.608 0.798 0.606 0.798 0.604 0.8 0.6 0.8 0.596 0.804 0.596 0.806 0.594 0.808 0.594 0.812 0.592 0.814 0.592 0.816 0.59 0.818 0.59 0.82 0.588 0.822 0.588 0.826 0.586 0.828 0.586 0.83 0.584 0.832 0.584 0.834 0.582 0.836 0.582 0.838 0.58 0.84 0.58 0.844 0.578 0.846 0.578 0.848 0.576 0.85 0.576 0.86 0.578 0.862 0.578 0.88 0.58 0.882 0.58 0.902 0.582 0.904 0.582 0.912 0.586 0.916 0.588 0.916 0.594 0.922 0.596 0.922 0.6 0.926 0.602 0.926 0.608 0.932 0.61 0.932 0.614 0.936 0.614 0.926 0.616 0.924 0.616 0.9 0.618 0.898 0.618 0.876 0.62 0.874 0.62 0.852 0.622 0.85 0.622 0.826 0.624 0.824 0.624 0.802 0.626 0.8
4 0.464 0.336 0.032 0.072 0.456 0.3 0.454 0.302 0.454 0.316 0.452 0.318 0.452 0.342 0.45 0.344 0.45 0.346 0.452 0.348 0.452 0.35 0.45 0.352 0.45 0.36 0.448 0.362 0.448 0.368 0.45 0.37 0.47 0.37 0.47 0.354 0.472 0.352 0.472 0.348 0.474 0.346 0.474 0.324 0.476 0.322 0.476 0.316 0.478 0.314 0.478 0.306 0.474 0.302 0.466 0.302 0.464 0.3
4 0.604 0.343 0.028 0.022 0.596 0.332 0.594 0.334 0.592 0.334 0.592 0.336 0.59 0.338 0.59 0.348 0.592 0.35 0.594 0.35 0.596 0.352 0.608 0.352 0.61 0.35 0.614 0.35 0.616 0.348 0.616 0.336 0.614 0.334 0.61 0.334 0.608 0.332
4 0.601 0.381 0.026 0.018 0.59 0.372 0.588 0.374 0.588 0.384 0.59 0.386 0.598 0.386 0.6 0.388 0.606 0.388 0.608 0.386 0.61 0.386 0.61 0.384 0.612 0.382 0.612 0.374 0.61 0.374 0.608 0.372
5 0.499 0.549 0.026 0.022 0.488 0.538 0.488 0.544 0.486 0.546 0.486 0.554 0.488 0.556 0.502 0.556 0.504 0.558 0.506 0.556 0.508 0.556 0.508 0.554 0.51 0.552 0.51 0.54 0.508 0.538
4 0.448 0.438 0.02 0.016 0.44 0.43 0.438 0.432 0.438 0.444 0.45 0.444 0.456 0.438 0.456 0.432 0.454 0.43
2 0.408 0.286 0.028 0.08 0.406 0.246 0.402 0.25 0.402 0.252 0.4 0.254 0.4 0.264 0.398 0.266 0.398 0.276 0.396 0.278 0.396 0.306 0.394 0.308 0.394 0.318 0.396 0.32 0.396 0.322 0.402 0.322 0.404 0.324 0.41 0.318 0.41 0.316 0.412 0.314 0.412 0.31 0.414 0.308 0.414 0.3 0.416 0.298 0.416 0.29 0.418 0.288 0.418 0.274 0.42 0.272 0.42 0.256 0.416 0.252 0.416 0.25 0.414 0.25 0.412 0.248 0.41 0.248 0.408 0.246
2 0.435 0.087 0.026 0.066 0.428 0.054 0.424 0.058 0.424 0.08 0.422 0.082 0.422 0.116 0.43 0.116 0.432 0.118 0.434 0.118 0.436 0.116 0.438 0.116 0.438 0.114 0.44 0.112 0.44 0.098 0.442 0.096 0.442 0.086 0.444 0.084 0.444 0.076 0.446 0.074 0.446 0.062 0.444 0.06 0.444 0.058 0.44 0.058 0.438 0.056 0.434 0.056 0.432 0.054
5 0.508 0.493 0.028 0.026 0.496 0.48 0.496 0.49 0.494 0.492 0.494 0.496 0.496 0.498 0.502 0.498 0.504 0.5 0.506 0.5 0.508 0.502 0.51 0.502 0.512 0.504 0.516 0.504 0.518 0.502 0.518 0.494 0.52 0.492 0.52 0.486 0.518 0.484 0.518 0.482 0.51 0.482 0.508 0.48
4 0.62 0.53 0.016 0.008 0.612 0.526 0.612 0.532 0.626 0.532 0.626 0.53 0.624 0.528 0.624 0.526
4 0.575 0.594 0.022 0.012 0.564 0.588 0.564 0.596 0.566 0.598 0.58 0.598 0.582 0.596 0.582 0.594 0.584 0.592 0.582 0.59 0.582 0.588
4 0.437 0.58 0.018 0.012 0.428 0.574 0.428 0.582 0.432 0.582 0.434 0.584 0.442 0.584 0.444 0.582 0.444 0.574
4 0.441 0.494 0.018 0.016 0.434 0.486 0.434 0.488 0.432 0.49 0.432 0.498 0.436 0.498 0.438 0.5 0.446 0.5 0.448 0.498 0.448 0.494 0.442 0.488 0.44 0.488 0.438 0.486
4 0.596 0.462 0.024 0.02 0.586 0.452 0.586 0.454 0.584 0.456 0.584 0.466 0.586 0.468 0.586 0.47 0.604 0.47 0.604 0.468 0.606 0.466 0.606 0.452
