5 0.066 0.907 0.016 0.018 0.06 0.898 0.06 0.9 0.058 0.902 0.058 0.91 0.06 0.912 0.062 0.912 0.064 0.914 0.066 0.912 0.068 0.912 0.07 0.91 0.07 0.908 0.072 0.906 0.072 0.902 0.07 0.9 0.068 0.9 0.066 0.898
3 0.085 0.98 0.078 0.04 0.106 0.96 0.104 0.962 0.102 0.962 0.098 0.966 0.096 0.966 0.094 0.968 0.092 0.968 0.086 0.974 0.084 0.974 0.08 0.978 0.078 0.978 0.074 0.982 0.072 0.982 0.068 0.986 0.066 0.986 0.062 0.99 0.06 0.99 0.058 0.992 0.056 0.992 0.052 0.996 0.05 0.996 0.048 0.998 0.046 0.998 0.122 0.998 0.122 0.99 0.12 0.988 0.12 0.986 0.118 0.984 0.118 0.976 0.116 0.974 0.116 0.966 0.114 0.964 0.114 0.962 0.112 0.96
2 0.12 0.53 0.052 0.088 0.13 0.486 0.128 0.488 0.128 0.49 0.126 0.492 0.126 0.494 0.124 0.496 0.124 0.5 0.122 0.502 0.122 0.504 0.118 0.508 0.118 0.51 0.116 0.512 0.116 0.514 0.112 0.518 0.112 0.522 0.11 0.524 0.11 0.526 0.108 0.528 0.108 0.532 0.106 0.534 0.106 0.536 0.104 0.538 0.104 0.542 0.102 0.544 0.102 0.546 0.1 0.548 0.1 0.55 0.098 0.552 0.098 0.554 0.096 0.556 0.096 0.56 0.094 0.562 0.094 0.564 0.098 0.568 0.1 0.568 0.102 0.57 0.104 0.57 0.106 0.572 0.11 0.572 0.114 0.568 0.114 0.566 0.116 0.564 0.116 0.562 0.118 0.56 0.118 0.558 0.122 0.554 0.122 0.552 0.124 0.55 0.124 0.548 0.126 0.546 0.126 0.544 0.13 0.54 0.13 0.538 0.132 0.536 0.132 0.534 0.134 0.532 0.134 0.53 0.136 0.528 0.136 0.524 0.138 0.522 0.138 0.52 0.142 0.516 0.142 0.514 0.144 0.512 0.144 0.508 0.136 0.5 0.136 0.486
5 0.349 0.129 0.026 0.038 0.342 0.11 0.338 0.114 0.338 0.118 0.336 0.12 0.336 0.138 0.34 0.142 0.342 0.142 0.344 0.144 0.346 0.144 0.348 0.146 0.352 0.142 0.352 0.14 0.354 0.138 0.354 0.136 0.356 0.134 0.356 0.132 0.358 0.13 0.358 0.128 0.36 0.126 0.36 0.118 0.358 0.116 0.356 0.116 0.354 0.114 0.352 0.114 0.35 0.112 0.348 0.112 0.346 0.11
5 0.476 0.291 0.028 0.03 0.474 0.276 0.472 0.278 0.468 0.278 0.466 0.28 0.464 0.28 0.464 0.282 0.462 0.284 0.462 0.292 0.464 0.294 0.464 0.296 0.466 0.298 0.468 0.298 0.474 0.304 0.482 0.304 0.486 0.3 0.486 0.298 0.488 0.296 0.488 0.288 0.48 0.28 0.478 0.28
5 0.451 0.345 0.026 0.026 0.444 0.332 0.44 0.336 0.44 0.338 0.438 0.34 0.438 0.348 0.444 0.354 0.448 0.354 0.45 0.356 0.452 0.356 0.454 0.354 0.456 0.354 0.456 0.352 0.462 0.346 0.462 0.34 0.46 0.338 0.458 0.338 0.456 0.336 0.454 0.336 0.45 0.332
3 0.566 0.041 0.1 0.07 0.61 0.006 0.608 0.008 0.528 0.008 0.526 0.01 0.524 0.01 0.524 0.018 0.522 0.02 0.522 0.024 0.52 0.026 0.52 0.028 0.516 0.032 0.516 0.036 0.518 0.038 0.52 0.038 0.524 0.042 0.526 0.042 0.528 0.044 0.53 0.044 0.534 0.048 0.536 0.048 0.54 0.052 0.542 0.052 0.546 0.056 0.548 0.056 0.552 0.06 0.554 0.06 0.556 0.062 0.558 0.062 0.566 0.07 0.568 0.07 0.572 0.074 0.578 0.074 0.584 0.068 0.584 0.066 0.588 0.062 0.588 0.06 0.59 0.058 0.59 0.056 0.592 0.054 0.592 0.052 0.594 0.05 0.594 0.048 0.596 0.046 0.596 0.044 0.598 0.042 0.598 0.04 0.602 0.036 0.602 0.034 0.604 0.032 0.604 0.03 0.606 0.028 0.606 0.026 0.608 0.024 0.608 0.022 0.61 0.02 0.61 0.018 0.612 0.016 0.612 0.014 0.614 0.012 0.614 0.006
3 0.384 0.664 0.056 0.072 0.38 0.628 0.378 0.63 0.378 0.634 0.376 0.636 0.376 0.64 0.374 0.642 0.374 0.644 0.372 0.646 0.372 0.648 0.368 0.652 0.368 0.656 0.366 0.658 0.366 0.66 0.364 0.662 0.364 0.664 0.362 0.666 0.362 0.668 0.358 0.672 0.358 0.674 0.356 0.676 0.356 0.678 0.36 0.682 0.362 0.682 0.366 0.686 0.368 0.686 0.374 0.692 0.376 0.692 0.382 0.698 0.384 0.698 0.388 0.694 0.388 0.692 0.392 0.688 0.392 0.686 0.394 0.684 0.394 0.682 0.396 0.68 0.396 0.678 0.398 0.676 0.398 0.674 0.4 0.672 0.4 0.67 0.402 0.668 0.402 0.666 0.406 0.662 0.406 0.66 0.408 0.658 0.408 0.654 0.41 0.652 0.41 0.646 0.408 0.644 0.406 0.644 0.402 0.64 0.4 0.64 0.396 0.636 0.394 0.636 0.392 0.634 0.39 0.634 0.386 0.63 0.384 0.63 0.382 0.628
5 0.216 0.59 0.048 0.036 0.214 0.572 0.206 0.58 0.206 0.582 0.2 0.588 0.196 0.588 0.194 0.59 0.194 0.592 0.192 0.594 0.194 0.594 0.196 0.596 0.198 0.596 0.2 0.598 0.202 0.598 0.204 0.6 0.208 0.6 0.212 0.604 0.214 0.604 0.216 0.606 0.228 0.606 0.232 0.602 0.232 0.6 0.234 0.598 0.234 0.596 0.236 0.594 0.236 0.59 0.238 0.588 0.238 0.584 0.234 0.58 0.232 0.58 0.23 0.578 0.228 0.578 0.226 0.576 0.224 0.576 0.222 0.574 0.216 0.574
3 0.018 0.833 0.036 0.066 0.0 0.8 0.0 0.864 0.008 0.864 0.014 0.858 0.014 0.856 0.016 0.854 0.016 0.852 0.02 0.848 0.02 0.846 0.026 0.84 0.026 0.838 0.03 0.834 0.03 0.832 0.032 0.83 0.032 0.828 0.034 0.826 0.034 0.82 0.032 0.818 0.03 0.818 0.028 0.816 0.026 0.816 0.022 0.812 0.02 0.812 0.018 0.81 0.016 0.81 0.014 0.808 0.012 0.808 0.01 0.806 0.008 0.806 0.006 0.804 0.004 0.804
5 0.337 0.606 0.034 0.032 0.328 0.59 0.324 0.594 0.324 0.596 0.322 0.598 0.322 0.602 0.32 0.604 0.32 0.608 0.324 0.612 0.326 0.612 0.328 0.614 0.33 0.614 0.334 0.618 0.336 0.618 0.338 0.62 0.344 0.62 0.346 0.618 0.346 0.616 0.348 0.614 0.348 0.612 0.35 0.61 0.35 0.608 0.352 0.606 0.352 0.602 0.348 0.598 0.346 0.598 0.344 0.596 0.342 0.596 0.34 0.594 0.338 0.594 0.336 0.592 0.334 0.592 0.332 0.59
5 0.004 0.794 0.008 0.016 0.0 0.786 0.0 0.8 0.002 0.8 0.002 0.796 0.004 0.794 0.004 0.792 0.006 0.79 0.006 0.786
5 0.16 0.952 0.02 0.02 0.156 0.942 0.152 0.946 0.152 0.948 0.15 0.95 0.15 0.954 0.152 0.956 0.152 0.958 0.154 0.958 0.156 0.96 0.164 0.96 0.166 0.958 0.166 0.956 0.168 0.954 0.168 0.946 0.166 0.944 0.164 0.944 0.162 0.942
7 0.519 0.219 0.006 0.01 0.516 0.214 0.516 0.222 0.52 0.222 0.52 0.214
7 0.453 0.446 0.014 0.012 0.45 0.44 0.448 0.442 0.448 0.444 0.446 0.446 0.45 0.45 0.454 0.45 0.456 0.448 0.456 0.446 0.458 0.444 0.458 0.442 0.456 0.442 0.454 0.44
4 0.182 0.588 0.024 0.028 0.176 0.574 0.172 0.578 0.172 0.584 0.17 0.586 0.17 0.59 0.172 0.592 0.172 0.596 0.174 0.598 0.178 0.598 0.18 0.6 0.182 0.6 0.184 0.598 0.186 0.598 0.19 0.594 0.19 0.588 0.192 0.586 0.192 0.584 0.19 0.582 0.19 0.58 0.188 0.578 0.186 0.578 0.184 0.576 0.182 0.576 0.18 0.574
7 0.062 0.955 0.008 0.01 0.058 0.95 0.058 0.956 0.06 0.958 0.064 0.958 0.064 0.95
3 0.345 0.57 0.11 0.104 0.332 0.518 0.328 0.522 0.328 0.524 0.326 0.526 0.326 0.528 0.322 0.532 0.322 0.534 0.32 0.536 0.32 0.538 0.316 0.542 0.316 0.544 0.312 0.548 0.312 0.55 0.31 0.552 0.31 0.554 0.306 0.558 0.306 0.56 0.302 0.564 0.302 0.566 0.3 0.568 0.3 0.57 0.296 0.574 0.296 0.576 0.294 0.578 0.294 0.58 0.29 0.584 0.292 0.586 0.294 0.586 0.296 0.588 0.298 0.588 0.3 0.59 0.302 0.59 0.304 0.592 0.308 0.592 0.31 0.594 0.312 0.594 0.314 0.596 0.316 0.596 0.318 0.598 0.32 0.598 0.322 0.596 0.322 0.594 0.328 0.588 0.332 0.588 0.334 0.59 0.336 0.59 0.338 0.592 0.34 0.592 0.342 0.594 0.344 0.594 0.346 0.596 0.348 0.596 0.354 0.602 0.354 0.606 0.352 0.608 0.352 0.61 0.35 0.612 0.352 0.614 0.354 0.614 0.356 0.616 0.358 0.616 0.36 0.618 0.362 0.618 0.364 0.62 0.366 0.618 0.366 0.616 0.368 0.614 0.368 0.612 0.37 0.61 0.37 0.608 0.372 0.606 0.372 0.604 0.374 0.602 0.374 0.6 0.376 0.598 0.376 0.596 0.378 0.594 0.378 0.592 0.38 0.59 0.38 0.588 0.382 0.586 0.382 0.584 0.384 0.582 0.384 0.58 0.386 0.578 0.386 0.576 0.388 0.574 0.388 0.572 0.39 0.57 0.39 0.568 0.392 0.566 0.392 0.564 0.394 0.562 0.394 0.56 0.396 0.558 0.396 0.556 0.398 0.554 0.396 0.552 0.394 0.552 0.392 0.55 0.39 0.55 0.388 0.548 0.386 0.548 0.384 0.546 0.382 0.546 0.378 0.542 0.376 0.542 0.374 0.54 0.372 0.54 0.37 0.538 0.368 0.538 0.366 0.536 0.364 0.536 0.362 0.534 0.36 0.534 0.358 0.532 0.356 0.532 0.354 0.53 0.352 0.53 0.35 0.528 0.348 0.528 0.344 0.524 0.342 0.524 0.34 0.522 0.338 0.522 0.336 0.52 0.334 0.52
7 0.118 0.937 0.012 0.014 0.114 0.93 0.114 0.932 0.112 0.934 0.112 0.938 0.114 0.94 0.116 0.94 0.118 0.942 0.12 0.942 0.12 0.94 0.122 0.938 0.122 0.936 0.12 0.934 0.12 0.932 0.118 0.93
4 0.266 0.638 0.028 0.032 0.262 0.622 0.26 0.624 0.26 0.626 0.256 0.63 0.256 0.632 0.254 0.634 0.254 0.638 0.252 0.64 0.252 0.646 0.254 0.648 0.256 0.648 0.258 0.65 0.264 0.65 0.266 0.652 0.268 0.65 0.27 0.65 0.276 0.644 0.276 0.642 0.278 0.64 0.278 0.63 0.272 0.624 0.27 0.624 0.268 0.622
7 0.248 0.61 0.016 0.016 0.244 0.602 0.24 0.606 0.24 0.614 0.242 0.616 0.244 0.616 0.246 0.614 0.248 0.614 0.254 0.608 0.254 0.604 0.252 0.602
5 0.286 0.376 0.024 0.028 0.28 0.362 0.276 0.366 0.276 0.368 0.274 0.37 0.274 0.38 0.28 0.386 0.282 0.386 0.284 0.388 0.288 0.388 0.292 0.384 0.292 0.382 0.294 0.38 0.294 0.376 0.296 0.374 0.296 0.368 0.294 0.366 0.292 0.366 0.29 0.364 0.288 0.364 0.286 0.362
3 0.193 0.657 0.078 0.078 0.184 0.618 0.182 0.62 0.182 0.622 0.178 0.626 0.178 0.628 0.176 0.63 0.176 0.632 0.172 0.636 0.172 0.638 0.17 0.64 0.17 0.642 0.166 0.646 0.166 0.648 0.164 0.65 0.164 0.652 0.16 0.656 0.16 0.658 0.158 0.66 0.158 0.662 0.154 0.666 0.156 0.668 0.158 0.668 0.16 0.67 0.162 0.67 0.164 0.672 0.166 0.672 0.17 0.676 0.172 0.676 0.174 0.678 0.176 0.678 0.178 0.68 0.18 0.68 0.182 0.682 0.184 0.682 0.186 0.684 0.188 0.684 0.19 0.686 0.192 0.686 0.196 0.69 0.198 0.69 0.2 0.692 0.202 0.692 0.204 0.694 0.206 0.692 0.206 0.69 0.208 0.688 0.208 0.686 0.21 0.684 0.21 0.68 0.212 0.678 0.212 0.676 0.214 0.674 0.214 0.672 0.216 0.67 0.216 0.668 0.218 0.666 0.218 0.664 0.22 0.662 0.22 0.66 0.222 0.658 0.222 0.656 0.224 0.654 0.224 0.65 0.226 0.648 0.226 0.646 0.228 0.644 0.228 0.642 0.23 0.64 0.228 0.638 0.226 0.638 0.224 0.636 0.222 0.636 0.22 0.634 0.216 0.634 0.214 0.632 0.212 0.632 0.21 0.63 0.208 0.63 0.206 0.628 0.204 0.628 0.202 0.626 0.2 0.626 0.198 0.624 0.194 0.624 0.192 0.622 0.19 0.622 0.188 0.62 0.186 0.62
3 0.285 0.702 0.082 0.08 0.272 0.662 0.27 0.664 0.27 0.666 0.268 0.668 0.268 0.67 0.266 0.672 0.266 0.674 0.262 0.678 0.262 0.68 0.26 0.682 0.26 0.684 0.258 0.686 0.258 0.688 0.256 0.69 0.256 0.692 0.254 0.694 0.254 0.696 0.252 0.698 0.252 0.7 0.248 0.704 0.248 0.706 0.246 0.708 0.246 0.71 0.244 0.712 0.246 0.714 0.248 0.714 0.25 0.716 0.252 0.716 0.254 0.718 0.256 0.718 0.26 0.722 0.262 0.722 0.264 0.724 0.266 0.724 0.268 0.726 0.27 0.726 0.272 0.728 0.274 0.728 0.276 0.73 0.278 0.73 0.28 0.732 0.282 0.732 0.286 0.736 0.288 0.736 0.29 0.738 0.292 0.738 0.294 0.74 0.296 0.738 0.296 0.736 0.298 0.734 0.298 0.732 0.3 0.73 0.3 0.728 0.304 0.724 0.304 0.722 0.306 0.72 0.306 0.718 0.308 0.716 0.308 0.714 0.31 0.712 0.31 0.71 0.312 0.708 0.312 0.706 0.314 0.704 0.314 0.702 0.318 0.698 0.318 0.696 0.32 0.694 0.32 0.692 0.322 0.69 0.322 0.688 0.324 0.686 0.322 0.684 0.32 0.684 0.318 0.682 0.314 0.682 0.312 0.68 0.31 0.68 0.308 0.678 0.306 0.678 0.304 0.676 0.302 0.676 0.3 0.674 0.296 0.674 0.294 0.672 0.292 0.672 0.29 0.67 0.288 0.67 0.286 0.668 0.284 0.668 0.282 0.666 0.278 0.666 0.276 0.664 0.274 0.664
