5 0.135 0.253 0.022 0.022 0.134 0.242 0.132 0.244 0.126 0.244 0.124 0.246 0.124 0.26 0.126 0.262 0.142 0.262 0.144 0.26 0.144 0.244 0.142 0.244 0.14 0.242
7 0.91 0.385 0.06 0.022 0.882 0.374 0.88 0.376 0.882 0.378 0.882 0.38 0.884 0.382 0.884 0.384 0.888 0.388 0.888 0.39 0.89 0.39 0.892 0.392 0.908 0.392 0.91 0.394 0.934 0.394 0.936 0.392 0.938 0.392 0.938 0.388 0.934 0.384 0.934 0.38 0.932 0.378 0.932 0.376 0.924 0.376 0.922 0.374
7 0.556 0.454 0.012 0.008 0.552 0.45 0.55 0.452 0.55 0.454 0.552 0.456 0.558 0.456 0.558 0.454 0.56 0.452 0.558 0.45
7 0.108 0.233 0.012 0.014 0.104 0.226 0.104 0.228 0.102 0.23 0.102 0.236 0.104 0.238 0.11 0.238 0.112 0.236 0.112 0.228 0.11 0.226
4 0.555 0.506 0.026 0.02 0.546 0.496 0.544 0.498 0.544 0.502 0.542 0.504 0.542 0.51 0.546 0.514 0.564 0.514 0.566 0.512 0.566 0.498 0.564 0.496
7 0.114 0.147 0.008 0.01 0.112 0.142 0.11 0.144 0.11 0.15 0.114 0.15 0.116 0.148 0.116 0.144 0.114 0.142
4 0.44 0.483 0.024 0.026 0.43 0.47 0.428 0.472 0.428 0.492 0.43 0.494 0.436 0.494 0.44 0.49 0.446 0.49 0.448 0.488 0.448 0.48 0.45 0.478 0.448 0.476 0.448 0.47
7 0.571 0.474 0.006 0.008 0.568 0.47 0.568 0.474 0.57 0.476 0.572 0.476 0.572 0.47
6 0.619 0.469 0.046 0.074 0.598 0.432 0.598 0.434 0.596 0.436 0.596 0.502 0.598 0.504 0.638 0.504 0.638 0.498 0.64 0.496 0.64 0.434 0.638 0.432
6 0.085 0.417 0.074 0.074 0.086 0.38 0.084 0.382 0.052 0.382 0.048 0.386 0.048 0.452 0.118 0.452 0.12 0.45 0.12 0.382 0.118 0.382 0.116 0.38
5 0.497 0.503 0.014 0.014 0.494 0.496 0.49 0.5 0.49 0.506 0.492 0.506 0.494 0.508 0.5 0.508 0.502 0.506 0.502 0.496
2 0.499 0.664 0.13 0.048 0.474 0.64 0.472 0.642 0.436 0.642 0.434 0.644 0.434 0.656 0.436 0.658 0.436 0.682 0.44 0.686 0.448 0.686 0.45 0.684 0.556 0.684 0.558 0.682 0.558 0.676 0.56 0.674 0.56 0.654 0.562 0.652 0.562 0.648 0.56 0.646 0.56 0.644 0.558 0.642 0.504 0.642 0.502 0.64
4 0.555 0.544 0.038 0.024 0.566 0.532 0.564 0.534 0.536 0.534 0.536 0.542 0.538 0.544 0.536 0.546 0.536 0.552 0.538 0.552 0.54 0.554 0.572 0.554 0.572 0.534 0.57 0.532
