4 0.565 0.917 0.022 0.022 0.56 0.906 0.556 0.91 0.556 0.912 0.554 0.914 0.554 0.922 0.558 0.926 0.562 0.926 0.564 0.924 0.57 0.924 0.572 0.922 0.574 0.922 0.574 0.91 0.57 0.906
4 0.519 0.102 0.022 0.048 0.512 0.078 0.512 0.088 0.51 0.09 0.51 0.1 0.508 0.102 0.508 0.124 0.522 0.124 0.524 0.122 0.524 0.116 0.526 0.114 0.526 0.096 0.528 0.094 0.528 0.078
0 0.842 0.258 0.032 0.052 0.828 0.232 0.828 0.234 0.826 0.236 0.826 0.274 0.828 0.276 0.828 0.278 0.834 0.278 0.836 0.28 0.842 0.28 0.844 0.282 0.854 0.282 0.854 0.268 0.856 0.266 0.856 0.236 0.854 0.234 0.842 0.234 0.84 0.232
3 0.853 0.112 0.118 0.092 0.796 0.066 0.796 0.08 0.794 0.082 0.794 0.116 0.798 0.12 0.8 0.12 0.808 0.128 0.81 0.128 0.816 0.134 0.818 0.134 0.826 0.142 0.828 0.142 0.84 0.154 0.842 0.154 0.844 0.156 0.848 0.156 0.852 0.152 0.854 0.152 0.858 0.148 0.86 0.148 0.862 0.146 0.864 0.146 0.866 0.144 0.868 0.144 0.872 0.14 0.874 0.14 0.876 0.138 0.878 0.138 0.882 0.134 0.884 0.134 0.886 0.132 0.888 0.132 0.89 0.13 0.892 0.13 0.894 0.128 0.896 0.128 0.898 0.126 0.9 0.126 0.906 0.12 0.906 0.116 0.908 0.114 0.908 0.094 0.91 0.092 0.91 0.072 0.898 0.072 0.896 0.07 0.894 0.072 0.88 0.072 0.878 0.07 0.876 0.072 0.846 0.072 0.844 0.07 0.83 0.07 0.828 0.068 0.806 0.068 0.804 0.066
3 0.779 0.204 0.058 0.056 0.774 0.176 0.772 0.178 0.77 0.178 0.768 0.18 0.766 0.18 0.762 0.184 0.76 0.184 0.758 0.186 0.756 0.186 0.75 0.192 0.75 0.228 0.752 0.228 0.754 0.23 0.8 0.23 0.802 0.228 0.806 0.228 0.806 0.192 0.804 0.19 0.804 0.188 0.798 0.182 0.796 0.182 0.794 0.18 0.79 0.18 0.788 0.178 0.786 0.178 0.784 0.176
3 0.51 0.769 0.04 0.014 0.498 0.762 0.496 0.764 0.492 0.764 0.49 0.766 0.49 0.772 0.492 0.774 0.526 0.774 0.528 0.772 0.528 0.766 0.524 0.762
5 0.476 0.18 0.028 0.024 0.482 0.168 0.48 0.17 0.474 0.17 0.472 0.172 0.468 0.172 0.466 0.174 0.464 0.174 0.462 0.176 0.462 0.184 0.464 0.186 0.464 0.188 0.466 0.188 0.468 0.19 0.478 0.19 0.488 0.18 0.488 0.172 0.486 0.17 0.484 0.17
5 0.442 0.521 0.02 0.022 0.438 0.51 0.434 0.514 0.434 0.518 0.432 0.52 0.432 0.528 0.434 0.53 0.446 0.53 0.448 0.528 0.448 0.526 0.45 0.524 0.45 0.512 0.448 0.51
5 0.537 0.923 0.022 0.018 0.53 0.914 0.528 0.916 0.528 0.92 0.526 0.922 0.526 0.926 0.53 0.93 0.546 0.93 0.546 0.92 0.544 0.918 0.544 0.914
4 0.759 0.082 0.01 0.012 0.756 0.076 0.754 0.078 0.754 0.084 0.756 0.086 0.76 0.086 0.76 0.084 0.762 0.082 0.762 0.08 0.758 0.076
3 0.395 0.537 0.054 0.066 0.372 0.504 0.372 0.506 0.37 0.508 0.37 0.51 0.368 0.512 0.368 0.564 0.37 0.566 0.382 0.566 0.384 0.568 0.402 0.568 0.404 0.566 0.406 0.566 0.41 0.562 0.41 0.56 0.416 0.554 0.416 0.552 0.418 0.55 0.418 0.542 0.416 0.54 0.416 0.538 0.42 0.534 0.42 0.53 0.418 0.528 0.418 0.524 0.416 0.522 0.416 0.52 0.408 0.512 0.408 0.51 0.406 0.508 0.406 0.506 0.404 0.506 0.402 0.504
3 0.547 0.547 0.05 0.066 0.544 0.514 0.542 0.516 0.54 0.516 0.54 0.518 0.534 0.524 0.534 0.526 0.53 0.53 0.53 0.532 0.528 0.534 0.528 0.538 0.526 0.54 0.526 0.548 0.524 0.55 0.524 0.554 0.522 0.556 0.524 0.558 0.524 0.564 0.526 0.566 0.526 0.568 0.528 0.57 0.528 0.572 0.532 0.576 0.534 0.576 0.536 0.578 0.568 0.578 0.57 0.576 0.57 0.554 0.568 0.552 0.568 0.518 0.566 0.516 0.564 0.516 0.562 0.514
4 0.574 0.152 0.028 0.02 0.566 0.142 0.56 0.148 0.56 0.156 0.564 0.16 0.574 0.16 0.576 0.158 0.582 0.158 0.586 0.154 0.586 0.144 0.584 0.142
4 0.571 0.186 0.026 0.02 0.568 0.176 0.566 0.178 0.56 0.178 0.558 0.18 0.558 0.192 0.56 0.194 0.578 0.194 0.582 0.19 0.582 0.178 0.58 0.178 0.578 0.176
4 0.563 0.527 0.014 0.014 0.56 0.52 0.556 0.524 0.556 0.528 0.56 0.532 0.568 0.532 0.568 0.522 0.566 0.52
7 0.461 0.523 0.018 0.01 0.454 0.518 0.452 0.52 0.452 0.526 0.458 0.526 0.46 0.524 0.466 0.524 0.468 0.522 0.468 0.518
3 0.469 0.602 0.062 0.064 0.47 0.57 0.468 0.572 0.466 0.572 0.464 0.574 0.462 0.574 0.46 0.576 0.458 0.576 0.456 0.578 0.452 0.578 0.45 0.58 0.448 0.58 0.446 0.582 0.444 0.582 0.442 0.584 0.44 0.584 0.438 0.586 0.438 0.626 0.446 0.626 0.448 0.628 0.466 0.628 0.468 0.63 0.486 0.63 0.488 0.632 0.496 0.632 0.496 0.608 0.498 0.606 0.498 0.584 0.496 0.582 0.494 0.582 0.492 0.58 0.49 0.58 0.488 0.578 0.486 0.578 0.484 0.576 0.482 0.576 0.48 0.574 0.478 0.574 0.476 0.572 0.474 0.572 0.472 0.57
7 0.604 0.109 0.008 0.01 0.6 0.104 0.6 0.11 0.602 0.112 0.606 0.108 0.606 0.104
7 0.514 0.488 0.012 0.028 0.51 0.474 0.508 0.476 0.508 0.498 0.51 0.5 0.516 0.5 0.518 0.498 0.518 0.486 0.516 0.484 0.516 0.48
3 0.635 0.987 0.018 0.026 0.628 0.974 0.628 0.98 0.626 0.982 0.626 0.998 0.642 0.998 0.642 0.976 0.64 0.974
3 0.638 0.91 0.016 0.044 0.638 0.888 0.636 0.89 0.632 0.89 0.63 0.892 0.63 0.93 0.642 0.93 0.644 0.928 0.644 0.89 0.642 0.888
3 0.641 0.825 0.018 0.046 0.644 0.802 0.642 0.804 0.636 0.804 0.634 0.806 0.634 0.808 0.632 0.81 0.632 0.844 0.634 0.846 0.646 0.846 0.648 0.844 0.648 0.804 0.646 0.802
3 0.448 0.985 0.016 0.03 0.442 0.97 0.442 0.972 0.44 0.974 0.44 0.998 0.454 0.998 0.454 0.972 0.452 0.97
3 0.451 0.907 0.018 0.042 0.446 0.886 0.446 0.888 0.444 0.89 0.444 0.914 0.442 0.916 0.442 0.922 0.444 0.924 0.444 0.926 0.456 0.926 0.456 0.92 0.458 0.918 0.458 0.888 0.456 0.886
3 0.455 0.822 0.018 0.044 0.452 0.8 0.448 0.804 0.448 0.828 0.446 0.83 0.446 0.838 0.448 0.84 0.448 0.842 0.46 0.842 0.46 0.836 0.462 0.834 0.462 0.804 0.46 0.802 0.458 0.802 0.456 0.8
3 0.592 0.77 0.04 0.012 0.58 0.764 0.578 0.766 0.572 0.766 0.572 0.772 0.574 0.774 0.608 0.774 0.61 0.772 0.61 0.766 0.608 0.766 0.606 0.764
