3 0.092 0.488 0.128 0.124 0.114 0.426 0.112 0.428 0.11 0.428 0.108 0.43 0.106 0.43 0.1 0.436 0.072 0.436 0.07 0.438 0.066 0.438 0.064 0.44 0.06 0.44 0.058 0.442 0.054 0.442 0.052 0.444 0.048 0.444 0.046 0.446 0.044 0.446 0.042 0.448 0.036 0.448 0.034 0.45 0.032 0.45 0.028 0.454 0.028 0.456 0.03 0.458 0.03 0.466 0.032 0.468 0.032 0.47 0.034 0.472 0.034 0.474 0.036 0.476 0.036 0.478 0.038 0.48 0.038 0.482 0.04 0.484 0.04 0.486 0.042 0.488 0.044 0.488 0.046 0.49 0.048 0.49 0.05 0.492 0.052 0.492 0.06 0.5 0.062 0.5 0.076 0.514 0.078 0.514 0.082 0.518 0.084 0.518 0.092 0.526 0.094 0.526 0.108 0.54 0.11 0.54 0.114 0.544 0.116 0.544 0.118 0.546 0.122 0.546 0.124 0.544 0.124 0.536 0.128 0.532 0.128 0.53 0.13 0.528 0.13 0.526 0.132 0.524 0.132 0.518 0.134 0.516 0.134 0.512 0.136 0.51 0.136 0.506 0.138 0.504 0.138 0.5 0.14 0.498 0.14 0.494 0.142 0.492 0.142 0.488 0.144 0.486 0.144 0.474 0.146 0.472 0.146 0.46 0.148 0.458 0.148 0.452 0.15 0.45 0.15 0.446 0.152 0.444 0.152 0.434 0.154 0.432 0.154 0.428 0.152 0.426 0.128 0.426 0.126 0.428 0.124 0.426
3 0.781 0.438 0.026 0.048 0.772 0.414 0.77 0.416 0.768 0.416 0.768 0.438 0.77 0.44 0.77 0.448 0.772 0.45 0.772 0.456 0.776 0.46 0.792 0.46 0.792 0.448 0.79 0.446 0.79 0.44 0.788 0.438 0.788 0.43 0.786 0.428 0.786 0.424 0.784 0.422 0.784 0.416 0.782 0.414
2 0.152 0.678 0.048 0.028 0.166 0.664 0.164 0.666 0.158 0.666 0.156 0.668 0.148 0.668 0.146 0.67 0.14 0.67 0.138 0.672 0.13 0.672 0.128 0.674 0.128 0.686 0.132 0.69 0.134 0.688 0.144 0.688 0.146 0.686 0.154 0.686 0.156 0.684 0.166 0.684 0.168 0.682 0.172 0.682 0.174 0.68 0.174 0.666 0.172 0.664
2 0.244 0.805 0.136 0.042 0.296 0.784 0.294 0.786 0.286 0.786 0.284 0.788 0.272 0.788 0.27 0.79 0.264 0.79 0.262 0.792 0.256 0.792 0.254 0.794 0.246 0.794 0.244 0.796 0.232 0.796 0.23 0.798 0.224 0.798 0.222 0.8 0.214 0.8 0.212 0.802 0.202 0.802 0.2 0.804 0.19 0.804 0.188 0.806 0.18 0.806 0.176 0.81 0.176 0.814 0.178 0.816 0.178 0.818 0.18 0.82 0.188 0.82 0.19 0.822 0.204 0.822 0.206 0.824 0.21 0.824 0.212 0.822 0.214 0.824 0.262 0.824 0.264 0.822 0.292 0.822 0.294 0.82 0.302 0.82 0.304 0.818 0.308 0.818 0.31 0.816 0.31 0.798 0.308 0.796 0.308 0.792 0.306 0.79 0.306 0.788 0.302 0.784
2 0.58 0.611 0.112 0.062 0.596 0.58 0.594 0.582 0.586 0.582 0.584 0.584 0.576 0.584 0.574 0.586 0.562 0.586 0.56 0.588 0.554 0.588 0.552 0.59 0.546 0.59 0.544 0.592 0.54 0.592 0.538 0.594 0.532 0.594 0.53 0.596 0.528 0.596 0.526 0.598 0.526 0.6 0.524 0.602 0.526 0.604 0.526 0.608 0.528 0.61 0.528 0.612 0.53 0.614 0.53 0.616 0.532 0.616 0.536 0.62 0.538 0.62 0.542 0.624 0.544 0.624 0.55 0.63 0.55 0.634 0.552 0.634 0.554 0.636 0.554 0.638 0.556 0.64 0.558 0.638 0.566 0.638 0.568 0.636 0.57 0.636 0.572 0.634 0.58 0.634 0.582 0.632 0.59 0.632 0.592 0.63 0.596 0.63 0.598 0.628 0.606 0.628 0.608 0.626 0.61 0.626 0.624 0.612 0.624 0.61 0.626 0.608 0.626 0.606 0.63 0.602 0.63 0.6 0.632 0.598 0.632 0.596 0.634 0.594 0.634 0.59 0.632 0.588 0.632 0.586 0.63 0.584 0.63 0.58
3 0.848 0.625 0.04 0.026 0.86 0.612 0.858 0.614 0.85 0.614 0.848 0.616 0.842 0.616 0.84 0.618 0.834 0.618 0.832 0.62 0.828 0.62 0.828 0.624 0.83 0.626 0.83 0.63 0.832 0.632 0.832 0.636 0.86 0.636 0.862 0.634 0.864 0.634 0.866 0.632 0.866 0.614 0.864 0.614 0.862 0.612
2 0.838 0.659 0.08 0.034 0.866 0.642 0.864 0.644 0.86 0.644 0.856 0.648 0.846 0.648 0.844 0.65 0.832 0.65 0.83 0.652 0.828 0.65 0.822 0.65 0.82 0.652 0.818 0.652 0.816 0.654 0.812 0.654 0.81 0.656 0.8 0.656 0.798 0.658 0.798 0.66 0.8 0.662 0.8 0.672 0.802 0.674 0.814 0.674 0.816 0.672 0.832 0.672 0.834 0.67 0.842 0.67 0.844 0.668 0.848 0.668 0.85 0.666 0.858 0.666 0.86 0.664 0.864 0.664 0.866 0.662 0.876 0.662 0.876 0.658 0.874 0.656 0.874 0.65 0.872 0.648 0.872 0.644 0.87 0.642
7 0.844 0.491 0.044 0.054 0.852 0.464 0.85 0.466 0.84 0.466 0.838 0.468 0.832 0.468 0.83 0.47 0.824 0.47 0.822 0.472 0.822 0.474 0.824 0.476 0.824 0.482 0.826 0.484 0.826 0.492 0.828 0.494 0.828 0.504 0.83 0.506 0.83 0.514 0.832 0.516 0.85 0.516 0.852 0.514 0.86 0.514 0.864 0.51 0.864 0.496 0.862 0.494 0.862 0.488 0.86 0.486 0.86 0.478 0.858 0.476 0.858 0.47 0.856 0.468 0.856 0.466 0.854 0.464
7 0.881 0.411 0.026 0.026 0.878 0.398 0.876 0.4 0.872 0.4 0.868 0.404 0.868 0.408 0.87 0.41 0.87 0.416 0.872 0.418 0.872 0.42 0.874 0.422 0.876 0.422 0.878 0.42 0.886 0.42 0.888 0.418 0.892 0.418 0.892 0.404 0.89 0.402 0.89 0.398
5 0.531 0.508 0.022 0.036 0.526 0.49 0.52 0.496 0.52 0.506 0.522 0.508 0.522 0.514 0.524 0.516 0.524 0.52 0.528 0.524 0.538 0.524 0.54 0.522 0.54 0.508 0.538 0.506 0.538 0.498 0.536 0.496 0.536 0.49
3 0.149 0.66 0.054 0.064 0.144 0.628 0.142 0.63 0.134 0.63 0.132 0.632 0.126 0.632 0.124 0.634 0.122 0.634 0.122 0.654 0.124 0.656 0.124 0.664 0.126 0.666 0.126 0.674 0.128 0.676 0.128 0.686 0.13 0.688 0.13 0.69 0.134 0.69 0.136 0.688 0.144 0.688 0.146 0.686 0.156 0.686 0.158 0.684 0.166 0.684 0.168 0.682 0.172 0.682 0.174 0.68 0.174 0.664 0.172 0.662 0.172 0.644 0.17 0.642 0.17 0.634 0.168 0.632 0.168 0.63 0.166 0.628
3 0.208 0.477 0.064 0.062 0.224 0.446 0.222 0.448 0.214 0.448 0.212 0.45 0.202 0.45 0.2 0.452 0.192 0.452 0.19 0.454 0.182 0.454 0.18 0.456 0.176 0.456 0.176 0.482 0.178 0.484 0.178 0.488 0.18 0.49 0.18 0.496 0.182 0.498 0.182 0.502 0.186 0.506 0.188 0.504 0.192 0.504 0.194 0.502 0.21 0.502 0.212 0.5 0.218 0.5 0.22 0.498 0.224 0.498 0.226 0.496 0.23 0.496 0.232 0.494 0.238 0.494 0.238 0.492 0.236 0.49 0.236 0.482 0.234 0.48 0.234 0.474 0.232 0.472 0.232 0.466 0.23 0.464 0.23 0.458 0.228 0.456 0.228 0.45
2 0.221 0.664 0.05 0.024 0.23 0.652 0.228 0.654 0.22 0.654 0.218 0.656 0.21 0.656 0.208 0.658 0.2 0.658 0.198 0.66 0.196 0.66 0.196 0.666 0.198 0.668 0.198 0.672 0.2 0.674 0.204 0.674 0.206 0.672 0.212 0.672 0.214 0.67 0.22 0.67 0.222 0.668 0.23 0.668 0.232 0.666 0.24 0.666 0.242 0.664 0.244 0.664 0.244 0.658 0.242 0.656 0.242 0.652
3 0.774 0.522 0.032 0.084 0.76 0.48 0.758 0.482 0.758 0.488 0.76 0.49 0.76 0.504 0.762 0.506 0.762 0.52 0.764 0.522 0.764 0.538 0.766 0.54 0.766 0.554 0.768 0.556 0.768 0.562 0.77 0.562 0.772 0.56 0.778 0.56 0.78 0.558 0.782 0.558 0.782 0.556 0.784 0.554 0.784 0.55 0.786 0.548 0.786 0.544 0.788 0.542 0.788 0.526 0.786 0.524 0.786 0.506 0.784 0.504 0.784 0.502 0.782 0.5 0.782 0.496 0.78 0.494 0.78 0.492 0.778 0.49 0.778 0.488 0.776 0.486 0.776 0.482 0.774 0.48
7 0.509 0.457 0.01 0.01 0.506 0.452 0.504 0.454 0.504 0.458 0.506 0.46 0.51 0.46 0.512 0.458 0.512 0.454 0.51 0.454 0.508 0.452
7 0.089 0.657 0.014 0.018 0.084 0.648 0.084 0.654 0.082 0.656 0.082 0.66 0.084 0.662 0.084 0.664 0.092 0.664 0.094 0.662 0.094 0.656 0.092 0.654 0.092 0.648
7 0.037 0.621 0.01 0.01 0.034 0.616 0.032 0.618 0.032 0.624 0.038 0.624 0.04 0.622 0.04 0.616
7 0.006 0.627 0.012 0.01 0.0 0.622 0.0 0.63 0.006 0.63 0.01 0.626 0.008 0.624 0.008 0.622
7 0.131 0.583 0.022 0.018 0.124 0.574 0.122 0.576 0.122 0.578 0.12 0.58 0.12 0.586 0.124 0.59 0.132 0.59 0.134 0.588 0.136 0.588 0.138 0.586 0.138 0.582 0.14 0.58 0.138 0.578 0.138 0.576 0.136 0.574
7 0.528 0.547 0.012 0.01 0.524 0.542 0.522 0.544 0.522 0.546 0.526 0.55 0.528 0.55 0.532 0.546 0.532 0.542
7 0.436 0.552 0.012 0.012 0.434 0.546 0.43 0.55 0.43 0.552 0.434 0.556 0.438 0.556 0.44 0.554 0.44 0.546
7 0.515 0.427 0.014 0.022 0.508 0.416 0.508 0.432 0.512 0.436 0.516 0.436 0.52 0.432 0.52 0.422 0.518 0.42 0.518 0.418 0.516 0.416
3 0.803 0.602 0.022 0.052 0.796 0.576 0.792 0.58 0.792 0.592 0.794 0.594 0.794 0.608 0.796 0.61 0.796 0.618 0.8 0.622 0.8 0.624 0.802 0.626 0.81 0.626 0.812 0.624 0.812 0.608 0.81 0.606 0.81 0.598 0.808 0.596 0.808 0.584 0.806 0.582 0.806 0.58 0.804 0.578 0.804 0.576
2 0.548 0.349 0.072 0.022 0.572 0.338 0.57 0.34 0.564 0.34 0.562 0.342 0.554 0.342 0.552 0.344 0.548 0.344 0.546 0.346 0.54 0.346 0.538 0.348 0.53 0.348 0.528 0.35 0.52 0.35 0.518 0.352 0.514 0.352 0.512 0.354 0.512 0.356 0.53 0.356 0.532 0.358 0.582 0.358 0.582 0.346 0.58 0.344 0.58 0.342 0.578 0.34 0.578 0.338
6 0.835 0.71 0.094 0.08 0.864 0.67 0.862 0.672 0.854 0.672 0.852 0.674 0.84 0.674 0.838 0.676 0.832 0.676 0.83 0.678 0.818 0.678 0.816 0.68 0.81 0.68 0.808 0.682 0.804 0.682 0.8 0.686 0.798 0.686 0.796 0.688 0.794 0.688 0.792 0.69 0.79 0.69 0.788 0.692 0.788 0.698 0.79 0.7 0.79 0.706 0.792 0.708 0.792 0.712 0.794 0.714 0.794 0.72 0.796 0.722 0.796 0.728 0.798 0.73 0.798 0.74 0.8 0.742 0.8 0.744 0.802 0.746 0.802 0.748 0.814 0.748 0.816 0.746 0.818 0.746 0.82 0.744 0.822 0.744 0.824 0.742 0.834 0.742 0.836 0.74 0.85 0.74 0.852 0.738 0.856 0.738 0.858 0.736 0.862 0.736 0.864 0.734 0.866 0.734 0.868 0.732 0.87 0.732 0.872 0.73 0.878 0.73 0.878 0.728 0.88 0.726 0.878 0.724 0.878 0.71 0.876 0.708 0.876 0.694 0.874 0.692 0.874 0.682 0.872 0.68 0.872 0.672 0.87 0.67
5 0.163 0.508 0.014 0.016 0.158 0.5 0.156 0.502 0.156 0.514 0.166 0.514 0.168 0.512 0.168 0.504 0.164 0.5
3 0.218 0.636 0.052 0.036 0.214 0.618 0.212 0.62 0.206 0.62 0.204 0.622 0.198 0.622 0.196 0.624 0.194 0.624 0.192 0.626 0.192 0.646 0.194 0.648 0.194 0.652 0.222 0.652 0.224 0.65 0.232 0.65 0.234 0.648 0.24 0.648 0.242 0.646 0.242 0.632 0.24 0.63 0.24 0.622 0.238 0.62 0.238 0.618
