7 0.58 0.381 0.028 0.01 0.572 0.376 0.57 0.378 0.566 0.378 0.566 0.384 0.582 0.384 0.584 0.382 0.59 0.382 0.592 0.38 0.592 0.378 0.59 0.376
2 0.351 0.159 0.138 0.074 0.292 0.122 0.288 0.126 0.288 0.128 0.286 0.13 0.286 0.138 0.284 0.14 0.284 0.148 0.282 0.15 0.282 0.164 0.284 0.166 0.286 0.166 0.288 0.168 0.324 0.168 0.326 0.17 0.328 0.168 0.336 0.168 0.338 0.17 0.344 0.17 0.346 0.172 0.348 0.172 0.354 0.178 0.356 0.178 0.358 0.18 0.362 0.18 0.368 0.186 0.37 0.186 0.372 0.188 0.376 0.188 0.378 0.19 0.384 0.19 0.386 0.192 0.394 0.192 0.396 0.194 0.408 0.194 0.412 0.19 0.412 0.186 0.414 0.184 0.414 0.174 0.416 0.172 0.416 0.17 0.418 0.168 0.416 0.166 0.416 0.156 0.418 0.154 0.418 0.152 0.416 0.15 0.416 0.144 0.414 0.142 0.414 0.14 0.398 0.14 0.396 0.138 0.386 0.138 0.384 0.136 0.376 0.136 0.374 0.134 0.366 0.134 0.364 0.132 0.354 0.132 0.352 0.13 0.342 0.13 0.34 0.128 0.33 0.128 0.328 0.126 0.322 0.126 0.32 0.124 0.304 0.124 0.302 0.122
3 0.507 0.018 0.09 0.036 0.508 0.0 0.506 0.002 0.462 0.002 0.462 0.022 0.466 0.022 0.468 0.024 0.48 0.024 0.482 0.026 0.494 0.026 0.496 0.028 0.508 0.028 0.51 0.03 0.522 0.03 0.524 0.032 0.536 0.032 0.538 0.034 0.542 0.034 0.542 0.032 0.544 0.03 0.544 0.022 0.546 0.02 0.546 0.014 0.548 0.012 0.548 0.004 0.55 0.002 0.55 0.0
3 0.918 0.194 0.14 0.076 0.852 0.156 0.852 0.168 0.85 0.17 0.85 0.196 0.848 0.198 0.848 0.21 0.852 0.21 0.854 0.212 0.866 0.212 0.868 0.214 0.88 0.214 0.882 0.216 0.892 0.216 0.894 0.218 0.906 0.218 0.908 0.22 0.918 0.22 0.92 0.222 0.932 0.222 0.934 0.224 0.946 0.224 0.948 0.226 0.958 0.226 0.96 0.228 0.972 0.228 0.974 0.23 0.978 0.23 0.978 0.226 0.98 0.224 0.98 0.212 0.982 0.21 0.982 0.2 0.984 0.198 0.984 0.186 0.986 0.184 0.986 0.18 0.982 0.18 0.98 0.178 0.97 0.178 0.968 0.176 0.96 0.176 0.958 0.174 0.948 0.174 0.946 0.172 0.932 0.172 0.93 0.17 0.92 0.17 0.918 0.168 0.91 0.168 0.908 0.166 0.902 0.166 0.9 0.164 0.892 0.164 0.89 0.162 0.88 0.162 0.878 0.16 0.868 0.16 0.866 0.158 0.858 0.158 0.856 0.156
3 0.619 0.518 0.094 0.16 0.652 0.438 0.65 0.44 0.644 0.44 0.642 0.442 0.636 0.442 0.634 0.444 0.626 0.444 0.624 0.446 0.618 0.446 0.616 0.448 0.61 0.448 0.608 0.45 0.602 0.45 0.6 0.452 0.594 0.452 0.592 0.454 0.584 0.454 0.582 0.456 0.576 0.456 0.574 0.458 0.572 0.458 0.572 0.474 0.574 0.476 0.574 0.508 0.576 0.51 0.576 0.544 0.578 0.546 0.578 0.578 0.58 0.58 0.58 0.596 0.584 0.596 0.586 0.594 0.596 0.594 0.598 0.592 0.608 0.592 0.61 0.59 0.62 0.59 0.622 0.588 0.634 0.588 0.636 0.586 0.646 0.586 0.648 0.584 0.658 0.584 0.66 0.582 0.664 0.582 0.664 0.57 0.662 0.568 0.662 0.54 0.66 0.538 0.66 0.512 0.658 0.51 0.658 0.482 0.656 0.48 0.656 0.452 0.654 0.45 0.654 0.438
7 0.037 0.645 0.026 0.014 0.024 0.638 0.024 0.64 0.026 0.642 0.026 0.644 0.028 0.646 0.03 0.646 0.034 0.65 0.046 0.65 0.048 0.648 0.048 0.642 0.046 0.642 0.044 0.64 0.042 0.64 0.04 0.638
3 0.367 0.087 0.102 0.11 0.372 0.032 0.368 0.036 0.366 0.036 0.362 0.04 0.36 0.04 0.356 0.044 0.354 0.044 0.35 0.048 0.348 0.048 0.346 0.05 0.344 0.05 0.34 0.054 0.338 0.054 0.334 0.058 0.332 0.058 0.328 0.062 0.328 0.066 0.326 0.068 0.326 0.076 0.324 0.078 0.324 0.086 0.322 0.088 0.322 0.096 0.32 0.098 0.32 0.106 0.318 0.108 0.318 0.116 0.316 0.118 0.316 0.122 0.32 0.122 0.322 0.124 0.33 0.124 0.332 0.126 0.34 0.126 0.342 0.128 0.352 0.128 0.354 0.13 0.364 0.13 0.366 0.132 0.374 0.132 0.376 0.134 0.384 0.134 0.386 0.136 0.396 0.136 0.398 0.138 0.404 0.138 0.404 0.136 0.406 0.134 0.406 0.126 0.408 0.124 0.408 0.114 0.41 0.112 0.41 0.104 0.412 0.102 0.412 0.092 0.414 0.09 0.414 0.082 0.416 0.08 0.416 0.076
3 0.501 0.084 0.098 0.08 0.466 0.044 0.466 0.046 0.464 0.048 0.464 0.056 0.462 0.058 0.462 0.066 0.46 0.068 0.46 0.076 0.458 0.078 0.458 0.084 0.456 0.086 0.456 0.094 0.454 0.096 0.454 0.104 0.452 0.106 0.452 0.108 0.456 0.108 0.458 0.11 0.47 0.11 0.472 0.112 0.482 0.112 0.484 0.114 0.496 0.114 0.498 0.116 0.508 0.116 0.51 0.118 0.52 0.118 0.522 0.12 0.534 0.12 0.536 0.122 0.54 0.122 0.54 0.116 0.542 0.114 0.542 0.1 0.544 0.098 0.544 0.082 0.546 0.08 0.546 0.066 0.548 0.064 0.548 0.058 0.544 0.058 0.542 0.056 0.532 0.056 0.53 0.054 0.52 0.054 0.518 0.052 0.508 0.052 0.506 0.05 0.496 0.05 0.494 0.048 0.484 0.048 0.482 0.046 0.472 0.046 0.47 0.044
7 0.944 0.659 0.008 0.01 0.94 0.654 0.94 0.662 0.944 0.662 0.946 0.66 0.946 0.656 0.944 0.654
7 0.894 0.669 0.02 0.022 0.892 0.658 0.89 0.66 0.886 0.66 0.886 0.662 0.884 0.664 0.884 0.672 0.886 0.674 0.886 0.676 0.888 0.678 0.896 0.678 0.898 0.676 0.9 0.676 0.9 0.672 0.902 0.67 0.902 0.662 0.898 0.658
7 0.86 0.648 0.016 0.008 0.856 0.644 0.852 0.648 0.854 0.65 0.866 0.65 0.866 0.648 0.862 0.644
7 0.526 0.626 0.008 0.008 0.522 0.622 0.522 0.628 0.528 0.628 0.528 0.624 0.526 0.622
7 0.097 0.447 0.01 0.01 0.092 0.442 0.092 0.446 0.096 0.45 0.098 0.45 0.1 0.448 0.1 0.444 0.098 0.442
7 0.503 0.387 0.026 0.01 0.49 0.382 0.49 0.39 0.512 0.39 0.512 0.388 0.514 0.386 0.514 0.382
7 0.969 0.151 0.026 0.01 0.956 0.146 0.958 0.148 0.958 0.15 0.96 0.15 0.962 0.152 0.968 0.152 0.97 0.154 0.974 0.154 0.978 0.15 0.978 0.148 0.98 0.146
7 0.425 0.04 0.01 0.016 0.426 0.032 0.424 0.034 0.422 0.034 0.42 0.036 0.42 0.044 0.422 0.046 0.426 0.046 0.426 0.042 0.428 0.04 0.428 0.034
7 0.361 0.005 0.01 0.01 0.356 0.0 0.356 0.004 0.358 0.006 0.36 0.006 0.362 0.008 0.364 0.006 0.364 0.0
6 0.037 0.702 0.074 0.084 0.056 0.66 0.054 0.662 0.052 0.662 0.05 0.664 0.044 0.664 0.042 0.666 0.038 0.666 0.036 0.668 0.034 0.668 0.032 0.67 0.028 0.67 0.026 0.672 0.024 0.672 0.022 0.674 0.02 0.674 0.018 0.676 0.016 0.676 0.014 0.678 0.012 0.678 0.008 0.682 0.004 0.682 0.002 0.684 0.0 0.684 0.0 0.742 0.004 0.742 0.006 0.74 0.008 0.74 0.01 0.738 0.012 0.738 0.014 0.736 0.02 0.736 0.022 0.734 0.022 0.722 0.026 0.718 0.028 0.718 0.03 0.716 0.032 0.716 0.034 0.714 0.036 0.714 0.04 0.71 0.044 0.71 0.048 0.706 0.052 0.706 0.054 0.704 0.056 0.704 0.058 0.702 0.062 0.702 0.064 0.7 0.066 0.7 0.068 0.698 0.07 0.698 0.072 0.696 0.072 0.686 0.07 0.684 0.07 0.682 0.068 0.68 0.068 0.678 0.066 0.676 0.066 0.67 0.064 0.668 0.066 0.666 0.066 0.662 0.064 0.66
4 0.984 0.597 0.02 0.026 0.976 0.584 0.974 0.586 0.974 0.606 0.976 0.606 0.978 0.608 0.99 0.608 0.99 0.592 0.992 0.59 0.992 0.588 0.99 0.586 0.99 0.584
4 0.944 0.721 0.024 0.022 0.936 0.71 0.932 0.714 0.932 0.728 0.934 0.73 0.952 0.73 0.952 0.722 0.954 0.72 0.954 0.714 0.95 0.71
3 0.927 0.059 0.118 0.086 0.876 0.016 0.874 0.018 0.874 0.028 0.872 0.03 0.872 0.042 0.87 0.044 0.87 0.052 0.868 0.054 0.868 0.084 0.872 0.084 0.874 0.086 0.896 0.086 0.898 0.088 0.91 0.088 0.912 0.09 0.922 0.09 0.924 0.088 0.926 0.09 0.928 0.09 0.93 0.092 0.932 0.092 0.934 0.094 0.944 0.094 0.946 0.096 0.95 0.096 0.952 0.098 0.962 0.098 0.964 0.1 0.982 0.1 0.984 0.098 0.984 0.028 0.976 0.028 0.974 0.026 0.968 0.026 0.966 0.024 0.946 0.024 0.944 0.022 0.942 0.022 0.938 0.026 0.934 0.022 0.93 0.022 0.928 0.02 0.926 0.02 0.924 0.022 0.922 0.02 0.906 0.02 0.904 0.018 0.892 0.018 0.89 0.016
3 0.085 0.521 0.11 0.094 0.102 0.474 0.1 0.476 0.098 0.476 0.094 0.48 0.092 0.48 0.09 0.482 0.086 0.482 0.084 0.484 0.082 0.484 0.08 0.486 0.078 0.486 0.076 0.488 0.072 0.488 0.07 0.49 0.068 0.49 0.066 0.492 0.064 0.492 0.06 0.496 0.058 0.496 0.056 0.498 0.052 0.498 0.05 0.5 0.048 0.5 0.046 0.502 0.044 0.502 0.04 0.506 0.038 0.506 0.034 0.51 0.032 0.51 0.032 0.512 0.03 0.514 0.03 0.526 0.032 0.528 0.032 0.54 0.034 0.542 0.034 0.548 0.036 0.55 0.036 0.552 0.038 0.554 0.038 0.556 0.04 0.558 0.04 0.56 0.042 0.562 0.042 0.564 0.044 0.566 0.05 0.566 0.052 0.564 0.056 0.564 0.058 0.562 0.06 0.562 0.062 0.56 0.064 0.56 0.066 0.558 0.07 0.558 0.072 0.556 0.074 0.556 0.076 0.554 0.078 0.554 0.08 0.552 0.082 0.552 0.084 0.55 0.09 0.55 0.092 0.548 0.094 0.548 0.096 0.546 0.098 0.546 0.102 0.542 0.108 0.542 0.11 0.54 0.114 0.54 0.116 0.538 0.118 0.538 0.12 0.536 0.122 0.536 0.124 0.534 0.126 0.534 0.128 0.532 0.13 0.532 0.138 0.524 0.138 0.522 0.136 0.52 0.136 0.514 0.134 0.512 0.134 0.51 0.132 0.508 0.132 0.504 0.126 0.498 0.126 0.494 0.124 0.492 0.124 0.49 0.12 0.486 0.12 0.484 0.118 0.482 0.118 0.478 0.116 0.478 0.114 0.476 0.104 0.476
5 0.544 0.549 0.02 0.03 0.536 0.534 0.534 0.536 0.534 0.558 0.538 0.562 0.548 0.562 0.55 0.56 0.552 0.56 0.552 0.536 0.55 0.534
4 0.828 0.096 0.016 0.024 0.822 0.084 0.82 0.086 0.82 0.104 0.822 0.106 0.832 0.106 0.832 0.104 0.834 0.102 0.834 0.088 0.832 0.086 0.83 0.086 0.828 0.084
4 0.821 0.138 0.014 0.02 0.816 0.128 0.814 0.13 0.814 0.142 0.818 0.146 0.82 0.144 0.822 0.144 0.824 0.142 0.824 0.136 0.826 0.134 0.824 0.132 0.824 0.13 0.822 0.128
4 0.637 0.411 0.026 0.022 0.638 0.4 0.636 0.402 0.632 0.402 0.63 0.404 0.628 0.404 0.626 0.406 0.626 0.408 0.624 0.41 0.624 0.416 0.626 0.418 0.626 0.42 0.638 0.42 0.64 0.418 0.642 0.418 0.646 0.414 0.646 0.412 0.648 0.41 0.648 0.402 0.646 0.4
4 0.073 0.466 0.042 0.032 0.074 0.45 0.072 0.452 0.07 0.452 0.068 0.454 0.066 0.454 0.064 0.456 0.062 0.456 0.06 0.458 0.058 0.458 0.052 0.464 0.052 0.468 0.054 0.47 0.054 0.472 0.056 0.474 0.056 0.476 0.06 0.48 0.066 0.48 0.068 0.478 0.07 0.478 0.072 0.476 0.074 0.476 0.076 0.474 0.078 0.474 0.082 0.47 0.086 0.47 0.088 0.468 0.09 0.468 0.092 0.466 0.09 0.464 0.09 0.462 0.082 0.454 0.082 0.452 0.08 0.45
4 0.458 0.475 0.024 0.018 0.448 0.466 0.448 0.468 0.446 0.47 0.446 0.472 0.448 0.474 0.448 0.482 0.468 0.482 0.468 0.468 0.466 0.466
4 0.515 0.481 0.026 0.022 0.508 0.47 0.506 0.472 0.504 0.472 0.502 0.474 0.502 0.478 0.504 0.48 0.504 0.488 0.506 0.488 0.508 0.49 0.522 0.49 0.526 0.486 0.526 0.474 0.522 0.47
4 0.01 0.571 0.02 0.034 0.0 0.554 0.0 0.586 0.004 0.586 0.006 0.584 0.008 0.584 0.01 0.582 0.012 0.582 0.014 0.58 0.016 0.58 0.016 0.578 0.018 0.576 0.018 0.57 0.016 0.568 0.016 0.564 0.014 0.562 0.014 0.56 0.008 0.554
4 0.113 0.559 0.034 0.034 0.118 0.542 0.114 0.546 0.11 0.546 0.108 0.548 0.106 0.548 0.104 0.55 0.102 0.55 0.1 0.552 0.098 0.552 0.096 0.554 0.096 0.566 0.098 0.568 0.098 0.57 0.1 0.572 0.1 0.574 0.11 0.574 0.114 0.57 0.118 0.57 0.122 0.566 0.124 0.566 0.128 0.562 0.128 0.554 0.126 0.552 0.126 0.546 0.124 0.544 0.124 0.542
5 0.534 0.423 0.024 0.03 0.526 0.408 0.524 0.41 0.522 0.41 0.522 0.43 0.524 0.432 0.524 0.434 0.526 0.434 0.528 0.436 0.53 0.436 0.532 0.434 0.542 0.434 0.544 0.432 0.544 0.41 0.542 0.408
4 0.465 0.57 0.026 0.02 0.452 0.56 0.452 0.572 0.454 0.574 0.454 0.576 0.456 0.578 0.474 0.578 0.474 0.576 0.476 0.574 0.476 0.57 0.474 0.568 0.474 0.562 0.472 0.56
4 0.863 0.581 0.022 0.022 0.854 0.57 0.852 0.572 0.852 0.586 0.854 0.588 0.862 0.588 0.864 0.59 0.87 0.59 0.872 0.588 0.872 0.572 0.87 0.572 0.868 0.57
5 0.928 0.155 0.04 0.034 0.912 0.138 0.91 0.14 0.908 0.14 0.908 0.164 0.91 0.166 0.918 0.166 0.92 0.168 0.93 0.168 0.932 0.17 0.942 0.17 0.944 0.168 0.944 0.156 0.946 0.154 0.946 0.144 0.944 0.144 0.942 0.142 0.93 0.142 0.928 0.14 0.918 0.14 0.916 0.138
4 0.912 0.586 0.024 0.02 0.902 0.576 0.902 0.582 0.9 0.584 0.9 0.592 0.902 0.594 0.92 0.594 0.92 0.588 0.922 0.586 0.922 0.58 0.92 0.578 0.918 0.578 0.916 0.576
5 0.441 0.021 0.034 0.022 0.428 0.01 0.426 0.012 0.426 0.018 0.424 0.02 0.424 0.024 0.428 0.028 0.44 0.028 0.442 0.03 0.454 0.03 0.454 0.028 0.456 0.026 0.456 0.018 0.454 0.016 0.454 0.014 0.442 0.014 0.44 0.012 0.43 0.012
