3 0.485 0.587 0.13 0.078 0.472 0.548 0.47 0.55 0.466 0.55 0.464 0.552 0.458 0.552 0.456 0.554 0.45 0.554 0.448 0.556 0.442 0.556 0.44 0.558 0.436 0.558 0.434 0.56 0.426 0.56 0.426 0.568 0.424 0.57 0.424 0.594 0.422 0.596 0.422 0.608 0.42 0.61 0.42 0.614 0.424 0.618 0.428 0.618 0.43 0.62 0.44 0.62 0.442 0.622 0.452 0.622 0.454 0.624 0.504 0.624 0.506 0.622 0.522 0.622 0.524 0.62 0.546 0.62 0.548 0.618 0.548 0.566 0.544 0.562 0.542 0.562 0.54 0.56 0.534 0.56 0.532 0.558 0.526 0.558 0.524 0.556 0.52 0.556 0.518 0.554 0.514 0.554 0.512 0.552 0.504 0.552 0.502 0.55 0.486 0.55 0.484 0.548
4 0.033 0.395 0.018 0.026 0.026 0.382 0.024 0.384 0.024 0.406 0.038 0.406 0.04 0.404 0.04 0.386 0.038 0.384 0.036 0.384 0.034 0.382
7 0.569 0.521 0.014 0.014 0.564 0.514 0.562 0.516 0.562 0.524 0.564 0.526 0.572 0.526 0.574 0.524 0.574 0.516 0.572 0.514
7 0.59 0.575 0.012 0.018 0.586 0.566 0.584 0.568 0.584 0.58 0.586 0.582 0.588 0.582 0.59 0.58 0.592 0.58 0.592 0.576 0.594 0.574 0.592 0.572 0.592 0.57 0.588 0.566
7 0.769 0.612 0.018 0.012 0.762 0.606 0.76 0.608 0.76 0.616 0.77 0.616 0.772 0.614 0.776 0.614 0.776 0.606
3 0.952 0.544 0.08 0.064 0.924 0.512 0.922 0.514 0.916 0.514 0.914 0.516 0.914 0.518 0.912 0.52 0.912 0.57 0.942 0.57 0.944 0.572 0.958 0.572 0.96 0.574 0.986 0.574 0.986 0.572 0.988 0.57 0.988 0.54 0.99 0.538 0.99 0.52 0.988 0.518 0.986 0.518 0.984 0.516 0.978 0.516 0.976 0.514 0.974 0.516 0.968 0.516 0.966 0.514 0.946 0.514 0.944 0.512
3 0.325 0.586 0.054 0.052 0.318 0.56 0.314 0.564 0.31 0.564 0.306 0.568 0.304 0.568 0.304 0.57 0.298 0.576 0.298 0.602 0.3 0.604 0.3 0.608 0.306 0.608 0.308 0.61 0.33 0.61 0.332 0.608 0.346 0.608 0.346 0.606 0.348 0.604 0.348 0.574 0.346 0.572 0.344 0.572 0.34 0.568 0.338 0.568 0.336 0.566 0.334 0.566 0.332 0.564 0.33 0.564 0.326 0.56
7 0.499 0.508 0.014 0.032 0.5 0.492 0.498 0.494 0.492 0.494 0.492 0.502 0.496 0.506 0.496 0.522 0.5 0.522 0.5 0.52 0.502 0.518 0.502 0.506 0.504 0.504 0.504 0.496
4 0.01 0.394 0.02 0.028 0.004 0.38 0.004 0.382 0.002 0.384 0.002 0.394 0.0 0.396 0.0 0.402 0.002 0.404 0.004 0.404 0.006 0.406 0.014 0.406 0.016 0.404 0.016 0.394 0.018 0.392 0.018 0.384 0.014 0.38
5 0.99 0.595 0.02 0.034 0.982 0.578 0.982 0.582 0.98 0.584 0.98 0.608 0.982 0.608 0.984 0.61 0.996 0.61 0.998 0.608 0.998 0.578
5 0.756 0.636 0.024 0.02 0.746 0.626 0.744 0.628 0.744 0.644 0.764 0.644 0.766 0.642 0.766 0.63 0.764 0.63 0.762 0.628 0.76 0.628 0.758 0.626
5 0.475 0.54 0.022 0.02 0.468 0.53 0.464 0.534 0.464 0.54 0.466 0.542 0.466 0.546 0.468 0.548 0.472 0.548 0.474 0.546 0.484 0.546 0.484 0.534 0.482 0.532 0.474 0.532 0.472 0.53
6 0.053 0.294 0.106 0.1 0.0 0.244 0.0 0.338 0.028 0.338 0.03 0.34 0.072 0.34 0.074 0.342 0.1 0.342 0.1 0.34 0.102 0.338 0.102 0.324 0.104 0.322 0.104 0.302 0.102 0.3 0.102 0.262 0.104 0.26 0.104 0.258 0.102 0.256 0.102 0.254 0.098 0.254 0.096 0.252 0.084 0.252 0.082 0.25 0.058 0.25 0.056 0.248 0.044 0.248 0.042 0.246 0.026 0.246 0.024 0.244
5 0.192 0.548 0.02 0.012 0.184 0.542 0.182 0.544 0.184 0.546 0.184 0.552 0.196 0.552 0.198 0.55 0.198 0.548 0.2 0.546 0.2 0.544 0.198 0.542
4 0.418 0.495 0.024 0.026 0.408 0.482 0.406 0.484 0.406 0.504 0.408 0.506 0.424 0.506 0.426 0.504 0.426 0.502 0.428 0.5 0.428 0.482
4 0.064 0.516 0.024 0.02 0.054 0.506 0.052 0.508 0.052 0.522 0.054 0.524 0.072 0.524 0.074 0.522 0.074 0.51 0.072 0.508 0.066 0.508 0.064 0.506
4 0.073 0.406 0.018 0.028 0.068 0.392 0.066 0.394 0.066 0.398 0.064 0.4 0.064 0.414 0.066 0.416 0.068 0.416 0.07 0.418 0.074 0.418 0.078 0.414 0.078 0.408 0.08 0.406 0.08 0.394 0.078 0.392
4 0.218 0.477 0.024 0.03 0.208 0.462 0.208 0.464 0.206 0.466 0.206 0.484 0.208 0.486 0.208 0.488 0.21 0.49 0.226 0.49 0.228 0.488 0.228 0.466 0.226 0.464 0.22 0.464 0.218 0.462
4 0.329 0.482 0.026 0.028 0.322 0.468 0.32 0.47 0.318 0.47 0.318 0.474 0.316 0.476 0.316 0.492 0.318 0.494 0.34 0.494 0.34 0.47 0.324 0.47
4 0.455 0.511 0.03 0.026 0.444 0.498 0.442 0.5 0.442 0.504 0.44 0.506 0.44 0.516 0.444 0.52 0.446 0.52 0.448 0.522 0.466 0.522 0.468 0.52 0.468 0.498
4 0.877 0.699 0.026 0.026 0.866 0.686 0.864 0.688 0.864 0.706 0.866 0.708 0.868 0.708 0.87 0.71 0.884 0.71 0.886 0.708 0.886 0.704 0.888 0.702 0.888 0.688 0.886 0.686
4 0.905 0.698 0.026 0.024 0.896 0.686 0.894 0.688 0.894 0.692 0.892 0.694 0.892 0.704 0.896 0.708 0.91 0.708 0.914 0.704 0.914 0.698 0.916 0.696 0.916 0.69 0.914 0.688 0.91 0.688 0.908 0.686
7 0.774 0.629 0.012 0.03 0.772 0.616 0.772 0.62 0.77 0.622 0.77 0.64 0.768 0.642 0.776 0.642 0.778 0.64 0.778 0.616
4 0.569 0.486 0.022 0.028 0.558 0.472 0.558 0.492 0.56 0.494 0.56 0.496 0.562 0.496 0.564 0.498 0.574 0.498 0.578 0.494 0.578 0.474 0.564 0.474 0.562 0.472
4 0.692 0.473 0.02 0.022 0.686 0.462 0.684 0.464 0.684 0.468 0.682 0.47 0.682 0.476 0.684 0.478 0.686 0.478 0.69 0.482 0.694 0.482 0.698 0.478 0.698 0.474 0.7 0.472 0.7 0.468 0.698 0.466 0.698 0.464 0.696 0.462
