2 0.146 0.875 0.108 0.114 0.108 0.818 0.094 0.832 0.094 0.834 0.092 0.836 0.092 0.85 0.098 0.856 0.1 0.856 0.102 0.858 0.106 0.858 0.11 0.862 0.11 0.866 0.118 0.874 0.118 0.876 0.124 0.882 0.124 0.884 0.128 0.888 0.128 0.89 0.132 0.894 0.132 0.896 0.15 0.914 0.15 0.916 0.152 0.918 0.154 0.918 0.164 0.928 0.166 0.928 0.168 0.93 0.172 0.93 0.174 0.928 0.176 0.928 0.18 0.924 0.18 0.922 0.198 0.904 0.198 0.9 0.196 0.898 0.196 0.896 0.194 0.894 0.194 0.892 0.192 0.89 0.19 0.89 0.146 0.846 0.144 0.846 0.132 0.834 0.13 0.834 0.122 0.826 0.12 0.826 0.118 0.824 0.118 0.822 0.116 0.82 0.114 0.82 0.112 0.818
3 0.561 0.438 0.098 0.1 0.566 0.388 0.564 0.39 0.52 0.39 0.514 0.396 0.514 0.398 0.602 0.486 0.608 0.48 0.608 0.388
3 0.492 0.431 0.072 0.074 0.492 0.394 0.49 0.396 0.488 0.396 0.476 0.408 0.476 0.41 0.47 0.416 0.47 0.418 0.462 0.426 0.462 0.428 0.456 0.434 0.456 0.44 0.47 0.454 0.47 0.456 0.476 0.462 0.476 0.464 0.478 0.464 0.48 0.466 0.482 0.466 0.484 0.464 0.502 0.464 0.504 0.462 0.524 0.462 0.526 0.46 0.526 0.456 0.524 0.454 0.524 0.444 0.522 0.442 0.522 0.428 0.52 0.426 0.52 0.422 0.518 0.42 0.518 0.418 0.516 0.418 0.514 0.416 0.514 0.414 0.51 0.41 0.51 0.408 0.5 0.398 0.496 0.398 0.494 0.396 0.494 0.394
4 0.644 0.294 0.056 0.052 0.626 0.268 0.622 0.272 0.622 0.274 0.62 0.276 0.62 0.278 0.616 0.282 0.616 0.286 0.618 0.288 0.618 0.29 0.62 0.292 0.622 0.292 0.642 0.312 0.644 0.312 0.65 0.318 0.656 0.318 0.664 0.31 0.666 0.31 0.67 0.306 0.67 0.302 0.656 0.288 0.656 0.286 0.654 0.286 0.64 0.272 0.638 0.272 0.636 0.27 0.634 0.27 0.632 0.268
5 0.243 0.771 0.034 0.034 0.25 0.754 0.248 0.756 0.246 0.756 0.244 0.758 0.242 0.758 0.23 0.77 0.228 0.77 0.228 0.772 0.226 0.774 0.226 0.776 0.23 0.78 0.23 0.782 0.232 0.784 0.234 0.784 0.236 0.786 0.24 0.786 0.244 0.782 0.244 0.778 0.256 0.766 0.256 0.764 0.258 0.762 0.258 0.76 0.256 0.758 0.256 0.756 0.254 0.756 0.252 0.754
5 0.526 0.486 0.028 0.028 0.528 0.472 0.52 0.48 0.518 0.48 0.516 0.482 0.514 0.482 0.512 0.484 0.512 0.49 0.52 0.498 0.522 0.498 0.536 0.484 0.536 0.48 0.538 0.478 0.532 0.472
3 0.647 0.348 0.11 0.108 0.618 0.294 0.618 0.296 0.616 0.298 0.616 0.3 0.594 0.322 0.594 0.324 0.592 0.326 0.592 0.328 0.594 0.33 0.596 0.33 0.628 0.362 0.63 0.362 0.646 0.378 0.648 0.378 0.656 0.386 0.656 0.388 0.664 0.396 0.664 0.398 0.666 0.4 0.67 0.4 0.674 0.396 0.676 0.396 0.682 0.39 0.684 0.39 0.69 0.384 0.692 0.384 0.7 0.376 0.7 0.37 0.654 0.324 0.652 0.324 0.628 0.3 0.626 0.3 0.622 0.296 0.62 0.296
4 0.241 0.723 0.03 0.022 0.23 0.712 0.226 0.716 0.226 0.722 0.232 0.728 0.234 0.728 0.236 0.73 0.238 0.73 0.24 0.732 0.248 0.732 0.252 0.728 0.252 0.724 0.254 0.722 0.254 0.72 0.252 0.718 0.25 0.718 0.244 0.712
3 0.523 0.566 0.046 0.044 0.506 0.544 0.506 0.548 0.504 0.55 0.504 0.558 0.502 0.56 0.502 0.568 0.5 0.57 0.502 0.572 0.502 0.574 0.504 0.576 0.506 0.576 0.508 0.578 0.51 0.578 0.512 0.58 0.514 0.58 0.516 0.582 0.518 0.582 0.522 0.586 0.528 0.586 0.53 0.584 0.532 0.584 0.532 0.582 0.536 0.578 0.538 0.578 0.538 0.572 0.544 0.566 0.544 0.56 0.532 0.548 0.526 0.548 0.524 0.546 0.522 0.546 0.52 0.544
3 0.579 0.512 0.046 0.044 0.562 0.49 0.56 0.492 0.56 0.498 0.558 0.5 0.558 0.504 0.556 0.506 0.556 0.518 0.56 0.522 0.562 0.522 0.566 0.526 0.568 0.526 0.574 0.532 0.58 0.532 0.582 0.53 0.584 0.53 0.59 0.524 0.59 0.522 0.592 0.52 0.592 0.518 0.596 0.514 0.596 0.512 0.598 0.51 0.598 0.508 0.6 0.506 0.6 0.502 0.594 0.496 0.592 0.496 0.59 0.494 0.59 0.492 0.568 0.492 0.566 0.49
5 0.559 0.322 0.022 0.024 0.556 0.31 0.554 0.312 0.552 0.312 0.548 0.316 0.548 0.324 0.552 0.328 0.554 0.328 0.558 0.332 0.562 0.332 0.566 0.328 0.566 0.324 0.568 0.322 0.568 0.32 0.566 0.318 0.566 0.316 0.564 0.314 0.562 0.314 0.56 0.312 0.558 0.312
