3 0.757 0.162 0.07 0.092 0.742 0.116 0.74 0.118 0.738 0.118 0.738 0.132 0.736 0.134 0.736 0.14 0.734 0.142 0.734 0.146 0.732 0.148 0.732 0.154 0.73 0.156 0.73 0.16 0.728 0.162 0.728 0.168 0.726 0.17 0.726 0.172 0.724 0.174 0.724 0.178 0.722 0.18 0.722 0.186 0.726 0.19 0.728 0.19 0.73 0.192 0.732 0.192 0.734 0.194 0.738 0.194 0.74 0.196 0.744 0.196 0.746 0.198 0.748 0.198 0.75 0.2 0.754 0.2 0.756 0.202 0.758 0.202 0.76 0.204 0.764 0.204 0.766 0.206 0.772 0.206 0.772 0.204 0.774 0.202 0.774 0.198 0.776 0.196 0.776 0.19 0.778 0.188 0.778 0.182 0.78 0.18 0.78 0.174 0.782 0.172 0.782 0.166 0.784 0.164 0.784 0.158 0.786 0.156 0.786 0.15 0.788 0.148 0.788 0.144 0.79 0.142 0.79 0.132 0.786 0.132 0.784 0.13 0.78 0.13 0.778 0.128 0.772 0.128 0.77 0.126 0.766 0.126 0.764 0.124 0.76 0.124 0.758 0.122 0.754 0.122 0.752 0.12 0.75 0.12 0.748 0.118 0.744 0.118
5 0.402 0.186 0.024 0.016 0.392 0.178 0.39 0.18 0.39 0.188 0.392 0.19 0.402 0.19 0.404 0.192 0.406 0.192 0.408 0.19 0.41 0.19 0.412 0.188 0.412 0.182 0.408 0.182 0.406 0.18 0.402 0.18 0.4 0.178
4 0.558 0.551 0.024 0.018 0.55 0.542 0.546 0.546 0.546 0.554 0.548 0.556 0.548 0.558 0.556 0.558 0.558 0.556 0.564 0.556 0.568 0.552 0.566 0.55 0.566 0.548 0.562 0.544 0.556 0.544 0.554 0.542
7 0.976 0.443 0.016 0.022 0.976 0.432 0.974 0.434 0.972 0.434 0.972 0.436 0.97 0.438 0.97 0.444 0.968 0.446 0.972 0.45 0.976 0.45 0.978 0.452 0.98 0.45 0.98 0.448 0.982 0.446 0.982 0.434 0.98 0.432
5 0.754 0.008 0.024 0.016 0.744 0.0 0.744 0.006 0.742 0.008 0.742 0.01 0.746 0.014 0.754 0.014 0.756 0.012 0.758 0.012 0.76 0.01 0.76 0.008 0.762 0.006 0.762 0.002 0.764 0.0
7 0.564 0.132 0.012 0.012 0.56 0.126 0.558 0.128 0.558 0.132 0.562 0.136 0.564 0.136 0.566 0.134 0.568 0.134 0.568 0.128 0.566 0.126
3 0.69 0.037 0.072 0.074 0.672 0.0 0.668 0.004 0.668 0.006 0.666 0.008 0.666 0.012 0.664 0.014 0.664 0.02 0.662 0.022 0.662 0.028 0.66 0.03 0.66 0.034 0.658 0.036 0.658 0.042 0.656 0.044 0.656 0.05 0.654 0.052 0.654 0.06 0.656 0.06 0.658 0.062 0.668 0.062 0.67 0.064 0.678 0.064 0.68 0.066 0.702 0.066 0.704 0.068 0.708 0.068 0.71 0.07 0.712 0.068 0.712 0.058 0.714 0.056 0.714 0.05 0.716 0.048 0.716 0.042 0.718 0.04 0.718 0.036 0.72 0.034 0.72 0.03 0.722 0.028 0.722 0.024 0.724 0.022 0.724 0.016 0.722 0.014 0.72 0.014 0.718 0.012 0.716 0.012 0.714 0.01 0.71 0.01 0.708 0.008 0.702 0.008 0.7 0.006 0.696 0.006 0.694 0.004 0.69 0.004 0.688 0.002 0.686 0.002 0.684 0.0
7 0.592 0.074 0.032 0.024 0.602 0.062 0.598 0.066 0.594 0.066 0.59 0.07 0.588 0.07 0.586 0.072 0.582 0.072 0.58 0.074 0.578 0.074 0.578 0.076 0.576 0.078 0.576 0.082 0.578 0.082 0.58 0.084 0.582 0.082 0.584 0.082 0.588 0.078 0.59 0.078 0.59 0.076 0.592 0.074 0.594 0.074 0.596 0.072 0.598 0.072 0.6 0.07 0.602 0.07 0.604 0.068 0.604 0.066 0.606 0.064 0.604 0.064
3 0.572 0.48 0.08 0.092 0.552 0.434 0.55 0.436 0.55 0.44 0.548 0.442 0.548 0.45 0.546 0.452 0.546 0.456 0.544 0.458 0.544 0.464 0.542 0.466 0.542 0.474 0.54 0.476 0.54 0.486 0.538 0.488 0.538 0.496 0.536 0.498 0.536 0.506 0.534 0.508 0.534 0.514 0.532 0.516 0.548 0.516 0.55 0.518 0.56 0.518 0.562 0.52 0.572 0.52 0.574 0.522 0.584 0.522 0.586 0.524 0.592 0.524 0.594 0.522 0.594 0.52 0.596 0.518 0.596 0.512 0.598 0.51 0.598 0.504 0.6 0.502 0.6 0.496 0.602 0.494 0.602 0.488 0.604 0.486 0.604 0.48 0.606 0.478 0.606 0.472 0.608 0.47 0.608 0.466 0.61 0.464 0.61 0.448 0.608 0.448 0.606 0.446 0.604 0.446 0.602 0.444 0.594 0.444 0.592 0.442 0.586 0.442 0.584 0.44 0.578 0.44 0.576 0.438 0.568 0.438 0.566 0.436 0.556 0.436 0.554 0.434
5 0.581 0.043 0.018 0.018 0.574 0.034 0.572 0.036 0.572 0.044 0.576 0.048 0.578 0.048 0.58 0.05 0.584 0.05 0.588 0.046 0.588 0.04 0.586 0.038 0.586 0.036 0.584 0.034
3 0.971 0.187 0.058 0.082 0.964 0.146 0.964 0.15 0.962 0.152 0.962 0.158 0.96 0.16 0.96 0.166 0.956 0.17 0.956 0.178 0.954 0.18 0.954 0.182 0.952 0.184 0.952 0.188 0.95 0.19 0.95 0.192 0.948 0.194 0.948 0.204 0.944 0.208 0.944 0.21 0.942 0.212 0.942 0.22 0.946 0.22 0.948 0.218 0.952 0.218 0.954 0.22 0.954 0.222 0.96 0.222 0.962 0.22 0.964 0.222 0.966 0.222 0.968 0.22 0.97 0.22 0.972 0.222 0.978 0.222 0.98 0.224 0.996 0.224 0.998 0.226 0.998 0.148 0.986 0.148 0.984 0.146
7 0.524 0.455 0.024 0.014 0.514 0.448 0.512 0.45 0.512 0.454 0.514 0.456 0.516 0.456 0.518 0.458 0.524 0.458 0.526 0.46 0.532 0.46 0.534 0.458 0.534 0.454 0.528 0.454 0.526 0.452 0.524 0.452 0.522 0.45 0.52 0.45 0.518 0.448
7 0.582 0.081 0.012 0.01 0.578 0.076 0.576 0.078 0.576 0.082 0.578 0.082 0.58 0.084 0.582 0.082 0.584 0.082 0.586 0.08 0.586 0.078 0.584 0.076
6 0.197 0.518 0.126 0.132 0.158 0.452 0.156 0.454 0.156 0.46 0.154 0.462 0.154 0.468 0.152 0.47 0.152 0.476 0.15 0.478 0.15 0.486 0.148 0.488 0.148 0.494 0.146 0.496 0.146 0.502 0.144 0.504 0.144 0.51 0.142 0.512 0.142 0.518 0.14 0.52 0.14 0.524 0.138 0.526 0.138 0.532 0.136 0.534 0.136 0.538 0.134 0.54 0.134 0.552 0.136 0.554 0.15 0.554 0.152 0.556 0.16 0.556 0.162 0.558 0.17 0.558 0.172 0.56 0.174 0.56 0.176 0.562 0.18 0.562 0.182 0.564 0.184 0.564 0.186 0.566 0.19 0.566 0.196 0.572 0.202 0.572 0.204 0.574 0.21 0.574 0.212 0.576 0.216 0.576 0.218 0.578 0.222 0.578 0.224 0.58 0.226 0.58 0.228 0.582 0.228 0.578 0.23 0.576 0.23 0.574 0.232 0.572 0.232 0.566 0.234 0.564 0.234 0.558 0.236 0.556 0.236 0.55 0.238 0.548 0.238 0.542 0.24 0.54 0.24 0.536 0.242 0.534 0.242 0.53 0.244 0.528 0.244 0.524 0.246 0.522 0.246 0.516 0.248 0.514 0.248 0.51 0.25 0.508 0.25 0.504 0.252 0.502 0.252 0.496 0.254 0.494 0.254 0.488 0.256 0.486 0.256 0.48 0.258 0.478 0.254 0.474 0.246 0.474 0.244 0.472 0.236 0.472 0.234 0.47 0.228 0.47 0.226 0.468 0.22 0.468 0.218 0.466 0.208 0.466 0.206 0.464 0.202 0.464 0.2 0.462 0.198 0.462 0.194 0.458 0.184 0.458 0.182 0.456 0.174 0.456 0.172 0.454 0.166 0.454 0.164 0.452
5 0.87 0.815 0.02 0.026 0.868 0.802 0.86 0.81 0.86 0.822 0.862 0.824 0.866 0.824 0.868 0.826 0.87 0.826 0.87 0.822 0.874 0.818 0.874 0.814 0.876 0.812 0.876 0.81 0.874 0.808 0.872 0.808 0.868 0.804
5 0.598 0.645 0.012 0.022 0.596 0.634 0.594 0.636 0.594 0.64 0.592 0.642 0.592 0.65 0.596 0.654 0.598 0.652 0.6 0.652 0.6 0.65 0.602 0.648 0.602 0.636 0.6 0.634
5 0.417 0.509 0.022 0.014 0.408 0.502 0.406 0.504 0.406 0.51 0.408 0.512 0.41 0.512 0.412 0.514 0.426 0.514 0.426 0.51 0.422 0.506 0.416 0.506 0.414 0.504 0.41 0.504
7 0.459 0.487 0.022 0.022 0.454 0.476 0.45 0.48 0.45 0.486 0.448 0.488 0.448 0.492 0.45 0.494 0.452 0.494 0.454 0.496 0.464 0.496 0.466 0.494 0.466 0.488 0.468 0.486 0.468 0.482 0.466 0.48 0.464 0.48 0.462 0.478 0.456 0.478
3 0.655 0.144 0.078 0.092 0.636 0.098 0.634 0.1 0.634 0.102 0.632 0.104 0.632 0.11 0.63 0.112 0.63 0.116 0.628 0.118 0.628 0.124 0.626 0.126 0.626 0.13 0.624 0.132 0.624 0.138 0.622 0.14 0.622 0.146 0.62 0.148 0.62 0.156 0.618 0.158 0.618 0.162 0.616 0.164 0.616 0.176 0.618 0.176 0.62 0.178 0.626 0.178 0.628 0.18 0.636 0.18 0.638 0.182 0.646 0.182 0.648 0.184 0.656 0.184 0.658 0.186 0.664 0.186 0.666 0.188 0.672 0.188 0.674 0.186 0.674 0.184 0.676 0.182 0.676 0.176 0.678 0.174 0.678 0.168 0.68 0.166 0.68 0.16 0.682 0.158 0.682 0.152 0.684 0.15 0.684 0.144 0.686 0.142 0.686 0.136 0.688 0.134 0.688 0.128 0.69 0.126 0.69 0.118 0.692 0.116 0.692 0.11 0.688 0.106 0.68 0.106 0.678 0.104 0.672 0.104 0.67 0.102 0.664 0.102 0.662 0.1 0.65 0.1 0.648 0.098
7 0.642 0.545 0.012 0.01 0.638 0.54 0.638 0.542 0.636 0.544 0.636 0.546 0.638 0.548 0.646 0.548 0.646 0.542 0.644 0.54
5 0.52 0.075 0.012 0.022 0.522 0.064 0.52 0.066 0.518 0.066 0.516 0.068 0.516 0.07 0.514 0.072 0.514 0.082 0.516 0.084 0.52 0.084 0.522 0.082 0.522 0.074 0.524 0.072 0.524 0.064
3 0.969 0.608 0.062 0.108 0.982 0.554 0.98 0.556 0.974 0.556 0.968 0.562 0.968 0.564 0.964 0.568 0.964 0.57 0.96 0.574 0.96 0.576 0.958 0.578 0.958 0.582 0.956 0.584 0.956 0.586 0.954 0.588 0.954 0.59 0.952 0.592 0.952 0.594 0.95 0.596 0.95 0.598 0.948 0.6 0.948 0.602 0.946 0.604 0.946 0.606 0.944 0.608 0.944 0.61 0.942 0.612 0.942 0.616 0.94 0.618 0.94 0.62 0.938 0.622 0.938 0.636 0.94 0.638 0.942 0.638 0.946 0.642 0.948 0.642 0.95 0.644 0.952 0.644 0.954 0.646 0.958 0.646 0.96 0.648 0.966 0.648 0.968 0.65 0.97 0.65 0.972 0.652 0.976 0.652 0.978 0.654 0.986 0.654 0.988 0.656 0.99 0.656 0.992 0.658 0.994 0.658 0.996 0.66 0.998 0.66 0.998 0.558 0.996 0.558 0.994 0.556 0.988 0.556 0.986 0.554
3 0.918 0.87 0.076 0.104 0.904 0.818 0.902 0.82 0.902 0.822 0.9 0.824 0.9 0.828 0.896 0.832 0.896 0.834 0.892 0.838 0.892 0.842 0.89 0.844 0.89 0.85 0.888 0.852 0.888 0.856 0.886 0.858 0.886 0.864 0.884 0.866 0.884 0.872 0.882 0.874 0.882 0.884 0.88 0.886 0.88 0.888 0.882 0.89 0.882 0.906 0.884 0.908 0.888 0.908 0.89 0.91 0.896 0.91 0.898 0.912 0.904 0.912 0.906 0.914 0.91 0.914 0.912 0.916 0.918 0.916 0.92 0.918 0.928 0.918 0.93 0.92 0.932 0.918 0.932 0.912 0.934 0.91 0.934 0.904 0.936 0.902 0.936 0.896 0.938 0.894 0.938 0.888 0.94 0.886 0.94 0.88 0.942 0.878 0.942 0.872 0.944 0.87 0.944 0.866 0.946 0.864 0.946 0.858 0.948 0.856 0.948 0.85 0.95 0.848 0.95 0.844 0.952 0.842 0.952 0.838 0.954 0.836 0.954 0.83 0.95 0.83 0.948 0.828 0.942 0.828 0.94 0.826 0.934 0.826 0.932 0.824 0.926 0.824 0.924 0.822 0.918 0.822 0.916 0.82 0.908 0.82 0.906 0.818
4 0.672 0.082 0.02 0.016 0.664 0.074 0.662 0.076 0.662 0.084 0.664 0.086 0.666 0.086 0.668 0.088 0.676 0.088 0.678 0.086 0.678 0.084 0.68 0.082 0.68 0.076 0.676 0.076 0.674 0.074
7 0.878 0.829 0.016 0.03 0.878 0.814 0.876 0.816 0.876 0.818 0.872 0.822 0.872 0.83 0.87 0.832 0.87 0.842 0.876 0.842 0.876 0.84 0.878 0.838 0.878 0.832 0.88 0.83 0.88 0.828 0.882 0.826 0.882 0.822 0.884 0.82 0.884 0.816 0.882 0.814
7 0.972 0.438 0.024 0.032 0.966 0.422 0.96 0.428 0.96 0.444 0.962 0.446 0.962 0.448 0.966 0.448 0.968 0.45 0.974 0.45 0.976 0.452 0.978 0.452 0.98 0.45 0.98 0.448 0.982 0.446 0.982 0.428 0.98 0.426 0.978 0.426 0.976 0.424 0.972 0.424 0.97 0.422
7 0.529 0.501 0.014 0.022 0.526 0.49 0.526 0.492 0.524 0.494 0.524 0.498 0.522 0.5 0.522 0.506 0.524 0.508 0.526 0.508 0.528 0.51 0.53 0.51 0.532 0.508 0.532 0.504 0.534 0.502 0.534 0.492 0.532 0.49
5 0.33 0.483 0.016 0.014 0.33 0.476 0.328 0.478 0.326 0.478 0.322 0.482 0.322 0.484 0.324 0.486 0.326 0.486 0.328 0.488 0.334 0.488 0.336 0.486 0.336 0.48 0.334 0.478 0.332 0.478
4 0.547 0.603 0.026 0.026 0.542 0.59 0.538 0.594 0.538 0.598 0.536 0.6 0.536 0.604 0.534 0.606 0.534 0.612 0.538 0.612 0.54 0.614 0.552 0.614 0.554 0.612 0.554 0.61 0.556 0.608 0.556 0.6 0.558 0.598 0.558 0.596 0.556 0.594 0.556 0.592 0.554 0.592 0.552 0.59
5 0.643 0.45 0.018 0.028 0.638 0.436 0.636 0.438 0.636 0.442 0.634 0.444 0.634 0.456 0.638 0.46 0.64 0.46 0.642 0.462 0.644 0.462 0.646 0.46 0.648 0.46 0.648 0.452 0.65 0.45 0.65 0.442 0.648 0.442 0.642 0.436
5 0.71 0.193 0.016 0.022 0.708 0.182 0.706 0.184 0.704 0.184 0.704 0.188 0.702 0.19 0.702 0.198 0.704 0.2 0.704 0.202 0.706 0.202 0.708 0.2 0.71 0.2 0.712 0.198 0.712 0.196 0.714 0.194 0.714 0.192 0.716 0.19 0.716 0.184 0.712 0.184 0.71 0.182
