5 0.223 0.541 0.022 0.03 0.22 0.526 0.216 0.53 0.216 0.534 0.214 0.536 0.214 0.538 0.212 0.54 0.212 0.544 0.214 0.546 0.214 0.548 0.218 0.552 0.218 0.554 0.224 0.554 0.23 0.548 0.23 0.546 0.232 0.544 0.232 0.534 0.224 0.526
7 0.172 0.57 0.04 0.016 0.152 0.562 0.152 0.566 0.156 0.57 0.158 0.57 0.16 0.572 0.162 0.572 0.164 0.574 0.168 0.574 0.17 0.576 0.182 0.576 0.186 0.572 0.188 0.572 0.188 0.57 0.19 0.568 0.188 0.566 0.174 0.566 0.172 0.564 0.164 0.564 0.162 0.562
7 0.483 0.669 0.022 0.022 0.474 0.658 0.472 0.66 0.472 0.67 0.48 0.678 0.488 0.678 0.49 0.676 0.492 0.676 0.492 0.668 0.49 0.666 0.49 0.664 0.488 0.662 0.486 0.662 0.484 0.66 0.482 0.66 0.48 0.658
4 0.512 0.831 0.028 0.03 0.51 0.816 0.508 0.818 0.506 0.818 0.498 0.826 0.498 0.834 0.502 0.838 0.502 0.84 0.504 0.84 0.508 0.844 0.512 0.844 0.514 0.842 0.516 0.842 0.524 0.834 0.524 0.826 0.522 0.824 0.522 0.822 0.516 0.816
4 0.63 0.797 0.036 0.034 0.632 0.78 0.63 0.782 0.628 0.782 0.618 0.792 0.618 0.794 0.612 0.8 0.612 0.802 0.614 0.804 0.614 0.806 0.62 0.812 0.624 0.812 0.628 0.808 0.63 0.808 0.632 0.806 0.634 0.806 0.646 0.794 0.646 0.79 0.644 0.788 0.644 0.786 0.642 0.784 0.64 0.784 0.636 0.78
4 0.458 0.771 0.032 0.03 0.454 0.756 0.448 0.762 0.446 0.762 0.444 0.764 0.444 0.766 0.442 0.768 0.442 0.77 0.444 0.772 0.444 0.774 0.454 0.784 0.46 0.784 0.464 0.78 0.466 0.78 0.472 0.774 0.472 0.77 0.47 0.768 0.47 0.766 0.46 0.756
4 0.513 0.659 0.026 0.026 0.506 0.646 0.5 0.652 0.5 0.658 0.502 0.66 0.502 0.662 0.508 0.668 0.51 0.668 0.512 0.67 0.516 0.67 0.522 0.664 0.522 0.66 0.524 0.658 0.524 0.656 0.514 0.646
4 0.109 0.559 0.03 0.03 0.106 0.544 0.104 0.546 0.102 0.546 0.094 0.554 0.094 0.56 0.096 0.562 0.096 0.564 0.098 0.566 0.098 0.568 0.102 0.572 0.108 0.572 0.11 0.57 0.112 0.57 0.122 0.56 0.122 0.556 0.12 0.554 0.12 0.552 0.114 0.546 0.112 0.546 0.11 0.544
4 0.245 0.521 0.03 0.03 0.242 0.506 0.232 0.516 0.232 0.518 0.23 0.52 0.23 0.526 0.238 0.534 0.244 0.534 0.248 0.53 0.25 0.53 0.256 0.524 0.256 0.522 0.258 0.52 0.256 0.518 0.256 0.516 0.246 0.506
4 0.07 0.515 0.028 0.026 0.066 0.502 0.062 0.506 0.06 0.506 0.056 0.51 0.056 0.518 0.06 0.522 0.062 0.522 0.066 0.526 0.07 0.526 0.074 0.522 0.076 0.522 0.076 0.52 0.082 0.514 0.082 0.51 0.074 0.502
4 0.167 0.419 0.022 0.022 0.17 0.408 0.168 0.41 0.164 0.41 0.156 0.418 0.156 0.422 0.158 0.424 0.158 0.426 0.16 0.428 0.168 0.428 0.172 0.424 0.174 0.424 0.176 0.422 0.176 0.41 0.174 0.41 0.172 0.408
4 0.121 0.368 0.034 0.032 0.12 0.352 0.11 0.362 0.108 0.362 0.106 0.364 0.106 0.366 0.104 0.368 0.104 0.372 0.106 0.374 0.106 0.376 0.112 0.382 0.12 0.382 0.126 0.376 0.128 0.376 0.134 0.37 0.136 0.37 0.136 0.366 0.13 0.36 0.13 0.358 0.124 0.352
4 0.063 0.139 0.026 0.03 0.058 0.124 0.05 0.132 0.05 0.14 0.052 0.142 0.052 0.144 0.06 0.152 0.064 0.152 0.066 0.15 0.068 0.15 0.072 0.146 0.072 0.144 0.074 0.142 0.074 0.14 0.072 0.138 0.072 0.136 0.068 0.132 0.068 0.13 0.062 0.124
4 0.021 0.074 0.026 0.028 0.016 0.06 0.012 0.064 0.01 0.064 0.008 0.066 0.008 0.074 0.01 0.076 0.01 0.078 0.018 0.086 0.024 0.086 0.026 0.084 0.028 0.084 0.032 0.08 0.032 0.072 0.03 0.07 0.03 0.068 0.028 0.066 0.028 0.064 0.026 0.062 0.024 0.062 0.022 0.06
7 0.183 0.573 0.018 0.014 0.178 0.566 0.176 0.568 0.174 0.568 0.174 0.574 0.176 0.576 0.178 0.576 0.18 0.578 0.182 0.578 0.182 0.576 0.186 0.572 0.188 0.572 0.188 0.57 0.19 0.568 0.188 0.566
7 0.248 0.112 0.016 0.02 0.248 0.102 0.24 0.11 0.24 0.118 0.242 0.12 0.244 0.12 0.254 0.11 0.254 0.106 0.25 0.102
7 0.024 0.497 0.016 0.018 0.018 0.488 0.018 0.492 0.016 0.494 0.018 0.496 0.018 0.498 0.024 0.504 0.026 0.504 0.028 0.502 0.028 0.5 0.03 0.498 0.03 0.492 0.026 0.488
7 0.106 0.42 0.032 0.036 0.098 0.402 0.094 0.406 0.092 0.406 0.09 0.408 0.092 0.41 0.092 0.412 0.102 0.422 0.102 0.424 0.108 0.43 0.108 0.432 0.112 0.436 0.118 0.436 0.12 0.434 0.12 0.43 0.114 0.424 0.114 0.422 0.106 0.414 0.106 0.412 0.104 0.41 0.104 0.408 0.102 0.406 0.102 0.404 0.1 0.404
5 0.616 0.808 0.024 0.02 0.614 0.798 0.604 0.808 0.604 0.814 0.606 0.816 0.616 0.816 0.618 0.814 0.624 0.814 0.626 0.812 0.626 0.806 0.624 0.804 0.622 0.804 0.616 0.798
7 0.251 0.109 0.01 0.01 0.248 0.104 0.246 0.106 0.246 0.11 0.248 0.112 0.25 0.112 0.254 0.108 0.254 0.106 0.252 0.104
