4 0.429 0.932 0.014 0.016 0.424 0.924 0.422 0.926 0.422 0.932 0.424 0.934 0.424 0.936 0.426 0.938 0.432 0.938 0.434 0.936 0.434 0.928 0.43 0.924
7 0.45 0.902 0.024 0.024 0.446 0.89 0.444 0.892 0.438 0.892 0.44 0.894 0.44 0.896 0.442 0.898 0.442 0.906 0.444 0.908 0.444 0.91 0.446 0.912 0.452 0.912 0.454 0.91 0.458 0.91 0.46 0.908 0.46 0.906 0.458 0.904 0.458 0.9 0.454 0.896 0.454 0.892 0.452 0.89
4 0.467 0.518 0.046 0.044 0.47 0.496 0.468 0.498 0.466 0.498 0.466 0.5 0.454 0.512 0.452 0.512 0.452 0.514 0.444 0.522 0.444 0.524 0.446 0.526 0.446 0.528 0.456 0.538 0.46 0.538 0.462 0.536 0.464 0.536 0.488 0.512 0.488 0.506 0.484 0.502 0.482 0.502 0.476 0.496
6 0.715 0.51 0.146 0.12 0.736 0.45 0.734 0.452 0.732 0.452 0.73 0.454 0.728 0.454 0.72 0.462 0.718 0.462 0.71 0.47 0.708 0.47 0.704 0.474 0.702 0.474 0.698 0.478 0.694 0.478 0.692 0.48 0.688 0.48 0.684 0.484 0.682 0.484 0.676 0.49 0.674 0.49 0.664 0.5 0.664 0.502 0.65 0.516 0.65 0.518 0.644 0.524 0.642 0.524 0.642 0.53 0.644 0.532 0.644 0.534 0.654 0.544 0.654 0.546 0.662 0.554 0.662 0.556 0.674 0.568 0.676 0.568 0.678 0.566 0.678 0.564 0.68 0.562 0.68 0.558 0.684 0.554 0.684 0.552 0.686 0.55 0.686 0.548 0.688 0.546 0.69 0.546 0.694 0.542 0.694 0.54 0.696 0.538 0.698 0.538 0.7 0.536 0.702 0.536 0.702 0.534 0.706 0.53 0.708 0.53 0.71 0.528 0.712 0.528 0.726 0.514 0.728 0.514 0.73 0.512 0.732 0.512 0.736 0.508 0.738 0.508 0.74 0.506 0.744 0.506 0.746 0.504 0.748 0.504 0.75 0.506 0.752 0.506 0.758 0.512 0.758 0.514 0.762 0.518 0.772 0.508 0.774 0.508 0.776 0.506 0.778 0.506 0.78 0.504 0.784 0.504 0.786 0.502 0.782 0.498 0.782 0.496 0.776 0.49 0.776 0.488 0.76 0.472 0.76 0.47 0.74 0.45
5 0.467 0.864 0.022 0.016 0.458 0.856 0.458 0.858 0.456 0.86 0.456 0.864 0.462 0.87 0.466 0.87 0.472 0.864 0.474 0.864 0.474 0.862 0.476 0.86 0.474 0.858 0.47 0.858 0.468 0.856 0.466 0.856 0.464 0.858 0.462 0.858 0.46 0.856
4 0.396 0.589 0.028 0.03 0.398 0.574 0.396 0.576 0.394 0.576 0.386 0.584 0.384 0.584 0.382 0.586 0.382 0.592 0.392 0.602 0.396 0.602 0.408 0.59 0.408 0.584 0.404 0.58 0.404 0.578 0.4 0.574
7 0.467 0.348 0.022 0.02 0.466 0.338 0.462 0.342 0.46 0.342 0.456 0.346 0.456 0.352 0.458 0.354 0.462 0.354 0.464 0.356 0.466 0.356 0.468 0.354 0.47 0.354 0.476 0.348 0.476 0.34 0.474 0.34 0.472 0.338
7 0.474 0.629 0.044 0.046 0.472 0.606 0.466 0.612 0.466 0.614 0.464 0.616 0.462 0.616 0.456 0.622 0.454 0.622 0.452 0.624 0.452 0.628 0.454 0.63 0.454 0.632 0.456 0.634 0.456 0.636 0.462 0.642 0.462 0.644 0.464 0.646 0.464 0.648 0.466 0.648 0.468 0.65 0.474 0.65 0.476 0.648 0.478 0.648 0.48 0.646 0.484 0.646 0.492 0.638 0.492 0.636 0.494 0.634 0.494 0.63 0.492 0.628 0.492 0.622 0.49 0.62 0.49 0.618 0.482 0.61 0.482 0.608 0.48 0.606
7 0.44 0.842 0.008 0.008 0.436 0.838 0.436 0.844 0.442 0.844 0.442 0.838
4 0.074 0.403 0.052 0.058 0.062 0.374 0.06 0.376 0.058 0.376 0.054 0.38 0.052 0.38 0.048 0.384 0.048 0.39 0.05 0.392 0.05 0.394 0.054 0.398 0.054 0.4 0.058 0.404 0.058 0.406 0.068 0.416 0.068 0.418 0.08 0.43 0.086 0.43 0.088 0.428 0.09 0.428 0.096 0.422 0.096 0.42 0.098 0.418 0.096 0.416 0.096 0.412 0.092 0.408 0.092 0.406 0.086 0.4 0.086 0.398 0.082 0.394 0.082 0.392 0.078 0.388 0.078 0.386 0.074 0.382 0.074 0.38 0.068 0.374
7 0.408 0.886 0.016 0.024 0.406 0.874 0.402 0.878 0.402 0.88 0.4 0.882 0.4 0.886 0.402 0.888 0.402 0.892 0.406 0.896 0.41 0.896 0.414 0.892 0.414 0.88 0.412 0.878 0.412 0.876 0.41 0.874
7 0.381 0.899 0.01 0.01 0.378 0.894 0.376 0.896 0.376 0.9 0.378 0.902 0.382 0.902 0.384 0.9 0.384 0.896 0.382 0.894
7 0.409 0.891 0.014 0.014 0.402 0.884 0.402 0.892 0.406 0.896 0.41 0.896 0.412 0.894 0.412 0.892 0.414 0.89 0.412 0.888 0.412 0.886 0.41 0.884
4 0.42 0.565 0.028 0.03 0.42 0.55 0.406 0.564 0.406 0.57 0.408 0.57 0.41 0.572 0.41 0.574 0.414 0.578 0.42 0.578 0.432 0.566 0.432 0.562 0.424 0.554 0.424 0.552 0.422 0.55
1 0.876 0.687 0.176 0.174 0.906 0.6 0.896 0.61 0.894 0.61 0.892 0.612 0.892 0.614 0.89 0.616 0.888 0.616 0.888 0.618 0.884 0.622 0.882 0.622 0.866 0.638 0.864 0.638 0.854 0.648 0.852 0.648 0.846 0.654 0.844 0.654 0.828 0.67 0.826 0.67 0.814 0.682 0.812 0.682 0.798 0.696 0.796 0.696 0.792 0.7 0.792 0.702 0.79 0.704 0.79 0.706 0.788 0.708 0.79 0.71 0.79 0.712 0.792 0.714 0.792 0.716 0.8 0.724 0.8 0.726 0.812 0.738 0.812 0.74 0.814 0.742 0.814 0.744 0.826 0.756 0.826 0.758 0.828 0.76 0.828 0.762 0.838 0.772 0.84 0.772 0.842 0.77 0.844 0.77 0.846 0.768 0.848 0.768 0.852 0.764 0.854 0.764 0.862 0.756 0.864 0.756 0.89 0.73 0.892 0.73 0.904 0.718 0.906 0.718 0.918 0.706 0.92 0.706 0.928 0.698 0.93 0.698 0.942 0.686 0.944 0.686 0.95 0.68 0.952 0.68 0.96 0.672 0.96 0.67 0.962 0.668 0.96 0.666 0.96 0.662 0.958 0.66 0.958 0.658 0.954 0.654 0.954 0.652 0.946 0.644 0.946 0.642 0.938 0.634 0.938 0.632 0.934 0.628 0.934 0.626 0.932 0.626 0.93 0.624 0.93 0.622 0.924 0.616 0.924 0.614 0.918 0.608 0.918 0.606 0.912 0.6
7 0.447 0.909 0.01 0.014 0.442 0.902 0.442 0.912 0.444 0.914 0.45 0.914 0.45 0.91 0.448 0.908 0.448 0.906 0.446 0.904 0.444 0.904
0 0.351 0.906 0.046 0.056 0.348 0.878 0.334 0.892 0.332 0.892 0.328 0.896 0.328 0.906 0.33 0.908 0.33 0.91 0.336 0.916 0.336 0.918 0.34 0.922 0.34 0.924 0.344 0.928 0.344 0.93 0.346 0.932 0.348 0.932 0.35 0.93 0.352 0.93 0.36 0.922 0.362 0.922 0.37 0.914 0.37 0.912 0.372 0.91 0.37 0.908 0.37 0.904 0.366 0.9 0.366 0.898 0.36 0.892 0.36 0.89 0.354 0.884 0.354 0.882 0.352 0.88 0.352 0.878
4 0.111 0.239 0.018 0.018 0.106 0.23 0.104 0.232 0.104 0.234 0.102 0.236 0.102 0.24 0.104 0.242 0.104 0.246 0.11 0.246 0.112 0.244 0.114 0.244 0.118 0.24 0.118 0.234 0.114 0.23
4 0.15 0.285 0.024 0.022 0.148 0.274 0.146 0.276 0.144 0.276 0.138 0.282 0.138 0.286 0.146 0.294 0.15 0.294 0.152 0.292 0.154 0.292 0.156 0.29 0.158 0.29 0.16 0.288 0.16 0.28 0.156 0.276 0.154 0.276 0.152 0.274
4 0.193 0.341 0.03 0.03 0.192 0.326 0.19 0.328 0.186 0.328 0.18 0.334 0.178 0.334 0.178 0.34 0.186 0.348 0.186 0.35 0.19 0.354 0.192 0.354 0.194 0.352 0.196 0.352 0.206 0.342 0.206 0.34 0.204 0.338 0.204 0.336 0.202 0.334 0.202 0.332 0.2 0.332 0.196 0.328 0.194 0.328
5 0.016 0.236 0.016 0.012 0.01 0.23 0.01 0.234 0.008 0.236 0.008 0.24 0.022 0.24 0.022 0.232 0.016 0.232 0.014 0.23
