7 0.612 0.295 0.02 0.022 0.61 0.284 0.608 0.286 0.604 0.286 0.604 0.29 0.602 0.292 0.602 0.294 0.604 0.296 0.604 0.3 0.608 0.304 0.616 0.304 0.62 0.3 0.62 0.298 0.618 0.296 0.618 0.292 0.616 0.29 0.616 0.288 0.614 0.286 0.612 0.286
4 0.391 0.527 0.026 0.026 0.386 0.514 0.386 0.516 0.384 0.518 0.384 0.52 0.38 0.524 0.38 0.526 0.378 0.528 0.38 0.53 0.38 0.534 0.382 0.536 0.384 0.536 0.386 0.538 0.392 0.538 0.394 0.536 0.396 0.536 0.398 0.534 0.398 0.532 0.4 0.53 0.4 0.528 0.402 0.526 0.402 0.524 0.4 0.522 0.4 0.52 0.398 0.518 0.396 0.518 0.392 0.514
4 0.576 0.114 0.012 0.012 0.572 0.108 0.572 0.11 0.57 0.112 0.57 0.116 0.572 0.116 0.574 0.118 0.576 0.118 0.58 0.114 0.578 0.112 0.578 0.11 0.576 0.11 0.574 0.108
4 0.553 0.149 0.014 0.014 0.552 0.142 0.55 0.144 0.548 0.144 0.548 0.146 0.546 0.148 0.546 0.15 0.548 0.152 0.55 0.152 0.552 0.154 0.554 0.152 0.556 0.152 0.558 0.15 0.558 0.146 0.554 0.142
7 0.612 0.197 0.012 0.014 0.614 0.19 0.606 0.198 0.606 0.202 0.614 0.202 0.616 0.2 0.616 0.192
7 0.404 0.689 0.024 0.018 0.4 0.68 0.398 0.682 0.396 0.682 0.392 0.686 0.392 0.688 0.394 0.69 0.394 0.692 0.396 0.694 0.398 0.694 0.4 0.696 0.404 0.696 0.406 0.694 0.408 0.694 0.41 0.692 0.412 0.692 0.414 0.69 0.414 0.686 0.41 0.682 0.404 0.682 0.402 0.68
1 0.665 0.265 0.094 0.102 0.656 0.214 0.654 0.216 0.652 0.216 0.648 0.22 0.648 0.224 0.644 0.228 0.644 0.23 0.64 0.234 0.64 0.236 0.634 0.242 0.634 0.244 0.632 0.246 0.632 0.248 0.628 0.252 0.628 0.254 0.626 0.256 0.626 0.258 0.622 0.262 0.622 0.264 0.62 0.266 0.62 0.268 0.618 0.27 0.618 0.274 0.628 0.284 0.63 0.284 0.634 0.288 0.636 0.288 0.644 0.296 0.646 0.296 0.648 0.298 0.648 0.3 0.662 0.314 0.668 0.314 0.674 0.308 0.674 0.306 0.678 0.302 0.678 0.3 0.68 0.298 0.68 0.296 0.684 0.292 0.684 0.29 0.69 0.284 0.69 0.282 0.694 0.278 0.694 0.276 0.696 0.274 0.696 0.272 0.7 0.268 0.7 0.266 0.704 0.262 0.704 0.26 0.706 0.258 0.706 0.256 0.708 0.254 0.708 0.252 0.71 0.25 0.706 0.246 0.706 0.244 0.704 0.242 0.702 0.242 0.698 0.238 0.696 0.238 0.69 0.232 0.688 0.232 0.682 0.226 0.68 0.226 0.678 0.224 0.676 0.224 0.674 0.222 0.672 0.222 0.668 0.218 0.666 0.218 0.664 0.216 0.662 0.216 0.66 0.214
1 0.305 0.661 0.158 0.166 0.302 0.578 0.3 0.58 0.298 0.58 0.296 0.582 0.294 0.582 0.282 0.594 0.282 0.596 0.268 0.61 0.268 0.612 0.266 0.614 0.266 0.616 0.262 0.62 0.262 0.622 0.256 0.628 0.256 0.63 0.25 0.636 0.25 0.638 0.248 0.64 0.248 0.642 0.242 0.648 0.242 0.65 0.238 0.654 0.238 0.656 0.234 0.66 0.234 0.662 0.23 0.666 0.23 0.668 0.228 0.67 0.228 0.672 0.226 0.674 0.226 0.676 0.232 0.682 0.234 0.682 0.236 0.684 0.238 0.684 0.24 0.686 0.242 0.686 0.246 0.69 0.248 0.69 0.252 0.694 0.254 0.694 0.258 0.698 0.26 0.698 0.262 0.7 0.264 0.7 0.266 0.702 0.268 0.702 0.27 0.704 0.272 0.704 0.276 0.708 0.278 0.708 0.28 0.71 0.282 0.71 0.284 0.712 0.286 0.712 0.29 0.716 0.292 0.716 0.296 0.72 0.298 0.72 0.3 0.722 0.302 0.722 0.306 0.726 0.308 0.726 0.31 0.728 0.312 0.728 0.316 0.732 0.318 0.732 0.322 0.736 0.324 0.736 0.326 0.738 0.328 0.738 0.33 0.74 0.332 0.74 0.334 0.742 0.338 0.742 0.34 0.74 0.34 0.738 0.344 0.734 0.344 0.732 0.352 0.724 0.352 0.722 0.354 0.72 0.354 0.718 0.358 0.714 0.358 0.712 0.36 0.71 0.36 0.708 0.362 0.706 0.362 0.704 0.37 0.696 0.37 0.694 0.372 0.692 0.372 0.69 0.374 0.688 0.374 0.686 0.376 0.684 0.376 0.682 0.38 0.678 0.38 0.676 0.382 0.674 0.382 0.672 0.38 0.67 0.38 0.668 0.378 0.666 0.376 0.666 0.374 0.664 0.372 0.664 0.366 0.658 0.364 0.658 0.356 0.65 0.354 0.65 0.352 0.648 0.35 0.648 0.348 0.646 0.346 0.646 0.344 0.644 0.342 0.644 0.332 0.634 0.33 0.634 0.328 0.632 0.326 0.632 0.32 0.626 0.32 0.624 0.318 0.622 0.32 0.62 0.32 0.618 0.322 0.616 0.322 0.614 0.324 0.612 0.324 0.61 0.326 0.608 0.326 0.606 0.33 0.602 0.33 0.6 0.332 0.598 0.332 0.596 0.334 0.594 0.328 0.588 0.326 0.588 0.324 0.586 0.322 0.586 0.32 0.584 0.316 0.584 0.314 0.582 0.31 0.582 0.308 0.58 0.304 0.58
1 0.451 0.742 0.138 0.156 0.446 0.664 0.446 0.666 0.442 0.67 0.442 0.672 0.438 0.676 0.438 0.678 0.436 0.68 0.436 0.682 0.43 0.688 0.43 0.69 0.426 0.694 0.426 0.696 0.422 0.7 0.422 0.702 0.416 0.708 0.416 0.71 0.412 0.714 0.412 0.716 0.408 0.72 0.408 0.722 0.402 0.728 0.402 0.73 0.396 0.736 0.396 0.738 0.394 0.74 0.394 0.742 0.39 0.746 0.39 0.748 0.388 0.75 0.388 0.752 0.384 0.756 0.384 0.758 0.382 0.76 0.382 0.768 0.394 0.78 0.396 0.78 0.4 0.784 0.402 0.784 0.406 0.788 0.406 0.79 0.408 0.792 0.41 0.792 0.414 0.796 0.416 0.796 0.418 0.798 0.42 0.798 0.424 0.802 0.426 0.802 0.436 0.812 0.438 0.812 0.442 0.816 0.444 0.816 0.446 0.818 0.448 0.818 0.45 0.816 0.452 0.816 0.452 0.814 0.458 0.808 0.458 0.806 0.466 0.798 0.466 0.796 0.468 0.794 0.468 0.792 0.472 0.788 0.472 0.786 0.476 0.782 0.476 0.78 0.482 0.774 0.482 0.772 0.486 0.768 0.486 0.766 0.492 0.76 0.492 0.758 0.494 0.756 0.494 0.754 0.498 0.75 0.498 0.748 0.5 0.746 0.5 0.744 0.504 0.74 0.504 0.738 0.506 0.736 0.506 0.734 0.512 0.728 0.512 0.726 0.516 0.722 0.516 0.718 0.518 0.716 0.516 0.714 0.516 0.712 0.508 0.704 0.506 0.704 0.498 0.696 0.496 0.696 0.49 0.69 0.488 0.69 0.484 0.686 0.482 0.686 0.474 0.678 0.472 0.678 0.466 0.672 0.464 0.672 0.46 0.668 0.458 0.668 0.454 0.664
4 0.734 0.162 0.024 0.02 0.73 0.152 0.724 0.158 0.724 0.16 0.722 0.162 0.722 0.164 0.724 0.166 0.724 0.168 0.726 0.168 0.728 0.17 0.736 0.17 0.742 0.164 0.742 0.162 0.744 0.16 0.744 0.154 0.742 0.154 0.74 0.152
5 0.383 0.599 0.03 0.03 0.376 0.584 0.374 0.586 0.372 0.586 0.372 0.588 0.37 0.59 0.37 0.592 0.368 0.594 0.368 0.602 0.37 0.604 0.372 0.604 0.376 0.608 0.378 0.608 0.38 0.61 0.382 0.61 0.384 0.612 0.388 0.612 0.392 0.608 0.392 0.606 0.394 0.604 0.394 0.6 0.396 0.598 0.394 0.596 0.394 0.594 0.392 0.592 0.39 0.592 0.388 0.59 0.386 0.59 0.382 0.586 0.38 0.586 0.378 0.584
5 0.582 0.184 0.036 0.036 0.574 0.166 0.572 0.168 0.57 0.168 0.568 0.17 0.568 0.172 0.566 0.174 0.566 0.176 0.564 0.178 0.564 0.188 0.566 0.19 0.566 0.192 0.572 0.198 0.574 0.198 0.576 0.2 0.582 0.2 0.586 0.196 0.586 0.194 0.592 0.188 0.592 0.186 0.596 0.182 0.596 0.178 0.598 0.176 0.598 0.174 0.596 0.172 0.596 0.17 0.594 0.168 0.592 0.168 0.59 0.166
4 0.123 0.992 0.03 0.016 0.118 0.984 0.116 0.986 0.114 0.986 0.114 0.988 0.11 0.992 0.11 0.994 0.108 0.996 0.108 0.998 0.136 0.998 0.136 0.994 0.13 0.988 0.128 0.988 0.126 0.986 0.12 0.986
4 0.155 0.949 0.026 0.026 0.148 0.936 0.144 0.94 0.144 0.942 0.142 0.944 0.142 0.952 0.146 0.956 0.148 0.956 0.15 0.958 0.152 0.958 0.154 0.96 0.156 0.96 0.164 0.952 0.164 0.948 0.166 0.946 0.164 0.944 0.164 0.942 0.162 0.94 0.16 0.94 0.158 0.938 0.156 0.938 0.154 0.936
4 0.388 0.733 0.024 0.018 0.388 0.724 0.386 0.726 0.382 0.726 0.376 0.732 0.384 0.74 0.392 0.74 0.394 0.738 0.394 0.736 0.398 0.732 0.398 0.728 0.396 0.726 0.39 0.726
4 0.532 0.19 0.024 0.024 0.526 0.178 0.524 0.18 0.524 0.182 0.522 0.184 0.522 0.186 0.52 0.188 0.52 0.194 0.522 0.196 0.524 0.196 0.526 0.198 0.528 0.198 0.53 0.2 0.534 0.2 0.54 0.194 0.54 0.192 0.542 0.19 0.542 0.184 0.538 0.18 0.536 0.18 0.534 0.178
4 0.062 0.235 0.02 0.022 0.06 0.224 0.058 0.226 0.056 0.226 0.052 0.23 0.052 0.24 0.054 0.242 0.058 0.242 0.06 0.244 0.062 0.244 0.064 0.242 0.066 0.242 0.066 0.24 0.068 0.238 0.068 0.234 0.07 0.232 0.07 0.23 0.066 0.226 0.062 0.226
4 0.553 0.598 0.03 0.032 0.55 0.582 0.544 0.588 0.544 0.59 0.54 0.594 0.54 0.596 0.538 0.598 0.538 0.602 0.542 0.606 0.544 0.606 0.548 0.61 0.55 0.61 0.552 0.612 0.556 0.612 0.564 0.604 0.564 0.602 0.566 0.6 0.566 0.59 0.562 0.586 0.56 0.586 0.556 0.582
