7 0.817 0.203 0.034 0.034 0.8 0.186 0.8 0.192 0.804 0.196 0.804 0.198 0.806 0.2 0.808 0.2 0.81 0.202 0.82 0.202 0.824 0.206 0.824 0.212 0.822 0.214 0.824 0.216 0.824 0.218 0.83 0.218 0.832 0.216 0.832 0.2 0.828 0.196 0.826 0.196 0.824 0.194 0.822 0.194 0.818 0.19 0.816 0.19 0.814 0.188 0.81 0.188 0.808 0.186
7 0.803 0.272 0.014 0.024 0.8 0.26 0.798 0.262 0.798 0.264 0.796 0.266 0.796 0.276 0.798 0.278 0.798 0.28 0.8 0.282 0.806 0.282 0.808 0.28 0.808 0.264 0.806 0.262 0.806 0.26
7 0.585 0.983 0.01 0.014 0.582 0.976 0.58 0.978 0.58 0.986 0.582 0.986 0.584 0.988 0.586 0.986 0.588 0.986 0.588 0.978 0.586 0.976
4 0.293 0.888 0.01 0.012 0.288 0.882 0.288 0.89 0.29 0.892 0.292 0.892 0.296 0.888 0.296 0.884 0.294 0.882
7 0.499 0.57 0.014 0.012 0.494 0.564 0.494 0.566 0.492 0.568 0.492 0.574 0.502 0.574 0.504 0.572 0.504 0.568 0.502 0.566 0.502 0.564
5 0.314 0.496 0.02 0.016 0.312 0.488 0.31 0.49 0.31 0.492 0.308 0.494 0.308 0.496 0.306 0.498 0.306 0.5 0.308 0.502 0.32 0.502 0.32 0.496 0.322 0.494 0.322 0.492 0.318 0.488
7 0.199 0.934 0.014 0.016 0.196 0.926 0.194 0.928 0.192 0.928 0.192 0.936 0.196 0.94 0.2 0.94 0.202 0.938 0.202 0.936 0.204 0.934 0.202 0.932 0.202 0.93 0.2 0.928 0.198 0.928
5 0.783 0.432 0.014 0.016 0.778 0.424 0.776 0.426 0.776 0.436 0.778 0.438 0.784 0.438 0.788 0.434 0.788 0.426 0.786 0.424
7 0.696 0.392 0.016 0.016 0.694 0.384 0.692 0.386 0.688 0.386 0.688 0.394 0.69 0.396 0.692 0.396 0.694 0.398 0.696 0.398 0.698 0.396 0.7 0.396 0.7 0.394 0.702 0.392 0.702 0.386 0.7 0.386 0.698 0.384
7 0.895 0.353 0.022 0.014 0.884 0.346 0.884 0.35 0.888 0.354 0.89 0.354 0.892 0.356 0.894 0.356 0.896 0.358 0.902 0.358 0.904 0.356 0.902 0.354 0.902 0.352 0.9 0.352 0.894 0.346
7 0.803 0.264 0.01 0.008 0.798 0.26 0.798 0.266 0.806 0.266 0.806 0.262 0.804 0.26
7 0.94 0.247 0.012 0.014 0.938 0.24 0.936 0.242 0.934 0.242 0.934 0.25 0.936 0.25 0.938 0.252 0.94 0.25 0.942 0.25 0.942 0.246 0.944 0.244 0.944 0.242 0.94 0.242
4 0.817 0.439 0.022 0.026 0.816 0.426 0.814 0.428 0.808 0.428 0.808 0.43 0.806 0.432 0.806 0.434 0.808 0.436 0.808 0.442 0.81 0.444 0.81 0.448 0.812 0.45 0.824 0.45 0.824 0.448 0.826 0.446 0.826 0.43 0.822 0.426
4 0.739 0.457 0.038 0.03 0.744 0.442 0.742 0.444 0.728 0.444 0.726 0.446 0.724 0.446 0.722 0.448 0.72 0.448 0.72 0.46 0.722 0.462 0.722 0.468 0.724 0.47 0.742 0.47 0.744 0.468 0.748 0.468 0.75 0.466 0.752 0.466 0.752 0.464 0.754 0.462 0.754 0.46 0.756 0.458 0.756 0.444 0.754 0.442
5 0.776 0.279 0.024 0.022 0.772 0.268 0.77 0.27 0.764 0.27 0.764 0.288 0.776 0.288 0.778 0.286 0.784 0.286 0.784 0.284 0.786 0.282 0.786 0.278 0.784 0.276 0.784 0.268
5 0.28 0.946 0.02 0.032 0.278 0.93 0.278 0.934 0.274 0.938 0.274 0.94 0.272 0.942 0.272 0.948 0.27 0.95 0.27 0.956 0.274 0.96 0.284 0.96 0.288 0.956 0.288 0.932 0.286 0.93
6 0.585 0.909 0.194 0.094 0.496 0.862 0.496 0.864 0.494 0.866 0.494 0.874 0.492 0.876 0.492 0.892 0.49 0.894 0.49 0.896 0.488 0.898 0.488 0.912 0.49 0.914 0.49 0.916 0.498 0.924 0.5 0.924 0.502 0.926 0.512 0.926 0.514 0.928 0.516 0.928 0.518 0.93 0.548 0.93 0.55 0.932 0.56 0.932 0.562 0.934 0.568 0.934 0.57 0.936 0.572 0.936 0.574 0.938 0.576 0.938 0.578 0.94 0.59 0.94 0.592 0.942 0.622 0.942 0.624 0.944 0.626 0.944 0.628 0.946 0.632 0.946 0.634 0.948 0.636 0.948 0.638 0.95 0.658 0.95 0.66 0.952 0.662 0.952 0.664 0.954 0.676 0.954 0.678 0.952 0.678 0.94 0.68 0.938 0.68 0.92 0.678 0.918 0.678 0.916 0.68 0.914 0.68 0.898 0.678 0.896 0.678 0.894 0.676 0.892 0.664 0.892 0.662 0.89 0.65 0.89 0.648 0.888 0.642 0.888 0.64 0.886 0.634 0.886 0.632 0.884 0.622 0.884 0.62 0.882 0.606 0.882 0.604 0.88 0.598 0.88 0.596 0.878 0.586 0.878 0.584 0.876 0.578 0.876 0.576 0.874 0.564 0.874 0.562 0.872 0.556 0.872 0.554 0.87 0.544 0.87 0.542 0.868 0.536 0.868 0.534 0.866 0.524 0.866 0.522 0.864 0.512 0.864 0.51 0.862
7 0.74 0.235 0.012 0.01 0.736 0.23 0.736 0.232 0.734 0.234 0.734 0.236 0.736 0.238 0.744 0.238 0.744 0.232 0.742 0.23
7 0.828 0.209 0.012 0.022 0.824 0.198 0.822 0.2 0.824 0.202 0.824 0.218 0.83 0.218 0.832 0.216 0.832 0.2 0.83 0.198
