7 0.285 0.207 0.01 0.01 0.282 0.202 0.28 0.204 0.28 0.208 0.282 0.21 0.288 0.21 0.288 0.204 0.286 0.204 0.284 0.202
7 0.293 0.221 0.01 0.006 0.288 0.218 0.288 0.22 0.29 0.222 0.296 0.222 0.296 0.218
3 0.844 0.216 0.068 0.088 0.844 0.172 0.842 0.174 0.84 0.174 0.836 0.178 0.834 0.178 0.83 0.182 0.828 0.182 0.826 0.184 0.824 0.184 0.822 0.186 0.82 0.186 0.818 0.188 0.818 0.19 0.816 0.192 0.816 0.196 0.814 0.198 0.814 0.21 0.812 0.212 0.812 0.236 0.81 0.238 0.81 0.246 0.814 0.246 0.816 0.248 0.82 0.248 0.822 0.25 0.824 0.25 0.826 0.252 0.828 0.252 0.832 0.256 0.836 0.256 0.838 0.258 0.844 0.258 0.846 0.256 0.848 0.256 0.852 0.252 0.854 0.252 0.858 0.248 0.86 0.248 0.864 0.244 0.866 0.244 0.868 0.242 0.87 0.242 0.876 0.236 0.874 0.234 0.874 0.226 0.862 0.214 0.862 0.212 0.86 0.21 0.86 0.202 0.858 0.2 0.858 0.196 0.856 0.194 0.856 0.192 0.854 0.19 0.854 0.188 0.852 0.186 0.852 0.184 0.85 0.182 0.85 0.18 0.848 0.178 0.848 0.176 0.846 0.174 0.846 0.172
4 0.549 0.702 0.026 0.028 0.548 0.688 0.546 0.69 0.544 0.69 0.542 0.692 0.54 0.692 0.536 0.696 0.536 0.7 0.538 0.702 0.538 0.706 0.54 0.708 0.54 0.71 0.544 0.714 0.55 0.714 0.554 0.71 0.556 0.71 0.558 0.708 0.558 0.706 0.56 0.704 0.56 0.698 0.558 0.696 0.558 0.692 0.556 0.69 0.556 0.688
4 0.057 0.676 0.022 0.028 0.058 0.662 0.056 0.664 0.054 0.664 0.046 0.672 0.046 0.68 0.048 0.682 0.048 0.684 0.05 0.686 0.052 0.686 0.054 0.688 0.056 0.688 0.058 0.686 0.062 0.686 0.066 0.682 0.066 0.67 0.064 0.668 0.064 0.666 0.06 0.662
4 0.084 0.72 0.016 0.012 0.08 0.714 0.076 0.718 0.076 0.72 0.08 0.724 0.088 0.724 0.088 0.722 0.09 0.72 0.088 0.718 0.088 0.716 0.086 0.714
4 0.052 0.805 0.02 0.018 0.05 0.796 0.048 0.798 0.044 0.798 0.042 0.8 0.042 0.806 0.044 0.808 0.044 0.81 0.046 0.812 0.054 0.812 0.06 0.806 0.06 0.802 0.058 0.8 0.058 0.798 0.056 0.796
3 0.014 0.74 0.028 0.048 0.0 0.716 0.0 0.762 0.002 0.76 0.004 0.76 0.006 0.758 0.008 0.758 0.012 0.754 0.016 0.754 0.018 0.752 0.02 0.752 0.022 0.75 0.024 0.75 0.024 0.748 0.026 0.746 0.026 0.744 0.024 0.742 0.024 0.738 0.02 0.734 0.018 0.734 0.004 0.72 0.004 0.718 0.002 0.716
4 0.109 0.763 0.026 0.018 0.106 0.754 0.104 0.756 0.102 0.756 0.096 0.762 0.096 0.766 0.098 0.768 0.1 0.768 0.102 0.77 0.11 0.77 0.112 0.768 0.114 0.768 0.118 0.764 0.118 0.762 0.12 0.76 0.12 0.756 0.118 0.754
4 0.494 0.643 0.02 0.022 0.49 0.632 0.488 0.634 0.486 0.634 0.484 0.636 0.484 0.644 0.486 0.646 0.486 0.648 0.49 0.652 0.496 0.652 0.498 0.65 0.5 0.65 0.502 0.648 0.502 0.64 0.5 0.638 0.5 0.634 0.498 0.632
4 0.498 0.591 0.02 0.026 0.498 0.578 0.496 0.58 0.494 0.58 0.492 0.582 0.49 0.582 0.49 0.584 0.488 0.586 0.488 0.588 0.49 0.59 0.49 0.594 0.492 0.596 0.492 0.598 0.496 0.602 0.498 0.602 0.5 0.6 0.502 0.6 0.504 0.598 0.504 0.596 0.506 0.594 0.506 0.582 0.502 0.578
4 0.8 0.302 0.012 0.012 0.796 0.296 0.794 0.298 0.794 0.302 0.796 0.304 0.796 0.306 0.804 0.306 0.804 0.302 0.798 0.296
4 0.773 0.252 0.018 0.016 0.772 0.244 0.77 0.246 0.766 0.246 0.764 0.248 0.766 0.25 0.766 0.254 0.77 0.258 0.778 0.258 0.78 0.256 0.78 0.25 0.774 0.244
4 0.427 0.872 0.03 0.028 0.426 0.858 0.424 0.86 0.42 0.86 0.418 0.862 0.416 0.862 0.414 0.864 0.414 0.866 0.412 0.868 0.412 0.872 0.418 0.872 0.422 0.876 0.422 0.878 0.428 0.884 0.432 0.884 0.434 0.882 0.436 0.882 0.436 0.88 0.44 0.876 0.44 0.872 0.438 0.87 0.438 0.868 0.436 0.866 0.436 0.862 0.432 0.858
5 0.797 0.229 0.022 0.014 0.796 0.222 0.794 0.224 0.788 0.224 0.788 0.226 0.786 0.228 0.792 0.234 0.794 0.234 0.796 0.232 0.798 0.232 0.8 0.23 0.804 0.23 0.806 0.228 0.8 0.222
3 0.173 0.769 0.118 0.082 0.154 0.728 0.152 0.73 0.15 0.73 0.148 0.732 0.148 0.734 0.144 0.738 0.144 0.74 0.142 0.742 0.142 0.744 0.138 0.748 0.138 0.75 0.136 0.752 0.136 0.754 0.132 0.758 0.132 0.76 0.13 0.762 0.13 0.764 0.126 0.768 0.126 0.77 0.124 0.772 0.124 0.774 0.12 0.778 0.12 0.78 0.118 0.782 0.118 0.784 0.114 0.788 0.114 0.79 0.116 0.792 0.116 0.794 0.118 0.796 0.118 0.798 0.12 0.8 0.12 0.802 0.122 0.804 0.122 0.806 0.124 0.808 0.128 0.808 0.13 0.806 0.14 0.806 0.142 0.804 0.152 0.804 0.154 0.802 0.166 0.802 0.168 0.8 0.178 0.8 0.18 0.798 0.186 0.798 0.188 0.796 0.19 0.796 0.194 0.792 0.196 0.792 0.198 0.79 0.2 0.79 0.202 0.788 0.204 0.788 0.208 0.784 0.21 0.784 0.212 0.782 0.214 0.782 0.216 0.78 0.218 0.78 0.22 0.778 0.222 0.778 0.226 0.774 0.228 0.774 0.23 0.772 0.228 0.77 0.228 0.766 0.226 0.764 0.226 0.762 0.224 0.76 0.224 0.758 0.222 0.756 0.222 0.752 0.22 0.75 0.22 0.748 0.218 0.746 0.218 0.744 0.216 0.742 0.216 0.738 0.214 0.736 0.208 0.736 0.206 0.734 0.194 0.734 0.192 0.732 0.18 0.732 0.178 0.73 0.166 0.73 0.164 0.728
3 0.118 0.652 0.144 0.136 0.178 0.584 0.176 0.586 0.174 0.586 0.172 0.588 0.17 0.588 0.168 0.59 0.166 0.59 0.156 0.6 0.154 0.6 0.146 0.608 0.144 0.608 0.136 0.616 0.134 0.616 0.126 0.624 0.124 0.624 0.116 0.632 0.114 0.632 0.112 0.634 0.108 0.634 0.106 0.636 0.102 0.636 0.1 0.638 0.096 0.638 0.094 0.64 0.09 0.64 0.088 0.642 0.084 0.642 0.082 0.644 0.078 0.644 0.076 0.646 0.072 0.646 0.07 0.648 0.066 0.648 0.064 0.65 0.06 0.65 0.058 0.652 0.054 0.652 0.052 0.654 0.048 0.654 0.048 0.656 0.05 0.658 0.052 0.658 0.054 0.66 0.06 0.66 0.07 0.67 0.072 0.67 0.074 0.672 0.076 0.672 0.08 0.676 0.082 0.676 0.084 0.678 0.086 0.678 0.09 0.682 0.092 0.682 0.094 0.684 0.096 0.684 0.1 0.688 0.102 0.688 0.104 0.69 0.106 0.69 0.11 0.694 0.112 0.694 0.114 0.696 0.116 0.696 0.12 0.7 0.122 0.7 0.124 0.702 0.126 0.702 0.13 0.706 0.132 0.706 0.134 0.708 0.136 0.708 0.14 0.712 0.142 0.712 0.144 0.714 0.146 0.714 0.15 0.718 0.15 0.716 0.152 0.714 0.152 0.71 0.154 0.708 0.154 0.704 0.156 0.702 0.156 0.698 0.158 0.696 0.158 0.692 0.16 0.69 0.16 0.688 0.162 0.686 0.162 0.682 0.164 0.68 0.164 0.676 0.166 0.674 0.166 0.67 0.168 0.668 0.168 0.664 0.17 0.662 0.17 0.658 0.172 0.656 0.172 0.652 0.174 0.65 0.174 0.646 0.176 0.644 0.176 0.64 0.178 0.638 0.178 0.636 0.18 0.634 0.18 0.63 0.182 0.628 0.182 0.624 0.184 0.622 0.184 0.618 0.186 0.616 0.186 0.612 0.188 0.61 0.188 0.608 0.186 0.606 0.186 0.602 0.184 0.6 0.184 0.598 0.182 0.596 0.182 0.592 0.18 0.59 0.18 0.588 0.178 0.586
7 0.486 0.562 0.016 0.016 0.482 0.554 0.478 0.558 0.478 0.566 0.48 0.568 0.484 0.568 0.486 0.566 0.488 0.566 0.49 0.564 0.492 0.564 0.492 0.556 0.49 0.554
7 0.912 0.574 0.02 0.012 0.912 0.568 0.91 0.57 0.904 0.57 0.902 0.572 0.902 0.578 0.916 0.578 0.918 0.576 0.92 0.576 0.92 0.57 0.918 0.57 0.916 0.568
4 0.459 0.575 0.026 0.026 0.46 0.562 0.458 0.564 0.456 0.564 0.454 0.566 0.45 0.566 0.446 0.57 0.446 0.574 0.448 0.576 0.448 0.578 0.45 0.58 0.45 0.582 0.452 0.584 0.452 0.586 0.46 0.586 0.47 0.576 0.47 0.572 0.468 0.57 0.468 0.568 0.466 0.566 0.466 0.564 0.464 0.564 0.462 0.562
4 0.303 0.582 0.022 0.024 0.304 0.57 0.302 0.572 0.3 0.572 0.298 0.574 0.296 0.574 0.292 0.578 0.292 0.582 0.294 0.584 0.294 0.588 0.298 0.592 0.306 0.592 0.308 0.59 0.31 0.59 0.312 0.588 0.312 0.578 0.31 0.576 0.31 0.574 0.306 0.57
4 0.809 0.125 0.018 0.022 0.81 0.114 0.808 0.116 0.804 0.116 0.802 0.118 0.8 0.118 0.8 0.126 0.802 0.128 0.802 0.13 0.806 0.134 0.812 0.134 0.816 0.13 0.816 0.118 0.812 0.114
4 0.668 0.965 0.012 0.014 0.662 0.958 0.662 0.968 0.664 0.97 0.668 0.97 0.672 0.966 0.672 0.958
4 0.692 0.992 0.016 0.016 0.688 0.984 0.688 0.986 0.686 0.988 0.686 0.996 0.684 0.998 0.698 0.998 0.698 0.988 0.694 0.984
3 0.434 0.728 0.104 0.088 0.45 0.684 0.448 0.686 0.442 0.686 0.44 0.688 0.436 0.688 0.434 0.69 0.432 0.69 0.43 0.692 0.428 0.692 0.426 0.694 0.424 0.694 0.422 0.696 0.42 0.696 0.418 0.698 0.416 0.698 0.414 0.7 0.412 0.7 0.41 0.702 0.408 0.702 0.404 0.706 0.402 0.706 0.4 0.708 0.398 0.708 0.396 0.71 0.394 0.71 0.392 0.712 0.388 0.712 0.386 0.714 0.384 0.714 0.382 0.716 0.382 0.728 0.384 0.73 0.384 0.732 0.386 0.734 0.386 0.736 0.39 0.74 0.39 0.742 0.398 0.75 0.398 0.752 0.402 0.756 0.402 0.758 0.404 0.76 0.404 0.762 0.408 0.766 0.408 0.768 0.41 0.77 0.418 0.77 0.422 0.766 0.426 0.766 0.428 0.764 0.43 0.764 0.432 0.762 0.434 0.762 0.436 0.76 0.44 0.76 0.442 0.758 0.444 0.758 0.446 0.756 0.448 0.756 0.45 0.754 0.452 0.754 0.456 0.75 0.458 0.75 0.462 0.746 0.466 0.746 0.468 0.744 0.476 0.744 0.478 0.742 0.482 0.742 0.484 0.74 0.484 0.73 0.482 0.728 0.482 0.724 0.48 0.722 0.48 0.72 0.478 0.718 0.478 0.716 0.476 0.714 0.476 0.712 0.472 0.708 0.472 0.706 0.47 0.704 0.47 0.702 0.466 0.698 0.466 0.696 0.464 0.694 0.464 0.692 0.46 0.688 0.46 0.686 0.458 0.686 0.456 0.684
5 0.735 0.154 0.022 0.024 0.734 0.142 0.732 0.144 0.73 0.144 0.728 0.146 0.726 0.146 0.724 0.148 0.724 0.158 0.726 0.16 0.726 0.162 0.728 0.164 0.738 0.164 0.74 0.162 0.742 0.162 0.744 0.16 0.744 0.148 0.742 0.146 0.742 0.144 0.74 0.144 0.738 0.142
5 0.35 0.163 0.024 0.03 0.344 0.148 0.34 0.152 0.34 0.154 0.338 0.156 0.338 0.164 0.34 0.166 0.34 0.17 0.344 0.174 0.35 0.174 0.352 0.176 0.356 0.176 0.36 0.172 0.36 0.154 0.354 0.148
7 0.836 0.611 0.012 0.014 0.832 0.604 0.83 0.606 0.83 0.612 0.832 0.614 0.832 0.616 0.838 0.616 0.838 0.614 0.84 0.612 0.84 0.606 0.838 0.604
7 0.066 0.687 0.02 0.014 0.068 0.68 0.064 0.684 0.058 0.684 0.056 0.686 0.056 0.688 0.06 0.692 0.068 0.692 0.07 0.69 0.072 0.69 0.074 0.688 0.074 0.682 0.072 0.68
7 0.364 0.761 0.016 0.018 0.358 0.752 0.356 0.754 0.356 0.762 0.362 0.768 0.368 0.768 0.37 0.766 0.37 0.76 0.368 0.758 0.368 0.754 0.366 0.752
5 0.398 0.186 0.028 0.036 0.394 0.168 0.384 0.178 0.384 0.19 0.394 0.2 0.396 0.2 0.398 0.202 0.404 0.202 0.408 0.198 0.408 0.196 0.41 0.194 0.41 0.19 0.408 0.188 0.408 0.182 0.406 0.18 0.406 0.178 0.404 0.176 0.404 0.174 0.398 0.168
5 0.502 0.731 0.028 0.03 0.5 0.716 0.498 0.718 0.496 0.718 0.494 0.72 0.492 0.72 0.488 0.724 0.488 0.726 0.49 0.728 0.49 0.73 0.492 0.732 0.492 0.734 0.494 0.736 0.494 0.74 0.496 0.742 0.498 0.742 0.5 0.744 0.502 0.742 0.504 0.742 0.506 0.74 0.508 0.74 0.514 0.734 0.514 0.728 0.512 0.726 0.512 0.724 0.508 0.72 0.508 0.718 0.506 0.716
6 0.9 0.173 0.108 0.106 0.912 0.12 0.91 0.122 0.908 0.122 0.906 0.124 0.904 0.124 0.902 0.126 0.9 0.126 0.898 0.128 0.896 0.128 0.894 0.13 0.892 0.13 0.89 0.132 0.888 0.132 0.886 0.134 0.884 0.134 0.882 0.136 0.88 0.136 0.878 0.138 0.876 0.138 0.874 0.14 0.872 0.14 0.868 0.144 0.866 0.144 0.86 0.15 0.858 0.15 0.856 0.152 0.854 0.152 0.852 0.154 0.85 0.154 0.846 0.158 0.846 0.162 0.848 0.164 0.848 0.17 0.85 0.172 0.85 0.176 0.852 0.178 0.852 0.18 0.854 0.182 0.854 0.184 0.856 0.186 0.856 0.188 0.858 0.19 0.858 0.194 0.86 0.196 0.86 0.198 0.862 0.2 0.862 0.204 0.864 0.206 0.864 0.21 0.868 0.214 0.868 0.216 0.874 0.222 0.876 0.222 0.878 0.224 0.88 0.224 0.882 0.222 0.884 0.222 0.892 0.214 0.896 0.214 0.898 0.212 0.904 0.212 0.906 0.21 0.908 0.212 0.914 0.212 0.916 0.21 0.918 0.21 0.92 0.208 0.922 0.208 0.924 0.206 0.926 0.206 0.928 0.204 0.93 0.204 0.932 0.202 0.934 0.202 0.936 0.2 0.938 0.2 0.94 0.198 0.942 0.198 0.944 0.196 0.948 0.196 0.952 0.192 0.952 0.188 0.95 0.186 0.95 0.184 0.948 0.182 0.948 0.18 0.946 0.178 0.946 0.176 0.944 0.174 0.944 0.172 0.942 0.17 0.942 0.168 0.938 0.164 0.938 0.162 0.936 0.16 0.936 0.158 0.934 0.156 0.934 0.152 0.932 0.15 0.932 0.148 0.928 0.144 0.928 0.142 0.926 0.14 0.926 0.138 0.924 0.136 0.924 0.132 0.922 0.13 0.922 0.128 0.92 0.126 0.92 0.124 0.916 0.12
6 0.05 0.391 0.1 0.166 0.03 0.308 0.028 0.31 0.026 0.31 0.024 0.312 0.022 0.312 0.02 0.314 0.018 0.314 0.014 0.318 0.012 0.318 0.01 0.32 0.008 0.32 0.006 0.322 0.004 0.322 0.0 0.326 0.0 0.436 0.004 0.44 0.004 0.442 0.01 0.448 0.01 0.45 0.016 0.456 0.016 0.458 0.02 0.462 0.02 0.464 0.028 0.472 0.032 0.472 0.034 0.47 0.036 0.47 0.038 0.468 0.04 0.468 0.044 0.464 0.046 0.464 0.05 0.46 0.052 0.46 0.056 0.456 0.058 0.456 0.062 0.452 0.064 0.452 0.068 0.448 0.07 0.448 0.074 0.444 0.076 0.444 0.08 0.44 0.084 0.44 0.09 0.434 0.092 0.434 0.094 0.432 0.096 0.432 0.098 0.43 0.098 0.428 0.096 0.426 0.096 0.424 0.092 0.42 0.092 0.416 0.09 0.414 0.09 0.412 0.086 0.408 0.086 0.404 0.082 0.4 0.082 0.398 0.08 0.396 0.08 0.394 0.076 0.39 0.076 0.388 0.066 0.378 0.066 0.376 0.064 0.374 0.064 0.372 0.062 0.37 0.062 0.368 0.06 0.366 0.06 0.364 0.058 0.362 0.058 0.356 0.056 0.354 0.056 0.352 0.052 0.348 0.052 0.346 0.05 0.344 0.05 0.342 0.048 0.34 0.048 0.338 0.046 0.336 0.046 0.334 0.044 0.332 0.044 0.33 0.042 0.328 0.042 0.326 0.04 0.324 0.04 0.322 0.038 0.32 0.038 0.318 0.034 0.314 0.034 0.31 0.032 0.308
7 0.483 0.753 0.014 0.014 0.48 0.746 0.476 0.75 0.476 0.752 0.478 0.754 0.478 0.756 0.48 0.758 0.484 0.758 0.486 0.756 0.488 0.756 0.488 0.748 0.486 0.746
7 0.356 0.814 0.012 0.012 0.354 0.808 0.35 0.812 0.35 0.814 0.352 0.816 0.352 0.818 0.358 0.818 0.36 0.816 0.36 0.81 0.358 0.808
3 0.662 0.12 0.136 0.172 0.624 0.034 0.622 0.036 0.618 0.036 0.616 0.038 0.614 0.038 0.608 0.044 0.606 0.044 0.604 0.046 0.602 0.046 0.6 0.048 0.598 0.048 0.594 0.052 0.594 0.066 0.596 0.068 0.596 0.074 0.598 0.076 0.598 0.08 0.6 0.082 0.6 0.086 0.602 0.088 0.602 0.092 0.604 0.094 0.604 0.096 0.606 0.098 0.606 0.102 0.608 0.104 0.608 0.106 0.61 0.108 0.61 0.112 0.612 0.114 0.612 0.118 0.614 0.12 0.614 0.122 0.616 0.124 0.616 0.126 0.618 0.128 0.618 0.13 0.62 0.132 0.62 0.134 0.622 0.136 0.622 0.138 0.626 0.142 0.626 0.148 0.628 0.15 0.628 0.152 0.632 0.156 0.632 0.158 0.634 0.16 0.634 0.162 0.638 0.166 0.638 0.168 0.64 0.17 0.64 0.172 0.644 0.176 0.644 0.178 0.646 0.18 0.646 0.182 0.65 0.186 0.65 0.188 0.654 0.192 0.654 0.194 0.66 0.2 0.66 0.202 0.662 0.204 0.668 0.204 0.67 0.202 0.672 0.202 0.674 0.2 0.676 0.2 0.678 0.198 0.68 0.198 0.684 0.194 0.686 0.194 0.688 0.192 0.69 0.192 0.692 0.19 0.694 0.19 0.696 0.188 0.698 0.188 0.7 0.186 0.702 0.186 0.704 0.184 0.706 0.184 0.708 0.182 0.708 0.174 0.71 0.172 0.71 0.168 0.712 0.166 0.712 0.162 0.714 0.16 0.714 0.158 0.716 0.156 0.716 0.152 0.718 0.15 0.718 0.142 0.716 0.14 0.716 0.132 0.72 0.128 0.72 0.126 0.722 0.124 0.722 0.12 0.724 0.118 0.724 0.112 0.726 0.11 0.726 0.104 0.728 0.102 0.728 0.098 0.72 0.09 0.72 0.088 0.714 0.082 0.712 0.082 0.71 0.08 0.708 0.08 0.706 0.078 0.704 0.078 0.7 0.074 0.698 0.074 0.696 0.072 0.694 0.072 0.69 0.068 0.688 0.068 0.684 0.064 0.678 0.064 0.676 0.062 0.672 0.062 0.67 0.06 0.67 0.058 0.668 0.056 0.666 0.056 0.664 0.054 0.662 0.054 0.658 0.05 0.656 0.05 0.654 0.048 0.652 0.048 0.65 0.046 0.646 0.046 0.644 0.044 0.642 0.044 0.636 0.038 0.636 0.036 0.634 0.036 0.632 0.034
