4 0.495 0.172 0.022 0.024 0.492 0.16 0.49 0.162 0.49 0.164 0.486 0.168 0.486 0.17 0.484 0.172 0.486 0.174 0.486 0.176 0.492 0.182 0.496 0.182 0.498 0.18 0.5 0.18 0.504 0.176 0.504 0.17 0.494 0.16
5 0.873 0.409 0.022 0.026 0.872 0.396 0.87 0.398 0.868 0.398 0.862 0.404 0.862 0.41 0.864 0.412 0.864 0.414 0.868 0.418 0.87 0.418 0.872 0.42 0.882 0.41 0.882 0.404 0.878 0.4 0.878 0.398 0.876 0.396
4 0.949 0.476 0.014 0.016 0.942 0.468 0.942 0.478 0.944 0.48 0.948 0.48 0.95 0.482 0.952 0.482 0.954 0.48 0.954 0.476 0.952 0.474 0.952 0.472 0.95 0.47 0.95 0.468
7 0.893 0.426 0.018 0.02 0.892 0.416 0.888 0.42 0.886 0.42 0.884 0.422 0.884 0.426 0.886 0.428 0.888 0.428 0.89 0.43 0.89 0.432 0.892 0.434 0.9 0.434 0.9 0.422 0.894 0.416
4 0.824 0.731 0.032 0.022 0.826 0.72 0.824 0.722 0.822 0.722 0.82 0.724 0.818 0.724 0.816 0.726 0.814 0.726 0.812 0.728 0.81 0.728 0.808 0.73 0.818 0.74 0.82 0.738 0.822 0.738 0.824 0.736 0.826 0.736 0.83 0.732 0.832 0.732 0.834 0.73 0.836 0.73 0.836 0.728 0.828 0.72
4 0.661 0.232 0.022 0.024 0.66 0.22 0.65 0.23 0.652 0.232 0.652 0.234 0.656 0.238 0.656 0.24 0.658 0.24 0.668 0.23 0.668 0.228
3 0.943 0.355 0.086 0.082 0.906 0.316 0.906 0.326 0.904 0.328 0.904 0.352 0.902 0.354 0.902 0.378 0.9 0.38 0.9 0.39 0.92 0.39 0.922 0.392 0.962 0.392 0.964 0.394 0.984 0.394
3 0.719 0.269 0.066 0.054 0.72 0.242 0.708 0.254 0.706 0.254 0.688 0.272 0.688 0.274 0.686 0.276 0.686 0.28 0.7 0.294 0.71 0.294 0.732 0.272 0.734 0.272 0.74 0.266 0.742 0.266 0.744 0.264 0.746 0.264 0.75 0.26 0.74 0.25 0.738 0.25 0.732 0.244 0.73 0.244 0.728 0.242
3 0.787 0.346 0.07 0.068 0.792 0.312 0.754 0.35 0.754 0.352 0.78 0.378 0.818 0.34 0.818 0.338
4 0.769 0.193 0.018 0.022 0.77 0.182 0.768 0.184 0.766 0.184 0.764 0.186 0.764 0.188 0.76 0.192 0.76 0.194 0.762 0.196 0.762 0.198 0.766 0.202 0.772 0.202 0.776 0.198 0.776 0.186 0.772 0.182
4 0.811 0.242 0.018 0.016 0.81 0.234 0.808 0.236 0.806 0.236 0.804 0.238 0.802 0.238 0.802 0.244 0.806 0.248 0.81 0.248 0.818 0.24 0.818 0.236 0.816 0.234
4 0.856 0.288 0.02 0.02 0.852 0.278 0.846 0.284 0.846 0.29 0.852 0.296 0.856 0.296 0.864 0.288 0.864 0.282 0.86 0.278
4 0.957 0.582 0.018 0.016 0.952 0.574 0.948 0.578 0.948 0.58 0.954 0.586 0.956 0.586 0.958 0.588 0.96 0.588 0.962 0.586 0.964 0.586 0.964 0.582 0.962 0.58 0.962 0.578 0.96 0.576 0.958 0.576 0.956 0.574
4 0.92 0.614 0.032 0.032 0.914 0.598 0.904 0.608 0.904 0.614 0.918 0.628 0.924 0.628 0.932 0.62 0.932 0.618 0.934 0.616 0.934 0.61 0.932 0.608 0.932 0.606 0.924 0.598
4 0.791 0.694 0.03 0.032 0.782 0.678 0.778 0.682 0.778 0.684 0.776 0.686 0.776 0.696 0.788 0.708 0.79 0.708 0.792 0.706 0.796 0.706 0.798 0.704 0.8 0.704 0.802 0.702 0.804 0.702 0.804 0.7 0.802 0.698 0.802 0.696 0.796 0.69 0.796 0.688 0.79 0.682 0.79 0.68 0.788 0.678
4 0.862 0.71 0.02 0.016 0.858 0.702 0.856 0.704 0.854 0.704 0.852 0.706 0.852 0.712 0.856 0.716 0.862 0.716 0.864 0.714 0.868 0.714 0.87 0.712 0.87 0.71 0.868 0.708 0.868 0.706 0.864 0.702
4 0.848 0.756 0.024 0.024 0.848 0.744 0.846 0.746 0.844 0.746 0.844 0.748 0.842 0.75 0.84 0.75 0.836 0.754 0.836 0.76 0.842 0.766 0.85 0.766 0.856 0.76 0.856 0.758 0.858 0.756 0.856 0.754 0.856 0.752
4 0.87 0.89 0.02 0.02 0.866 0.88 0.864 0.882 0.862 0.882 0.862 0.884 0.86 0.886 0.86 0.894 0.862 0.896 0.862 0.898 0.87 0.898 0.872 0.896 0.874 0.896 0.876 0.894 0.876 0.892 0.878 0.89 0.878 0.886 0.872 0.88
5 0.591 0.061 0.022 0.026 0.588 0.048 0.584 0.052 0.584 0.054 0.582 0.056 0.582 0.058 0.58 0.06 0.58 0.064 0.582 0.066 0.582 0.07 0.584 0.07 0.586 0.072 0.588 0.072 0.59 0.07 0.592 0.07 0.598 0.064 0.598 0.062 0.6 0.06 0.598 0.058 0.598 0.056 0.596 0.054 0.596 0.05 0.594 0.048
5 0.472 0.148 0.024 0.024 0.47 0.136 0.468 0.138 0.466 0.138 0.462 0.142 0.462 0.144 0.46 0.146 0.46 0.148 0.462 0.15 0.462 0.152 0.464 0.154 0.466 0.154 0.47 0.158 0.472 0.158 0.474 0.156 0.476 0.156 0.482 0.15 0.482 0.144 0.476 0.138 0.474 0.138 0.472 0.136
5 0.634 0.232 0.02 0.024 0.63 0.22 0.628 0.222 0.628 0.224 0.624 0.228 0.624 0.238 0.626 0.238 0.63 0.242 0.632 0.24 0.636 0.24 0.638 0.238 0.64 0.238 0.642 0.236 0.642 0.226 0.636 0.22
5 0.704 0.23 0.024 0.024 0.696 0.218 0.696 0.22 0.692 0.224 0.692 0.23 0.694 0.232 0.694 0.234 0.696 0.236 0.696 0.238 0.698 0.24 0.712 0.24 0.714 0.238 0.714 0.232 0.712 0.23 0.712 0.228 0.71 0.226 0.71 0.224 0.708 0.222 0.706 0.222 0.702 0.218
5 0.761 0.409 0.022 0.026 0.764 0.396 0.762 0.398 0.76 0.398 0.75 0.408 0.75 0.414 0.754 0.418 0.756 0.418 0.758 0.42 0.76 0.42 0.762 0.418 0.766 0.418 0.768 0.416 0.768 0.41 0.77 0.408 0.77 0.402 0.768 0.4 0.768 0.398 0.766 0.396
4 0.94 0.759 0.012 0.01 0.934 0.754 0.934 0.758 0.936 0.76 0.936 0.762 0.942 0.762 0.944 0.76 0.944 0.756 0.942 0.754
5 0.864 0.679 0.032 0.03 0.862 0.664 0.86 0.666 0.858 0.666 0.848 0.676 0.848 0.68 0.854 0.686 0.854 0.688 0.856 0.69 0.858 0.69 0.86 0.692 0.864 0.692 0.866 0.69 0.868 0.69 0.872 0.686 0.872 0.684 0.878 0.678 0.878 0.672 0.876 0.672 0.87 0.666 0.868 0.666 0.866 0.664
5 0.926 0.98 0.04 0.036 0.928 0.962 0.92 0.97 0.918 0.97 0.908 0.98 0.908 0.982 0.906 0.984 0.91 0.988 0.91 0.99 0.912 0.99 0.918 0.996 0.922 0.996 0.928 0.99 0.93 0.99 0.942 0.978 0.942 0.976 0.944 0.974 0.94 0.97 0.94 0.968 0.936 0.964 0.934 0.964 0.932 0.962
5 0.987 0.698 0.018 0.016 0.982 0.69 0.978 0.694 0.978 0.698 0.98 0.7 0.98 0.702 0.982 0.704 0.99 0.704 0.994 0.7 0.994 0.694 0.99 0.69
