4 0.434 0.37 0.024 0.02 0.426 0.36 0.422 0.364 0.422 0.368 0.426 0.372 0.432 0.372 0.436 0.376 0.44 0.376 0.442 0.378 0.444 0.376 0.444 0.366 0.442 0.366 0.44 0.364 0.438 0.364 0.436 0.362 0.434 0.362 0.432 0.36
5 0.7 0.12 0.024 0.02 0.69 0.11 0.69 0.118 0.692 0.12 0.692 0.126 0.694 0.126 0.696 0.128 0.708 0.128 0.708 0.126 0.71 0.124 0.71 0.118 0.706 0.114 0.7 0.114 0.698 0.112 0.696 0.112 0.694 0.11
5 0.454 0.329 0.024 0.022 0.444 0.318 0.444 0.32 0.442 0.322 0.442 0.334 0.444 0.336 0.444 0.338 0.454 0.338 0.456 0.336 0.458 0.336 0.462 0.332 0.462 0.33 0.464 0.328 0.464 0.324 0.462 0.322 0.462 0.32 0.46 0.318
4 0.543 0.47 0.022 0.02 0.536 0.46 0.532 0.464 0.532 0.47 0.538 0.476 0.54 0.476 0.542 0.478 0.548 0.478 0.55 0.476 0.55 0.474 0.552 0.472 0.552 0.464 0.55 0.462 0.544 0.462 0.542 0.46
5 0.275 0.992 0.026 0.016 0.264 0.984 0.262 0.986 0.262 0.998 0.286 0.998 0.286 0.99 0.284 0.99 0.282 0.988 0.28 0.988 0.278 0.986 0.274 0.986 0.272 0.984
7 0.704 0.09 0.016 0.016 0.698 0.082 0.696 0.084 0.696 0.09 0.7 0.094 0.702 0.094 0.704 0.096 0.706 0.096 0.708 0.094 0.71 0.094 0.71 0.084 0.708 0.082
4 0.587 0.181 0.022 0.014 0.58 0.174 0.578 0.176 0.578 0.178 0.576 0.18 0.576 0.182 0.578 0.182 0.58 0.184 0.586 0.184 0.588 0.186 0.59 0.186 0.592 0.184 0.594 0.184 0.596 0.182 0.596 0.178 0.594 0.178 0.592 0.176 0.588 0.176 0.586 0.174
7 0.657 0.175 0.018 0.014 0.65 0.168 0.648 0.17 0.648 0.174 0.65 0.174 0.656 0.18 0.662 0.18 0.664 0.178 0.664 0.176 0.658 0.17 0.656 0.17 0.654 0.168
4 0.416 0.409 0.024 0.018 0.408 0.4 0.406 0.402 0.404 0.402 0.404 0.41 0.406 0.412 0.408 0.412 0.41 0.414 0.416 0.414 0.418 0.416 0.422 0.416 0.424 0.414 0.426 0.414 0.426 0.408 0.422 0.404 0.416 0.404 0.414 0.402 0.412 0.402 0.41 0.4
5 0.566 0.447 0.016 0.018 0.564 0.438 0.562 0.44 0.56 0.44 0.558 0.442 0.558 0.45 0.56 0.452 0.562 0.452 0.564 0.454 0.566 0.452 0.568 0.452 0.572 0.448 0.572 0.442 0.57 0.44 0.566 0.44
7 0.412 0.459 0.012 0.01 0.408 0.454 0.406 0.456 0.406 0.462 0.416 0.462 0.416 0.458 0.412 0.454
7 0.223 0.936 0.014 0.016 0.218 0.928 0.216 0.93 0.216 0.936 0.218 0.938 0.218 0.94 0.22 0.942 0.228 0.942 0.228 0.928
4 0.743 0.12 0.026 0.028 0.74 0.106 0.734 0.112 0.734 0.114 0.732 0.116 0.732 0.118 0.73 0.12 0.73 0.122 0.732 0.124 0.732 0.126 0.734 0.126 0.736 0.128 0.738 0.128 0.74 0.13 0.742 0.13 0.744 0.132 0.748 0.132 0.752 0.128 0.752 0.126 0.754 0.124 0.754 0.114 0.752 0.112 0.75 0.112 0.746 0.108 0.744 0.108 0.742 0.106
4 0.719 0.172 0.03 0.032 0.712 0.156 0.706 0.162 0.706 0.164 0.704 0.166 0.704 0.174 0.708 0.178 0.71 0.178 0.712 0.18 0.714 0.18 0.718 0.184 0.72 0.184 0.722 0.186 0.724 0.186 0.726 0.184 0.726 0.182 0.728 0.18 0.728 0.178 0.73 0.176 0.73 0.172 0.732 0.17 0.732 0.164 0.73 0.162 0.728 0.162 0.726 0.16 0.722 0.16 0.72 0.158 0.718 0.158 0.716 0.156
4 0.516 0.387 0.028 0.022 0.51 0.376 0.508 0.378 0.506 0.378 0.504 0.38 0.504 0.382 0.502 0.384 0.502 0.39 0.504 0.392 0.506 0.392 0.508 0.394 0.514 0.394 0.516 0.396 0.522 0.396 0.526 0.392 0.526 0.386 0.528 0.384 0.528 0.382 0.526 0.38 0.526 0.378 0.518 0.378 0.516 0.376
4 0.601 0.449 0.018 0.018 0.592 0.44 0.592 0.45 0.596 0.454 0.598 0.454 0.6 0.456 0.602 0.456 0.604 0.454 0.606 0.454 0.606 0.452 0.608 0.45 0.608 0.446 0.602 0.44
4 0.525 0.537 0.026 0.022 0.516 0.526 0.514 0.528 0.514 0.53 0.512 0.532 0.512 0.54 0.516 0.544 0.518 0.544 0.52 0.546 0.532 0.546 0.534 0.544 0.534 0.542 0.536 0.54 0.536 0.534 0.534 0.532 0.532 0.532 0.53 0.53 0.528 0.53 0.524 0.526
4 0.446 0.563 0.016 0.014 0.442 0.556 0.438 0.56 0.438 0.566 0.44 0.566 0.442 0.568 0.448 0.568 0.45 0.566 0.452 0.566 0.452 0.558 0.45 0.556
4 0.517 0.585 0.022 0.018 0.508 0.576 0.506 0.578 0.506 0.584 0.508 0.586 0.508 0.588 0.512 0.592 0.522 0.592 0.524 0.59 0.524 0.588 0.526 0.586 0.524 0.584 0.524 0.582 0.522 0.58 0.52 0.58 0.518 0.578 0.514 0.578 0.512 0.576
