7 0.144 0.937 0.02 0.022 0.138 0.926 0.136 0.928 0.136 0.93 0.134 0.932 0.134 0.942 0.136 0.944 0.136 0.946 0.152 0.946 0.152 0.934 0.15 0.932 0.15 0.93 0.148 0.928 0.146 0.928 0.144 0.926
3 0.325 0.702 0.094 0.092 0.318 0.658 0.316 0.66 0.312 0.66 0.31 0.662 0.306 0.662 0.304 0.664 0.3 0.664 0.298 0.666 0.294 0.666 0.292 0.668 0.288 0.668 0.286 0.67 0.282 0.67 0.28 0.672 0.278 0.672 0.28 0.674 0.28 0.676 0.282 0.678 0.282 0.68 0.286 0.684 0.286 0.686 0.288 0.688 0.288 0.69 0.29 0.692 0.29 0.694 0.292 0.696 0.292 0.698 0.294 0.7 0.294 0.702 0.296 0.704 0.296 0.706 0.298 0.708 0.298 0.71 0.3 0.712 0.3 0.714 0.302 0.716 0.302 0.718 0.306 0.722 0.306 0.724 0.308 0.726 0.308 0.728 0.31 0.73 0.31 0.732 0.312 0.734 0.312 0.736 0.314 0.738 0.314 0.74 0.316 0.742 0.316 0.744 0.318 0.744 0.32 0.742 0.32 0.74 0.326 0.734 0.326 0.732 0.332 0.726 0.332 0.724 0.336 0.72 0.336 0.718 0.342 0.712 0.342 0.71 0.348 0.704 0.348 0.702 0.354 0.696 0.354 0.694 0.358 0.69 0.358 0.688 0.364 0.682 0.364 0.68 0.37 0.674 0.368 0.674 0.366 0.672 0.362 0.672 0.36 0.67 0.358 0.67 0.356 0.668 0.352 0.668 0.35 0.666 0.346 0.666 0.344 0.664 0.34 0.664 0.338 0.662 0.334 0.662 0.332 0.66 0.328 0.66 0.326 0.658
3 0.174 0.869 0.044 0.038 0.164 0.85 0.162 0.852 0.158 0.852 0.154 0.856 0.154 0.86 0.152 0.862 0.152 0.88 0.154 0.882 0.156 0.882 0.158 0.884 0.16 0.884 0.162 0.886 0.184 0.886 0.186 0.884 0.188 0.884 0.192 0.88 0.192 0.876 0.188 0.872 0.188 0.87 0.186 0.87 0.18 0.864 0.18 0.862 0.178 0.86 0.176 0.86 0.172 0.856 0.172 0.854 0.168 0.85
7 0.385 0.738 0.01 0.008 0.38 0.734 0.38 0.738 0.382 0.74 0.386 0.74 0.388 0.738 0.386 0.736 0.386 0.734
7 0.476 0.655 0.012 0.014 0.472 0.648 0.472 0.65 0.47 0.652 0.47 0.656 0.474 0.66 0.478 0.66 0.48 0.658 0.48 0.652 0.476 0.648
7 0.375 0.517 0.014 0.014 0.37 0.51 0.368 0.512 0.368 0.516 0.37 0.518 0.37 0.52 0.372 0.522 0.38 0.522 0.38 0.514 0.376 0.51
7 0.718 0.398 0.024 0.028 0.716 0.384 0.716 0.386 0.708 0.394 0.708 0.396 0.706 0.398 0.706 0.4 0.708 0.402 0.712 0.402 0.718 0.408 0.72 0.408 0.722 0.41 0.726 0.41 0.728 0.408 0.728 0.39 0.722 0.384
3 0.747 0.303 0.114 0.126 0.792 0.24 0.79 0.242 0.786 0.242 0.784 0.244 0.782 0.244 0.78 0.246 0.778 0.246 0.776 0.248 0.774 0.248 0.772 0.25 0.77 0.25 0.768 0.252 0.766 0.252 0.764 0.254 0.762 0.254 0.76 0.256 0.756 0.256 0.754 0.258 0.752 0.258 0.75 0.26 0.748 0.26 0.746 0.262 0.744 0.262 0.742 0.264 0.74 0.264 0.736 0.268 0.736 0.276 0.734 0.278 0.732 0.278 0.73 0.28 0.726 0.28 0.724 0.278 0.714 0.278 0.704 0.288 0.7 0.288 0.698 0.29 0.694 0.29 0.692 0.292 0.692 0.294 0.69 0.296 0.69 0.298 0.7 0.308 0.702 0.308 0.708 0.314 0.71 0.314 0.714 0.318 0.716 0.318 0.718 0.32 0.72 0.32 0.722 0.322 0.724 0.322 0.726 0.324 0.728 0.324 0.732 0.328 0.734 0.328 0.738 0.332 0.74 0.332 0.742 0.334 0.744 0.334 0.748 0.338 0.75 0.338 0.752 0.34 0.754 0.34 0.756 0.342 0.758 0.342 0.762 0.346 0.764 0.346 0.77 0.352 0.772 0.352 0.774 0.354 0.776 0.354 0.778 0.356 0.782 0.356 0.786 0.36 0.788 0.36 0.792 0.364 0.794 0.364 0.794 0.36 0.796 0.358 0.796 0.328 0.798 0.326 0.798 0.302 0.8 0.3 0.8 0.268 0.802 0.266 0.802 0.248 0.8 0.246 0.8 0.244 0.796 0.24
4 0.922 0.336 0.028 0.028 0.924 0.322 0.922 0.324 0.918 0.324 0.916 0.326 0.914 0.326 0.912 0.328 0.91 0.328 0.908 0.33 0.908 0.338 0.91 0.34 0.91 0.344 0.912 0.346 0.914 0.346 0.916 0.348 0.922 0.348 0.924 0.346 0.926 0.346 0.928 0.344 0.932 0.344 0.934 0.342 0.934 0.336 0.932 0.334 0.932 0.33 0.93 0.328 0.93 0.326 0.926 0.322
3 0.224 0.951 0.112 0.098 0.232 0.902 0.228 0.906 0.228 0.908 0.226 0.91 0.224 0.91 0.22 0.914 0.218 0.914 0.212 0.92 0.212 0.922 0.21 0.924 0.208 0.924 0.204 0.928 0.202 0.928 0.196 0.934 0.19 0.934 0.188 0.936 0.188 0.938 0.186 0.94 0.184 0.94 0.178 0.946 0.176 0.946 0.174 0.948 0.174 0.954 0.172 0.956 0.172 0.964 0.168 0.968 0.168 0.998 0.246 0.998 0.252 0.992 0.254 0.992 0.264 0.982 0.266 0.982 0.274 0.974 0.276 0.974 0.278 0.972 0.278 0.966 0.276 0.964 0.276 0.962 0.274 0.96 0.274 0.958 0.272 0.956 0.272 0.954 0.268 0.95 0.268 0.948 0.262 0.942 0.262 0.94 0.258 0.936 0.258 0.934 0.254 0.93 0.254 0.928 0.248 0.922 0.248 0.92 0.244 0.916 0.244 0.914 0.238 0.908 0.238 0.906 0.236 0.904 0.234 0.904
3 0.036 0.979 0.072 0.042 0.046 0.958 0.044 0.96 0.04 0.96 0.038 0.962 0.036 0.962 0.034 0.964 0.03 0.964 0.028 0.966 0.026 0.966 0.024 0.968 0.02 0.968 0.018 0.97 0.016 0.97 0.014 0.972 0.01 0.972 0.008 0.974 0.006 0.974 0.004 0.976 0.002 0.976 0.0 0.978 0.0 0.984 0.004 0.988 0.004 0.99 0.006 0.992 0.006 0.994 0.01 0.998 0.07 0.998 0.068 0.996 0.068 0.994 0.066 0.992 0.066 0.986 0.062 0.982 0.062 0.98 0.058 0.976 0.058 0.972 0.056 0.97 0.056 0.966 0.052 0.962 0.052 0.96 0.05 0.96 0.048 0.958
3 0.43 0.791 0.036 0.034 0.424 0.774 0.418 0.78 0.418 0.782 0.416 0.784 0.416 0.786 0.414 0.788 0.414 0.79 0.412 0.792 0.412 0.798 0.414 0.8 0.414 0.802 0.416 0.804 0.418 0.804 0.42 0.806 0.422 0.806 0.424 0.804 0.428 0.804 0.434 0.798 0.436 0.798 0.438 0.796 0.444 0.796 0.446 0.794 0.446 0.788 0.444 0.786 0.444 0.78 0.442 0.778 0.436 0.778 0.434 0.776 0.43 0.776 0.428 0.774
3 0.879 0.526 0.15 0.128 0.836 0.464 0.838 0.466 0.838 0.47 0.836 0.472 0.836 0.476 0.834 0.478 0.834 0.482 0.832 0.484 0.832 0.488 0.83 0.49 0.83 0.494 0.828 0.496 0.828 0.5 0.826 0.502 0.826 0.506 0.824 0.508 0.824 0.512 0.822 0.514 0.822 0.518 0.82 0.52 0.82 0.524 0.818 0.526 0.818 0.53 0.816 0.532 0.816 0.536 0.814 0.538 0.814 0.542 0.812 0.544 0.812 0.548 0.81 0.55 0.81 0.554 0.808 0.556 0.808 0.56 0.806 0.562 0.806 0.566 0.804 0.568 0.804 0.57 0.806 0.572 0.806 0.574 0.812 0.58 0.812 0.582 0.818 0.588 0.82 0.586 0.822 0.586 0.824 0.584 0.826 0.584 0.828 0.582 0.83 0.582 0.834 0.578 0.836 0.578 0.838 0.576 0.84 0.576 0.842 0.574 0.844 0.574 0.846 0.572 0.848 0.572 0.85 0.57 0.852 0.57 0.854 0.568 0.856 0.568 0.858 0.566 0.86 0.566 0.862 0.564 0.864 0.564 0.866 0.562 0.868 0.562 0.87 0.56 0.872 0.56 0.874 0.558 0.876 0.558 0.878 0.556 0.88 0.556 0.882 0.554 0.884 0.554 0.886 0.552 0.888 0.552 0.89 0.55 0.892 0.55 0.894 0.548 0.896 0.548 0.9 0.544 0.902 0.544 0.904 0.542 0.906 0.542 0.908 0.54 0.91 0.54 0.912 0.538 0.914 0.538 0.916 0.536 0.918 0.536 0.92 0.534 0.922 0.534 0.924 0.532 0.926 0.532 0.928 0.53 0.93 0.53 0.932 0.528 0.934 0.528 0.936 0.526 0.938 0.526 0.94 0.524 0.942 0.524 0.944 0.522 0.946 0.522 0.948 0.52 0.95 0.52 0.95 0.518 0.948 0.518 0.946 0.516 0.944 0.516 0.942 0.514 0.94 0.514 0.938 0.512 0.936 0.512 0.934 0.51 0.93 0.51 0.928 0.508 0.926 0.508 0.924 0.506 0.922 0.506 0.92 0.504 0.918 0.504 0.916 0.502 0.914 0.502 0.912 0.5 0.91 0.5 0.908 0.498 0.906 0.498 0.904 0.496 0.902 0.496 0.9 0.494 0.898 0.494 0.896 0.492 0.894 0.492 0.892 0.49 0.89 0.49 0.888 0.488 0.886 0.488 0.884 0.486 0.882 0.486 0.88 0.484 0.878 0.484 0.876 0.482 0.872 0.482 0.87 0.48 0.868 0.48 0.866 0.478 0.864 0.478 0.862 0.476 0.86 0.476 0.858 0.474 0.856 0.474 0.854 0.472 0.852 0.472 0.85 0.47 0.848 0.47 0.846 0.468 0.844 0.468 0.842 0.466 0.84 0.466 0.838 0.464
4 0.375 0.571 0.022 0.026 0.37 0.558 0.368 0.56 0.366 0.56 0.364 0.562 0.364 0.568 0.366 0.57 0.366 0.572 0.368 0.574 0.368 0.578 0.37 0.58 0.37 0.582 0.374 0.582 0.376 0.58 0.378 0.58 0.38 0.578 0.382 0.578 0.382 0.576 0.384 0.574 0.382 0.572 0.382 0.57 0.376 0.564 0.376 0.562 0.372 0.558
3 0.023 0.851 0.022 0.026 0.032 0.838 0.022 0.848 0.02 0.848 0.014 0.854 0.014 0.856 0.016 0.856 0.018 0.858 0.02 0.858 0.022 0.86 0.024 0.86 0.026 0.862 0.028 0.862 0.032 0.858
5 0.384 0.589 0.02 0.022 0.382 0.578 0.378 0.582 0.376 0.582 0.374 0.584 0.374 0.59 0.378 0.594 0.378 0.596 0.38 0.598 0.386 0.598 0.392 0.592 0.392 0.584 0.386 0.578
5 0.909 0.428 0.026 0.024 0.908 0.416 0.904 0.42 0.902 0.42 0.898 0.424 0.898 0.426 0.896 0.428 0.896 0.43 0.904 0.438 0.91 0.438 0.912 0.436 0.914 0.436 0.916 0.434 0.918 0.434 0.92 0.432 0.92 0.424 0.914 0.418 0.91 0.418
4 0.49 0.745 0.02 0.022 0.48 0.734 0.48 0.738 0.482 0.74 0.482 0.742 0.484 0.744 0.484 0.746 0.486 0.748 0.486 0.75 0.49 0.754 0.492 0.752 0.496 0.752 0.496 0.75 0.498 0.748 0.498 0.742 0.494 0.738 0.492 0.738 0.49 0.736 0.488 0.736 0.486 0.734
4 0.361 0.754 0.018 0.024 0.356 0.742 0.356 0.744 0.352 0.748 0.352 0.75 0.354 0.752 0.354 0.754 0.356 0.756 0.356 0.76 0.36 0.764 0.366 0.764 0.368 0.762 0.368 0.748 0.366 0.746 0.366 0.744 0.364 0.742
4 0.534 0.72 0.02 0.02 0.526 0.71 0.526 0.712 0.524 0.714 0.524 0.722 0.53 0.728 0.534 0.728 0.536 0.726 0.538 0.726 0.54 0.724 0.542 0.724 0.542 0.716 0.536 0.71
4 0.798 0.386 0.024 0.028 0.79 0.372 0.786 0.376 0.786 0.38 0.788 0.382 0.788 0.386 0.79 0.388 0.79 0.392 0.792 0.394 0.792 0.396 0.794 0.396 0.796 0.398 0.804 0.398 0.806 0.396 0.806 0.386 0.808 0.384 0.808 0.38 0.806 0.378 0.806 0.376 0.804 0.374 0.8 0.374 0.798 0.372
4 0.948 0.391 0.028 0.026 0.948 0.378 0.946 0.38 0.944 0.38 0.942 0.382 0.94 0.382 0.938 0.384 0.936 0.384 0.936 0.386 0.934 0.388 0.936 0.39 0.936 0.394 0.944 0.402 0.948 0.402 0.95 0.4 0.954 0.4 0.956 0.398 0.958 0.398 0.96 0.396 0.96 0.388 0.956 0.384 0.956 0.382 0.954 0.38 0.952 0.38 0.95 0.378
4 0.691 0.457 0.018 0.026 0.692 0.444 0.69 0.446 0.686 0.446 0.682 0.45 0.682 0.458 0.684 0.46 0.684 0.462 0.69 0.468 0.696 0.468 0.698 0.466 0.698 0.45 0.696 0.448 0.696 0.446 0.694 0.446
4 0.405 0.488 0.026 0.016 0.402 0.48 0.4 0.482 0.396 0.482 0.392 0.486 0.392 0.49 0.396 0.494 0.412 0.494 0.414 0.492 0.416 0.492 0.416 0.484 0.412 0.48
4 0.949 0.483 0.026 0.026 0.944 0.47 0.94 0.474 0.938 0.474 0.938 0.476 0.936 0.478 0.938 0.48 0.938 0.486 0.94 0.488 0.94 0.49 0.944 0.494 0.954 0.494 0.958 0.49 0.96 0.49 0.96 0.48 0.958 0.478 0.958 0.476 0.956 0.474 0.954 0.474 0.952 0.472 0.95 0.472 0.948 0.47
4 0.719 0.521 0.022 0.026 0.72 0.508 0.718 0.51 0.716 0.51 0.712 0.514 0.71 0.514 0.708 0.516 0.708 0.524 0.716 0.532 0.726 0.532 0.728 0.53 0.728 0.514 0.726 0.512 0.726 0.508
4 0.533 0.557 0.018 0.03 0.528 0.542 0.526 0.544 0.524 0.544 0.524 0.554 0.526 0.556 0.526 0.562 0.528 0.564 0.528 0.568 0.53 0.57 0.534 0.57 0.536 0.568 0.538 0.568 0.54 0.566 0.54 0.56 0.538 0.558 0.538 0.552 0.536 0.55 0.536 0.546 0.532 0.542
7 0.094 0.993 0.02 0.014 0.092 0.986 0.092 0.988 0.086 0.994 0.086 0.996 0.084 0.998 0.102 0.998 0.102 0.996 0.1 0.994 0.1 0.986
