4 0.448 0.853 0.02 0.022 0.45 0.842 0.448 0.844 0.446 0.844 0.442 0.848 0.442 0.85 0.438 0.854 0.438 0.856 0.442 0.86 0.444 0.86 0.446 0.862 0.448 0.86 0.452 0.86 0.454 0.858 0.454 0.856 0.456 0.854 0.456 0.844 0.454 0.842
5 0.556 0.774 0.036 0.04 0.554 0.754 0.552 0.756 0.552 0.762 0.55 0.764 0.55 0.768 0.548 0.77 0.548 0.774 0.542 0.78 0.54 0.78 0.538 0.782 0.538 0.786 0.54 0.788 0.542 0.788 0.544 0.79 0.548 0.79 0.55 0.792 0.554 0.792 0.558 0.788 0.558 0.786 0.564 0.78 0.564 0.778 0.568 0.774 0.568 0.772 0.57 0.77 0.57 0.768 0.572 0.766 0.572 0.76 0.57 0.758 0.568 0.758 0.566 0.756 0.564 0.756 0.562 0.754
4 0.433 0.705 0.018 0.022 0.43 0.694 0.426 0.698 0.426 0.7 0.424 0.702 0.424 0.71 0.428 0.714 0.432 0.714 0.438 0.708 0.438 0.706 0.44 0.704 0.44 0.698 0.436 0.694
5 0.683 0.617 0.022 0.022 0.674 0.606 0.674 0.608 0.672 0.61 0.672 0.618 0.674 0.618 0.678 0.622 0.68 0.622 0.682 0.624 0.684 0.624 0.686 0.626 0.692 0.626 0.692 0.612 0.688 0.608 0.678 0.608 0.676 0.606
5 0.673 0.561 0.026 0.022 0.672 0.55 0.67 0.552 0.668 0.552 0.668 0.554 0.666 0.556 0.666 0.558 0.66 0.564 0.66 0.566 0.664 0.57 0.668 0.57 0.674 0.564 0.678 0.564 0.68 0.562 0.682 0.562 0.682 0.56 0.684 0.558 0.684 0.556 0.68 0.552 0.678 0.552 0.676 0.55
5 0.198 0.942 0.024 0.02 0.194 0.932 0.194 0.934 0.186 0.942 0.186 0.946 0.188 0.946 0.19 0.948 0.192 0.948 0.194 0.95 0.2 0.95 0.206 0.944 0.206 0.942 0.208 0.94 0.208 0.938 0.204 0.934 0.202 0.934 0.2 0.932
5 0.714 0.54 0.024 0.024 0.708 0.528 0.706 0.53 0.704 0.53 0.704 0.532 0.702 0.534 0.702 0.54 0.708 0.546 0.708 0.548 0.71 0.548 0.712 0.55 0.72 0.55 0.724 0.546 0.724 0.53 0.722 0.53 0.72 0.528
5 0.552 0.557 0.024 0.022 0.544 0.546 0.54 0.55 0.54 0.556 0.542 0.558 0.542 0.56 0.544 0.56 0.548 0.564 0.55 0.564 0.552 0.566 0.556 0.566 0.56 0.562 0.56 0.56 0.562 0.558 0.562 0.552 0.56 0.55 0.556 0.55 0.554 0.548 0.55 0.548 0.548 0.546
5 0.249 0.052 0.038 0.028 0.246 0.038 0.244 0.04 0.242 0.04 0.238 0.044 0.236 0.044 0.234 0.046 0.23 0.046 0.23 0.052 0.232 0.054 0.234 0.054 0.236 0.056 0.238 0.056 0.24 0.058 0.242 0.058 0.244 0.06 0.248 0.06 0.25 0.062 0.256 0.062 0.258 0.064 0.264 0.064 0.264 0.062 0.266 0.06 0.266 0.048 0.264 0.046 0.264 0.044 0.262 0.042 0.258 0.042 0.256 0.04 0.252 0.04 0.25 0.038
4 0.198 0.866 0.028 0.024 0.192 0.854 0.184 0.862 0.184 0.868 0.186 0.87 0.188 0.87 0.192 0.874 0.194 0.874 0.196 0.876 0.2 0.876 0.202 0.874 0.204 0.874 0.208 0.87 0.21 0.87 0.21 0.864 0.206 0.86 0.204 0.86 0.202 0.858 0.2 0.858 0.198 0.856 0.194 0.856
7 0.116 0.055 0.012 0.01 0.112 0.05 0.11 0.052 0.11 0.056 0.112 0.058 0.116 0.058 0.12 0.054 0.12 0.05
7 0.926 0.077 0.016 0.014 0.92 0.07 0.918 0.072 0.92 0.074 0.92 0.078 0.922 0.08 0.924 0.08 0.926 0.082 0.93 0.082 0.932 0.08 0.932 0.076 0.928 0.072 0.926 0.072 0.924 0.07
4 0.406 0.682 0.024 0.024 0.404 0.67 0.394 0.68 0.394 0.688 0.398 0.692 0.404 0.692 0.416 0.68 0.416 0.674 0.412 0.67
3 0.993 0.921 0.014 0.03 0.998 0.906 0.986 0.918 0.986 0.922 0.998 0.934
5 0.284 0.943 0.02 0.018 0.28 0.934 0.278 0.936 0.276 0.936 0.276 0.94 0.274 0.942 0.274 0.946 0.278 0.95 0.286 0.95 0.29 0.946 0.29 0.944 0.292 0.942 0.292 0.936 0.29 0.934
4 0.273 0.719 0.018 0.018 0.268 0.71 0.264 0.714 0.264 0.722 0.268 0.726 0.274 0.726 0.28 0.72 0.28 0.714 0.276 0.71
5 0.643 0.724 0.03 0.028 0.638 0.71 0.636 0.712 0.636 0.714 0.632 0.718 0.632 0.72 0.628 0.724 0.628 0.732 0.63 0.734 0.632 0.734 0.634 0.736 0.642 0.736 0.654 0.724 0.654 0.722 0.656 0.72 0.656 0.718 0.654 0.716 0.654 0.714 0.652 0.712 0.65 0.712 0.648 0.71
2 0.878 0.201 0.092 0.078 0.856 0.162 0.85 0.168 0.85 0.17 0.848 0.172 0.848 0.174 0.846 0.176 0.846 0.18 0.844 0.182 0.844 0.184 0.842 0.186 0.842 0.188 0.84 0.19 0.84 0.192 0.836 0.196 0.836 0.198 0.834 0.2 0.834 0.202 0.832 0.204 0.832 0.208 0.834 0.21 0.836 0.21 0.84 0.214 0.842 0.214 0.844 0.216 0.846 0.216 0.848 0.218 0.852 0.218 0.854 0.22 0.856 0.22 0.858 0.222 0.86 0.222 0.862 0.224 0.868 0.224 0.876 0.232 0.876 0.236 0.884 0.236 0.886 0.238 0.894 0.238 0.898 0.234 0.898 0.232 0.902 0.228 0.902 0.226 0.904 0.224 0.904 0.222 0.906 0.22 0.906 0.218 0.904 0.216 0.908 0.212 0.908 0.21 0.91 0.208 0.91 0.206 0.912 0.204 0.912 0.202 0.918 0.196 0.918 0.194 0.922 0.19 0.922 0.186 0.92 0.184 0.92 0.182 0.918 0.182 0.916 0.18 0.906 0.18 0.904 0.178 0.898 0.178 0.894 0.174 0.892 0.174 0.89 0.172 0.886 0.172 0.884 0.17 0.88 0.17 0.878 0.168 0.876 0.168 0.872 0.164 0.864 0.164 0.862 0.162
7 0.657 0.121 0.014 0.014 0.654 0.114 0.652 0.116 0.652 0.118 0.65 0.12 0.65 0.124 0.652 0.126 0.66 0.126 0.662 0.124 0.662 0.118 0.66 0.116 0.656 0.116
2 0.496 0.502 0.196 0.204 0.476 0.4 0.468 0.408 0.468 0.41 0.464 0.414 0.464 0.416 0.462 0.418 0.462 0.42 0.458 0.424 0.458 0.426 0.456 0.428 0.456 0.43 0.454 0.432 0.454 0.434 0.452 0.436 0.452 0.438 0.45 0.44 0.45 0.442 0.448 0.444 0.448 0.446 0.446 0.448 0.446 0.45 0.444 0.452 0.444 0.454 0.438 0.46 0.438 0.464 0.436 0.466 0.436 0.468 0.434 0.47 0.434 0.472 0.43 0.476 0.43 0.478 0.428 0.48 0.428 0.482 0.426 0.484 0.426 0.488 0.422 0.492 0.422 0.494 0.42 0.496 0.42 0.498 0.418 0.5 0.418 0.502 0.414 0.506 0.414 0.51 0.412 0.512 0.412 0.516 0.408 0.52 0.408 0.522 0.406 0.524 0.404 0.524 0.4 0.528 0.4 0.53 0.398 0.532 0.398 0.538 0.4 0.54 0.4 0.542 0.402 0.542 0.406 0.546 0.408 0.546 0.41 0.548 0.412 0.548 0.414 0.55 0.416 0.55 0.418 0.552 0.42 0.552 0.422 0.554 0.422 0.556 0.424 0.556 0.428 0.56 0.43 0.56 0.432 0.562 0.434 0.562 0.438 0.566 0.44 0.566 0.442 0.568 0.444 0.568 0.452 0.576 0.454 0.576 0.456 0.578 0.458 0.578 0.46 0.58 0.46 0.582 0.464 0.586 0.466 0.586 0.47 0.59 0.472 0.59 0.474 0.592 0.476 0.592 0.478 0.594 0.48 0.594 0.484 0.598 0.488 0.598 0.49 0.6 0.492 0.6 0.494 0.602 0.496 0.602 0.498 0.6 0.5 0.6 0.502 0.598 0.502 0.596 0.51 0.588 0.51 0.586 0.512 0.584 0.512 0.582 0.514 0.58 0.514 0.578 0.516 0.576 0.516 0.574 0.522 0.568 0.522 0.566 0.526 0.562 0.526 0.56 0.528 0.558 0.528 0.556 0.53 0.554 0.53 0.552 0.532 0.55 0.532 0.548 0.538 0.542 0.538 0.54 0.544 0.534 0.544 0.532 0.548 0.528 0.548 0.526 0.554 0.52 0.554 0.518 0.558 0.514 0.558 0.512 0.564 0.506 0.564 0.504 0.57 0.498 0.57 0.496 0.572 0.494 0.572 0.492 0.582 0.482 0.584 0.482 0.584 0.48 0.592 0.472 0.592 0.464 0.582 0.454 0.578 0.454 0.576 0.452 0.574 0.452 0.57 0.448 0.568 0.448 0.566 0.446 0.564 0.446 0.562 0.444 0.56 0.444 0.558 0.442 0.556 0.442 0.552 0.438 0.55 0.438 0.548 0.436 0.546 0.436 0.544 0.434 0.542 0.434 0.54 0.432 0.538 0.432 0.536 0.43 0.534 0.43 0.532 0.428 0.53 0.428 0.524 0.422 0.522 0.422 0.52 0.42 0.518 0.42 0.516 0.418 0.514 0.418 0.512 0.416 0.51 0.416 0.508 0.414 0.506 0.414 0.504 0.412 0.502 0.412 0.5 0.41 0.498 0.41 0.496 0.408 0.494 0.408 0.492 0.406 0.49 0.406 0.488 0.404 0.486 0.404 0.484 0.402 0.48 0.402 0.478 0.4
3 0.978 0.345 0.044 0.106 0.998 0.292 0.994 0.296 0.992 0.296 0.99 0.298 0.988 0.298 0.986 0.3 0.984 0.3 0.98 0.304 0.978 0.304 0.974 0.308 0.972 0.308 0.97 0.31 0.968 0.31 0.966 0.312 0.964 0.312 0.96 0.316 0.958 0.316 0.958 0.318 0.956 0.32 0.956 0.35 0.958 0.352 0.958 0.38 0.96 0.382 0.96 0.384 0.962 0.384 0.966 0.388 0.968 0.388 0.97 0.39 0.972 0.39 0.974 0.392 0.978 0.392 0.98 0.394 0.982 0.394 0.984 0.396 0.988 0.396 0.992 0.392 0.992 0.39 0.994 0.388 0.994 0.386 0.998 0.382
4 0.899 0.312 0.026 0.024 0.892 0.3 0.888 0.304 0.888 0.306 0.886 0.308 0.886 0.316 0.89 0.32 0.894 0.32 0.896 0.322 0.904 0.322 0.906 0.32 0.906 0.318 0.91 0.314 0.91 0.308 0.908 0.306 0.906 0.306 0.904 0.304 0.902 0.304 0.9 0.302 0.898 0.302 0.896 0.3
3 0.427 0.983 0.058 0.034 0.42 0.966 0.416 0.97 0.416 0.972 0.414 0.974 0.414 0.976 0.41 0.98 0.41 0.982 0.408 0.984 0.408 0.986 0.404 0.99 0.404 0.992 0.402 0.994 0.402 0.996 0.4 0.998 0.45 0.998 0.45 0.994 0.452 0.992 0.452 0.988 0.454 0.986 0.45 0.982 0.448 0.982 0.444 0.978 0.442 0.978 0.44 0.976 0.438 0.976 0.434 0.972 0.432 0.972 0.428 0.968 0.424 0.968 0.422 0.966
2 0.349 0.611 0.114 0.138 0.384 0.542 0.38 0.546 0.38 0.548 0.378 0.55 0.378 0.552 0.374 0.556 0.374 0.558 0.362 0.57 0.362 0.572 0.356 0.578 0.356 0.58 0.35 0.586 0.35 0.588 0.34 0.598 0.34 0.6 0.33 0.61 0.33 0.612 0.326 0.616 0.326 0.618 0.318 0.626 0.318 0.628 0.312 0.634 0.312 0.636 0.302 0.646 0.302 0.648 0.3 0.65 0.3 0.652 0.294 0.658 0.294 0.66 0.292 0.662 0.292 0.668 0.296 0.672 0.302 0.672 0.304 0.674 0.314 0.674 0.318 0.678 0.326 0.678 0.328 0.676 0.328 0.674 0.33 0.672 0.33 0.67 0.334 0.666 0.334 0.664 0.338 0.66 0.338 0.658 0.34 0.656 0.34 0.654 0.344 0.65 0.344 0.648 0.35 0.642 0.35 0.64 0.354 0.636 0.354 0.634 0.358 0.63 0.358 0.628 0.362 0.624 0.362 0.622 0.366 0.618 0.366 0.616 0.374 0.608 0.374 0.606 0.376 0.604 0.376 0.602 0.382 0.596 0.382 0.594 0.384 0.592 0.384 0.59 0.386 0.588 0.386 0.586 0.39 0.582 0.39 0.58 0.394 0.576 0.394 0.574 0.398 0.57 0.398 0.566 0.4 0.564 0.4 0.56 0.404 0.556 0.404 0.554 0.396 0.546 0.392 0.546 0.388 0.542
7 0.835 0.152 0.014 0.016 0.832 0.144 0.828 0.148 0.828 0.154 0.832 0.158 0.834 0.156 0.838 0.156 0.84 0.154 0.84 0.146 0.838 0.144
7 0.422 0.949 0.016 0.014 0.418 0.942 0.414 0.946 0.414 0.95 0.418 0.954 0.424 0.954 0.426 0.952 0.426 0.95 0.428 0.948 0.428 0.944 0.426 0.942
