4 0.48 0.625 0.02 0.022 0.474 0.614 0.47 0.618 0.472 0.62 0.472 0.624 0.478 0.63 0.478 0.632 0.48 0.634 0.486 0.634 0.488 0.632 0.488 0.616 0.486 0.614
3 0.394 0.83 0.084 0.088 0.352 0.786 0.352 0.826 0.354 0.828 0.354 0.87 0.382 0.87 0.384 0.872 0.41 0.872 0.414 0.868 0.414 0.866 0.416 0.864 0.416 0.862 0.42 0.858 0.42 0.856 0.424 0.852 0.424 0.85 0.428 0.846 0.428 0.844 0.43 0.842 0.43 0.84 0.434 0.836 0.434 0.834 0.432 0.832 0.432 0.83 0.43 0.828 0.43 0.826 0.428 0.824 0.428 0.822 0.426 0.82 0.426 0.818 0.424 0.816 0.424 0.814 0.42 0.81 0.42 0.808 0.418 0.806 0.418 0.804 0.416 0.802 0.416 0.8 0.414 0.798 0.414 0.796 0.412 0.794 0.412 0.792 0.41 0.79 0.41 0.788 0.408 0.786
5 0.489 0.794 0.022 0.032 0.492 0.778 0.488 0.782 0.482 0.782 0.48 0.784 0.48 0.786 0.478 0.788 0.478 0.798 0.48 0.8 0.48 0.802 0.482 0.804 0.482 0.806 0.484 0.808 0.492 0.808 0.494 0.806 0.494 0.802 0.496 0.8 0.496 0.792 0.498 0.79 0.498 0.78 0.496 0.778
7 0.479 0.113 0.014 0.01 0.474 0.108 0.472 0.11 0.472 0.114 0.474 0.116 0.48 0.116 0.482 0.114 0.484 0.114 0.484 0.11 0.482 0.11 0.48 0.108
7 0.267 0.477 0.014 0.014 0.26 0.47 0.26 0.48 0.262 0.482 0.27 0.482 0.272 0.48 0.272 0.472 0.27 0.47 0.268 0.472 0.266 0.472 0.264 0.47
3 0.588 0.085 0.096 0.094 0.588 0.038 0.54 0.086 0.582 0.128 0.606 0.128 0.608 0.13 0.63 0.13 0.63 0.108 0.632 0.106 0.632 0.062 0.634 0.06 0.634 0.038
4 0.534 0.29 0.028 0.028 0.536 0.276 0.534 0.278 0.526 0.278 0.522 0.282 0.522 0.288 0.52 0.29 0.52 0.296 0.522 0.298 0.522 0.3 0.524 0.3 0.526 0.302 0.53 0.302 0.532 0.3 0.538 0.3 0.54 0.298 0.542 0.298 0.544 0.296 0.544 0.294 0.546 0.292 0.546 0.288 0.544 0.286 0.544 0.284 0.542 0.282 0.542 0.28 0.54 0.278 0.54 0.276
3 0.578 0.278 0.068 0.052 0.596 0.252 0.594 0.254 0.578 0.254 0.576 0.256 0.574 0.256 0.57 0.26 0.568 0.26 0.566 0.262 0.564 0.262 0.56 0.266 0.558 0.266 0.556 0.268 0.554 0.268 0.55 0.272 0.548 0.272 0.546 0.274 0.546 0.276 0.548 0.278 0.55 0.278 0.554 0.282 0.556 0.282 0.558 0.284 0.56 0.284 0.564 0.288 0.566 0.288 0.57 0.292 0.572 0.292 0.576 0.296 0.582 0.296 0.584 0.298 0.594 0.298 0.596 0.3 0.604 0.3 0.606 0.302 0.61 0.302 0.61 0.252
3 0.448 0.282 0.076 0.08 0.416 0.242 0.414 0.244 0.412 0.244 0.412 0.25 0.41 0.252 0.41 0.308 0.412 0.31 0.414 0.31 0.416 0.312 0.418 0.312 0.42 0.314 0.422 0.314 0.424 0.316 0.428 0.316 0.43 0.318 0.432 0.318 0.434 0.32 0.436 0.32 0.438 0.318 0.44 0.32 0.442 0.32 0.444 0.318 0.478 0.318 0.48 0.316 0.48 0.294 0.482 0.292 0.482 0.27 0.484 0.268 0.484 0.254 0.482 0.252 0.482 0.25 0.48 0.25 0.478 0.248 0.47 0.248 0.468 0.246 0.458 0.246 0.456 0.244 0.428 0.244 0.426 0.242
4 0.501 0.073 0.026 0.022 0.492 0.062 0.49 0.064 0.49 0.07 0.488 0.072 0.488 0.08 0.49 0.082 0.51 0.082 0.512 0.08 0.512 0.068 0.51 0.066 0.508 0.066 0.506 0.064 0.502 0.064 0.5 0.062
4 0.538 0.386 0.024 0.016 0.532 0.378 0.53 0.38 0.528 0.38 0.528 0.382 0.526 0.384 0.526 0.388 0.528 0.39 0.528 0.392 0.546 0.392 0.546 0.39 0.548 0.388 0.548 0.384 0.546 0.382 0.546 0.38 0.544 0.38 0.542 0.378
3 0.437 0.505 0.07 0.07 0.408 0.47 0.406 0.472 0.406 0.476 0.404 0.478 0.404 0.518 0.402 0.52 0.402 0.534 0.408 0.534 0.41 0.536 0.422 0.536 0.424 0.538 0.466 0.538 0.468 0.536 0.468 0.508 0.47 0.506 0.47 0.478 0.466 0.474 0.442 0.474 0.44 0.472 0.428 0.472 0.426 0.47
7 0.455 0.109 0.014 0.014 0.452 0.102 0.45 0.104 0.448 0.104 0.448 0.112 0.45 0.114 0.458 0.114 0.46 0.112 0.46 0.108 0.458 0.106 0.458 0.104 0.456 0.104 0.454 0.102
4 0.585 0.488 0.01 0.02 0.582 0.478 0.58 0.48 0.58 0.494 0.582 0.496 0.586 0.496 0.588 0.494 0.588 0.48 0.586 0.478
5 0.525 0.19 0.018 0.02 0.52 0.18 0.516 0.184 0.516 0.198 0.528 0.198 0.53 0.196 0.53 0.192 0.532 0.19 0.532 0.188 0.53 0.186 0.53 0.184 0.528 0.182 0.524 0.182 0.522 0.18
4 0.492 0.394 0.024 0.016 0.482 0.386 0.482 0.388 0.48 0.39 0.48 0.398 0.482 0.4 0.502 0.4 0.502 0.388 0.5 0.386
5 0.397 0.316 0.03 0.024 0.398 0.304 0.396 0.306 0.396 0.308 0.394 0.31 0.392 0.31 0.39 0.312 0.386 0.312 0.384 0.314 0.382 0.314 0.382 0.324 0.384 0.326 0.392 0.326 0.394 0.324 0.4 0.324 0.404 0.32 0.406 0.32 0.41 0.316 0.408 0.316 0.404 0.312 0.404 0.31 0.402 0.308 0.402 0.306 0.4 0.304
3 0.599 0.151 0.054 0.038 0.572 0.132 0.572 0.168 0.624 0.168 0.624 0.132
3 0.606 0.022 0.048 0.032 0.584 0.006 0.584 0.02 0.582 0.022 0.582 0.036 0.628 0.036 0.628 0.006
5 0.268 0.46 0.016 0.016 0.266 0.452 0.264 0.454 0.262 0.454 0.262 0.456 0.26 0.458 0.26 0.46 0.262 0.462 0.262 0.464 0.264 0.464 0.266 0.466 0.268 0.466 0.27 0.464 0.272 0.464 0.272 0.462 0.274 0.46 0.274 0.458 0.272 0.456 0.272 0.454 0.27 0.454 0.268 0.452
3 0.561 0.56 0.098 0.104 0.566 0.508 0.512 0.562 0.534 0.584 0.536 0.584 0.558 0.606 0.57 0.606 0.572 0.608 0.594 0.608 0.596 0.61 0.606 0.61 0.606 0.562 0.608 0.56 0.608 0.512 0.598 0.512 0.596 0.51 0.576 0.51 0.574 0.508
