4 0.514 0.556 0.012 0.024 0.514 0.544 0.512 0.546 0.512 0.548 0.51 0.55 0.51 0.552 0.508 0.554 0.508 0.564 0.51 0.566 0.512 0.566 0.516 0.562 0.516 0.556 0.518 0.554 0.518 0.546 0.516 0.544
5 0.175 0.26 0.042 0.032 0.162 0.244 0.162 0.246 0.16 0.248 0.16 0.25 0.158 0.252 0.158 0.254 0.156 0.256 0.156 0.258 0.154 0.26 0.154 0.262 0.156 0.264 0.158 0.264 0.16 0.266 0.166 0.266 0.168 0.268 0.172 0.268 0.174 0.27 0.178 0.27 0.18 0.272 0.184 0.272 0.186 0.274 0.188 0.274 0.192 0.27 0.192 0.262 0.194 0.26 0.194 0.254 0.192 0.252 0.188 0.252 0.186 0.25 0.182 0.25 0.18 0.248 0.176 0.248 0.174 0.246 0.17 0.246 0.168 0.244
7 0.874 0.562 0.02 0.024 0.868 0.55 0.866 0.552 0.866 0.554 0.864 0.556 0.864 0.566 0.868 0.57 0.874 0.57 0.876 0.572 0.88 0.568 0.88 0.564 0.882 0.562 0.882 0.56 0.88 0.558 0.88 0.556 0.878 0.554 0.876 0.554 0.874 0.552 0.872 0.552 0.87 0.55
4 0.763 0.605 0.042 0.046 0.754 0.582 0.754 0.584 0.752 0.586 0.752 0.594 0.75 0.596 0.75 0.598 0.748 0.6 0.748 0.606 0.746 0.608 0.746 0.61 0.744 0.612 0.744 0.614 0.742 0.616 0.742 0.62 0.744 0.622 0.75 0.622 0.752 0.624 0.758 0.624 0.76 0.626 0.766 0.626 0.768 0.624 0.77 0.624 0.772 0.622 0.772 0.62 0.778 0.614 0.778 0.612 0.78 0.61 0.78 0.606 0.782 0.604 0.782 0.592 0.78 0.592 0.778 0.59 0.776 0.59 0.774 0.588 0.772 0.588 0.77 0.586 0.768 0.586 0.766 0.584 0.76 0.584 0.758 0.582
2 0.048 0.96 0.044 0.08 0.052 0.92 0.052 0.922 0.05 0.924 0.05 0.926 0.048 0.928 0.048 0.93 0.046 0.932 0.046 0.936 0.044 0.938 0.044 0.94 0.042 0.942 0.042 0.946 0.04 0.948 0.04 0.952 0.038 0.954 0.038 0.96 0.036 0.962 0.036 0.968 0.034 0.97 0.034 0.974 0.032 0.976 0.032 0.982 0.03 0.984 0.03 0.986 0.028 0.988 0.028 0.992 0.026 0.994 0.026 0.998 0.05 0.998 0.05 0.992 0.052 0.99 0.052 0.982 0.054 0.98 0.054 0.974 0.056 0.972 0.056 0.966 0.058 0.964 0.058 0.962 0.062 0.958 0.062 0.954 0.064 0.952 0.064 0.946 0.066 0.944 0.066 0.938 0.068 0.936 0.068 0.926 0.066 0.924 0.064 0.924 0.062 0.922 0.06 0.922 0.058 0.92
3 0.128 0.402 0.104 0.072 0.09 0.366 0.088 0.368 0.088 0.376 0.086 0.378 0.086 0.38 0.084 0.382 0.084 0.384 0.082 0.386 0.082 0.392 0.08 0.394 0.08 0.398 0.078 0.4 0.078 0.402 0.076 0.404 0.076 0.408 0.08 0.412 0.082 0.412 0.084 0.414 0.088 0.414 0.09 0.416 0.094 0.416 0.096 0.418 0.1 0.418 0.102 0.42 0.106 0.42 0.108 0.422 0.114 0.422 0.116 0.424 0.118 0.424 0.12 0.426 0.126 0.426 0.128 0.428 0.132 0.428 0.134 0.43 0.138 0.43 0.14 0.432 0.144 0.432 0.146 0.434 0.152 0.434 0.154 0.436 0.162 0.436 0.166 0.432 0.166 0.43 0.168 0.428 0.168 0.426 0.17 0.424 0.17 0.418 0.172 0.416 0.172 0.414 0.174 0.412 0.174 0.406 0.176 0.404 0.176 0.402 0.178 0.4 0.178 0.392 0.176 0.392 0.174 0.39 0.168 0.39 0.166 0.388 0.162 0.388 0.16 0.386 0.156 0.386 0.154 0.384 0.15 0.384 0.148 0.382 0.144 0.382 0.142 0.38 0.138 0.38 0.136 0.378 0.13 0.378 0.128 0.376 0.124 0.376 0.122 0.374 0.118 0.374 0.116 0.372 0.112 0.372 0.11 0.37 0.104 0.37 0.102 0.368 0.098 0.368 0.096 0.366
4 0.046 0.206 0.024 0.02 0.038 0.196 0.036 0.198 0.036 0.202 0.034 0.204 0.034 0.208 0.036 0.21 0.036 0.212 0.04 0.212 0.042 0.214 0.052 0.214 0.054 0.212 0.054 0.21 0.056 0.208 0.056 0.198 0.052 0.198 0.05 0.196
4 0.148 0.234 0.02 0.024 0.142 0.222 0.142 0.224 0.14 0.226 0.14 0.232 0.138 0.234 0.138 0.24 0.14 0.242 0.146 0.242 0.148 0.244 0.15 0.242 0.154 0.242 0.154 0.24 0.156 0.238 0.156 0.228 0.154 0.226 0.152 0.226 0.148 0.222
4 0.033 0.364 0.034 0.032 0.024 0.348 0.02 0.352 0.02 0.358 0.018 0.36 0.018 0.366 0.016 0.368 0.016 0.374 0.018 0.374 0.02 0.376 0.026 0.376 0.028 0.378 0.04 0.378 0.044 0.374 0.044 0.37 0.046 0.368 0.046 0.366 0.048 0.364 0.048 0.354 0.046 0.354 0.044 0.352 0.042 0.352 0.04 0.35 0.032 0.35 0.03 0.348
4 0.854 0.519 0.032 0.034 0.846 0.502 0.844 0.504 0.844 0.506 0.842 0.508 0.842 0.512 0.84 0.514 0.84 0.518 0.838 0.52 0.838 0.526 0.842 0.53 0.846 0.53 0.848 0.532 0.854 0.532 0.856 0.534 0.862 0.534 0.864 0.532 0.864 0.526 0.866 0.524 0.866 0.518 0.868 0.516 0.868 0.51 0.864 0.506 0.86 0.506 0.858 0.504 0.854 0.504 0.852 0.502
4 0.919 0.539 0.022 0.022 0.912 0.528 0.912 0.53 0.91 0.532 0.91 0.536 0.908 0.538 0.908 0.546 0.91 0.548 0.922 0.548 0.926 0.544 0.926 0.536 0.928 0.534 0.928 0.532 0.926 0.53 0.924 0.53 0.922 0.528
4 0.474 0.544 0.016 0.024 0.472 0.532 0.472 0.534 0.468 0.538 0.468 0.544 0.466 0.546 0.466 0.552 0.468 0.554 0.48 0.554 0.48 0.536 0.476 0.532
3 0.195 0.941 0.11 0.082 0.158 0.9 0.158 0.902 0.156 0.904 0.156 0.908 0.154 0.91 0.154 0.914 0.152 0.916 0.152 0.92 0.15 0.922 0.15 0.926 0.148 0.928 0.148 0.932 0.146 0.934 0.146 0.938 0.144 0.94 0.144 0.944 0.142 0.946 0.142 0.95 0.14 0.952 0.142 0.952 0.144 0.954 0.148 0.954 0.15 0.956 0.154 0.956 0.156 0.958 0.16 0.958 0.162 0.96 0.166 0.96 0.168 0.962 0.172 0.962 0.174 0.964 0.178 0.964 0.18 0.966 0.186 0.966 0.188 0.968 0.192 0.968 0.194 0.97 0.198 0.97 0.2 0.972 0.204 0.972 0.206 0.974 0.21 0.974 0.212 0.976 0.216 0.976 0.218 0.978 0.222 0.978 0.224 0.98 0.226 0.98 0.228 0.978 0.228 0.974 0.23 0.972 0.23 0.97 0.232 0.968 0.232 0.966 0.234 0.964 0.234 0.96 0.236 0.958 0.236 0.956 0.238 0.954 0.238 0.952 0.24 0.95 0.24 0.946 0.242 0.944 0.242 0.942 0.244 0.94 0.244 0.938 0.246 0.936 0.246 0.932 0.248 0.93 0.246 0.93 0.244 0.928 0.24 0.928 0.238 0.926 0.234 0.926 0.232 0.924 0.228 0.924 0.226 0.922 0.222 0.922 0.22 0.92 0.216 0.92 0.214 0.918 0.21 0.918 0.208 0.916 0.204 0.916 0.202 0.914 0.198 0.914 0.196 0.912 0.192 0.912 0.19 0.91 0.186 0.91 0.184 0.908 0.18 0.908 0.178 0.906 0.174 0.906 0.172 0.904 0.168 0.904 0.166 0.902 0.162 0.902 0.16 0.9
5 0.514 0.502 0.02 0.02 0.51 0.492 0.504 0.498 0.504 0.504 0.51 0.51 0.516 0.51 0.522 0.504 0.522 0.498 0.516 0.492
7 0.55 0.503 0.02 0.022 0.546 0.492 0.542 0.496 0.542 0.5 0.54 0.502 0.54 0.51 0.542 0.51 0.544 0.512 0.556 0.512 0.556 0.51 0.558 0.508 0.558 0.494 0.556 0.494 0.554 0.492
2 0.25 0.355 0.04 0.09 0.254 0.31 0.25 0.314 0.25 0.316 0.248 0.318 0.248 0.324 0.246 0.326 0.246 0.328 0.244 0.33 0.244 0.336 0.242 0.338 0.242 0.342 0.24 0.344 0.24 0.348 0.238 0.35 0.238 0.354 0.236 0.356 0.236 0.36 0.234 0.362 0.234 0.368 0.232 0.37 0.232 0.382 0.23 0.384 0.23 0.392 0.232 0.394 0.234 0.394 0.236 0.396 0.238 0.396 0.24 0.398 0.244 0.398 0.246 0.396 0.248 0.396 0.248 0.394 0.25 0.392 0.25 0.388 0.252 0.386 0.252 0.382 0.254 0.38 0.254 0.374 0.256 0.372 0.256 0.362 0.258 0.36 0.258 0.356 0.26 0.354 0.26 0.352 0.262 0.35 0.262 0.342 0.264 0.34 0.264 0.332 0.266 0.33 0.266 0.324 0.268 0.322 0.268 0.314 0.266 0.312 0.26 0.312 0.258 0.31
7 0.598 0.432 0.012 0.012 0.594 0.426 0.592 0.428 0.592 0.434 0.594 0.434 0.596 0.436 0.6 0.436 0.602 0.434 0.602 0.428 0.6 0.428 0.598 0.426
7 0.155 0.284 0.066 0.024 0.124 0.272 0.124 0.282 0.122 0.284 0.122 0.286 0.124 0.288 0.124 0.29 0.128 0.29 0.13 0.292 0.136 0.292 0.138 0.29 0.142 0.29 0.146 0.286 0.148 0.288 0.16 0.288 0.162 0.29 0.168 0.29 0.17 0.292 0.174 0.292 0.176 0.294 0.18 0.294 0.182 0.292 0.184 0.292 0.186 0.29 0.184 0.288 0.174 0.288 0.172 0.286 0.168 0.286 0.166 0.284 0.162 0.284 0.16 0.282 0.156 0.282 0.154 0.28 0.152 0.28 0.15 0.278 0.148 0.278 0.146 0.276 0.142 0.276 0.14 0.274 0.136 0.274 0.134 0.272
7 0.133 0.282 0.022 0.02 0.124 0.272 0.124 0.284 0.122 0.286 0.126 0.29 0.136 0.29 0.136 0.288 0.142 0.282 0.142 0.278 0.14 0.276 0.14 0.274 0.136 0.274 0.134 0.272
4 0.839 0.63 0.034 0.048 0.832 0.606 0.828 0.61 0.828 0.612 0.824 0.616 0.824 0.618 0.822 0.62 0.822 0.646 0.826 0.65 0.83 0.65 0.832 0.652 0.838 0.652 0.84 0.65 0.842 0.65 0.844 0.648 0.844 0.646 0.846 0.644 0.846 0.64 0.848 0.638 0.848 0.636 0.85 0.634 0.85 0.63 0.852 0.628 0.852 0.624 0.854 0.622 0.854 0.61 0.85 0.61 0.848 0.608 0.844 0.608 0.842 0.606
7 0.103 0.227 0.01 0.01 0.098 0.222 0.098 0.228 0.1 0.23 0.104 0.23 0.106 0.228 0.106 0.224 0.104 0.222
5 0.182 0.988 0.044 0.024 0.17 0.976 0.168 0.978 0.168 0.98 0.162 0.986 0.162 0.988 0.16 0.99 0.16 0.998 0.2 0.998 0.2 0.996 0.202 0.994 0.202 0.986 0.2 0.986 0.196 0.982 0.19 0.982 0.188 0.98 0.184 0.98 0.182 0.978 0.178 0.978 0.176 0.976
5 0.844 0.559 0.036 0.026 0.83 0.548 0.83 0.552 0.828 0.554 0.828 0.556 0.826 0.558 0.826 0.564 0.828 0.566 0.832 0.566 0.834 0.568 0.84 0.568 0.842 0.57 0.856 0.57 0.856 0.566 0.858 0.564 0.858 0.56 0.86 0.558 0.86 0.556 0.858 0.554 0.854 0.554 0.852 0.552 0.85 0.552 0.848 0.55 0.838 0.55 0.836 0.548
