5 0.373 0.994 0.042 0.012 0.366 0.988 0.364 0.99 0.356 0.99 0.352 0.994 0.352 0.998 0.392 0.998 0.392 0.994 0.39 0.992 0.39 0.99 0.388 0.988
4 0.761 0.362 0.026 0.032 0.758 0.346 0.754 0.35 0.754 0.352 0.752 0.354 0.752 0.356 0.75 0.358 0.75 0.36 0.748 0.362 0.748 0.37 0.75 0.37 0.752 0.372 0.754 0.372 0.756 0.374 0.76 0.374 0.762 0.376 0.766 0.376 0.768 0.374 0.768 0.372 0.77 0.37 0.77 0.364 0.772 0.362 0.772 0.356 0.77 0.354 0.77 0.352 0.766 0.348 0.764 0.348 0.762 0.346
5 0.554 0.19 0.028 0.028 0.552 0.176 0.55 0.178 0.548 0.178 0.544 0.182 0.544 0.184 0.54 0.188 0.54 0.194 0.546 0.2 0.548 0.2 0.55 0.202 0.556 0.202 0.558 0.2 0.558 0.198 0.564 0.192 0.564 0.19 0.566 0.188 0.566 0.18 0.564 0.178 0.564 0.176
5 0.79 0.393 0.016 0.018 0.786 0.384 0.784 0.386 0.784 0.388 0.782 0.39 0.782 0.396 0.786 0.4 0.79 0.4 0.794 0.396 0.794 0.394 0.796 0.392 0.794 0.39 0.794 0.388 0.79 0.384
5 0.553 0.52 0.022 0.016 0.552 0.512 0.55 0.514 0.548 0.514 0.542 0.52 0.542 0.524 0.544 0.526 0.558 0.526 0.56 0.524 0.56 0.522 0.562 0.52 0.562 0.516 0.558 0.512
3 0.467 0.943 0.114 0.114 0.458 0.886 0.456 0.888 0.454 0.888 0.422 0.92 0.422 0.922 0.416 0.928 0.416 0.93 0.412 0.934 0.412 0.938 0.41 0.94 0.41 0.954 0.412 0.954 0.414 0.952 0.416 0.952 0.422 0.958 0.422 0.96 0.424 0.962 0.424 0.964 0.426 0.964 0.428 0.966 0.424 0.97 0.426 0.972 0.428 0.972 0.43 0.97 0.446 0.986 0.446 0.988 0.448 0.99 0.45 0.99 0.454 0.994 0.454 0.998 0.476 0.998 0.482 0.992 0.482 0.99 0.49 0.982 0.492 0.982 0.498 0.976 0.5 0.976 0.514 0.962 0.516 0.962 0.518 0.96 0.52 0.96 0.522 0.958 0.522 0.954 0.52 0.952 0.52 0.95 0.51 0.94 0.51 0.938 0.508 0.938 0.506 0.936 0.506 0.934 0.498 0.926 0.498 0.924 0.488 0.914 0.486 0.914 0.484 0.912 0.484 0.91 0.472 0.898 0.47 0.898 0.468 0.896 0.468 0.894 0.462 0.888 0.46 0.888
7 0.537 0.522 0.01 0.012 0.536 0.516 0.532 0.52 0.532 0.526 0.536 0.526 0.538 0.524 0.538 0.52 0.54 0.518 0.538 0.516
7 0.485 0.543 0.01 0.01 0.48 0.538 0.48 0.544 0.482 0.546 0.484 0.546 0.486 0.544 0.486 0.542 0.488 0.54 0.486 0.54 0.484 0.538
3 0.206 0.66 0.12 0.12 0.18 0.602 0.17 0.612 0.17 0.614 0.158 0.626 0.158 0.628 0.146 0.64 0.146 0.644 0.148 0.646 0.148 0.654 0.15 0.656 0.15 0.664 0.152 0.666 0.152 0.674 0.154 0.676 0.154 0.68 0.178 0.704 0.182 0.704 0.184 0.706 0.188 0.706 0.19 0.708 0.196 0.708 0.198 0.71 0.204 0.71 0.206 0.712 0.21 0.712 0.212 0.714 0.218 0.714 0.22 0.716 0.224 0.716 0.226 0.718 0.228 0.718 0.262 0.684 0.262 0.682 0.182 0.602
4 0.741 0.419 0.018 0.022 0.736 0.408 0.734 0.41 0.734 0.412 0.732 0.414 0.732 0.422 0.734 0.422 0.738 0.426 0.74 0.426 0.742 0.428 0.746 0.428 0.748 0.426 0.748 0.412 0.746 0.41 0.744 0.41 0.742 0.408
4 0.166 0.596 0.02 0.02 0.156 0.586 0.156 0.598 0.162 0.604 0.17 0.604 0.174 0.6 0.174 0.596 0.168 0.59 0.166 0.59 0.162 0.586
3 0.594 0.695 0.116 0.122 0.556 0.634 0.554 0.636 0.54 0.636 0.538 0.638 0.538 0.64 0.536 0.642 0.54 0.646 0.542 0.646 0.546 0.65 0.548 0.65 0.564 0.666 0.566 0.666 0.576 0.676 0.578 0.676 0.596 0.694 0.596 0.696 0.602 0.702 0.602 0.704 0.61 0.712 0.61 0.714 0.614 0.718 0.614 0.72 0.62 0.726 0.62 0.728 0.626 0.734 0.626 0.736 0.644 0.754 0.65 0.754 0.65 0.638 0.648 0.636 0.588 0.636 0.586 0.634 0.584 0.636 0.582 0.636 0.58 0.634 0.578 0.634 0.576 0.636 0.574 0.636 0.572 0.634 0.57 0.636 0.56 0.636 0.558 0.634
3 0.708 0.594 0.12 0.124 0.656 0.532 0.654 0.534 0.654 0.538 0.652 0.54 0.652 0.542 0.65 0.544 0.65 0.546 0.648 0.548 0.648 0.55 0.65 0.552 0.65 0.556 0.652 0.558 0.652 0.608 0.65 0.61 0.65 0.628 0.656 0.634 0.656 0.636 0.658 0.636 0.664 0.642 0.666 0.642 0.668 0.644 0.684 0.644 0.686 0.646 0.702 0.646 0.704 0.648 0.71 0.648 0.712 0.65 0.722 0.65 0.724 0.652 0.73 0.652 0.732 0.654 0.758 0.654 0.76 0.652 0.762 0.652 0.764 0.65 0.764 0.648 0.766 0.646 0.766 0.638 0.754 0.626 0.754 0.624 0.744 0.614 0.744 0.612 0.736 0.604 0.736 0.602 0.73 0.596 0.73 0.594 0.706 0.57 0.704 0.57 0.7 0.566 0.698 0.566 0.688 0.556 0.686 0.556 0.678 0.548 0.676 0.548 0.666 0.538 0.664 0.538 0.658 0.532
4 0.057 0.689 0.022 0.022 0.056 0.678 0.048 0.686 0.048 0.688 0.046 0.69 0.046 0.694 0.05 0.698 0.056 0.698 0.066 0.688 0.066 0.682 0.062 0.678
4 0.251 0.728 0.014 0.012 0.246 0.722 0.244 0.724 0.246 0.726 0.246 0.728 0.25 0.732 0.252 0.732 0.254 0.73 0.256 0.73 0.256 0.724 0.254 0.722
3 0.903 0.788 0.122 0.128 0.844 0.724 0.844 0.736 0.842 0.738 0.842 0.74 0.844 0.742 0.844 0.752 0.846 0.754 0.846 0.796 0.844 0.798 0.844 0.8 0.846 0.802 0.844 0.804 0.844 0.812 0.842 0.814 0.842 0.822 0.856 0.836 0.866 0.836 0.868 0.838 0.88 0.838 0.882 0.84 0.898 0.84 0.9 0.842 0.91 0.842 0.912 0.844 0.916 0.844 0.918 0.846 0.926 0.846 0.928 0.848 0.944 0.848 0.946 0.85 0.95 0.85 0.952 0.848 0.952 0.846 0.956 0.842 0.962 0.842 0.962 0.84 0.954 0.832 0.954 0.83 0.946 0.822 0.946 0.82 0.938 0.812 0.938 0.81 0.926 0.798 0.926 0.796 0.87 0.74 0.868 0.74 0.858 0.73 0.856 0.73 0.854 0.728 0.852 0.728 0.848 0.724
3 0.785 0.892 0.122 0.124 0.75 0.83 0.748 0.832 0.726 0.832 0.724 0.834 0.738 0.848 0.74 0.848 0.75 0.858 0.752 0.858 0.764 0.87 0.766 0.87 0.772 0.876 0.774 0.876 0.786 0.888 0.786 0.89 0.794 0.898 0.794 0.9 0.804 0.91 0.804 0.912 0.808 0.916 0.808 0.918 0.818 0.928 0.818 0.93 0.822 0.934 0.822 0.936 0.824 0.936 0.828 0.94 0.828 0.942 0.832 0.946 0.832 0.948 0.834 0.95 0.836 0.95 0.838 0.952 0.84 0.952 0.842 0.95 0.842 0.938 0.844 0.936 0.844 0.846 0.842 0.844 0.842 0.832 0.84 0.832 0.838 0.83 0.832 0.83 0.83 0.832 0.762 0.832 0.76 0.83
3 0.704 0.779 0.092 0.098 0.688 0.73 0.67 0.748 0.67 0.75 0.662 0.758 0.662 0.76 0.66 0.762 0.66 0.764 0.658 0.766 0.658 0.772 0.66 0.774 0.66 0.776 0.662 0.776 0.684 0.798 0.684 0.8 0.692 0.808 0.696 0.808 0.698 0.81 0.698 0.812 0.702 0.816 0.704 0.816 0.706 0.818 0.706 0.82 0.712 0.826 0.716 0.826 0.718 0.824 0.72 0.824 0.72 0.822 0.722 0.82 0.722 0.818 0.748 0.792 0.748 0.784 0.694 0.73
7 0.165 0.723 0.026 0.022 0.164 0.712 0.158 0.718 0.156 0.718 0.152 0.722 0.152 0.726 0.156 0.73 0.158 0.73 0.16 0.732 0.162 0.732 0.164 0.73 0.176 0.73 0.176 0.718 0.174 0.716 0.174 0.714 0.172 0.712
1 0.164 0.798 0.12 0.124 0.162 0.736 0.154 0.744 0.154 0.746 0.142 0.758 0.142 0.76 0.112 0.79 0.112 0.792 0.106 0.798 0.106 0.8 0.104 0.802 0.104 0.804 0.106 0.806 0.106 0.81 0.108 0.812 0.108 0.814 0.132 0.838 0.132 0.84 0.15 0.858 0.156 0.858 0.158 0.856 0.16 0.856 0.162 0.854 0.162 0.852 0.182 0.832 0.182 0.83 0.2 0.812 0.2 0.81 0.21 0.8 0.21 0.798 0.212 0.796 0.214 0.796 0.22 0.79 0.22 0.788 0.222 0.786 0.222 0.782 0.202 0.762 0.2 0.762 0.186 0.748 0.184 0.748 0.172 0.736
3 0.1 0.748 0.092 0.104 0.136 0.696 0.134 0.698 0.118 0.698 0.116 0.7 0.094 0.7 0.092 0.702 0.088 0.702 0.086 0.704 0.082 0.704 0.08 0.706 0.08 0.71 0.078 0.712 0.078 0.714 0.076 0.716 0.076 0.718 0.062 0.732 0.062 0.734 0.054 0.742 0.054 0.75 0.07 0.766 0.07 0.768 0.076 0.774 0.076 0.776 0.078 0.778 0.078 0.78 0.086 0.788 0.086 0.79 0.088 0.79 0.094 0.796 0.096 0.796 0.098 0.798 0.1 0.796 0.102 0.796 0.11 0.788 0.112 0.788 0.112 0.786 0.138 0.76 0.138 0.756 0.14 0.754 0.14 0.748 0.142 0.746 0.142 0.73 0.144 0.728 0.144 0.698 0.142 0.696
4 0.539 0.255 0.026 0.026 0.538 0.242 0.536 0.244 0.534 0.244 0.528 0.25 0.528 0.252 0.526 0.254 0.526 0.256 0.536 0.266 0.544 0.266 0.548 0.262 0.548 0.26 0.55 0.258 0.55 0.254 0.548 0.252 0.548 0.25 0.542 0.244 0.54 0.244
