3 0.421 0.025 0.11 0.038 0.372 0.006 0.37 0.008 0.366 0.008 0.366 0.04 0.368 0.042 0.372 0.042 0.374 0.04 0.378 0.04 0.38 0.038 0.382 0.038 0.384 0.036 0.39 0.036 0.392 0.034 0.402 0.034 0.404 0.032 0.414 0.032 0.416 0.03 0.422 0.03 0.424 0.028 0.43 0.028 0.432 0.026 0.434 0.026 0.436 0.024 0.452 0.024 0.454 0.022 0.464 0.022 0.468 0.018 0.47 0.018 0.47 0.016 0.472 0.014 0.472 0.012 0.474 0.01 0.474 0.008 0.448 0.008 0.446 0.006 0.444 0.008 0.432 0.008 0.43 0.006 0.428 0.008 0.418 0.008 0.416 0.006
5 0.547 0.555 0.022 0.022 0.544 0.544 0.536 0.552 0.536 0.556 0.544 0.564 0.546 0.564 0.554 0.556 0.554 0.552 0.548 0.546 0.548 0.544
0 0.15 0.897 0.088 0.082 0.168 0.856 0.148 0.876 0.146 0.876 0.134 0.888 0.132 0.888 0.106 0.914 0.106 0.916 0.108 0.918 0.108 0.92 0.124 0.936 0.13 0.936 0.132 0.934 0.134 0.934 0.154 0.914 0.156 0.914 0.17 0.9 0.172 0.9 0.172 0.898 0.192 0.878 0.192 0.874 0.178 0.86 0.176 0.86 0.172 0.856
3 0.504 0.062 0.088 0.092 0.5 0.016 0.496 0.02 0.496 0.022 0.492 0.026 0.492 0.028 0.488 0.032 0.488 0.034 0.47 0.052 0.47 0.054 0.464 0.06 0.464 0.062 0.462 0.064 0.462 0.068 0.46 0.07 0.46 0.08 0.462 0.082 0.462 0.088 0.464 0.09 0.464 0.104 0.466 0.104 0.468 0.106 0.476 0.106 0.478 0.104 0.486 0.104 0.488 0.102 0.498 0.102 0.5 0.1 0.504 0.1 0.506 0.098 0.508 0.098 0.518 0.088 0.518 0.086 0.542 0.062 0.542 0.06 0.546 0.056 0.546 0.052 0.544 0.05 0.544 0.048 0.542 0.046 0.54 0.046 0.536 0.042 0.534 0.042 0.528 0.036 0.526 0.036 0.514 0.024 0.512 0.024 0.504 0.016
3 0.386 0.168 0.092 0.088 0.38 0.124 0.376 0.128 0.374 0.128 0.37 0.132 0.368 0.132 0.362 0.138 0.362 0.14 0.354 0.148 0.352 0.148 0.344 0.156 0.344 0.158 0.34 0.162 0.34 0.166 0.342 0.168 0.342 0.17 0.344 0.172 0.344 0.174 0.346 0.174 0.354 0.182 0.356 0.182 0.36 0.186 0.362 0.186 0.368 0.192 0.368 0.194 0.37 0.196 0.372 0.196 0.376 0.2 0.376 0.202 0.378 0.202 0.384 0.208 0.386 0.208 0.388 0.21 0.394 0.21 0.396 0.208 0.398 0.208 0.414 0.192 0.414 0.19 0.418 0.186 0.418 0.184 0.42 0.182 0.422 0.182 0.428 0.176 0.428 0.174 0.43 0.172 0.43 0.168 0.428 0.166 0.428 0.164 0.42 0.156 0.42 0.154 0.402 0.136 0.402 0.134 0.4 0.132 0.398 0.132 0.396 0.13 0.394 0.13 0.39 0.126 0.388 0.126 0.386 0.124
3 0.602 0.24 0.064 0.072 0.608 0.206 0.602 0.212 0.602 0.214 0.598 0.218 0.598 0.22 0.592 0.226 0.592 0.228 0.584 0.236 0.582 0.236 0.582 0.238 0.57 0.25 0.57 0.256 0.574 0.26 0.576 0.26 0.586 0.27 0.586 0.272 0.588 0.272 0.59 0.274 0.614 0.274 0.616 0.272 0.626 0.272 0.628 0.27 0.63 0.27 0.63 0.262 0.632 0.26 0.632 0.258 0.63 0.256 0.63 0.228 0.628 0.226 0.628 0.224 0.626 0.222 0.626 0.22 0.624 0.22 0.62 0.216 0.618 0.216
3 0.553 0.307 0.09 0.094 0.568 0.26 0.562 0.266 0.562 0.268 0.556 0.274 0.556 0.276 0.55 0.282 0.55 0.284 0.544 0.29 0.544 0.292 0.538 0.298 0.536 0.298 0.522 0.312 0.522 0.314 0.51 0.326 0.51 0.328 0.508 0.33 0.508 0.336 0.51 0.338 0.51 0.34 0.512 0.34 0.514 0.342 0.514 0.344 0.52 0.35 0.522 0.35 0.524 0.352 0.526 0.352 0.528 0.35 0.54 0.35 0.542 0.348 0.544 0.348 0.546 0.346 0.576 0.346 0.578 0.344 0.594 0.344 0.594 0.342 0.596 0.34 0.596 0.314 0.594 0.312 0.594 0.302 0.592 0.3 0.592 0.288 0.59 0.286 0.59 0.276 0.588 0.274 0.586 0.274 0.576 0.264 0.574 0.264 0.572 0.262 0.57 0.262
3 0.728 0.324 0.072 0.072 0.716 0.288 0.714 0.29 0.706 0.29 0.704 0.292 0.702 0.292 0.7 0.294 0.694 0.294 0.692 0.296 0.692 0.328 0.694 0.33 0.694 0.334 0.698 0.338 0.698 0.34 0.704 0.346 0.704 0.348 0.712 0.356 0.712 0.358 0.72 0.358 0.724 0.354 0.726 0.354 0.726 0.352 0.728 0.35 0.73 0.35 0.734 0.346 0.734 0.344 0.736 0.342 0.736 0.34 0.74 0.336 0.74 0.334 0.742 0.332 0.744 0.332 0.746 0.33 0.746 0.328 0.754 0.32 0.754 0.318 0.76 0.312 0.76 0.31 0.762 0.308 0.762 0.302 0.754 0.294 0.752 0.294 0.748 0.29 0.746 0.29 0.744 0.288
3 0.659 0.4 0.07 0.068 0.664 0.366 0.662 0.368 0.652 0.368 0.65 0.37 0.642 0.37 0.64 0.372 0.632 0.372 0.63 0.374 0.628 0.374 0.626 0.376 0.626 0.378 0.624 0.38 0.624 0.382 0.626 0.384 0.626 0.396 0.628 0.398 0.628 0.402 0.63 0.404 0.632 0.404 0.634 0.406 0.636 0.406 0.64 0.41 0.64 0.412 0.642 0.414 0.642 0.416 0.644 0.418 0.644 0.42 0.648 0.424 0.648 0.426 0.652 0.43 0.652 0.432 0.658 0.432 0.672 0.418 0.672 0.416 0.674 0.414 0.674 0.412 0.682 0.404 0.682 0.402 0.684 0.4 0.684 0.398 0.686 0.396 0.686 0.394 0.688 0.392 0.688 0.39 0.69 0.388 0.69 0.386 0.692 0.384 0.692 0.382 0.686 0.376 0.684 0.376 0.676 0.368 0.674 0.368 0.672 0.366
3 0.496 0.434 0.08 0.096 0.526 0.386 0.524 0.388 0.522 0.388 0.514 0.396 0.512 0.396 0.51 0.398 0.51 0.4 0.488 0.422 0.488 0.424 0.462 0.45 0.46 0.45 0.458 0.452 0.458 0.454 0.456 0.456 0.456 0.46 0.458 0.462 0.458 0.464 0.468 0.474 0.468 0.476 0.47 0.476 0.472 0.478 0.504 0.478 0.506 0.48 0.53 0.48 0.534 0.476 0.534 0.402 0.532 0.4 0.532 0.396 0.53 0.394 0.53 0.39 0.528 0.388 0.528 0.386
5 0.03 0.767 0.024 0.026 0.028 0.754 0.022 0.76 0.022 0.762 0.02 0.764 0.02 0.766 0.018 0.768 0.018 0.77 0.026 0.778 0.028 0.778 0.03 0.776 0.032 0.776 0.038 0.77 0.038 0.768 0.04 0.766 0.04 0.762 0.038 0.762 0.03 0.754
5 0.156 0.826 0.024 0.028 0.154 0.812 0.144 0.822 0.144 0.828 0.146 0.83 0.146 0.832 0.152 0.838 0.156 0.838 0.166 0.828 0.166 0.822 0.158 0.814 0.156 0.814
6 0.334 0.257 0.14 0.118 0.308 0.198 0.304 0.202 0.302 0.202 0.286 0.218 0.284 0.218 0.272 0.23 0.27 0.23 0.264 0.236 0.264 0.242 0.274 0.252 0.276 0.252 0.29 0.266 0.292 0.266 0.31 0.284 0.312 0.284 0.324 0.296 0.326 0.296 0.336 0.306 0.338 0.306 0.34 0.308 0.342 0.308 0.346 0.312 0.348 0.312 0.35 0.314 0.352 0.314 0.354 0.312 0.364 0.312 0.366 0.31 0.366 0.302 0.368 0.3 0.368 0.298 0.372 0.294 0.372 0.292 0.376 0.288 0.378 0.288 0.378 0.286 0.388 0.276 0.388 0.274 0.392 0.27 0.392 0.268 0.398 0.262 0.4 0.262 0.402 0.26 0.402 0.254 0.4 0.254 0.38 0.234 0.378 0.234 0.368 0.224 0.348 0.224 0.346 0.222 0.344 0.222 0.34 0.218 0.338 0.218 0.332 0.212 0.33 0.212 0.326 0.208 0.324 0.208 0.316 0.2 0.314 0.2 0.312 0.198
7 0.399 0.112 0.018 0.016 0.398 0.104 0.392 0.11 0.392 0.112 0.39 0.114 0.394 0.118 0.4 0.118 0.404 0.114 0.404 0.112 0.406 0.11 0.404 0.108 0.404 0.106 0.402 0.106 0.4 0.104
7 0.419 0.126 0.014 0.012 0.418 0.12 0.412 0.126 0.412 0.128 0.414 0.13 0.418 0.13 0.422 0.126 0.422 0.124 0.424 0.122 0.422 0.12
7 0.723 0.22 0.046 0.04 0.702 0.2 0.7 0.202 0.7 0.21 0.702 0.21 0.704 0.212 0.706 0.212 0.712 0.218 0.712 0.22 0.716 0.224 0.718 0.224 0.726 0.232 0.728 0.232 0.732 0.236 0.734 0.236 0.736 0.238 0.74 0.238 0.744 0.234 0.744 0.23 0.742 0.228 0.74 0.228 0.736 0.224 0.734 0.224 0.732 0.222 0.73 0.222 0.724 0.216 0.722 0.216 0.712 0.206 0.712 0.204 0.71 0.202 0.708 0.202 0.706 0.2
7 0.657 0.24 0.018 0.024 0.658 0.228 0.658 0.23 0.656 0.232 0.656 0.234 0.65 0.24 0.65 0.242 0.648 0.244 0.654 0.25 0.658 0.25 0.66 0.248 0.66 0.246 0.664 0.242 0.664 0.23 0.662 0.228
7 0.088 0.844 0.016 0.02 0.084 0.834 0.084 0.836 0.082 0.838 0.082 0.84 0.08 0.842 0.08 0.848 0.082 0.85 0.082 0.852 0.088 0.852 0.09 0.85 0.092 0.85 0.092 0.846 0.094 0.844 0.094 0.834
3 0.294 0.094 0.1 0.092 0.286 0.048 0.276 0.058 0.276 0.06 0.266 0.07 0.266 0.072 0.254 0.084 0.254 0.086 0.244 0.096 0.25 0.102 0.252 0.102 0.258 0.108 0.26 0.108 0.266 0.114 0.268 0.114 0.274 0.12 0.276 0.12 0.282 0.126 0.284 0.126 0.29 0.132 0.292 0.132 0.298 0.138 0.342 0.094 0.334 0.086 0.332 0.086 0.324 0.078 0.322 0.078 0.316 0.072 0.314 0.072 0.306 0.064 0.304 0.064 0.296 0.056 0.294 0.056
4 0.378 0.549 0.032 0.03 0.374 0.534 0.372 0.536 0.37 0.536 0.364 0.542 0.364 0.544 0.362 0.546 0.362 0.548 0.364 0.55 0.364 0.552 0.374 0.562 0.382 0.562 0.39 0.554 0.39 0.552 0.392 0.55 0.392 0.548 0.386 0.542 0.386 0.54 0.384 0.538 0.382 0.538 0.378 0.534
4 0.474 0.673 0.028 0.03 0.474 0.658 0.472 0.66 0.47 0.66 0.46 0.67 0.46 0.674 0.462 0.676 0.462 0.678 0.464 0.678 0.472 0.686 0.476 0.686 0.478 0.684 0.478 0.682 0.486 0.674 0.486 0.67 0.482 0.666 0.482 0.664 0.476 0.658
7 0.667 0.27 0.01 0.012 0.662 0.264 0.662 0.272 0.664 0.272 0.666 0.274 0.67 0.27 0.67 0.266 0.668 0.264
7 0.514 0.55 0.012 0.012 0.512 0.544 0.508 0.548 0.51 0.55 0.51 0.552 0.512 0.554 0.516 0.554 0.518 0.552 0.518 0.55 0.516 0.548 0.516 0.544
3 0.034 0.827 0.068 0.086 0.022 0.784 0.008 0.798 0.006 0.798 0.002 0.802 0.002 0.804 0.0 0.806 0.0 0.83 0.008 0.838 0.008 0.84 0.012 0.844 0.014 0.844 0.018 0.848 0.018 0.85 0.032 0.864 0.032 0.866 0.034 0.866 0.036 0.868 0.056 0.848 0.056 0.846 0.058 0.844 0.058 0.842 0.066 0.834 0.066 0.826 0.064 0.824 0.062 0.824 0.058 0.82 0.058 0.818 0.038 0.798 0.038 0.796 0.026 0.784
4 0.635 0.512 0.03 0.028 0.628 0.498 0.62 0.506 0.62 0.52 0.622 0.522 0.624 0.522 0.626 0.524 0.628 0.522 0.632 0.522 0.634 0.52 0.636 0.52 0.648 0.508 0.642 0.502 0.638 0.502 0.636 0.5 0.632 0.5 0.63 0.498
2 0.259 0.127 0.05 0.046 0.25 0.104 0.248 0.106 0.246 0.106 0.242 0.11 0.242 0.112 0.24 0.114 0.24 0.116 0.236 0.12 0.236 0.122 0.234 0.124 0.234 0.128 0.236 0.13 0.236 0.132 0.238 0.134 0.238 0.136 0.246 0.144 0.248 0.144 0.25 0.146 0.256 0.146 0.258 0.148 0.262 0.148 0.264 0.146 0.268 0.146 0.278 0.136 0.278 0.134 0.282 0.13 0.28 0.128 0.28 0.126 0.276 0.122 0.274 0.122 0.268 0.116 0.266 0.116 0.26 0.11 0.258 0.11 0.252 0.104
2 0.349 0.199 0.066 0.046 0.338 0.176 0.336 0.178 0.334 0.178 0.32 0.192 0.318 0.192 0.318 0.194 0.316 0.196 0.328 0.208 0.33 0.208 0.334 0.212 0.336 0.212 0.338 0.214 0.34 0.214 0.346 0.22 0.368 0.22 0.37 0.218 0.372 0.218 0.376 0.214 0.378 0.214 0.38 0.212 0.38 0.208 0.36 0.188 0.358 0.188 0.356 0.186 0.354 0.186 0.352 0.184 0.35 0.184 0.344 0.178 0.342 0.178 0.34 0.176
3 0.191 0.044 0.122 0.076 0.14 0.006 0.13 0.016 0.192 0.078 0.194 0.078 0.248 0.024 0.248 0.022 0.232 0.006
4 0.443 0.487 0.05 0.054 0.45 0.46 0.45 0.462 0.446 0.466 0.444 0.466 0.44 0.47 0.438 0.47 0.438 0.472 0.436 0.474 0.436 0.476 0.432 0.48 0.43 0.48 0.418 0.492 0.418 0.498 0.432 0.512 0.434 0.512 0.448 0.498 0.448 0.496 0.45 0.494 0.452 0.494 0.466 0.48 0.466 0.474 0.456 0.464 0.456 0.462 0.454 0.46
5 0.738 0.233 0.016 0.014 0.734 0.226 0.734 0.228 0.73 0.232 0.732 0.234 0.732 0.236 0.734 0.236 0.736 0.238 0.742 0.238 0.744 0.236 0.744 0.23 0.742 0.23 0.738 0.226
3 0.573 0.582 0.09 0.092 0.572 0.538 0.556 0.554 0.556 0.556 0.546 0.566 0.544 0.566 0.528 0.582 0.57 0.624 0.572 0.624 0.616 0.58 0.574 0.538
4 0.52 0.623 0.044 0.042 0.526 0.602 0.5 0.628 0.5 0.63 0.512 0.642 0.54 0.614 0.528 0.602
2 0.523 0.285 0.078 0.074 0.538 0.248 0.536 0.25 0.53 0.25 0.518 0.262 0.516 0.262 0.502 0.276 0.5 0.276 0.498 0.278 0.498 0.282 0.49 0.29 0.488 0.29 0.486 0.292 0.486 0.294 0.484 0.296 0.484 0.3 0.486 0.302 0.486 0.304 0.492 0.31 0.494 0.31 0.498 0.314 0.5 0.314 0.506 0.32 0.508 0.32 0.51 0.318 0.512 0.318 0.524 0.306 0.526 0.306 0.528 0.304 0.528 0.302 0.538 0.292 0.54 0.292 0.546 0.286 0.546 0.284 0.552 0.278 0.552 0.276 0.556 0.272 0.556 0.27 0.558 0.268 0.558 0.266 0.56 0.264 0.56 0.26 0.556 0.256 0.554 0.256 0.552 0.254 0.55 0.254 0.546 0.25 0.542 0.25 0.54 0.248
2 0.468 0.397 0.088 0.086 0.486 0.354 0.472 0.368 0.47 0.368 0.468 0.37 0.46 0.37 0.458 0.372 0.456 0.372 0.454 0.374 0.45 0.374 0.448 0.376 0.446 0.376 0.444 0.378 0.444 0.382 0.442 0.384 0.442 0.386 0.44 0.388 0.44 0.392 0.436 0.396 0.436 0.398 0.434 0.4 0.434 0.402 0.426 0.41 0.426 0.412 0.424 0.414 0.424 0.418 0.428 0.422 0.428 0.426 0.432 0.43 0.434 0.43 0.438 0.434 0.44 0.434 0.442 0.436 0.446 0.436 0.448 0.438 0.47 0.438 0.484 0.424 0.484 0.422 0.49 0.416 0.492 0.416 0.494 0.414 0.494 0.412 0.5 0.406 0.502 0.406 0.504 0.404 0.504 0.402 0.508 0.398 0.508 0.396 0.51 0.394 0.51 0.372 0.506 0.368 0.506 0.366 0.496 0.356 0.494 0.356 0.492 0.354
