4 0.702 0.987 0.028 0.026 0.704 0.974 0.7 0.978 0.698 0.978 0.694 0.982 0.692 0.982 0.69 0.984 0.69 0.986 0.688 0.988 0.688 0.99 0.69 0.992 0.69 0.996 0.692 0.998 0.712 0.998 0.712 0.996 0.714 0.994 0.714 0.984 0.712 0.982 0.712 0.978 0.708 0.974
4 0.601 0.985 0.026 0.03 0.598 0.97 0.596 0.972 0.592 0.972 0.59 0.974 0.59 0.976 0.588 0.978 0.59 0.98 0.59 0.986 0.592 0.988 0.592 0.99 0.594 0.992 0.594 0.998 0.612 0.998 0.612 0.988 0.61 0.986 0.61 0.984 0.608 0.982 0.608 0.98 0.606 0.978 0.606 0.976 0.604 0.974 0.604 0.972 0.6 0.972
7 0.919 0.069 0.018 0.014 0.918 0.062 0.916 0.064 0.912 0.064 0.91 0.066 0.91 0.07 0.912 0.07 0.914 0.072 0.916 0.072 0.918 0.074 0.924 0.074 0.926 0.072 0.926 0.064 0.922 0.064 0.92 0.062
7 0.951 0.112 0.022 0.024 0.942 0.1 0.94 0.102 0.94 0.104 0.942 0.106 0.942 0.108 0.946 0.112 0.946 0.118 0.948 0.12 0.948 0.122 0.956 0.122 0.96 0.118 0.96 0.106 0.954 0.1
7 0.392 0.286 0.008 0.008 0.388 0.282 0.388 0.288 0.394 0.288 0.394 0.282
7 0.43 0.302 0.008 0.008 0.428 0.298 0.426 0.3 0.426 0.302 0.428 0.304 0.432 0.304 0.432 0.298
7 0.397 0.415 0.014 0.018 0.396 0.406 0.392 0.41 0.392 0.414 0.39 0.416 0.39 0.42 0.392 0.422 0.396 0.422 0.4 0.418 0.4 0.416 0.402 0.414 0.402 0.41 0.4 0.408 0.4 0.406
4 0.758 0.585 0.028 0.026 0.754 0.572 0.752 0.574 0.75 0.574 0.748 0.576 0.748 0.578 0.746 0.58 0.746 0.582 0.744 0.584 0.744 0.586 0.75 0.592 0.752 0.592 0.754 0.594 0.756 0.594 0.758 0.596 0.764 0.596 0.766 0.594 0.766 0.592 0.77 0.588 0.77 0.582 0.768 0.58 0.766 0.58 0.764 0.578 0.762 0.578 0.76 0.576 0.758 0.576
4 0.62 0.562 0.016 0.016 0.614 0.554 0.614 0.556 0.612 0.558 0.612 0.564 0.614 0.566 0.616 0.566 0.618 0.568 0.62 0.568 0.622 0.566 0.624 0.566 0.626 0.564 0.626 0.556 0.624 0.554
4 0.786 0.498 0.02 0.024 0.78 0.486 0.78 0.488 0.778 0.49 0.778 0.492 0.776 0.494 0.776 0.5 0.782 0.506 0.784 0.506 0.786 0.508 0.788 0.506 0.79 0.506 0.79 0.504 0.792 0.502 0.792 0.5 0.794 0.498 0.794 0.49 0.792 0.488 0.79 0.488 0.788 0.486
4 0.51 0.375 0.02 0.022 0.506 0.364 0.502 0.368 0.502 0.37 0.5 0.372 0.5 0.38 0.502 0.382 0.506 0.382 0.508 0.384 0.51 0.384 0.512 0.382 0.514 0.382 0.518 0.378 0.518 0.368 0.516 0.366 0.514 0.366 0.512 0.364
4 0.473 0.352 0.014 0.02 0.468 0.342 0.468 0.344 0.466 0.346 0.466 0.356 0.468 0.358 0.47 0.358 0.472 0.36 0.476 0.36 0.478 0.358 0.478 0.346 0.474 0.342
4 0.384 0.345 0.024 0.03 0.382 0.33 0.376 0.336 0.376 0.338 0.372 0.342 0.372 0.352 0.376 0.356 0.378 0.356 0.38 0.358 0.382 0.358 0.384 0.356 0.386 0.356 0.39 0.352 0.39 0.35 0.392 0.348 0.392 0.344 0.394 0.342 0.394 0.336 0.392 0.334 0.392 0.332 0.39 0.332 0.388 0.33
4 0.626 0.058 0.02 0.02 0.618 0.048 0.616 0.05 0.616 0.062 0.618 0.064 0.62 0.064 0.622 0.066 0.63 0.066 0.634 0.062 0.634 0.052 0.632 0.05 0.63 0.05 0.628 0.048
1 0.752 0.618 0.148 0.16 0.736 0.538 0.73 0.544 0.73 0.546 0.726 0.55 0.726 0.552 0.724 0.554 0.724 0.556 0.722 0.558 0.722 0.56 0.718 0.564 0.718 0.566 0.716 0.568 0.716 0.57 0.714 0.572 0.714 0.574 0.71 0.578 0.71 0.58 0.706 0.584 0.706 0.586 0.702 0.59 0.702 0.592 0.7 0.594 0.7 0.596 0.698 0.598 0.698 0.6 0.696 0.602 0.696 0.604 0.692 0.608 0.692 0.61 0.69 0.612 0.69 0.614 0.686 0.618 0.686 0.62 0.682 0.624 0.682 0.626 0.68 0.628 0.68 0.63 0.678 0.632 0.678 0.638 0.68 0.64 0.684 0.64 0.686 0.642 0.688 0.642 0.69 0.644 0.692 0.644 0.694 0.646 0.698 0.646 0.7 0.648 0.708 0.648 0.714 0.654 0.716 0.654 0.718 0.656 0.72 0.656 0.722 0.658 0.724 0.658 0.728 0.662 0.732 0.662 0.734 0.664 0.736 0.664 0.742 0.67 0.744 0.67 0.748 0.674 0.75 0.674 0.754 0.678 0.756 0.678 0.762 0.684 0.764 0.684 0.766 0.686 0.768 0.686 0.77 0.688 0.772 0.688 0.774 0.69 0.776 0.69 0.78 0.694 0.784 0.694 0.786 0.696 0.794 0.696 0.8 0.69 0.8 0.688 0.802 0.686 0.802 0.684 0.804 0.682 0.804 0.68 0.806 0.678 0.806 0.676 0.81 0.672 0.81 0.67 0.812 0.668 0.812 0.666 0.814 0.664 0.814 0.662 0.816 0.66 0.816 0.658 0.818 0.656 0.818 0.654 0.82 0.652 0.82 0.65 0.822 0.648 0.822 0.644 0.824 0.642 0.824 0.64 0.822 0.638 0.82 0.638 0.818 0.636 0.816 0.636 0.814 0.634 0.81 0.634 0.808 0.632 0.806 0.632 0.804 0.63 0.8 0.63 0.794 0.624 0.794 0.622 0.792 0.622 0.786 0.616 0.782 0.616 0.778 0.612 0.776 0.612 0.774 0.61 0.768 0.61 0.766 0.608 0.762 0.608 0.76 0.606 0.758 0.606 0.746 0.594 0.738 0.594 0.732 0.588 0.732 0.586 0.734 0.584 0.734 0.582 0.736 0.58 0.736 0.576 0.744 0.568 0.746 0.568 0.75 0.572 0.752 0.572 0.754 0.57 0.758 0.574 0.76 0.574 0.762 0.576 0.766 0.576 0.768 0.578 0.784 0.578 0.788 0.574 0.788 0.57 0.79 0.568 0.784 0.562 0.782 0.562 0.78 0.56 0.778 0.56 0.776 0.558 0.774 0.558 0.77 0.554 0.768 0.554 0.766 0.552 0.764 0.552 0.762 0.55 0.76 0.55 0.758 0.548 0.756 0.548 0.754 0.546 0.752 0.546 0.75 0.544 0.748 0.544 0.744 0.54 0.742 0.54 0.74 0.538
7 0.365 0.425 0.022 0.018 0.364 0.416 0.362 0.418 0.354 0.418 0.354 0.422 0.36 0.428 0.36 0.43 0.362 0.43 0.364 0.432 0.368 0.432 0.372 0.428 0.372 0.424 0.374 0.422 0.374 0.418 0.372 0.416
5 0.816 0.619 0.024 0.03 0.814 0.604 0.81 0.608 0.808 0.608 0.808 0.61 0.806 0.612 0.806 0.614 0.804 0.616 0.804 0.626 0.806 0.628 0.806 0.63 0.808 0.63 0.81 0.632 0.816 0.632 0.82 0.628 0.82 0.626 0.822 0.624 0.822 0.622 0.824 0.62 0.824 0.618 0.826 0.616 0.826 0.608 0.822 0.604
7 0.851 0.546 0.01 0.008 0.848 0.542 0.846 0.544 0.848 0.546 0.848 0.548 0.852 0.548 0.852 0.546 0.854 0.544 0.852 0.542
1 0.877 0.12 0.13 0.132 0.862 0.054 0.852 0.064 0.852 0.066 0.85 0.068 0.85 0.07 0.846 0.074 0.846 0.076 0.842 0.08 0.842 0.082 0.838 0.086 0.838 0.088 0.836 0.09 0.836 0.092 0.834 0.094 0.834 0.096 0.83 0.1 0.83 0.102 0.826 0.106 0.826 0.108 0.824 0.11 0.824 0.112 0.82 0.116 0.82 0.118 0.816 0.122 0.816 0.124 0.814 0.126 0.814 0.128 0.812 0.13 0.812 0.136 0.814 0.136 0.816 0.138 0.818 0.138 0.82 0.14 0.822 0.14 0.824 0.142 0.826 0.142 0.83 0.146 0.832 0.146 0.834 0.148 0.836 0.148 0.838 0.15 0.84 0.15 0.842 0.152 0.844 0.152 0.846 0.154 0.848 0.154 0.852 0.158 0.854 0.158 0.856 0.16 0.858 0.16 0.86 0.162 0.862 0.162 0.864 0.164 0.866 0.164 0.868 0.166 0.87 0.166 0.872 0.168 0.874 0.168 0.876 0.17 0.878 0.17 0.88 0.172 0.882 0.172 0.884 0.174 0.886 0.174 0.888 0.176 0.89 0.176 0.892 0.178 0.894 0.178 0.896 0.18 0.898 0.18 0.9 0.182 0.904 0.182 0.906 0.184 0.91 0.184 0.916 0.178 0.916 0.176 0.918 0.174 0.918 0.172 0.92 0.17 0.92 0.168 0.922 0.166 0.922 0.164 0.926 0.16 0.926 0.158 0.928 0.156 0.928 0.154 0.932 0.15 0.932 0.148 0.934 0.146 0.934 0.142 0.936 0.14 0.936 0.136 0.938 0.134 0.938 0.128 0.94 0.126 0.938 0.124 0.938 0.12 0.936 0.118 0.936 0.116 0.934 0.116 0.93 0.112 0.928 0.112 0.924 0.108 0.922 0.108 0.92 0.106 0.918 0.106 0.916 0.104 0.914 0.104 0.912 0.102 0.91 0.102 0.906 0.098 0.904 0.098 0.898 0.092 0.898 0.086 0.9 0.084 0.9 0.082 0.902 0.08 0.902 0.078 0.904 0.076 0.904 0.074 0.9 0.07 0.898 0.07 0.896 0.068 0.894 0.068 0.892 0.066 0.89 0.066 0.886 0.062 0.884 0.062 0.882 0.06 0.878 0.06 0.876 0.058 0.874 0.058 0.87 0.054
5 0.636 0.496 0.028 0.032 0.628 0.48 0.628 0.482 0.626 0.484 0.626 0.488 0.624 0.49 0.624 0.496 0.622 0.498 0.622 0.5 0.624 0.502 0.624 0.506 0.626 0.508 0.63 0.508 0.632 0.51 0.634 0.51 0.64 0.504 0.64 0.502 0.642 0.5 0.642 0.498 0.644 0.496 0.644 0.494 0.648 0.49 0.648 0.484 0.646 0.482 0.644 0.482 0.642 0.48
7 0.665 0.511 0.01 0.014 0.664 0.504 0.66 0.508 0.66 0.51 0.662 0.512 0.662 0.514 0.664 0.516 0.668 0.516 0.668 0.506 0.666 0.504
7 0.432 0.434 0.02 0.024 0.426 0.422 0.424 0.424 0.424 0.426 0.422 0.428 0.422 0.434 0.426 0.438 0.426 0.44 0.428 0.442 0.43 0.442 0.432 0.444 0.436 0.444 0.438 0.442 0.438 0.44 0.44 0.438 0.44 0.432 0.432 0.424 0.43 0.424 0.428 0.422
