7 0.427 0.215 0.026 0.018 0.416 0.206 0.416 0.208 0.414 0.21 0.414 0.218 0.418 0.218 0.42 0.22 0.428 0.22 0.43 0.222 0.432 0.222 0.434 0.22 0.436 0.22 0.438 0.222 0.438 0.214 0.436 0.212 0.436 0.21 0.434 0.21 0.43 0.206
4 0.416 0.612 0.012 0.012 0.412 0.606 0.41 0.608 0.41 0.614 0.412 0.616 0.416 0.616 0.42 0.612 0.42 0.608 0.418 0.606
7 0.501 0.638 0.014 0.016 0.494 0.63 0.494 0.64 0.496 0.642 0.498 0.642 0.5 0.644 0.502 0.642 0.504 0.642 0.504 0.64 0.506 0.638 0.506 0.634 0.502 0.63
7 0.513 0.647 0.01 0.01 0.51 0.642 0.508 0.644 0.508 0.65 0.514 0.65 0.516 0.648 0.516 0.644 0.514 0.644 0.512 0.642
7 0.388 0.651 0.036 0.034 0.376 0.634 0.376 0.636 0.374 0.638 0.374 0.642 0.372 0.644 0.372 0.652 0.37 0.654 0.372 0.656 0.372 0.662 0.376 0.666 0.38 0.666 0.388 0.658 0.39 0.658 0.394 0.654 0.396 0.654 0.4 0.65 0.402 0.65 0.402 0.648 0.404 0.646 0.404 0.642 0.4 0.638 0.398 0.638 0.396 0.636 0.394 0.636 0.392 0.634
4 0.325 0.724 0.014 0.012 0.318 0.718 0.318 0.726 0.32 0.728 0.326 0.728 0.33 0.724 0.33 0.72 0.328 0.718
2 0.385 0.352 0.118 0.096 0.358 0.304 0.352 0.31 0.352 0.312 0.344 0.32 0.342 0.32 0.338 0.324 0.336 0.324 0.332 0.328 0.332 0.33 0.326 0.336 0.34 0.35 0.342 0.35 0.344 0.352 0.346 0.352 0.354 0.36 0.356 0.36 0.36 0.364 0.362 0.364 0.368 0.37 0.37 0.37 0.374 0.374 0.376 0.374 0.382 0.38 0.384 0.38 0.39 0.386 0.392 0.386 0.396 0.39 0.398 0.39 0.404 0.396 0.408 0.396 0.41 0.398 0.412 0.398 0.42 0.39 0.42 0.388 0.432 0.376 0.432 0.374 0.436 0.37 0.436 0.368 0.44 0.364 0.44 0.362 0.442 0.36 0.442 0.352 0.44 0.35 0.438 0.35 0.436 0.348 0.434 0.348 0.432 0.346 0.43 0.346 0.428 0.344 0.424 0.344 0.422 0.342 0.418 0.342 0.412 0.336 0.41 0.336 0.404 0.33 0.402 0.33 0.394 0.322 0.392 0.322 0.39 0.32 0.388 0.32 0.384 0.316 0.382 0.316 0.378 0.312 0.376 0.312 0.372 0.308 0.37 0.308 0.368 0.306 0.366 0.306 0.364 0.304
3 0.481 0.254 0.086 0.092 0.484 0.208 0.484 0.21 0.48 0.214 0.478 0.214 0.472 0.22 0.472 0.222 0.464 0.23 0.464 0.232 0.462 0.234 0.46 0.234 0.454 0.24 0.454 0.242 0.452 0.244 0.452 0.25 0.446 0.256 0.446 0.258 0.438 0.266 0.438 0.268 0.44 0.27 0.442 0.27 0.454 0.282 0.456 0.282 0.458 0.284 0.46 0.284 0.462 0.286 0.464 0.286 0.47 0.292 0.472 0.292 0.476 0.296 0.478 0.296 0.48 0.298 0.482 0.296 0.484 0.296 0.484 0.294 0.488 0.29 0.488 0.288 0.49 0.286 0.49 0.284 0.494 0.28 0.494 0.278 0.498 0.274 0.498 0.272 0.504 0.266 0.504 0.264 0.51 0.258 0.51 0.256 0.512 0.254 0.512 0.252 0.518 0.246 0.518 0.244 0.522 0.24 0.522 0.232 0.52 0.23 0.518 0.23 0.516 0.228 0.514 0.228 0.51 0.224 0.508 0.224 0.506 0.222 0.506 0.22 0.5 0.214 0.498 0.214 0.496 0.212 0.49 0.212 0.486 0.208
3 0.099 0.828 0.09 0.088 0.096 0.784 0.094 0.786 0.084 0.786 0.082 0.788 0.076 0.788 0.074 0.79 0.066 0.79 0.064 0.792 0.056 0.792 0.054 0.794 0.054 0.804 0.056 0.806 0.056 0.818 0.058 0.82 0.058 0.826 0.06 0.828 0.06 0.83 0.072 0.842 0.072 0.844 0.074 0.846 0.076 0.846 0.08 0.85 0.08 0.852 0.098 0.87 0.104 0.87 0.118 0.856 0.118 0.854 0.124 0.848 0.124 0.846 0.126 0.844 0.126 0.842 0.132 0.836 0.132 0.834 0.134 0.832 0.134 0.83 0.136 0.828 0.136 0.826 0.138 0.824 0.138 0.822 0.14 0.82 0.14 0.818 0.142 0.816 0.142 0.81 0.134 0.802 0.132 0.802 0.12 0.79 0.118 0.79 0.114 0.786 0.108 0.786 0.106 0.784
4 0.889 0.4 0.034 0.032 0.886 0.384 0.884 0.386 0.884 0.388 0.872 0.4 0.872 0.404 0.876 0.408 0.878 0.408 0.884 0.414 0.89 0.414 0.892 0.412 0.892 0.41 0.894 0.408 0.894 0.406 0.904 0.396 0.902 0.394 0.902 0.392 0.898 0.388 0.896 0.388 0.892 0.384
4 0.209 0.555 0.014 0.014 0.206 0.548 0.204 0.55 0.204 0.552 0.202 0.554 0.204 0.556 0.204 0.558 0.206 0.558 0.208 0.56 0.21 0.56 0.214 0.556 0.214 0.552 0.212 0.55 0.21 0.55 0.208 0.548
4 0.425 0.735 0.018 0.018 0.42 0.726 0.418 0.728 0.418 0.73 0.416 0.732 0.416 0.738 0.42 0.742 0.424 0.742 0.43 0.736 0.43 0.734 0.432 0.732 0.428 0.728 0.426 0.728 0.424 0.726
5 0.262 0.467 0.028 0.022 0.258 0.456 0.256 0.458 0.254 0.458 0.248 0.464 0.248 0.47 0.252 0.474 0.254 0.474 0.256 0.476 0.258 0.476 0.26 0.474 0.266 0.474 0.268 0.472 0.27 0.472 0.27 0.468 0.272 0.466 0.272 0.464 0.274 0.462 0.274 0.456
5 0.025 0.741 0.018 0.026 0.024 0.728 0.02 0.732 0.02 0.734 0.016 0.738 0.016 0.742 0.018 0.744 0.018 0.746 0.024 0.752 0.026 0.752 0.028 0.75 0.03 0.75 0.03 0.746 0.028 0.744 0.028 0.74 0.03 0.738 0.03 0.736 0.032 0.734 0.032 0.732 0.028 0.728
6 0.033 0.062 0.066 0.1 0.0 0.012 0.0 0.09 0.002 0.09 0.008 0.096 0.01 0.096 0.018 0.104 0.02 0.104 0.024 0.108 0.026 0.108 0.028 0.11 0.03 0.108 0.032 0.108 0.034 0.106 0.034 0.104 0.038 0.1 0.038 0.098 0.044 0.092 0.044 0.09 0.046 0.088 0.046 0.086 0.048 0.084 0.048 0.082 0.052 0.078 0.052 0.076 0.054 0.074 0.054 0.072 0.058 0.068 0.058 0.066 0.062 0.062 0.062 0.06 0.064 0.058 0.064 0.052 0.06 0.048 0.058 0.048 0.054 0.044 0.052 0.044 0.046 0.038 0.044 0.038 0.042 0.036 0.04 0.036 0.038 0.034 0.036 0.034 0.032 0.03 0.03 0.03 0.026 0.026 0.024 0.026 0.02 0.022 0.018 0.022 0.016 0.02 0.014 0.02 0.01 0.016 0.008 0.016 0.006 0.014 0.004 0.014 0.002 0.012
0 0.759 0.435 0.066 0.062 0.752 0.404 0.726 0.43 0.742 0.446 0.744 0.446 0.762 0.464 0.79 0.436 0.782 0.428 0.78 0.428 0.772 0.42 0.77 0.42 0.762 0.412 0.76 0.412
5 0.415 0.248 0.022 0.02 0.41 0.238 0.404 0.244 0.416 0.256 0.42 0.252 0.422 0.252 0.422 0.25
6 0.208 0.736 0.136 0.136 0.188 0.668 0.18 0.676 0.18 0.678 0.172 0.686 0.172 0.688 0.164 0.696 0.164 0.698 0.156 0.706 0.156 0.708 0.148 0.716 0.148 0.718 0.14 0.726 0.152 0.738 0.154 0.738 0.168 0.752 0.17 0.752 0.182 0.764 0.184 0.764 0.196 0.776 0.198 0.776 0.212 0.79 0.214 0.79 0.226 0.802 0.232 0.796 0.232 0.794 0.238 0.788 0.238 0.786 0.244 0.78 0.244 0.778 0.25 0.772 0.25 0.77 0.256 0.764 0.256 0.762 0.262 0.756 0.262 0.754 0.268 0.748 0.268 0.746 0.274 0.74 0.266 0.732 0.264 0.732 0.254 0.722 0.252 0.722 0.244 0.714 0.242 0.714 0.232 0.704 0.23 0.704 0.222 0.696 0.22 0.696 0.21 0.686 0.208 0.686 0.2 0.678 0.198 0.678
7 0.864 0.363 0.008 0.01 0.86 0.358 0.86 0.366 0.864 0.366 0.866 0.364 0.866 0.358
