3 0.911 0.948 0.118 0.104 0.932 0.896 0.93 0.898 0.922 0.898 0.92 0.9 0.918 0.9 0.916 0.902 0.912 0.902 0.91 0.904 0.906 0.904 0.904 0.906 0.9 0.906 0.898 0.908 0.894 0.908 0.892 0.91 0.886 0.91 0.884 0.912 0.88 0.912 0.878 0.914 0.874 0.914 0.872 0.916 0.87 0.916 0.868 0.918 0.864 0.918 0.862 0.92 0.858 0.92 0.856 0.922 0.854 0.922 0.854 0.924 0.852 0.926 0.852 0.934 0.854 0.936 0.854 0.938 0.856 0.94 0.856 0.942 0.858 0.944 0.858 0.95 0.86 0.952 0.86 0.954 0.862 0.956 0.862 0.96 0.864 0.962 0.864 0.968 0.866 0.97 0.866 0.974 0.868 0.976 0.868 0.98 0.87 0.982 0.87 0.986 0.872 0.988 0.872 0.992 0.874 0.994 0.874 0.996 0.876 0.998 0.968 0.998 0.966 0.996 0.966 0.994 0.964 0.992 0.964 0.99 0.962 0.988 0.962 0.984 0.96 0.982 0.96 0.98 0.958 0.978 0.958 0.976 0.956 0.974 0.956 0.97 0.954 0.968 0.954 0.964 0.952 0.962 0.952 0.954 0.95 0.952 0.95 0.95 0.948 0.948 0.948 0.946 0.946 0.944 0.946 0.938 0.944 0.936 0.944 0.926 0.942 0.924 0.942 0.914 0.94 0.912 0.94 0.91 0.938 0.908 0.938 0.902 0.936 0.9 0.936 0.896
2 0.43 0.049 0.052 0.074 0.428 0.012 0.426 0.014 0.412 0.014 0.41 0.016 0.408 0.016 0.408 0.018 0.406 0.02 0.406 0.024 0.404 0.026 0.404 0.028 0.406 0.03 0.406 0.042 0.408 0.044 0.408 0.046 0.412 0.05 0.412 0.052 0.414 0.054 0.414 0.056 0.422 0.064 0.42 0.066 0.42 0.072 0.422 0.074 0.422 0.082 0.424 0.084 0.436 0.084 0.438 0.082 0.446 0.082 0.448 0.08 0.452 0.08 0.454 0.078 0.454 0.07 0.452 0.068 0.452 0.062 0.45 0.06 0.45 0.054 0.448 0.052 0.448 0.044 0.446 0.042 0.446 0.038 0.444 0.036 0.444 0.03 0.442 0.028 0.442 0.024 0.44 0.022 0.44 0.018 0.438 0.016 0.438 0.014 0.436 0.014 0.434 0.012
6 0.607 0.32 0.146 0.12 0.646 0.26 0.644 0.262 0.638 0.262 0.636 0.264 0.632 0.264 0.63 0.266 0.624 0.266 0.622 0.268 0.616 0.268 0.614 0.27 0.606 0.27 0.604 0.272 0.598 0.272 0.596 0.274 0.588 0.274 0.586 0.276 0.582 0.276 0.58 0.278 0.574 0.278 0.572 0.28 0.566 0.28 0.564 0.282 0.556 0.282 0.554 0.284 0.546 0.284 0.544 0.286 0.542 0.286 0.54 0.288 0.538 0.288 0.536 0.29 0.536 0.292 0.534 0.294 0.534 0.314 0.536 0.316 0.536 0.326 0.538 0.328 0.538 0.334 0.54 0.336 0.54 0.344 0.542 0.346 0.542 0.352 0.544 0.354 0.544 0.362 0.546 0.364 0.546 0.368 0.548 0.37 0.548 0.374 0.552 0.378 0.556 0.378 0.56 0.374 0.564 0.374 0.566 0.372 0.57 0.372 0.572 0.37 0.576 0.37 0.578 0.368 0.586 0.368 0.588 0.366 0.598 0.366 0.6 0.364 0.604 0.364 0.606 0.362 0.61 0.362 0.612 0.36 0.614 0.36 0.616 0.358 0.64 0.358 0.642 0.36 0.646 0.36 0.648 0.362 0.662 0.362 0.664 0.364 0.666 0.364 0.668 0.362 0.67 0.362 0.676 0.356 0.678 0.356 0.678 0.342 0.676 0.34 0.676 0.334 0.674 0.332 0.674 0.326 0.672 0.324 0.672 0.32 0.67 0.318 0.67 0.312 0.668 0.31 0.668 0.306 0.666 0.304 0.666 0.298 0.664 0.296 0.664 0.29 0.662 0.288 0.662 0.284 0.66 0.282 0.66 0.278 0.658 0.276 0.658 0.27 0.656 0.268 0.656 0.264 0.652 0.26
7 0.553 0.686 0.01 0.012 0.548 0.68 0.548 0.69 0.554 0.69 0.556 0.688 0.556 0.686 0.554 0.684 0.554 0.682 0.552 0.68
7 0.622 0.613 0.016 0.014 0.616 0.606 0.614 0.608 0.614 0.614 0.616 0.614 0.618 0.616 0.62 0.616 0.622 0.618 0.626 0.618 0.628 0.616 0.628 0.61 0.626 0.608 0.626 0.606
7 0.39 0.041 0.016 0.014 0.384 0.034 0.382 0.036 0.382 0.04 0.384 0.042 0.386 0.042 0.388 0.044 0.39 0.044 0.392 0.046 0.396 0.046 0.396 0.036 0.394 0.036 0.392 0.034
5 0.59 0.691 0.024 0.026 0.586 0.678 0.58 0.684 0.58 0.688 0.578 0.69 0.578 0.696 0.58 0.698 0.58 0.7 0.582 0.702 0.594 0.702 0.596 0.7 0.598 0.7 0.6 0.698 0.6 0.68 0.598 0.678
5 0.527 0.594 0.022 0.024 0.528 0.582 0.526 0.584 0.526 0.586 0.524 0.588 0.522 0.588 0.52 0.59 0.518 0.59 0.518 0.594 0.516 0.596 0.516 0.598 0.52 0.602 0.522 0.602 0.524 0.604 0.534 0.604 0.536 0.602 0.536 0.588 0.534 0.586 0.534 0.584 0.53 0.584
5 0.407 0.28 0.022 0.028 0.406 0.266 0.404 0.268 0.398 0.268 0.396 0.27 0.396 0.288 0.4 0.292 0.406 0.292 0.408 0.29 0.414 0.29 0.416 0.288 0.416 0.278 0.414 0.276 0.414 0.274 0.412 0.272 0.412 0.268 0.41 0.268 0.408 0.266
3 0.479 0.234 0.086 0.092 0.498 0.188 0.496 0.19 0.492 0.19 0.49 0.192 0.484 0.192 0.482 0.194 0.476 0.194 0.474 0.196 0.47 0.196 0.468 0.198 0.462 0.198 0.46 0.2 0.454 0.2 0.452 0.202 0.448 0.202 0.446 0.204 0.44 0.204 0.438 0.206 0.436 0.206 0.436 0.208 0.438 0.21 0.438 0.214 0.44 0.216 0.44 0.22 0.442 0.222 0.442 0.228 0.444 0.23 0.444 0.234 0.446 0.236 0.446 0.24 0.448 0.242 0.448 0.248 0.45 0.25 0.45 0.254 0.452 0.256 0.452 0.262 0.454 0.264 0.454 0.268 0.456 0.27 0.456 0.274 0.458 0.276 0.458 0.278 0.46 0.278 0.462 0.276 0.466 0.276 0.468 0.274 0.472 0.274 0.474 0.272 0.478 0.272 0.48 0.27 0.484 0.27 0.486 0.268 0.492 0.268 0.494 0.266 0.498 0.266 0.5 0.264 0.504 0.264 0.506 0.262 0.51 0.262 0.512 0.26 0.516 0.26 0.518 0.258 0.52 0.258 0.52 0.256 0.518 0.254 0.518 0.25 0.516 0.248 0.516 0.242 0.514 0.24 0.514 0.234 0.512 0.232 0.512 0.228 0.51 0.226 0.51 0.22 0.508 0.218 0.508 0.214 0.506 0.212 0.506 0.206 0.504 0.204 0.504 0.198 0.502 0.196 0.502 0.192 0.5 0.19 0.5 0.188
5 0.384 0.116 0.028 0.024 0.374 0.104 0.37 0.108 0.37 0.112 0.372 0.114 0.372 0.116 0.374 0.118 0.374 0.122 0.378 0.126 0.39 0.126 0.392 0.124 0.394 0.124 0.396 0.122 0.396 0.114 0.394 0.112 0.394 0.11 0.39 0.106 0.388 0.106 0.386 0.104
4 0.324 0.201 0.028 0.022 0.322 0.19 0.32 0.192 0.314 0.192 0.31 0.196 0.31 0.198 0.312 0.2 0.312 0.208 0.314 0.21 0.328 0.21 0.33 0.208 0.332 0.208 0.336 0.204 0.336 0.192 0.334 0.19
3 0.983 0.941 0.03 0.106 0.99 0.888 0.988 0.89 0.982 0.89 0.98 0.892 0.972 0.892 0.97 0.894 0.968 0.894 0.968 0.896 0.97 0.898 0.97 0.906 0.972 0.908 0.972 0.916 0.974 0.918 0.974 0.926 0.976 0.928 0.976 0.936 0.978 0.938 0.978 0.944 0.98 0.946 0.98 0.954 0.982 0.956 0.982 0.964 0.984 0.966 0.984 0.974 0.986 0.976 0.986 0.984 0.988 0.986 0.988 0.988 0.99 0.99 0.994 0.99 0.996 0.992 0.996 0.968 0.994 0.966 0.994 0.914 0.992 0.912 0.992 0.888
