5 0.306 0.553 0.02 0.022 0.298 0.542 0.296 0.544 0.296 0.558 0.3 0.562 0.304 0.562 0.306 0.56 0.308 0.56 0.31 0.558 0.312 0.558 0.314 0.556 0.314 0.544 0.312 0.544 0.31 0.542
5 0.193 0.584 0.03 0.04 0.192 0.564 0.186 0.57 0.184 0.57 0.182 0.572 0.18 0.572 0.18 0.574 0.178 0.576 0.178 0.578 0.18 0.58 0.18 0.586 0.182 0.588 0.182 0.594 0.186 0.598 0.186 0.6 0.188 0.602 0.196 0.602 0.198 0.6 0.202 0.6 0.206 0.596 0.206 0.584 0.204 0.582 0.204 0.576 0.202 0.574 0.202 0.572 0.2 0.57 0.2 0.568 0.196 0.564
4 0.094 0.499 0.024 0.026 0.094 0.486 0.092 0.488 0.088 0.488 0.086 0.49 0.082 0.49 0.082 0.5 0.084 0.502 0.084 0.506 0.088 0.51 0.098 0.51 0.1 0.508 0.102 0.508 0.104 0.506 0.104 0.488 0.102 0.486
4 0.146 0.487 0.016 0.018 0.14 0.478 0.138 0.48 0.138 0.488 0.14 0.49 0.14 0.492 0.142 0.494 0.148 0.494 0.152 0.49 0.152 0.486 0.15 0.484 0.15 0.482 0.148 0.48 0.148 0.478
4 0.212 0.468 0.024 0.028 0.204 0.454 0.2 0.458 0.2 0.462 0.202 0.464 0.202 0.47 0.204 0.472 0.204 0.474 0.208 0.478 0.21 0.478 0.212 0.48 0.216 0.48 0.218 0.478 0.222 0.478 0.222 0.462 0.22 0.46 0.22 0.456 0.218 0.454
4 0.328 0.416 0.024 0.04 0.328 0.396 0.326 0.398 0.318 0.398 0.316 0.4 0.316 0.406 0.318 0.408 0.318 0.414 0.32 0.416 0.32 0.422 0.322 0.424 0.322 0.428 0.324 0.43 0.324 0.432 0.326 0.432 0.328 0.434 0.33 0.432 0.336 0.432 0.338 0.43 0.338 0.42 0.336 0.418 0.336 0.408 0.334 0.406 0.334 0.4 0.33 0.396
4 0.439 0.396 0.022 0.024 0.434 0.384 0.432 0.386 0.43 0.386 0.428 0.388 0.428 0.392 0.43 0.394 0.43 0.402 0.432 0.404 0.432 0.406 0.444 0.406 0.446 0.404 0.448 0.404 0.448 0.386 0.446 0.384
4 0.295 0.633 0.034 0.034 0.294 0.616 0.292 0.618 0.286 0.618 0.284 0.62 0.28 0.62 0.278 0.622 0.278 0.632 0.28 0.634 0.28 0.642 0.282 0.644 0.282 0.646 0.284 0.646 0.286 0.648 0.29 0.648 0.292 0.646 0.3 0.646 0.302 0.644 0.306 0.644 0.31 0.64 0.31 0.636 0.308 0.634 0.308 0.628 0.306 0.626 0.306 0.618 0.304 0.618 0.302 0.616
4 0.253 0.643 0.03 0.03 0.258 0.628 0.256 0.63 0.244 0.63 0.242 0.632 0.24 0.632 0.238 0.634 0.238 0.64 0.24 0.642 0.24 0.65 0.242 0.652 0.242 0.654 0.244 0.656 0.258 0.656 0.26 0.654 0.262 0.654 0.264 0.652 0.264 0.65 0.266 0.648 0.266 0.642 0.264 0.64 0.264 0.63 0.262 0.63 0.26 0.628
4 0.02 0.693 0.024 0.03 0.02 0.678 0.018 0.68 0.01 0.68 0.008 0.682 0.008 0.694 0.01 0.696 0.01 0.7 0.012 0.702 0.012 0.704 0.014 0.706 0.024 0.706 0.026 0.704 0.028 0.704 0.03 0.702 0.03 0.686 0.028 0.684 0.028 0.68 0.026 0.68 0.024 0.678
4 0.06 0.683 0.024 0.03 0.06 0.668 0.058 0.67 0.056 0.67 0.054 0.672 0.05 0.672 0.048 0.674 0.048 0.682 0.05 0.684 0.05 0.69 0.052 0.692 0.052 0.694 0.054 0.696 0.062 0.696 0.064 0.694 0.07 0.694 0.07 0.674 0.068 0.672 0.068 0.67 0.066 0.668
4 0.339 0.415 0.046 0.042 0.34 0.394 0.336 0.398 0.332 0.398 0.33 0.396 0.328 0.396 0.326 0.398 0.318 0.398 0.316 0.4 0.316 0.406 0.318 0.408 0.318 0.414 0.32 0.416 0.32 0.422 0.322 0.424 0.322 0.428 0.324 0.43 0.324 0.432 0.326 0.432 0.328 0.434 0.33 0.434 0.332 0.432 0.336 0.432 0.34 0.428 0.342 0.428 0.344 0.43 0.352 0.43 0.354 0.428 0.356 0.428 0.36 0.424 0.36 0.414 0.358 0.412 0.358 0.408 0.356 0.406 0.356 0.402 0.354 0.4 0.354 0.396 0.352 0.394
4 0.491 0.379 0.014 0.022 0.49 0.368 0.488 0.37 0.486 0.37 0.484 0.372 0.484 0.382 0.486 0.384 0.486 0.386 0.488 0.388 0.494 0.388 0.496 0.386 0.496 0.37 0.494 0.37 0.492 0.368
3 0.157 0.659 0.098 0.102 0.16 0.608 0.158 0.61 0.154 0.61 0.152 0.612 0.148 0.612 0.146 0.614 0.134 0.614 0.132 0.616 0.122 0.616 0.12 0.618 0.112 0.618 0.108 0.622 0.108 0.64 0.11 0.642 0.11 0.65 0.112 0.652 0.112 0.656 0.114 0.658 0.114 0.662 0.116 0.664 0.116 0.67 0.118 0.672 0.118 0.676 0.12 0.678 0.12 0.684 0.122 0.686 0.122 0.692 0.124 0.694 0.124 0.704 0.126 0.706 0.126 0.708 0.136 0.708 0.138 0.706 0.146 0.706 0.148 0.704 0.15 0.704 0.152 0.702 0.162 0.702 0.164 0.7 0.172 0.7 0.174 0.698 0.18 0.698 0.182 0.696 0.184 0.696 0.186 0.698 0.186 0.7 0.188 0.7 0.19 0.702 0.192 0.702 0.194 0.7 0.196 0.7 0.196 0.698 0.198 0.696 0.198 0.694 0.2 0.692 0.202 0.692 0.204 0.69 0.204 0.682 0.202 0.68 0.202 0.676 0.2 0.674 0.2 0.672 0.198 0.67 0.198 0.638 0.196 0.636 0.196 0.632 0.194 0.63 0.194 0.618 0.192 0.616 0.192 0.614 0.19 0.612 0.19 0.61 0.174 0.61 0.172 0.608
3 0.392 0.571 0.084 0.094 0.41 0.524 0.408 0.526 0.4 0.526 0.398 0.528 0.39 0.528 0.388 0.53 0.382 0.53 0.38 0.532 0.372 0.532 0.37 0.534 0.364 0.534 0.362 0.536 0.356 0.536 0.354 0.538 0.352 0.538 0.35 0.54 0.35 0.574 0.352 0.576 0.352 0.59 0.354 0.592 0.354 0.604 0.356 0.606 0.356 0.61 0.358 0.612 0.36 0.612 0.364 0.616 0.372 0.616 0.374 0.614 0.38 0.614 0.382 0.612 0.402 0.612 0.404 0.61 0.412 0.61 0.414 0.608 0.426 0.608 0.428 0.606 0.432 0.606 0.432 0.592 0.43 0.59 0.43 0.584 0.428 0.582 0.428 0.578 0.426 0.576 0.426 0.57 0.424 0.568 0.424 0.562 0.422 0.56 0.422 0.554 0.42 0.552 0.42 0.544 0.418 0.542 0.418 0.534 0.416 0.532 0.416 0.53 0.414 0.528 0.414 0.526 0.412 0.524
3 0.511 0.551 0.09 0.086 0.512 0.508 0.51 0.51 0.51 0.512 0.508 0.514 0.504 0.514 0.502 0.516 0.484 0.516 0.482 0.518 0.48 0.518 0.478 0.516 0.474 0.516 0.472 0.518 0.47 0.518 0.47 0.52 0.468 0.522 0.468 0.524 0.466 0.526 0.466 0.55 0.468 0.552 0.468 0.562 0.47 0.564 0.47 0.572 0.472 0.574 0.472 0.58 0.474 0.582 0.474 0.586 0.48 0.592 0.49 0.592 0.492 0.59 0.498 0.59 0.5 0.588 0.508 0.588 0.51 0.586 0.516 0.586 0.518 0.584 0.526 0.584 0.528 0.582 0.534 0.582 0.536 0.58 0.542 0.58 0.544 0.578 0.548 0.578 0.55 0.576 0.554 0.576 0.554 0.568 0.552 0.566 0.552 0.56 0.55 0.558 0.55 0.55 0.548 0.548 0.548 0.542 0.546 0.54 0.546 0.534 0.544 0.532 0.544 0.526 0.542 0.524 0.542 0.516 0.54 0.514 0.54 0.51 0.538 0.508
4 0.262 0.56 0.02 0.028 0.256 0.546 0.254 0.548 0.254 0.554 0.252 0.556 0.252 0.57 0.254 0.572 0.26 0.572 0.262 0.57 0.268 0.57 0.27 0.568 0.27 0.554 0.268 0.552 0.268 0.548 0.266 0.546
7 0.058 0.508 0.012 0.012 0.052 0.502 0.052 0.51 0.054 0.51 0.056 0.512 0.058 0.51 0.06 0.51 0.062 0.508 0.062 0.502
7 0.417 0.501 0.03 0.034 0.406 0.484 0.402 0.488 0.402 0.492 0.404 0.494 0.404 0.5 0.408 0.504 0.408 0.514 0.41 0.516 0.422 0.516 0.424 0.514 0.428 0.514 0.43 0.512 0.43 0.49 0.416 0.49 0.41 0.484
7 0.408 0.493 0.012 0.022 0.408 0.482 0.406 0.484 0.404 0.484 0.402 0.486 0.402 0.498 0.406 0.502 0.41 0.502 0.41 0.5 0.412 0.498 0.412 0.484 0.41 0.484
4 0.262 0.458 0.012 0.02 0.258 0.448 0.256 0.45 0.256 0.458 0.258 0.46 0.258 0.462 0.262 0.466 0.264 0.466 0.266 0.464 0.266 0.45 0.264 0.45 0.262 0.448
5 0.079 0.61 0.03 0.032 0.082 0.594 0.08 0.596 0.078 0.596 0.076 0.598 0.072 0.598 0.07 0.6 0.068 0.6 0.066 0.602 0.064 0.602 0.064 0.62 0.066 0.622 0.066 0.624 0.082 0.624 0.084 0.622 0.09 0.622 0.092 0.62 0.092 0.602 0.09 0.6 0.09 0.598 0.086 0.594
7 0.253 0.523 0.014 0.014 0.248 0.516 0.246 0.518 0.246 0.526 0.248 0.528 0.254 0.528 0.258 0.524 0.258 0.522 0.256 0.52 0.256 0.518 0.254 0.516
4 0.027 0.522 0.018 0.016 0.02 0.514 0.02 0.518 0.018 0.52 0.02 0.522 0.02 0.524 0.022 0.526 0.022 0.528 0.03 0.528 0.032 0.526 0.032 0.524 0.034 0.522 0.034 0.52 0.032 0.518 0.032 0.516 0.03 0.514
7 0.33 0.534 0.024 0.016 0.332 0.526 0.33 0.528 0.322 0.528 0.318 0.532 0.318 0.536 0.32 0.538 0.32 0.54 0.336 0.54 0.338 0.538 0.34 0.538 0.34 0.53 0.336 0.526
7 0.318 0.668 0.012 0.016 0.318 0.66 0.316 0.662 0.312 0.662 0.312 0.674 0.322 0.674 0.322 0.662 0.32 0.662
