3 0.408 0.249 0.056 0.066 0.414 0.216 0.412 0.218 0.408 0.218 0.406 0.22 0.402 0.22 0.4 0.222 0.394 0.222 0.392 0.224 0.39 0.224 0.388 0.226 0.386 0.226 0.38 0.232 0.38 0.236 0.382 0.238 0.382 0.256 0.384 0.258 0.384 0.262 0.386 0.264 0.386 0.266 0.388 0.268 0.388 0.276 0.392 0.28 0.398 0.28 0.4 0.278 0.404 0.278 0.406 0.276 0.408 0.276 0.41 0.274 0.414 0.274 0.416 0.272 0.42 0.272 0.422 0.27 0.426 0.27 0.428 0.268 0.432 0.268 0.434 0.266 0.434 0.262 0.432 0.26 0.432 0.254 0.43 0.252 0.43 0.248 0.428 0.246 0.428 0.242 0.426 0.24 0.426 0.238 0.424 0.236 0.424 0.228 0.422 0.226 0.422 0.222 0.416 0.216
3 0.583 0.025 0.07 0.05 0.55 0.0 0.548 0.002 0.548 0.006 0.554 0.012 0.554 0.03 0.556 0.032 0.556 0.034 0.558 0.036 0.558 0.04 0.56 0.042 0.56 0.044 0.564 0.048 0.572 0.048 0.574 0.046 0.578 0.046 0.58 0.044 0.584 0.044 0.586 0.042 0.59 0.042 0.592 0.04 0.594 0.04 0.596 0.038 0.6 0.038 0.602 0.036 0.606 0.036 0.608 0.034 0.61 0.034 0.612 0.032 0.614 0.032 0.616 0.03 0.616 0.02 0.614 0.018 0.614 0.014 0.612 0.012 0.612 0.01 0.61 0.008 0.61 0.004 0.606 0.0
5 0.413 0.339 0.026 0.026 0.412 0.326 0.41 0.328 0.406 0.328 0.404 0.33 0.402 0.33 0.4 0.332 0.4 0.338 0.402 0.34 0.402 0.342 0.404 0.344 0.404 0.346 0.408 0.35 0.412 0.35 0.414 0.348 0.416 0.348 0.418 0.346 0.42 0.346 0.424 0.342 0.424 0.34 0.422 0.338 0.422 0.334 0.42 0.332 0.42 0.33 0.416 0.326
3 0.416 0.383 0.048 0.046 0.41 0.36 0.408 0.362 0.4 0.362 0.398 0.364 0.396 0.364 0.392 0.368 0.392 0.374 0.394 0.376 0.394 0.378 0.396 0.38 0.396 0.384 0.398 0.386 0.398 0.39 0.4 0.392 0.4 0.396 0.402 0.398 0.402 0.402 0.404 0.404 0.408 0.404 0.41 0.402 0.412 0.402 0.414 0.4 0.418 0.4 0.42 0.398 0.424 0.398 0.426 0.396 0.428 0.396 0.43 0.394 0.432 0.394 0.434 0.392 0.436 0.392 0.436 0.388 0.434 0.386 0.434 0.384 0.43 0.38 0.43 0.376 0.42 0.366 0.42 0.36
3 0.535 0.58 0.054 0.056 0.544 0.552 0.542 0.554 0.532 0.554 0.53 0.556 0.522 0.556 0.52 0.558 0.514 0.558 0.512 0.56 0.508 0.56 0.508 0.568 0.51 0.57 0.51 0.576 0.512 0.578 0.512 0.58 0.514 0.582 0.514 0.584 0.516 0.586 0.516 0.59 0.518 0.592 0.518 0.596 0.52 0.598 0.52 0.6 0.522 0.602 0.522 0.604 0.524 0.606 0.526 0.606 0.528 0.604 0.534 0.604 0.536 0.602 0.54 0.602 0.542 0.6 0.546 0.6 0.548 0.598 0.552 0.598 0.554 0.596 0.556 0.596 0.558 0.594 0.56 0.594 0.56 0.59 0.558 0.588 0.558 0.58 0.556 0.578 0.556 0.574 0.554 0.572 0.554 0.564 0.552 0.562 0.552 0.558 0.55 0.556 0.55 0.554 0.548 0.552
4 0.371 0.245 0.022 0.022 0.366 0.234 0.364 0.236 0.362 0.236 0.36 0.238 0.36 0.244 0.362 0.246 0.362 0.252 0.364 0.254 0.37 0.254 0.372 0.252 0.376 0.252 0.38 0.248 0.38 0.238 0.376 0.234
4 0.486 0.449 0.02 0.022 0.48 0.438 0.476 0.442 0.476 0.452 0.478 0.454 0.478 0.456 0.48 0.456 0.482 0.458 0.492 0.458 0.494 0.456 0.494 0.442 0.49 0.438
4 0.098 0.819 0.02 0.022 0.09 0.808 0.088 0.81 0.088 0.814 0.09 0.816 0.09 0.822 0.092 0.824 0.092 0.826 0.094 0.826 0.096 0.828 0.098 0.828 0.1 0.826 0.104 0.826 0.106 0.824 0.106 0.812 0.104 0.81 0.102 0.81 0.1 0.808
4 0.561 0.822 0.018 0.024 0.56 0.81 0.558 0.812 0.554 0.812 0.552 0.814 0.552 0.826 0.554 0.828 0.554 0.83 0.556 0.832 0.564 0.832 0.568 0.828 0.568 0.818 0.566 0.816 0.566 0.814 0.564 0.812 0.562 0.812
4 0.598 0.905 0.032 0.03 0.594 0.89 0.592 0.892 0.59 0.892 0.588 0.894 0.586 0.894 0.584 0.896 0.584 0.898 0.582 0.9 0.582 0.902 0.584 0.904 0.584 0.912 0.586 0.914 0.586 0.916 0.588 0.918 0.6 0.918 0.602 0.916 0.606 0.916 0.608 0.914 0.61 0.914 0.612 0.912 0.612 0.902 0.61 0.9 0.61 0.896 0.608 0.894 0.608 0.892 0.606 0.89
5 0.466 0.304 0.016 0.02 0.462 0.294 0.458 0.298 0.458 0.31 0.46 0.312 0.468 0.312 0.472 0.308 0.472 0.296 0.47 0.294
7 0.465 0.027 0.01 0.01 0.46 0.022 0.46 0.03 0.468 0.03 0.468 0.022
7 0.515 0.513 0.006 0.006 0.512 0.51 0.512 0.514 0.516 0.514 0.516 0.51
7 0.432 0.536 0.012 0.012 0.43 0.53 0.426 0.534 0.426 0.538 0.428 0.54 0.434 0.54 0.436 0.538 0.436 0.536 0.434 0.534 0.434 0.532 0.432 0.532
7 0.54 0.549 0.016 0.014 0.534 0.542 0.532 0.544 0.532 0.554 0.542 0.554 0.544 0.552 0.546 0.552 0.546 0.546 0.544 0.544 0.542 0.544 0.54 0.542
2 0.557 0.216 0.05 0.076 0.554 0.178 0.552 0.18 0.548 0.18 0.546 0.182 0.542 0.182 0.54 0.184 0.536 0.184 0.534 0.186 0.532 0.186 0.532 0.188 0.534 0.19 0.534 0.196 0.536 0.198 0.536 0.206 0.538 0.208 0.538 0.214 0.54 0.216 0.54 0.222 0.542 0.224 0.542 0.23 0.544 0.232 0.544 0.24 0.546 0.242 0.546 0.248 0.548 0.25 0.548 0.252 0.55 0.252 0.552 0.25 0.558 0.25 0.56 0.248 0.568 0.248 0.57 0.246 0.576 0.246 0.578 0.244 0.58 0.244 0.578 0.242 0.578 0.238 0.576 0.236 0.576 0.232 0.574 0.23 0.574 0.228 0.572 0.226 0.572 0.222 0.57 0.22 0.57 0.218 0.568 0.216 0.568 0.212 0.566 0.21 0.566 0.206 0.564 0.204 0.564 0.202 0.562 0.2 0.562 0.196 0.56 0.194 0.56 0.192 0.558 0.19 0.558 0.186 0.556 0.184 0.556 0.18
7 0.01 0.822 0.02 0.064 0.002 0.79 0.002 0.792 0.0 0.794 0.0 0.796 0.002 0.798 0.002 0.814 0.004 0.816 0.004 0.824 0.006 0.826 0.006 0.834 0.008 0.836 0.008 0.842 0.01 0.844 0.01 0.848 0.012 0.85 0.012 0.852 0.016 0.852 0.018 0.85 0.018 0.84 0.016 0.838 0.016 0.798 0.014 0.796 0.014 0.792 0.012 0.792 0.01 0.79
7 0.082 0.86 0.016 0.012 0.078 0.854 0.074 0.858 0.074 0.864 0.082 0.864 0.084 0.862 0.086 0.862 0.088 0.86 0.086 0.858 0.086 0.856 0.084 0.854
7 0.087 0.864 0.034 0.036 0.098 0.846 0.096 0.848 0.092 0.848 0.088 0.852 0.082 0.852 0.08 0.854 0.076 0.854 0.074 0.856 0.074 0.858 0.072 0.86 0.072 0.872 0.07 0.874 0.07 0.878 0.072 0.88 0.078 0.88 0.08 0.878 0.082 0.878 0.084 0.876 0.084 0.874 0.082 0.874 0.08 0.872 0.082 0.87 0.084 0.87 0.088 0.866 0.088 0.864 0.092 0.86 0.094 0.86 0.094 0.858 0.1 0.852 0.102 0.852 0.102 0.846
5 0.536 0.774 0.032 0.028 0.54 0.76 0.538 0.762 0.534 0.762 0.532 0.764 0.528 0.764 0.526 0.766 0.524 0.766 0.52 0.77 0.52 0.782 0.524 0.786 0.532 0.786 0.534 0.784 0.538 0.784 0.54 0.782 0.544 0.782 0.546 0.78 0.548 0.78 0.55 0.778 0.55 0.772 0.548 0.77 0.548 0.768 0.546 0.766 0.546 0.764 0.544 0.762 0.542 0.762
5 0.026 0.812 0.016 0.024 0.02 0.8 0.018 0.802 0.018 0.82 0.02 0.822 0.024 0.822 0.026 0.82 0.028 0.82 0.03 0.818 0.032 0.818 0.032 0.804 0.028 0.8
5 0.054 0.93 0.024 0.024 0.048 0.918 0.046 0.92 0.044 0.92 0.042 0.922 0.042 0.926 0.044 0.928 0.044 0.932 0.046 0.934 0.046 0.938 0.048 0.938 0.05 0.94 0.056 0.94 0.058 0.938 0.06 0.938 0.062 0.936 0.062 0.934 0.064 0.932 0.062 0.93 0.062 0.928 0.06 0.926 0.06 0.922 0.056 0.918
5 0.595 0.992 0.034 0.016 0.594 0.984 0.592 0.986 0.582 0.986 0.578 0.99 0.578 0.998 0.61 0.998 0.61 0.994 0.608 0.992 0.608 0.99 0.606 0.99 0.602 0.986 0.598 0.986 0.596 0.984
7 0.081 0.877 0.022 0.014 0.078 0.87 0.076 0.872 0.074 0.872 0.072 0.874 0.07 0.874 0.07 0.882 0.076 0.882 0.078 0.88 0.084 0.88 0.086 0.878 0.088 0.878 0.088 0.876 0.09 0.874 0.09 0.87
4 0.071 0.943 0.014 0.018 0.064 0.934 0.064 0.944 0.066 0.946 0.066 0.948 0.068 0.95 0.072 0.95 0.076 0.946 0.076 0.942 0.074 0.94 0.074 0.938 0.07 0.934
5 0.468 0.55 0.032 0.024 0.468 0.538 0.466 0.54 0.464 0.54 0.462 0.542 0.458 0.542 0.456 0.544 0.454 0.544 0.454 0.546 0.452 0.548 0.454 0.55 0.454 0.554 0.456 0.556 0.456 0.558 0.458 0.56 0.468 0.56 0.47 0.558 0.472 0.558 0.474 0.556 0.476 0.556 0.478 0.554 0.48 0.554 0.482 0.552 0.482 0.546 0.476 0.54 0.474 0.54 0.472 0.538
7 0.04 0.91 0.036 0.136 0.024 0.842 0.022 0.844 0.022 0.85 0.024 0.852 0.024 0.858 0.026 0.86 0.026 0.872 0.028 0.874 0.028 0.886 0.03 0.888 0.03 0.9 0.032 0.902 0.032 0.916 0.034 0.918 0.034 0.924 0.036 0.926 0.036 0.934 0.038 0.936 0.038 0.944 0.04 0.946 0.04 0.958 0.042 0.96 0.042 0.962 0.044 0.962 0.048 0.966 0.048 0.97 0.05 0.972 0.05 0.974 0.052 0.976 0.056 0.976 0.056 0.964 0.054 0.964 0.054 0.966 0.052 0.968 0.05 0.966 0.05 0.962 0.048 0.96 0.048 0.948 0.046 0.946 0.046 0.938 0.044 0.936 0.044 0.93 0.042 0.928 0.042 0.922 0.04 0.92 0.04 0.906 0.038 0.904 0.038 0.888 0.036 0.886 0.036 0.868 0.034 0.866 0.034 0.856 0.032 0.854 0.032 0.844 0.03 0.842
