5 0.847 0.788 0.034 0.032 0.84 0.772 0.838 0.774 0.836 0.774 0.832 0.778 0.832 0.78 0.83 0.782 0.832 0.784 0.832 0.788 0.836 0.792 0.838 0.792 0.846 0.8 0.848 0.8 0.85 0.802 0.854 0.802 0.86 0.796 0.86 0.794 0.862 0.792 0.862 0.786 0.858 0.782 0.856 0.782 0.85 0.776 0.848 0.776 0.846 0.774 0.842 0.774
7 0.639 0.087 0.022 0.018 0.628 0.078 0.63 0.08 0.63 0.082 0.634 0.086 0.636 0.086 0.64 0.09 0.64 0.092 0.642 0.094 0.648 0.094 0.648 0.082 0.646 0.08 0.638 0.08 0.636 0.078
7 0.854 0.94 0.024 0.016 0.846 0.932 0.844 0.934 0.842 0.934 0.842 0.94 0.844 0.942 0.846 0.942 0.848 0.944 0.854 0.944 0.856 0.946 0.858 0.944 0.86 0.944 0.864 0.94 0.864 0.938 0.86 0.934 0.854 0.934 0.852 0.932
4 0.858 0.721 0.024 0.026 0.856 0.708 0.85 0.714 0.85 0.716 0.848 0.718 0.848 0.722 0.846 0.724 0.846 0.726 0.848 0.728 0.848 0.73 0.85 0.73 0.852 0.732 0.862 0.732 0.864 0.73 0.864 0.728 0.866 0.726 0.866 0.724 0.868 0.722 0.868 0.712 0.866 0.71 0.862 0.71 0.86 0.708
4 0.794 0.745 0.024 0.026 0.79 0.732 0.784 0.738 0.784 0.74 0.782 0.742 0.782 0.75 0.784 0.752 0.786 0.752 0.79 0.756 0.796 0.756 0.804 0.748 0.804 0.74 0.802 0.738 0.802 0.736 0.8 0.734 0.798 0.734 0.796 0.732
4 0.904 0.756 0.024 0.024 0.898 0.744 0.894 0.748 0.894 0.754 0.892 0.756 0.892 0.762 0.896 0.766 0.908 0.766 0.91 0.764 0.91 0.762 0.912 0.76 0.912 0.758 0.914 0.756 0.914 0.746 0.912 0.746 0.91 0.744
4 0.94 0.785 0.028 0.026 0.932 0.772 0.928 0.776 0.928 0.778 0.926 0.78 0.926 0.79 0.93 0.794 0.932 0.794 0.934 0.796 0.944 0.796 0.948 0.792 0.948 0.79 0.95 0.788 0.95 0.782 0.952 0.78 0.952 0.776 0.95 0.774 0.948 0.774 0.946 0.772
4 0.788 0.815 0.024 0.026 0.786 0.802 0.776 0.812 0.776 0.82 0.782 0.826 0.788 0.826 0.794 0.82 0.794 0.818 0.796 0.816 0.796 0.814 0.798 0.812 0.798 0.808 0.792 0.802
4 0.963 0.877 0.026 0.03 0.956 0.862 0.954 0.864 0.952 0.864 0.95 0.866 0.95 0.884 0.952 0.886 0.952 0.888 0.954 0.888 0.956 0.89 0.97 0.89 0.972 0.888 0.972 0.882 0.974 0.88 0.974 0.868 0.972 0.866 0.972 0.864 0.97 0.862
4 0.9 0.899 0.024 0.026 0.896 0.886 0.89 0.892 0.89 0.896 0.888 0.898 0.888 0.904 0.89 0.906 0.89 0.908 0.892 0.908 0.894 0.91 0.904 0.91 0.906 0.908 0.906 0.906 0.908 0.904 0.908 0.894 0.91 0.892 0.908 0.89 0.908 0.888 0.904 0.888 0.902 0.886
