7 0.94 0.334 0.02 0.02 0.93 0.324 0.93 0.326 0.932 0.328 0.932 0.33 0.938 0.336 0.938 0.338 0.942 0.342 0.944 0.342 0.946 0.34 0.946 0.338 0.948 0.336 0.944 0.332 0.944 0.33 0.938 0.324
7 0.686 0.091 0.016 0.018 0.682 0.082 0.678 0.086 0.678 0.092 0.68 0.094 0.68 0.096 0.682 0.096 0.684 0.098 0.686 0.098 0.69 0.094 0.69 0.092 0.692 0.09 0.692 0.086 0.69 0.084 0.69 0.082
3 0.407 0.355 0.082 0.078 0.394 0.316 0.392 0.318 0.388 0.318 0.386 0.32 0.384 0.32 0.382 0.322 0.378 0.322 0.376 0.324 0.374 0.324 0.372 0.326 0.368 0.326 0.366 0.328 0.368 0.33 0.368 0.334 0.37 0.336 0.37 0.338 0.372 0.34 0.372 0.342 0.374 0.344 0.374 0.348 0.376 0.35 0.376 0.352 0.378 0.354 0.378 0.356 0.38 0.358 0.38 0.362 0.382 0.364 0.382 0.366 0.384 0.368 0.384 0.37 0.386 0.372 0.386 0.376 0.388 0.378 0.388 0.38 0.39 0.382 0.39 0.384 0.392 0.386 0.392 0.39 0.394 0.392 0.396 0.39 0.4 0.39 0.402 0.388 0.406 0.388 0.408 0.386 0.412 0.386 0.414 0.384 0.418 0.384 0.42 0.382 0.424 0.382 0.428 0.378 0.428 0.374 0.43 0.372 0.43 0.37 0.432 0.368 0.432 0.364 0.434 0.362 0.434 0.36 0.436 0.358 0.436 0.354 0.438 0.352 0.438 0.35 0.44 0.348 0.44 0.344 0.442 0.342 0.442 0.34 0.444 0.338 0.444 0.334 0.446 0.332 0.444 0.332 0.442 0.33 0.438 0.33 0.436 0.328 0.432 0.328 0.43 0.326 0.426 0.326 0.424 0.324 0.418 0.324 0.416 0.322 0.412 0.322 0.41 0.32 0.406 0.32 0.404 0.318 0.4 0.318 0.398 0.316
7 0.725 0.99 0.042 0.02 0.718 0.98 0.716 0.982 0.714 0.982 0.712 0.984 0.71 0.984 0.708 0.986 0.708 0.988 0.706 0.99 0.706 0.992 0.704 0.994 0.704 0.998 0.744 0.998 0.744 0.994 0.742 0.992 0.742 0.99 0.74 0.988 0.74 0.984 0.736 0.98
7 0.697 0.994 0.022 0.012 0.694 0.988 0.692 0.99 0.688 0.99 0.688 0.992 0.686 0.994 0.686 0.996 0.688 0.998 0.704 0.998 0.704 0.996 0.706 0.994 0.706 0.99 0.702 0.99 0.7 0.988
7 0.3 0.033 0.072 0.058 0.314 0.004 0.312 0.006 0.312 0.014 0.314 0.016 0.312 0.018 0.312 0.02 0.308 0.024 0.306 0.024 0.304 0.026 0.302 0.026 0.3 0.028 0.298 0.028 0.296 0.03 0.292 0.03 0.29 0.032 0.288 0.032 0.284 0.036 0.282 0.036 0.276 0.042 0.276 0.044 0.27 0.05 0.264 0.05 0.27 0.05 0.274 0.054 0.274 0.056 0.278 0.052 0.278 0.05 0.282 0.046 0.29 0.046 0.292 0.044 0.294 0.044 0.298 0.04 0.3 0.04 0.302 0.038 0.304 0.038 0.306 0.036 0.308 0.036 0.314 0.03 0.32 0.03 0.322 0.028 0.328 0.028 0.33 0.026 0.332 0.026 0.334 0.024 0.334 0.022 0.332 0.02 0.332 0.018 0.33 0.016 0.33 0.008 0.328 0.006 0.322 0.006 0.32 0.004
7 0.267 0.034 0.018 0.028 0.26 0.02 0.26 0.022 0.258 0.024 0.258 0.042 0.262 0.046 0.264 0.044 0.268 0.044 0.272 0.04 0.272 0.038 0.274 0.036 0.274 0.028 0.272 0.026 0.272 0.022 0.27 0.02
7 0.696 0.948 0.02 0.016 0.692 0.94 0.69 0.942 0.688 0.942 0.688 0.944 0.686 0.946 0.686 0.948 0.688 0.95 0.688 0.952 0.69 0.952 0.692 0.954 0.696 0.954 0.698 0.952 0.7 0.952 0.704 0.948 0.704 0.944 0.7 0.94
7 0.123 0.953 0.014 0.022 0.12 0.942 0.118 0.944 0.116 0.944 0.116 0.956 0.118 0.958 0.118 0.96 0.12 0.96 0.122 0.962 0.124 0.96 0.126 0.96 0.126 0.954 0.128 0.952 0.128 0.948 0.126 0.946 0.126 0.944 0.124 0.944 0.122 0.942
7 0.11 0.945 0.016 0.022 0.104 0.934 0.104 0.936 0.102 0.938 0.102 0.946 0.104 0.948 0.104 0.95 0.106 0.952 0.108 0.952 0.11 0.954 0.112 0.952 0.114 0.952 0.114 0.95 0.116 0.948 0.116 0.942 0.112 0.938 0.112 0.936 0.11 0.934
3 0.172 0.768 0.088 0.08 0.182 0.73 0.18 0.732 0.178 0.732 0.176 0.734 0.166 0.734 0.164 0.736 0.154 0.736 0.144 0.746 0.144 0.748 0.138 0.754 0.138 0.756 0.132 0.762 0.132 0.764 0.128 0.768 0.128 0.78 0.15 0.802 0.152 0.802 0.154 0.804 0.156 0.804 0.158 0.806 0.16 0.804 0.172 0.804 0.174 0.802 0.178 0.802 0.18 0.8 0.184 0.8 0.186 0.798 0.196 0.798 0.198 0.796 0.204 0.796 0.206 0.794 0.212 0.794 0.214 0.792 0.214 0.782 0.212 0.78 0.212 0.772 0.21 0.77 0.21 0.75 0.208 0.748 0.208 0.734 0.206 0.736 0.202 0.736 0.2 0.734 0.2 0.732 0.198 0.73
7 0.556 0.645 0.028 0.026 0.56 0.632 0.558 0.634 0.556 0.634 0.554 0.636 0.55 0.636 0.546 0.64 0.544 0.64 0.542 0.642 0.542 0.644 0.544 0.646 0.544 0.648 0.548 0.648 0.556 0.656 0.56 0.656 0.568 0.648 0.568 0.634 0.566 0.634 0.564 0.632
7 0.844 0.387 0.008 0.01 0.84 0.382 0.84 0.39 0.846 0.39 0.846 0.382
7 0.379 0.385 0.014 0.01 0.372 0.38 0.372 0.384 0.376 0.388 0.384 0.388 0.384 0.382 0.382 0.38
7 0.35 0.383 0.012 0.014 0.344 0.376 0.344 0.388 0.352 0.388 0.354 0.386 0.354 0.382 0.35 0.378 0.348 0.378 0.346 0.376
4 0.909 0.019 0.014 0.018 0.904 0.01 0.902 0.012 0.902 0.024 0.904 0.026 0.912 0.026 0.912 0.024 0.914 0.022 0.914 0.014 0.912 0.012 0.912 0.01
4 0.445 0.416 0.018 0.024 0.44 0.404 0.438 0.406 0.436 0.406 0.436 0.414 0.438 0.416 0.438 0.426 0.446 0.426 0.448 0.424 0.45 0.424 0.452 0.422 0.452 0.418 0.45 0.416 0.45 0.412 0.448 0.41 0.448 0.408 0.444 0.404
4 0.986 0.467 0.012 0.014 0.986 0.46 0.984 0.462 0.98 0.462 0.98 0.47 0.982 0.47 0.984 0.472 0.988 0.472 0.99 0.47 0.99 0.462 0.988 0.462
7 0.98 0.331 0.02 0.026 0.98 0.318 0.978 0.32 0.974 0.32 0.97 0.324 0.97 0.33 0.972 0.332 0.972 0.336 0.976 0.34 0.98 0.34 0.982 0.342 0.984 0.342 0.988 0.338 0.988 0.322 0.986 0.32 0.986 0.318
5 0.685 0.04 0.022 0.02 0.688 0.03 0.686 0.032 0.684 0.032 0.682 0.034 0.68 0.034 0.678 0.036 0.676 0.036 0.674 0.038 0.678 0.042 0.678 0.044 0.682 0.048 0.684 0.046 0.686 0.046 0.69 0.042 0.692 0.042 0.694 0.04 0.692 0.038 0.692 0.036 0.69 0.034 0.69 0.032
7 0.365 0.145 0.018 0.022 0.36 0.134 0.356 0.138 0.356 0.142 0.36 0.146 0.362 0.146 0.368 0.152 0.368 0.154 0.37 0.154 0.372 0.152 0.372 0.14 0.368 0.136 0.366 0.136 0.364 0.134
7 0.365 0.142 0.018 0.012 0.358 0.136 0.356 0.138 0.356 0.142 0.358 0.144 0.36 0.144 0.362 0.146 0.37 0.146 0.37 0.144 0.372 0.142 0.37 0.14 0.37 0.138 0.368 0.136
7 0.771 0.133 0.014 0.014 0.764 0.126 0.764 0.134 0.766 0.136 0.768 0.136 0.77 0.138 0.772 0.136 0.774 0.136 0.776 0.134 0.776 0.13 0.772 0.126
4 0.536 0.955 0.024 0.026 0.528 0.942 0.524 0.946 0.524 0.956 0.526 0.958 0.526 0.962 0.528 0.964 0.528 0.966 0.536 0.966 0.536 0.964 0.538 0.962 0.538 0.958 0.54 0.956 0.542 0.956 0.544 0.954 0.544 0.952 0.542 0.95 0.542 0.946 0.54 0.946 0.536 0.942
7 0.268 0.057 0.012 0.01 0.262 0.052 0.262 0.054 0.264 0.056 0.264 0.058 0.266 0.06 0.268 0.06 0.27 0.058 0.272 0.058 0.272 0.054 0.27 0.052
4 0.378 0.724 0.028 0.028 0.376 0.71 0.374 0.712 0.37 0.712 0.368 0.714 0.364 0.714 0.364 0.718 0.366 0.72 0.366 0.728 0.368 0.73 0.368 0.734 0.37 0.736 0.384 0.736 0.386 0.734 0.388 0.734 0.39 0.732 0.39 0.73 0.388 0.728 0.388 0.722 0.386 0.72 0.386 0.716 0.384 0.714 0.384 0.712 0.382 0.71
4 0.497 0.724 0.014 0.016 0.492 0.716 0.49 0.718 0.49 0.726 0.494 0.73 0.498 0.73 0.5 0.728 0.502 0.728 0.502 0.72 0.5 0.718 0.5 0.716
4 0.397 0.814 0.026 0.028 0.398 0.8 0.396 0.802 0.39 0.802 0.388 0.804 0.386 0.804 0.384 0.806 0.384 0.814 0.386 0.816 0.386 0.822 0.39 0.826 0.402 0.826 0.404 0.824 0.406 0.824 0.408 0.822 0.408 0.81 0.406 0.808 0.406 0.806 0.404 0.804 0.404 0.802 0.402 0.8
4 0.192 0.846 0.024 0.02 0.188 0.836 0.186 0.838 0.184 0.838 0.18 0.842 0.18 0.85 0.182 0.852 0.182 0.854 0.19 0.854 0.192 0.852 0.198 0.852 0.202 0.848 0.202 0.836
4 0.778 0.946 0.016 0.02 0.778 0.936 0.776 0.938 0.774 0.938 0.77 0.942 0.77 0.95 0.772 0.952 0.772 0.954 0.782 0.954 0.784 0.952 0.784 0.942 0.782 0.94 0.782 0.938 0.78 0.938
4 0.379 0.978 0.022 0.028 0.38 0.964 0.376 0.968 0.374 0.968 0.372 0.97 0.372 0.972 0.37 0.974 0.37 0.976 0.368 0.978 0.368 0.982 0.372 0.986 0.374 0.986 0.376 0.988 0.38 0.988 0.382 0.99 0.386 0.99 0.388 0.988 0.388 0.972 0.386 0.97 0.386 0.968 0.384 0.966 0.382 0.966
4 0.45 0.961 0.02 0.022 0.446 0.95 0.444 0.952 0.442 0.952 0.44 0.954 0.44 0.966 0.444 0.97 0.45 0.97 0.452 0.968 0.454 0.968 0.454 0.966 0.456 0.964 0.456 0.962 0.458 0.96 0.458 0.954 0.454 0.95
0 0.054 0.986 0.044 0.028 0.06 0.972 0.058 0.974 0.048 0.974 0.046 0.976 0.038 0.976 0.036 0.978 0.034 0.978 0.034 0.98 0.032 0.982 0.034 0.984 0.034 0.99 0.036 0.992 0.036 0.998 0.074 0.998 0.074 0.994 0.072 0.992 0.072 0.984 0.07 0.982 0.07 0.978 0.068 0.976 0.068 0.974 0.066 0.974 0.064 0.972
5 0.335 0.349 0.022 0.014 0.336 0.342 0.334 0.344 0.33 0.344 0.328 0.346 0.326 0.346 0.324 0.348 0.324 0.35 0.326 0.352 0.326 0.354 0.338 0.354 0.34 0.352 0.342 0.352 0.342 0.35 0.344 0.348 0.344 0.346 0.342 0.344 0.338 0.344
5 0.388 0.54 0.012 0.012 0.386 0.534 0.382 0.538 0.382 0.544 0.386 0.544 0.388 0.542 0.39 0.542 0.392 0.54 0.392 0.536 0.39 0.534
5 0.347 0.554 0.014 0.016 0.348 0.546 0.346 0.548 0.34 0.548 0.34 0.554 0.342 0.556 0.342 0.558 0.344 0.56 0.348 0.56 0.352 0.556 0.352 0.548 0.35 0.548
5 0.074 0.83 0.02 0.016 0.07 0.822 0.068 0.824 0.066 0.824 0.066 0.826 0.064 0.828 0.064 0.83 0.066 0.832 0.066 0.834 0.068 0.836 0.08 0.836 0.08 0.832 0.082 0.83 0.082 0.828 0.08 0.826 0.08 0.822
5 0.052 0.896 0.016 0.028 0.048 0.882 0.046 0.884 0.044 0.884 0.044 0.9 0.05 0.906 0.052 0.906 0.054 0.908 0.056 0.908 0.058 0.906 0.058 0.898 0.056 0.896 0.056 0.894 0.058 0.892 0.056 0.89 0.056 0.886 0.054 0.884 0.05 0.884
7 0.18 0.067 0.008 0.014 0.176 0.06 0.176 0.07 0.178 0.07 0.18 0.072 0.182 0.07 0.182 0.062 0.18 0.06
4 0.402 0.044 0.012 0.012 0.4 0.038 0.396 0.042 0.396 0.046 0.398 0.048 0.404 0.048 0.406 0.046 0.406 0.044 0.404 0.042 0.404 0.04 0.402 0.038
5 0.561 0.99 0.034 0.02 0.546 0.98 0.544 0.982 0.544 0.992 0.548 0.996 0.548 0.998 0.574 0.998 0.574 0.992 0.576 0.99 0.574 0.988 0.574 0.986 0.568 0.98
3 0.51 0.327 0.092 0.086 0.528 0.284 0.526 0.286 0.52 0.286 0.518 0.288 0.512 0.288 0.51 0.29 0.506 0.29 0.504 0.292 0.498 0.292 0.496 0.294 0.49 0.294 0.488 0.296 0.486 0.296 0.484 0.298 0.484 0.3 0.482 0.302 0.482 0.304 0.48 0.306 0.48 0.308 0.478 0.31 0.478 0.312 0.476 0.314 0.476 0.316 0.474 0.318 0.474 0.32 0.472 0.322 0.472 0.324 0.47 0.326 0.47 0.328 0.468 0.33 0.468 0.332 0.466 0.334 0.466 0.336 0.464 0.338 0.466 0.34 0.468 0.34 0.472 0.344 0.474 0.344 0.476 0.346 0.478 0.346 0.482 0.35 0.484 0.35 0.486 0.352 0.488 0.352 0.492 0.356 0.494 0.356 0.496 0.358 0.498 0.358 0.502 0.362 0.504 0.362 0.506 0.364 0.508 0.364 0.512 0.368 0.514 0.368 0.518 0.364 0.52 0.364 0.524 0.36 0.526 0.36 0.53 0.356 0.532 0.356 0.536 0.352 0.538 0.352 0.542 0.348 0.544 0.348 0.548 0.344 0.55 0.344 0.554 0.34 0.552 0.338 0.552 0.334 0.55 0.332 0.55 0.33 0.548 0.328 0.548 0.326 0.546 0.324 0.546 0.32 0.544 0.318 0.544 0.316 0.542 0.314 0.542 0.31 0.54 0.308 0.54 0.306 0.538 0.304 0.538 0.3 0.536 0.298 0.536 0.296 0.534 0.294 0.534 0.292 0.532 0.29 0.532 0.286 0.53 0.284
