5 0.115 0.219 0.026 0.026 0.108 0.206 0.106 0.208 0.106 0.21 0.104 0.212 0.104 0.214 0.102 0.216 0.102 0.22 0.108 0.226 0.11 0.226 0.112 0.228 0.114 0.228 0.116 0.23 0.118 0.23 0.124 0.224 0.124 0.222 0.126 0.22 0.126 0.214 0.124 0.212 0.122 0.212 0.118 0.208 0.116 0.208 0.114 0.206
5 0.766 0.175 0.02 0.018 0.758 0.166 0.758 0.168 0.756 0.17 0.756 0.172 0.762 0.178 0.764 0.178 0.766 0.18 0.768 0.18 0.77 0.182 0.772 0.182 0.774 0.18 0.774 0.172 0.77 0.168 0.768 0.168 0.766 0.166
7 0.826 0.61 0.02 0.02 0.828 0.6 0.826 0.602 0.824 0.602 0.822 0.604 0.818 0.604 0.816 0.606 0.816 0.612 0.82 0.616 0.822 0.616 0.824 0.618 0.832 0.618 0.834 0.616 0.834 0.61 0.832 0.608 0.832 0.604 0.83 0.602 0.83 0.6
4 0.721 0.691 0.026 0.022 0.716 0.68 0.71 0.686 0.71 0.688 0.708 0.69 0.708 0.692 0.71 0.694 0.71 0.698 0.712 0.7 0.716 0.7 0.718 0.698 0.72 0.698 0.722 0.696 0.728 0.696 0.732 0.692 0.73 0.69 0.73 0.688 0.728 0.688 0.726 0.686 0.726 0.684 0.722 0.68
5 0.702 0.699 0.016 0.018 0.698 0.69 0.694 0.694 0.694 0.702 0.698 0.706 0.702 0.706 0.704 0.704 0.706 0.704 0.708 0.702 0.708 0.694 0.706 0.692 0.704 0.692 0.702 0.69
0 0.723 0.872 0.074 0.06 0.7 0.842 0.698 0.844 0.698 0.846 0.696 0.848 0.696 0.85 0.694 0.852 0.694 0.856 0.692 0.858 0.692 0.86 0.69 0.862 0.69 0.864 0.688 0.866 0.688 0.868 0.686 0.87 0.688 0.872 0.69 0.872 0.692 0.874 0.694 0.874 0.696 0.876 0.698 0.876 0.7 0.878 0.702 0.878 0.704 0.88 0.706 0.88 0.708 0.882 0.71 0.882 0.712 0.884 0.716 0.884 0.718 0.886 0.72 0.886 0.722 0.888 0.724 0.888 0.726 0.89 0.728 0.89 0.73 0.892 0.732 0.892 0.734 0.894 0.736 0.894 0.738 0.896 0.74 0.896 0.742 0.898 0.744 0.898 0.746 0.9 0.748 0.898 0.748 0.896 0.75 0.894 0.75 0.892 0.752 0.89 0.752 0.886 0.754 0.884 0.754 0.882 0.756 0.88 0.756 0.878 0.758 0.876 0.756 0.874 0.754 0.874 0.75 0.87 0.748 0.87 0.746 0.868 0.744 0.868 0.742 0.866 0.74 0.866 0.736 0.862 0.734 0.862 0.732 0.86 0.73 0.86 0.728 0.858 0.726 0.858 0.724 0.856 0.722 0.856 0.718 0.852 0.716 0.852 0.714 0.85 0.712 0.85 0.71 0.848 0.708 0.848 0.704 0.844 0.702 0.844
7 0.964 0.229 0.012 0.014 0.958 0.222 0.958 0.232 0.96 0.234 0.966 0.234 0.968 0.232 0.968 0.224 0.966 0.224 0.964 0.222
7 0.758 0.152 0.016 0.016 0.754 0.144 0.752 0.146 0.752 0.148 0.75 0.15 0.75 0.152 0.754 0.156 0.756 0.156 0.758 0.158 0.76 0.158 0.76 0.156 0.762 0.154 0.762 0.152 0.764 0.15 0.764 0.146 0.762 0.146 0.76 0.144
7 0.592 0.151 0.016 0.014 0.588 0.144 0.584 0.148 0.584 0.154 0.586 0.154 0.588 0.156 0.59 0.156 0.592 0.154 0.594 0.154 0.598 0.15 0.598 0.146 0.596 0.144
7 0.562 0.051 0.028 0.034 0.564 0.034 0.562 0.036 0.562 0.038 0.558 0.042 0.554 0.042 0.548 0.048 0.548 0.054 0.554 0.06 0.556 0.06 0.562 0.066 0.566 0.066 0.568 0.064 0.568 0.062 0.57 0.06 0.57 0.058 0.572 0.056 0.572 0.042 0.574 0.04 0.574 0.034
5 0.518 0.504 0.024 0.024 0.516 0.492 0.514 0.494 0.514 0.496 0.508 0.502 0.508 0.504 0.506 0.506 0.506 0.508 0.508 0.51 0.51 0.51 0.512 0.512 0.514 0.512 0.516 0.514 0.522 0.514 0.526 0.51 0.526 0.508 0.528 0.506 0.528 0.496 0.526 0.494 0.522 0.494 0.52 0.492
7 0.532 0.468 0.012 0.012 0.528 0.462 0.528 0.464 0.526 0.466 0.528 0.468 0.528 0.47 0.53 0.472 0.532 0.472 0.536 0.468 0.536 0.466 0.532 0.462
5 0.561 0.056 0.022 0.024 0.556 0.044 0.554 0.046 0.552 0.046 0.55 0.048 0.55 0.054 0.552 0.056 0.552 0.058 0.554 0.058 0.56 0.064 0.562 0.064 0.564 0.066 0.566 0.064 0.568 0.064 0.568 0.06 0.57 0.058 0.57 0.052 0.568 0.05 0.568 0.048 0.566 0.048 0.564 0.046 0.558 0.046
4 0.471 0.541 0.018 0.022 0.468 0.53 0.468 0.532 0.464 0.536 0.464 0.54 0.462 0.542 0.462 0.546 0.464 0.548 0.466 0.548 0.468 0.55 0.47 0.55 0.476 0.544 0.476 0.542 0.478 0.54 0.478 0.53
4 0.557 0.447 0.018 0.022 0.556 0.436 0.554 0.438 0.552 0.438 0.55 0.44 0.55 0.444 0.548 0.446 0.548 0.45 0.554 0.456 0.556 0.456 0.558 0.454 0.56 0.454 0.56 0.452 0.562 0.45 0.562 0.446 0.564 0.444 0.564 0.44 0.562 0.438 0.56 0.438 0.558 0.436
4 0.067 0.431 0.018 0.022 0.064 0.42 0.062 0.422 0.062 0.424 0.06 0.426 0.06 0.43 0.058 0.432 0.058 0.436 0.062 0.44 0.072 0.44 0.072 0.438 0.074 0.436 0.074 0.424 0.072 0.422 0.07 0.422 0.068 0.42
4 0.087 0.406 0.018 0.016 0.084 0.398 0.082 0.4 0.08 0.4 0.08 0.402 0.078 0.404 0.078 0.408 0.082 0.412 0.086 0.412 0.094 0.404 0.094 0.4 0.092 0.398
3 0.812 0.047 0.1 0.094 0.792 0.0 0.788 0.004 0.788 0.006 0.786 0.008 0.786 0.01 0.782 0.014 0.782 0.016 0.78 0.018 0.78 0.02 0.778 0.022 0.778 0.024 0.774 0.028 0.774 0.032 0.772 0.034 0.772 0.036 0.77 0.038 0.77 0.04 0.768 0.042 0.768 0.044 0.766 0.046 0.766 0.048 0.764 0.05 0.764 0.052 0.762 0.054 0.762 0.062 0.764 0.064 0.766 0.064 0.768 0.066 0.77 0.066 0.772 0.068 0.776 0.068 0.778 0.07 0.782 0.07 0.784 0.072 0.788 0.072 0.79 0.074 0.794 0.074 0.796 0.076 0.798 0.076 0.8 0.078 0.802 0.078 0.804 0.08 0.806 0.08 0.81 0.084 0.814 0.084 0.816 0.086 0.818 0.086 0.822 0.09 0.826 0.09 0.828 0.092 0.832 0.092 0.836 0.088 0.836 0.086 0.838 0.084 0.838 0.082 0.84 0.08 0.84 0.076 0.842 0.074 0.842 0.072 0.844 0.07 0.844 0.068 0.846 0.066 0.846 0.064 0.848 0.062 0.848 0.06 0.85 0.058 0.85 0.056 0.852 0.054 0.852 0.052 0.854 0.05 0.854 0.048 0.856 0.046 0.856 0.042 0.858 0.04 0.858 0.038 0.86 0.036 0.858 0.034 0.858 0.032 0.856 0.03 0.854 0.03 0.85 0.026 0.848 0.026 0.846 0.024 0.844 0.024 0.842 0.022 0.84 0.022 0.836 0.018 0.834 0.018 0.832 0.016 0.83 0.016 0.828 0.014 0.826 0.014 0.824 0.012 0.822 0.012 0.82 0.01 0.818 0.01 0.814 0.006 0.812 0.006 0.81 0.004 0.808 0.004 0.806 0.002 0.804 0.002 0.802 0.0
3 0.514 0.037 0.076 0.074 0.496 0.0 0.496 0.004 0.492 0.008 0.492 0.01 0.49 0.012 0.49 0.016 0.488 0.018 0.488 0.02 0.486 0.022 0.486 0.024 0.484 0.026 0.484 0.028 0.482 0.03 0.482 0.032 0.48 0.034 0.48 0.038 0.478 0.04 0.478 0.042 0.476 0.044 0.476 0.05 0.48 0.054 0.482 0.054 0.484 0.056 0.488 0.056 0.49 0.058 0.492 0.058 0.494 0.06 0.496 0.06 0.498 0.062 0.5 0.062 0.502 0.064 0.504 0.064 0.506 0.066 0.508 0.066 0.51 0.068 0.512 0.068 0.514 0.07 0.516 0.07 0.518 0.072 0.522 0.072 0.524 0.07 0.524 0.068 0.528 0.064 0.528 0.06 0.532 0.056 0.532 0.054 0.534 0.052 0.534 0.05 0.536 0.048 0.536 0.046 0.538 0.044 0.538 0.042 0.54 0.04 0.54 0.038 0.542 0.036 0.542 0.034 0.544 0.032 0.544 0.03 0.546 0.028 0.546 0.026 0.548 0.024 0.548 0.022 0.55 0.02 0.55 0.014 0.548 0.012 0.546 0.012 0.542 0.008 0.54 0.008 0.538 0.006 0.536 0.006 0.532 0.002 0.53 0.002 0.528 0.0
