3 0.018 0.587 0.036 0.066 0.0 0.554 0.0 0.612 0.004 0.612 0.006 0.614 0.016 0.614 0.018 0.616 0.028 0.616 0.03 0.618 0.034 0.618 0.032 0.616 0.032 0.612 0.03 0.61 0.03 0.606 0.028 0.604 0.028 0.6 0.026 0.598 0.026 0.594 0.024 0.592 0.024 0.588 0.022 0.586 0.022 0.582 0.02 0.58 0.02 0.576 0.018 0.574 0.018 0.572 0.012 0.566 0.012 0.564 0.008 0.56 0.008 0.558 0.004 0.554
5 0.27 0.152 0.024 0.024 0.26 0.14 0.258 0.142 0.258 0.152 0.266 0.16 0.268 0.16 0.27 0.162 0.272 0.16 0.274 0.16 0.276 0.158 0.276 0.156 0.278 0.154 0.278 0.146 0.28 0.144 0.28 0.142 0.276 0.142 0.274 0.14
4 0.239 0.961 0.022 0.022 0.232 0.95 0.23 0.952 0.23 0.954 0.228 0.956 0.228 0.96 0.23 0.962 0.23 0.964 0.232 0.966 0.234 0.966 0.236 0.968 0.238 0.968 0.24 0.97 0.246 0.97 0.248 0.968 0.248 0.96 0.246 0.958 0.246 0.956 0.24 0.95
7 0.27 0.198 0.02 0.02 0.272 0.188 0.27 0.19 0.266 0.19 0.262 0.194 0.262 0.198 0.26 0.2 0.262 0.202 0.262 0.204 0.264 0.206 0.268 0.206 0.27 0.204 0.276 0.204 0.276 0.202 0.278 0.2 0.278 0.192 0.274 0.188
4 0.048 0.714 0.02 0.02 0.042 0.704 0.038 0.708 0.038 0.714 0.04 0.716 0.04 0.718 0.042 0.718 0.044 0.72 0.046 0.72 0.048 0.722 0.05 0.72 0.052 0.72 0.056 0.716 0.056 0.714 0.054 0.712 0.054 0.71 0.052 0.708 0.05 0.708 0.046 0.704
4 0.202 0.199 0.028 0.026 0.196 0.186 0.192 0.19 0.192 0.192 0.19 0.194 0.19 0.198 0.188 0.2 0.19 0.202 0.19 0.204 0.194 0.208 0.198 0.208 0.2 0.21 0.202 0.21 0.204 0.208 0.206 0.208 0.208 0.206 0.21 0.206 0.212 0.204 0.212 0.198 0.214 0.196 0.212 0.194 0.212 0.192 0.208 0.188 0.206 0.188 0.204 0.186
3 0.376 0.055 0.16 0.098 0.3 0.006 0.298 0.008 0.296 0.008 0.296 0.012 0.298 0.014 0.298 0.038 0.3 0.04 0.3 0.062 0.302 0.064 0.302 0.082 0.304 0.084 0.304 0.098 0.308 0.102 0.32 0.102 0.322 0.1 0.346 0.1 0.348 0.098 0.366 0.098 0.368 0.096 0.38 0.096 0.382 0.094 0.398 0.094 0.4 0.092 0.414 0.092 0.416 0.09 0.426 0.09 0.428 0.088 0.43 0.088 0.438 0.08 0.44 0.08 0.444 0.076 0.444 0.074 0.454 0.064 0.454 0.06 0.448 0.054 0.446 0.054 0.434 0.042 0.432 0.042 0.424 0.034 0.422 0.034 0.414 0.026 0.412 0.026 0.404 0.018 0.402 0.018 0.398 0.014 0.398 0.012 0.396 0.01 0.394 0.01 0.392 0.008 0.318 0.008 0.316 0.006
2 0.458 0.845 0.12 0.11 0.42 0.79 0.414 0.796 0.414 0.798 0.412 0.8 0.412 0.802 0.408 0.806 0.408 0.808 0.404 0.812 0.404 0.814 0.398 0.82 0.398 0.824 0.4 0.826 0.402 0.826 0.41 0.834 0.412 0.834 0.42 0.842 0.422 0.842 0.436 0.856 0.438 0.856 0.444 0.862 0.446 0.862 0.454 0.87 0.456 0.87 0.464 0.878 0.466 0.878 0.476 0.888 0.478 0.888 0.488 0.898 0.492 0.898 0.496 0.894 0.496 0.892 0.51 0.878 0.51 0.876 0.512 0.874 0.512 0.872 0.514 0.87 0.514 0.866 0.516 0.864 0.514 0.862 0.514 0.86 0.512 0.86 0.506 0.854 0.504 0.854 0.496 0.846 0.494 0.846 0.484 0.836 0.482 0.836 0.476 0.83 0.474 0.83 0.466 0.822 0.464 0.822 0.456 0.814 0.454 0.814 0.444 0.804 0.442 0.804 0.434 0.796 0.432 0.796 0.428 0.792 0.426 0.792 0.424 0.79
1 0.479 0.558 0.242 0.2 0.418 0.458 0.388 0.488 0.386 0.488 0.36 0.514 0.36 0.516 0.368 0.524 0.37 0.524 0.378 0.532 0.38 0.532 0.39 0.542 0.392 0.542 0.402 0.552 0.404 0.552 0.414 0.562 0.416 0.562 0.424 0.57 0.426 0.57 0.436 0.58 0.438 0.58 0.448 0.59 0.45 0.59 0.46 0.6 0.462 0.6 0.47 0.608 0.472 0.608 0.482 0.618 0.484 0.618 0.494 0.628 0.496 0.628 0.506 0.638 0.508 0.638 0.516 0.646 0.518 0.646 0.528 0.656 0.53 0.656 0.536 0.65 0.538 0.65 0.546 0.642 0.548 0.642 0.554 0.636 0.556 0.636 0.564 0.628 0.566 0.628 0.572 0.622 0.574 0.622 0.58 0.616 0.582 0.616 0.59 0.608 0.592 0.608 0.596 0.604 0.596 0.602 0.59 0.596 0.588 0.596 0.578 0.586 0.576 0.586 0.568 0.578 0.566 0.578 0.558 0.57 0.556 0.57 0.548 0.562 0.546 0.562 0.536 0.552 0.534 0.552 0.526 0.544 0.524 0.544 0.516 0.536 0.514 0.536 0.504 0.526 0.502 0.526 0.494 0.518 0.492 0.518 0.484 0.51 0.482 0.51 0.474 0.502 0.472 0.502 0.462 0.492 0.46 0.492 0.452 0.484 0.45 0.484 0.442 0.476 0.44 0.476 0.43 0.466 0.428 0.466 0.42 0.458
3 0.204 0.218 0.164 0.156 0.244 0.14 0.242 0.142 0.198 0.142 0.196 0.144 0.138 0.144 0.134 0.148 0.134 0.15 0.132 0.152 0.132 0.154 0.13 0.156 0.13 0.158 0.128 0.16 0.128 0.162 0.124 0.166 0.124 0.168 0.122 0.17 0.124 0.172 0.124 0.174 0.128 0.178 0.13 0.178 0.132 0.18 0.132 0.182 0.134 0.182 0.14 0.188 0.142 0.188 0.154 0.2 0.156 0.2 0.168 0.212 0.17 0.212 0.18 0.222 0.182 0.222 0.214 0.254 0.214 0.256 0.216 0.256 0.222 0.262 0.224 0.262 0.228 0.266 0.23 0.266 0.232 0.268 0.234 0.268 0.242 0.276 0.244 0.276 0.26 0.292 0.262 0.292 0.264 0.294 0.266 0.292 0.27 0.292 0.274 0.288 0.276 0.288 0.28 0.284 0.28 0.282 0.282 0.28 0.282 0.274 0.284 0.272 0.284 0.268 0.282 0.266 0.282 0.214 0.28 0.212 0.28 0.2 0.278 0.202 0.278 0.204 0.276 0.206 0.27 0.206 0.268 0.208 0.264 0.208 0.26 0.204 0.26 0.202 0.258 0.2 0.26 0.198 0.26 0.194 0.266 0.188 0.27 0.188 0.272 0.186 0.274 0.186 0.278 0.19 0.278 0.158 0.274 0.162 0.272 0.162 0.27 0.164 0.268 0.162 0.266 0.162 0.256 0.152 0.256 0.142 0.258 0.14
5 0.297 0.99 0.022 0.02 0.292 0.98 0.29 0.982 0.29 0.984 0.288 0.986 0.288 0.99 0.286 0.992 0.286 0.998 0.302 0.998 0.302 0.996 0.304 0.994 0.304 0.992 0.306 0.99 0.304 0.988 0.304 0.984 0.3 0.98
