7 0.547 0.542 0.026 0.016 0.544 0.534 0.54 0.538 0.536 0.538 0.534 0.54 0.534 0.548 0.556 0.548 0.558 0.546 0.558 0.542 0.556 0.54 0.556 0.538 0.554 0.538 0.552 0.536 0.548 0.536 0.546 0.534
7 0.189 0.063 0.022 0.018 0.19 0.054 0.186 0.058 0.184 0.058 0.178 0.064 0.178 0.066 0.18 0.068 0.182 0.068 0.184 0.07 0.186 0.068 0.19 0.068 0.196 0.062 0.196 0.058 0.198 0.056 0.196 0.054
7 0.118 0.015 0.016 0.01 0.112 0.01 0.11 0.012 0.11 0.016 0.112 0.018 0.122 0.018 0.124 0.016 0.124 0.014 0.122 0.012 0.122 0.01
3 0.23 0.006 0.044 0.012 0.208 0.0 0.212 0.0 0.214 0.002 0.218 0.002 0.22 0.004 0.224 0.004 0.226 0.006 0.23 0.006 0.232 0.008 0.238 0.008 0.24 0.01 0.25 0.01 0.25 0.0
3 0.302 0.936 0.048 0.08 0.292 0.898 0.292 0.9 0.29 0.902 0.29 0.912 0.288 0.914 0.288 0.924 0.286 0.926 0.286 0.934 0.284 0.936 0.284 0.946 0.282 0.948 0.282 0.958 0.28 0.96 0.28 0.968 0.278 0.97 0.278 0.972 0.28 0.972 0.284 0.968 0.286 0.968 0.292 0.962 0.294 0.962 0.298 0.958 0.3 0.958 0.306 0.952 0.308 0.952 0.312 0.948 0.314 0.948 0.32 0.942 0.322 0.942 0.322 0.938 0.316 0.932 0.316 0.93 0.31 0.924 0.31 0.922 0.304 0.916 0.304 0.914 0.3 0.91 0.3 0.908 0.294 0.902 0.294 0.9
3 0.548 0.597 0.18 0.054 0.47 0.57 0.47 0.574 0.468 0.576 0.468 0.582 0.466 0.584 0.466 0.59 0.464 0.592 0.464 0.598 0.462 0.6 0.462 0.608 0.46 0.61 0.46 0.616 0.458 0.618 0.512 0.618 0.514 0.62 0.602 0.62 0.604 0.622 0.636 0.622 0.636 0.62 0.634 0.618 0.634 0.61 0.632 0.608 0.632 0.6 0.63 0.598 0.63 0.59 0.628 0.588 0.628 0.582 0.626 0.58 0.626 0.576 0.594 0.576 0.592 0.574 0.542 0.574 0.54 0.572 0.488 0.572 0.486 0.57
7 0.651 0.605 0.014 0.014 0.648 0.598 0.646 0.6 0.644 0.6 0.644 0.61 0.652 0.61 0.656 0.606 0.656 0.602 0.652 0.598
7 0.502 0.598 0.016 0.016 0.5 0.59 0.498 0.592 0.496 0.592 0.496 0.594 0.494 0.596 0.494 0.598 0.496 0.6 0.496 0.602 0.498 0.604 0.504 0.604 0.506 0.602 0.506 0.598 0.508 0.596 0.508 0.594 0.504 0.59
3 0.449 0.958 0.058 0.084 0.47 0.916 0.468 0.918 0.466 0.918 0.464 0.92 0.462 0.92 0.456 0.926 0.454 0.926 0.448 0.932 0.446 0.932 0.432 0.946 0.43 0.946 0.43 0.948 0.428 0.95 0.426 0.95 0.424 0.952 0.424 0.954 0.42 0.958 0.42 0.964 0.422 0.966 0.424 0.966 0.44 0.982 0.442 0.982 0.446 0.986 0.446 0.988 0.456 0.998 0.462 0.998 0.462 0.994 0.464 0.992 0.464 0.982 0.466 0.98 0.466 0.962 0.468 0.96 0.468 0.958 0.47 0.956 0.47 0.95 0.472 0.948 0.472 0.944 0.474 0.942 0.474 0.928 0.476 0.926 0.476 0.922 0.472 0.918 0.472 0.916
3 0.552 0.484 0.168 0.112 0.48 0.428 0.478 0.43 0.478 0.438 0.476 0.44 0.476 0.472 0.474 0.474 0.474 0.486 0.472 0.488 0.472 0.512 0.47 0.514 0.47 0.526 0.468 0.528 0.47 0.53 0.47 0.532 0.48 0.532 0.482 0.534 0.488 0.534 0.49 0.536 0.514 0.536 0.516 0.538 0.538 0.538 0.54 0.536 0.544 0.536 0.546 0.534 0.552 0.534 0.556 0.538 0.562 0.538 0.564 0.536 0.566 0.538 0.586 0.538 0.588 0.536 0.606 0.536 0.608 0.534 0.626 0.534 0.626 0.53 0.628 0.528 0.628 0.508 0.63 0.506 0.63 0.48 0.632 0.478 0.632 0.446 0.634 0.444 0.634 0.434 0.632 0.432 0.628 0.432 0.626 0.43 0.554 0.43 0.552 0.428
7 0.39 0.865 0.012 0.01 0.384 0.86 0.384 0.866 0.388 0.866 0.39 0.868 0.392 0.868 0.394 0.866 0.394 0.864 0.39 0.86
