4 0.445 0.795 0.018 0.022 0.436 0.784 0.436 0.796 0.438 0.798 0.438 0.8 0.44 0.802 0.44 0.804 0.448 0.804 0.45 0.802 0.45 0.792 0.452 0.79 0.45 0.788 0.45 0.786 0.448 0.784
5 0.139 0.739 0.026 0.022 0.128 0.728 0.126 0.73 0.126 0.742 0.128 0.744 0.128 0.746 0.13 0.746 0.132 0.748 0.146 0.748 0.148 0.746 0.148 0.744 0.15 0.742 0.15 0.73 0.148 0.73 0.146 0.728
5 0.286 0.77 0.024 0.02 0.288 0.76 0.286 0.762 0.282 0.762 0.278 0.766 0.276 0.766 0.274 0.768 0.274 0.77 0.276 0.772 0.276 0.774 0.28 0.778 0.288 0.778 0.29 0.776 0.292 0.776 0.296 0.772 0.296 0.766 0.294 0.764 0.294 0.762 0.292 0.762 0.29 0.76
7 0.155 0.462 0.022 0.02 0.146 0.452 0.144 0.454 0.144 0.46 0.146 0.462 0.148 0.462 0.156 0.47 0.162 0.47 0.162 0.468 0.164 0.466 0.164 0.462 0.154 0.452
1 0.104 0.794 0.208 0.1 0.004 0.744 0.004 0.746 0.002 0.748 0.002 0.774 0.0 0.776 0.0 0.822 0.006 0.822 0.008 0.824 0.018 0.824 0.02 0.826 0.032 0.826 0.034 0.828 0.046 0.828 0.048 0.83 0.06 0.83 0.062 0.832 0.086 0.832 0.088 0.834 0.108 0.834 0.11 0.836 0.13 0.836 0.132 0.838 0.16 0.838 0.162 0.84 0.168 0.84 0.17 0.842 0.184 0.842 0.186 0.84 0.196 0.84 0.2 0.836 0.2 0.816 0.202 0.814 0.202 0.804 0.204 0.802 0.204 0.788 0.206 0.786 0.206 0.77 0.204 0.768 0.204 0.766 0.2 0.766 0.198 0.764 0.19 0.764 0.188 0.762 0.17 0.762 0.168 0.76 0.154 0.76 0.152 0.758 0.142 0.758 0.14 0.756 0.12 0.756 0.118 0.754 0.104 0.754 0.102 0.752 0.084 0.752 0.082 0.75 0.066 0.75 0.064 0.748 0.052 0.748 0.05 0.746 0.026 0.746 0.024 0.744
6 0.525 0.708 0.222 0.084 0.416 0.666 0.414 0.668 0.414 0.716 0.416 0.718 0.416 0.728 0.418 0.728 0.42 0.73 0.614 0.73 0.616 0.732 0.618 0.732 0.62 0.734 0.62 0.736 0.622 0.738 0.622 0.742 0.624 0.744 0.624 0.748 0.634 0.748 0.634 0.69 0.632 0.688 0.632 0.67 0.63 0.668 0.61 0.668 0.608 0.666
3 0.923 0.956 0.094 0.088 0.95 0.912 0.948 0.914 0.924 0.914 0.922 0.916 0.88 0.916 0.876 0.92 0.876 0.978 0.878 0.98 0.878 0.984 0.88 0.986 0.88 0.994 0.882 0.996 0.882 0.998 0.968 0.998 0.968 0.914 0.966 0.912
4 0.187 0.567 0.018 0.018 0.178 0.558 0.178 0.572 0.18 0.574 0.192 0.574 0.192 0.57 0.194 0.568 0.194 0.562 0.19 0.558
4 0.18 0.637 0.024 0.026 0.172 0.624 0.17 0.626 0.17 0.638 0.168 0.64 0.168 0.644 0.17 0.646 0.174 0.646 0.176 0.648 0.186 0.648 0.188 0.646 0.188 0.644 0.19 0.642 0.19 0.628 0.188 0.626 0.182 0.626 0.18 0.624
4 0.562 0.823 0.024 0.018 0.552 0.814 0.55 0.816 0.55 0.82 0.552 0.822 0.552 0.824 0.558 0.83 0.572 0.83 0.572 0.816 0.57 0.816 0.568 0.814
4 0.562 0.867 0.024 0.018 0.55 0.858 0.55 0.87 0.552 0.872 0.558 0.872 0.56 0.874 0.572 0.874 0.572 0.858
6 0.887 0.477 0.078 0.142 0.854 0.406 0.852 0.408 0.85 0.408 0.85 0.41 0.848 0.412 0.848 0.544 0.85 0.546 0.88 0.546 0.882 0.544 0.912 0.544 0.914 0.542 0.92 0.542 0.92 0.536 0.922 0.534 0.922 0.488 0.924 0.486 0.924 0.484 0.922 0.482 0.922 0.472 0.924 0.47 0.924 0.468 0.922 0.466 0.922 0.408 0.894 0.408 0.892 0.406 0.89 0.408 0.888 0.408 0.886 0.406
6 0.149 0.424 0.13 0.044 0.088 0.402 0.086 0.404 0.086 0.414 0.084 0.416 0.084 0.428 0.086 0.43 0.086 0.432 0.13 0.432 0.132 0.43 0.134 0.43 0.136 0.428 0.144 0.428 0.146 0.43 0.15 0.43 0.152 0.432 0.16 0.432 0.162 0.434 0.164 0.434 0.166 0.436 0.174 0.436 0.176 0.438 0.182 0.438 0.184 0.44 0.188 0.44 0.19 0.442 0.194 0.442 0.196 0.444 0.206 0.444 0.208 0.442 0.208 0.438 0.21 0.436 0.21 0.432 0.212 0.43 0.212 0.418 0.21 0.416 0.208 0.416 0.206 0.414 0.202 0.414 0.2 0.412 0.192 0.412 0.19 0.41 0.17 0.41 0.168 0.408 0.144 0.408 0.142 0.406 0.14 0.406 0.138 0.404 0.136 0.404 0.134 0.402
6 0.363 0.452 0.178 0.068 0.278 0.418 0.274 0.422 0.274 0.46 0.276 0.46 0.278 0.462 0.286 0.462 0.288 0.464 0.298 0.464 0.3 0.466 0.314 0.466 0.316 0.468 0.33 0.468 0.332 0.47 0.34 0.47 0.342 0.472 0.354 0.472 0.356 0.474 0.366 0.474 0.368 0.476 0.376 0.476 0.378 0.478 0.394 0.478 0.396 0.48 0.428 0.48 0.43 0.482 0.438 0.482 0.44 0.484 0.446 0.484 0.446 0.482 0.448 0.48 0.448 0.456 0.45 0.454 0.45 0.436 0.446 0.436 0.444 0.434 0.428 0.434 0.426 0.432 0.414 0.432 0.412 0.43 0.39 0.43 0.388 0.428 0.386 0.428 0.384 0.426 0.36 0.426 0.358 0.424 0.33 0.424 0.328 0.422 0.304 0.422 0.302 0.42 0.292 0.42 0.29 0.418
