7 0.853 0.814 0.014 0.012 0.85 0.808 0.848 0.81 0.846 0.81 0.846 0.816 0.848 0.818 0.856 0.818 0.858 0.816 0.858 0.81 0.856 0.81 0.854 0.808
4 0.81 0.031 0.016 0.014 0.806 0.024 0.804 0.026 0.804 0.028 0.802 0.03 0.802 0.032 0.806 0.036 0.812 0.036 0.816 0.032 0.816 0.026 0.814 0.024
7 0.552 0.615 0.008 0.01 0.548 0.61 0.548 0.616 0.55 0.618 0.554 0.618 0.554 0.61
7 0.519 0.642 0.022 0.028 0.522 0.628 0.52 0.63 0.52 0.632 0.514 0.638 0.508 0.638 0.508 0.64 0.51 0.642 0.51 0.646 0.512 0.648 0.512 0.652 0.514 0.654 0.52 0.654 0.522 0.652 0.522 0.648 0.524 0.646 0.524 0.644 0.526 0.642 0.526 0.636 0.528 0.634 0.528 0.63 0.526 0.628
7 0.511 0.654 0.038 0.052 0.522 0.628 0.518 0.632 0.518 0.634 0.514 0.638 0.51 0.638 0.508 0.636 0.504 0.636 0.502 0.638 0.502 0.64 0.5 0.642 0.5 0.65 0.502 0.652 0.504 0.652 0.506 0.654 0.506 0.658 0.504 0.66 0.5 0.66 0.498 0.658 0.498 0.66 0.494 0.664 0.494 0.668 0.492 0.67 0.494 0.672 0.494 0.674 0.498 0.674 0.5 0.676 0.506 0.676 0.508 0.678 0.516 0.678 0.518 0.676 0.518 0.672 0.52 0.67 0.52 0.668 0.522 0.666 0.522 0.646 0.524 0.644 0.524 0.638 0.526 0.636 0.526 0.634 0.528 0.632 0.528 0.63 0.526 0.628
4 0.798 0.065 0.016 0.014 0.792 0.058 0.792 0.06 0.79 0.062 0.79 0.064 0.796 0.07 0.802 0.07 0.804 0.068 0.804 0.062 0.802 0.06 0.8 0.06 0.798 0.058
4 0.257 0.138 0.026 0.024 0.25 0.126 0.246 0.13 0.246 0.136 0.244 0.138 0.244 0.14 0.25 0.146 0.254 0.146 0.256 0.148 0.266 0.148 0.268 0.146 0.268 0.13 0.266 0.128 0.262 0.128 0.26 0.126
4 0.286 0.072 0.02 0.016 0.278 0.064 0.276 0.066 0.276 0.07 0.278 0.072 0.278 0.076 0.28 0.076 0.282 0.078 0.29 0.078 0.292 0.076 0.292 0.072 0.294 0.07 0.294 0.068 0.292 0.066 0.292 0.064
4 0.794 0.604 0.028 0.024 0.784 0.592 0.782 0.594 0.782 0.596 0.78 0.598 0.78 0.608 0.782 0.608 0.784 0.61 0.786 0.61 0.788 0.612 0.792 0.612 0.794 0.614 0.802 0.614 0.804 0.612 0.804 0.61 0.806 0.608 0.806 0.6 0.804 0.598 0.802 0.598 0.8 0.596 0.798 0.596 0.796 0.594 0.794 0.594 0.792 0.592
2 0.192 0.314 0.108 0.12 0.166 0.254 0.166 0.274 0.164 0.276 0.164 0.28 0.162 0.282 0.162 0.288 0.16 0.29 0.16 0.292 0.158 0.294 0.158 0.298 0.156 0.3 0.156 0.302 0.154 0.304 0.154 0.308 0.152 0.31 0.152 0.312 0.15 0.314 0.15 0.316 0.148 0.318 0.148 0.32 0.146 0.322 0.146 0.324 0.144 0.326 0.144 0.33 0.142 0.332 0.142 0.334 0.14 0.336 0.14 0.342 0.138 0.344 0.14 0.346 0.14 0.348 0.142 0.348 0.144 0.35 0.146 0.35 0.148 0.352 0.15 0.352 0.152 0.354 0.156 0.354 0.158 0.356 0.162 0.356 0.164 0.358 0.168 0.358 0.17 0.36 0.172 0.36 0.174 0.362 0.176 0.362 0.178 0.364 0.182 0.364 0.186 0.368 0.19 0.368 0.192 0.37 0.194 0.37 0.196 0.372 0.208 0.372 0.208 0.37 0.21 0.368 0.21 0.366 0.212 0.364 0.212 0.36 0.214 0.358 0.214 0.354 0.216 0.352 0.216 0.35 0.218 0.348 0.218 0.342 0.22 0.34 0.22 0.338 0.222 0.336 0.222 0.334 0.224 0.332 0.224 0.33 0.226 0.328 0.226 0.324 0.228 0.322 0.228 0.32 0.23 0.318 0.23 0.316 0.232 0.314 0.232 0.312 0.234 0.31 0.234 0.308 0.236 0.306 0.236 0.304 0.238 0.302 0.238 0.3 0.24 0.298 0.24 0.296 0.242 0.294 0.242 0.29 0.244 0.288 0.244 0.286 0.24 0.282 0.238 0.282 0.234 0.278 0.23 0.278 0.228 0.276 0.226 0.276 0.224 0.274 0.22 0.274 0.216 0.27 0.212 0.27 0.21 0.268 0.208 0.268 0.206 0.266 0.202 0.266 0.2 0.264 0.196 0.264 0.194 0.262 0.192 0.262 0.19 0.26 0.188 0.26 0.186 0.258 0.182 0.258 0.18 0.256 0.178 0.256 0.176 0.254
2 0.364 0.426 0.136 0.188 0.354 0.332 0.352 0.334 0.352 0.342 0.35 0.344 0.35 0.346 0.348 0.348 0.348 0.352 0.346 0.354 0.346 0.358 0.344 0.36 0.344 0.364 0.342 0.366 0.342 0.372 0.338 0.376 0.338 0.378 0.336 0.38 0.336 0.386 0.334 0.388 0.334 0.392 0.332 0.394 0.332 0.396 0.326 0.402 0.326 0.404 0.324 0.406 0.322 0.406 0.32 0.408 0.32 0.41 0.316 0.414 0.314 0.414 0.314 0.436 0.312 0.438 0.312 0.444 0.31 0.446 0.31 0.45 0.306 0.454 0.306 0.456 0.304 0.458 0.304 0.46 0.302 0.462 0.302 0.464 0.3 0.466 0.3 0.468 0.298 0.47 0.298 0.474 0.296 0.476 0.296 0.486 0.298 0.488 0.298 0.49 0.3 0.49 0.302 0.492 0.304 0.492 0.306 0.494 0.308 0.494 0.31 0.496 0.312 0.496 0.314 0.498 0.316 0.498 0.318 0.5 0.322 0.5 0.326 0.504 0.328 0.504 0.33 0.506 0.334 0.506 0.336 0.508 0.338 0.508 0.34 0.51 0.342 0.51 0.344 0.512 0.35 0.512 0.352 0.514 0.36 0.514 0.362 0.516 0.364 0.516 0.366 0.518 0.37 0.518 0.374 0.514 0.374 0.512 0.376 0.51 0.376 0.506 0.378 0.504 0.378 0.5 0.382 0.496 0.382 0.494 0.384 0.492 0.384 0.488 0.386 0.486 0.386 0.484 0.388 0.482 0.388 0.48 0.39 0.478 0.39 0.476 0.392 0.474 0.392 0.472 0.394 0.47 0.394 0.468 0.396 0.466 0.396 0.464 0.398 0.462 0.398 0.46 0.4 0.458 0.4 0.456 0.402 0.454 0.402 0.45 0.404 0.448 0.404 0.446 0.406 0.444 0.406 0.442 0.408 0.44 0.408 0.436 0.41 0.434 0.41 0.432 0.412 0.43 0.412 0.426 0.414 0.424 0.414 0.422 0.416 0.42 0.416 0.418 0.418 0.416 0.418 0.412 0.42 0.41 0.42 0.406 0.424 0.402 0.424 0.4 0.426 0.398 0.426 0.396 0.43 0.392 0.428 0.39 0.424 0.39 0.418 0.384 0.42 0.382 0.42 0.378 0.418 0.376 0.418 0.374 0.412 0.368 0.41 0.368 0.408 0.366 0.404 0.366 0.4 0.362 0.398 0.362 0.394 0.358 0.392 0.358 0.39 0.356 0.39 0.354 0.386 0.35 0.386 0.348 0.382 0.344 0.376 0.344 0.374 0.342 0.372 0.342 0.37 0.34 0.372 0.338 0.368 0.338 0.362 0.332
3 0.111 0.042 0.126 0.08 0.074 0.002 0.072 0.004 0.072 0.006 0.07 0.008 0.07 0.01 0.068 0.012 0.068 0.014 0.066 0.016 0.066 0.018 0.064 0.02 0.064 0.024 0.062 0.026 0.062 0.028 0.06 0.03 0.06 0.032 0.058 0.034 0.058 0.036 0.056 0.038 0.056 0.04 0.054 0.042 0.054 0.044 0.052 0.046 0.052 0.048 0.05 0.05 0.05 0.052 0.048 0.054 0.05 0.056 0.052 0.056 0.054 0.058 0.056 0.058 0.058 0.06 0.06 0.06 0.062 0.062 0.064 0.062 0.066 0.064 0.07 0.064 0.072 0.066 0.074 0.066 0.076 0.068 0.078 0.068 0.08 0.07 0.082 0.07 0.084 0.072 0.086 0.072 0.088 0.074 0.09 0.074 0.092 0.076 0.094 0.076 0.096 0.078 0.098 0.078 0.1 0.08 0.102 0.08 0.104 0.078 0.11 0.078 0.112 0.076 0.116 0.076 0.118 0.074 0.124 0.074 0.126 0.072 0.13 0.072 0.132 0.07 0.138 0.07 0.14 0.068 0.146 0.068 0.148 0.066 0.152 0.066 0.154 0.064 0.16 0.064 0.162 0.062 0.166 0.062 0.168 0.06 0.172 0.06 0.172 0.058 0.17 0.056 0.17 0.048 0.168 0.046 0.168 0.036 0.166 0.034 0.166 0.024 0.164 0.022 0.164 0.014 0.162 0.012 0.162 0.006 0.136 0.006 0.134 0.004 0.092 0.004 0.09 0.002
3 0.415 0.574 0.106 0.068 0.386 0.542 0.386 0.546 0.384 0.548 0.384 0.55 0.382 0.552 0.382 0.554 0.38 0.556 0.38 0.56 0.378 0.562 0.378 0.564 0.376 0.566 0.376 0.57 0.374 0.572 0.374 0.574 0.372 0.576 0.372 0.578 0.37 0.58 0.37 0.584 0.368 0.586 0.368 0.588 0.366 0.59 0.366 0.592 0.364 0.594 0.364 0.598 0.362 0.6 0.382 0.6 0.384 0.602 0.416 0.602 0.418 0.604 0.452 0.604 0.454 0.606 0.464 0.606 0.458 0.6 0.456 0.6 0.444 0.588 0.442 0.588 0.43 0.576 0.428 0.576 0.418 0.566 0.416 0.566 0.404 0.554 0.402 0.554 0.39 0.542
5 0.508 0.669 0.032 0.026 0.5 0.656 0.494 0.662 0.494 0.664 0.492 0.666 0.492 0.674 0.494 0.676 0.498 0.676 0.5 0.678 0.508 0.678 0.51 0.68 0.514 0.68 0.518 0.676 0.518 0.674 0.52 0.672 0.52 0.668 0.522 0.666 0.522 0.66 0.52 0.658 0.516 0.658 0.514 0.656
5 0.251 0.024 0.026 0.032 0.242 0.008 0.238 0.012 0.238 0.022 0.242 0.026 0.242 0.03 0.244 0.032 0.244 0.036 0.246 0.036 0.248 0.038 0.258 0.038 0.26 0.036 0.26 0.028 0.262 0.026 0.262 0.01 0.26 0.008
4 0.924 0.796 0.024 0.024 0.918 0.784 0.916 0.786 0.916 0.788 0.914 0.79 0.914 0.794 0.912 0.796 0.912 0.798 0.918 0.804 0.922 0.804 0.924 0.806 0.926 0.804 0.928 0.804 0.93 0.802 0.93 0.8 0.932 0.798 0.932 0.792 0.934 0.79 0.932 0.788 0.932 0.786 0.93 0.786 0.928 0.784
4 0.954 0.726 0.028 0.028 0.948 0.712 0.944 0.716 0.944 0.718 0.942 0.72 0.942 0.722 0.94 0.724 0.94 0.734 0.942 0.736 0.946 0.736 0.948 0.738 0.958 0.738 0.96 0.736 0.96 0.734 0.962 0.732 0.962 0.73 0.964 0.728 0.964 0.724 0.966 0.722 0.966 0.718 0.962 0.714 0.958 0.714 0.956 0.712
4 0.029 0.339 0.022 0.022 0.022 0.328 0.02 0.33 0.02 0.334 0.018 0.336 0.018 0.344 0.02 0.346 0.022 0.346 0.024 0.348 0.028 0.348 0.03 0.346 0.032 0.346 0.036 0.342 0.036 0.336 0.038 0.334 0.036 0.332 0.036 0.33 0.034 0.33 0.032 0.328
4 0.423 0.491 0.026 0.022 0.418 0.48 0.416 0.482 0.414 0.482 0.414 0.484 0.412 0.486 0.412 0.49 0.41 0.492 0.41 0.494 0.412 0.496 0.412 0.498 0.414 0.5 0.422 0.5 0.428 0.494 0.43 0.494 0.434 0.49 0.434 0.488 0.432 0.486 0.43 0.486 0.428 0.484 0.426 0.484 0.424 0.482 0.422 0.482 0.42 0.48
4 0.567 0.551 0.022 0.026 0.564 0.538 0.56 0.542 0.56 0.544 0.556 0.548 0.556 0.556 0.56 0.56 0.564 0.56 0.566 0.562 0.57 0.562 0.574 0.558 0.574 0.552 0.576 0.55 0.576 0.542 0.574 0.54 0.572 0.54 0.57 0.538
4 0.6 0.581 0.024 0.03 0.596 0.566 0.594 0.568 0.594 0.57 0.592 0.572 0.592 0.574 0.59 0.576 0.59 0.578 0.588 0.58 0.588 0.588 0.59 0.59 0.594 0.59 0.596 0.592 0.6 0.592 0.602 0.594 0.606 0.59 0.606 0.588 0.608 0.586 0.608 0.58 0.61 0.578 0.61 0.574 0.608 0.572 0.608 0.57 0.606 0.568 0.602 0.568 0.6 0.566
4 0.573 0.65 0.022 0.024 0.57 0.638 0.566 0.642 0.566 0.644 0.564 0.646 0.564 0.65 0.562 0.652 0.562 0.656 0.566 0.66 0.574 0.66 0.576 0.658 0.576 0.656 0.578 0.654 0.578 0.652 0.58 0.65 0.58 0.648 0.582 0.646 0.582 0.642 0.58 0.64 0.576 0.64 0.574 0.638
4 0.778 0.653 0.036 0.03 0.766 0.638 0.764 0.64 0.762 0.64 0.762 0.642 0.76 0.644 0.76 0.658 0.762 0.66 0.764 0.66 0.766 0.662 0.77 0.662 0.774 0.666 0.782 0.666 0.784 0.664 0.786 0.664 0.788 0.662 0.79 0.662 0.792 0.66 0.792 0.658 0.794 0.656 0.794 0.65 0.792 0.648 0.79 0.648 0.788 0.646 0.784 0.646 0.782 0.644 0.78 0.644 0.776 0.64 0.772 0.64 0.77 0.638
4 0.745 0.724 0.034 0.032 0.736 0.708 0.732 0.712 0.732 0.716 0.73 0.718 0.73 0.72 0.728 0.722 0.728 0.728 0.73 0.73 0.732 0.73 0.734 0.732 0.736 0.732 0.738 0.734 0.74 0.734 0.742 0.736 0.746 0.736 0.748 0.738 0.752 0.738 0.758 0.732 0.758 0.73 0.76 0.728 0.76 0.718 0.756 0.714 0.754 0.714 0.752 0.712 0.75 0.712 0.748 0.71 0.746 0.71 0.744 0.708
7 0.917 0.697 0.026 0.038 0.916 0.678 0.916 0.68 0.914 0.682 0.914 0.684 0.912 0.686 0.912 0.688 0.91 0.69 0.91 0.694 0.908 0.696 0.908 0.698 0.906 0.7 0.906 0.704 0.904 0.706 0.904 0.712 0.906 0.714 0.916 0.714 0.918 0.712 0.922 0.712 0.924 0.71 0.924 0.708 0.926 0.706 0.926 0.702 0.928 0.7 0.928 0.682 0.924 0.678
7 0.899 0.763 0.01 0.01 0.894 0.758 0.894 0.766 0.9 0.766 0.902 0.764 0.902 0.76 0.9 0.758
7 0.88 0.795 0.024 0.03 0.876 0.78 0.872 0.784 0.872 0.786 0.87 0.788 0.87 0.79 0.868 0.792 0.868 0.802 0.87 0.804 0.87 0.806 0.872 0.808 0.876 0.808 0.878 0.806 0.882 0.806 0.89 0.798 0.89 0.792 0.888 0.79 0.888 0.788 0.88 0.78
