3 0.495 0.388 0.038 0.04 0.478 0.37 0.478 0.392 0.476 0.394 0.476 0.406 0.478 0.404 0.48 0.404 0.482 0.402 0.484 0.402 0.486 0.4 0.488 0.4 0.492 0.396 0.494 0.396 0.496 0.394 0.498 0.394 0.5 0.392 0.502 0.392 0.504 0.39 0.506 0.39 0.508 0.388 0.51 0.388 0.51 0.386 0.508 0.386 0.506 0.384 0.504 0.384 0.502 0.382 0.5 0.382 0.498 0.38 0.496 0.38 0.492 0.376 0.49 0.376 0.488 0.374 0.486 0.374 0.484 0.372 0.482 0.372 0.48 0.37
7 0.92 0.782 0.016 0.016 0.912 0.774 0.912 0.784 0.914 0.786 0.918 0.786 0.92 0.788 0.922 0.788 0.926 0.784 0.926 0.776 0.924 0.774
4 0.949 0.631 0.026 0.026 0.944 0.618 0.94 0.622 0.94 0.624 0.938 0.626 0.938 0.628 0.936 0.63 0.936 0.634 0.94 0.638 0.942 0.638 0.944 0.64 0.946 0.64 0.948 0.642 0.954 0.642 0.956 0.64 0.956 0.638 0.958 0.636 0.958 0.632 0.96 0.63 0.96 0.624 0.958 0.622 0.956 0.622 0.954 0.62 0.952 0.62 0.95 0.618
4 0.428 0.552 0.02 0.02 0.426 0.542 0.418 0.55 0.418 0.558 0.42 0.56 0.428 0.56 0.434 0.554 0.434 0.552 0.436 0.55 0.434 0.548 0.434 0.546 0.432 0.544 0.43 0.544 0.428 0.542
4 0.386 0.529 0.024 0.022 0.384 0.518 0.376 0.526 0.376 0.528 0.374 0.53 0.374 0.532 0.38 0.538 0.388 0.538 0.396 0.53 0.396 0.522 0.394 0.52 0.392 0.52 0.39 0.518
3 0.83 0.021 0.08 0.034 0.792 0.004 0.794 0.004 0.798 0.008 0.8 0.008 0.802 0.01 0.804 0.01 0.808 0.014 0.81 0.014 0.814 0.018 0.816 0.018 0.818 0.02 0.82 0.02 0.824 0.024 0.826 0.024 0.83 0.028 0.832 0.028 0.836 0.032 0.838 0.032 0.84 0.034 0.844 0.034 0.848 0.03 0.848 0.028 0.856 0.02 0.856 0.018 0.866 0.008 0.866 0.006 0.82 0.006 0.818 0.004
3 0.86 0.795 0.08 0.09 0.898 0.75 0.896 0.752 0.894 0.752 0.89 0.756 0.888 0.756 0.886 0.758 0.884 0.758 0.882 0.76 0.88 0.76 0.878 0.762 0.876 0.762 0.872 0.766 0.87 0.766 0.868 0.768 0.866 0.768 0.864 0.77 0.862 0.77 0.86 0.772 0.858 0.772 0.856 0.774 0.854 0.774 0.85 0.778 0.848 0.778 0.846 0.78 0.844 0.78 0.842 0.782 0.84 0.782 0.838 0.784 0.836 0.784 0.832 0.788 0.83 0.788 0.828 0.79 0.826 0.79 0.824 0.792 0.822 0.792 0.822 0.796 0.832 0.806 0.832 0.808 0.842 0.818 0.842 0.82 0.85 0.828 0.854 0.828 0.856 0.83 0.864 0.83 0.866 0.832 0.872 0.832 0.874 0.834 0.882 0.834 0.884 0.836 0.892 0.836 0.894 0.838 0.894 0.812 0.896 0.81 0.896 0.766 0.898 0.764
3 0.592 0.422 0.096 0.092 0.548 0.376 0.544 0.38 0.546 0.382 0.546 0.414 0.548 0.416 0.548 0.446 0.55 0.448 0.55 0.466 0.552 0.464 0.554 0.464 0.556 0.462 0.558 0.462 0.56 0.46 0.564 0.46 0.566 0.458 0.568 0.458 0.57 0.456 0.574 0.456 0.576 0.454 0.578 0.454 0.58 0.452 0.584 0.452 0.586 0.45 0.588 0.45 0.59 0.448 0.592 0.448 0.594 0.446 0.598 0.446 0.6 0.444 0.602 0.444 0.604 0.442 0.608 0.442 0.61 0.44 0.612 0.44 0.614 0.438 0.618 0.438 0.62 0.436 0.622 0.436 0.624 0.434 0.626 0.434 0.636 0.424 0.636 0.422 0.634 0.422 0.632 0.42 0.63 0.42 0.628 0.418 0.626 0.418 0.624 0.416 0.622 0.416 0.62 0.414 0.618 0.414 0.616 0.412 0.614 0.412 0.612 0.41 0.61 0.41 0.606 0.406 0.604 0.406 0.602 0.404 0.6 0.404 0.598 0.402 0.596 0.402 0.594 0.4 0.592 0.4 0.59 0.398 0.588 0.398 0.586 0.396 0.584 0.396 0.582 0.394 0.58 0.394 0.578 0.392 0.576 0.392 0.574 0.39 0.572 0.39 0.57 0.388 0.568 0.388 0.566 0.386 0.564 0.386 0.56 0.382 0.558 0.382 0.556 0.38 0.554 0.38 0.552 0.378 0.55 0.378
3 0.638 0.479 0.04 0.034 0.62 0.462 0.62 0.48 0.618 0.482 0.618 0.494 0.62 0.492 0.624 0.492 0.626 0.49 0.628 0.49 0.63 0.488 0.634 0.488 0.636 0.486 0.64 0.486 0.642 0.484 0.646 0.484 0.648 0.482 0.652 0.482 0.654 0.48 0.652 0.48 0.65 0.478 0.648 0.478 0.646 0.476 0.644 0.476 0.642 0.474 0.64 0.474 0.638 0.472 0.636 0.472 0.632 0.468 0.63 0.468 0.628 0.466 0.626 0.466 0.624 0.464 0.622 0.464
3 0.056 0.382 0.112 0.132 0.018 0.318 0.014 0.322 0.012 0.322 0.01 0.324 0.008 0.324 0.004 0.328 0.0 0.328 0.0 0.41 0.002 0.41 0.006 0.414 0.008 0.414 0.01 0.416 0.012 0.416 0.016 0.42 0.018 0.42 0.024 0.426 0.026 0.426 0.028 0.428 0.03 0.428 0.036 0.434 0.038 0.434 0.04 0.436 0.042 0.436 0.046 0.44 0.05 0.44 0.052 0.442 0.06 0.442 0.062 0.444 0.068 0.444 0.07 0.446 0.082 0.446 0.084 0.444 0.084 0.442 0.086 0.44 0.086 0.438 0.088 0.436 0.088 0.432 0.09 0.43 0.09 0.428 0.092 0.426 0.092 0.424 0.094 0.422 0.094 0.42 0.096 0.418 0.096 0.414 0.098 0.412 0.098 0.41 0.1 0.408 0.1 0.404 0.102 0.402 0.102 0.4 0.104 0.398 0.104 0.396 0.106 0.394 0.106 0.39 0.108 0.388 0.108 0.384 0.11 0.382 0.11 0.376 0.108 0.374 0.106 0.374 0.098 0.366 0.094 0.366 0.092 0.364 0.09 0.364 0.088 0.362 0.08 0.362 0.07 0.352 0.07 0.35 0.06 0.34 0.058 0.34 0.052 0.334 0.05 0.334 0.046 0.33 0.044 0.33 0.042 0.328 0.04 0.328 0.034 0.322 0.032 0.322 0.03 0.32 0.026 0.32 0.024 0.318
3 0.141 0.262 0.154 0.124 0.09 0.2 0.088 0.202 0.088 0.204 0.086 0.206 0.086 0.208 0.084 0.21 0.084 0.214 0.082 0.216 0.082 0.218 0.08 0.22 0.08 0.226 0.078 0.228 0.078 0.23 0.076 0.232 0.076 0.236 0.074 0.238 0.074 0.242 0.072 0.244 0.072 0.248 0.07 0.25 0.07 0.254 0.068 0.256 0.068 0.26 0.066 0.262 0.066 0.268 0.064 0.27 0.064 0.282 0.066 0.284 0.066 0.286 0.068 0.288 0.068 0.29 0.07 0.292 0.07 0.296 0.074 0.3 0.074 0.302 0.09 0.318 0.092 0.318 0.094 0.32 0.1 0.32 0.102 0.322 0.112 0.322 0.114 0.32 0.124 0.32 0.126 0.318 0.13 0.318 0.132 0.316 0.134 0.316 0.136 0.314 0.138 0.314 0.14 0.312 0.142 0.312 0.144 0.31 0.148 0.31 0.152 0.306 0.156 0.306 0.16 0.302 0.162 0.302 0.166 0.298 0.168 0.298 0.178 0.288 0.18 0.288 0.186 0.282 0.19 0.282 0.192 0.28 0.194 0.28 0.198 0.276 0.204 0.276 0.206 0.274 0.214 0.274 0.216 0.272 0.21 0.266 0.208 0.266 0.206 0.264 0.204 0.264 0.202 0.262 0.2 0.262 0.196 0.258 0.194 0.258 0.192 0.256 0.19 0.256 0.188 0.254 0.186 0.254 0.184 0.252 0.182 0.252 0.18 0.25 0.178 0.25 0.174 0.246 0.172 0.246 0.17 0.244 0.168 0.244 0.164 0.24 0.162 0.24 0.16 0.238 0.158 0.238 0.156 0.236 0.154 0.236 0.15 0.232 0.148 0.232 0.144 0.228 0.142 0.228 0.14 0.226 0.138 0.226 0.134 0.222 0.132 0.222 0.13 0.22 0.128 0.22 0.124 0.216 0.122 0.216 0.118 0.212 0.116 0.212 0.112 0.208 0.11 0.208 0.108 0.206 0.106 0.206 0.104 0.204 0.102 0.204 0.1 0.202 0.098 0.202 0.096 0.2
5 0.086 0.348 0.028 0.028 0.082 0.334 0.08 0.336 0.08 0.338 0.078 0.34 0.078 0.342 0.074 0.346 0.074 0.348 0.072 0.35 0.072 0.352 0.08 0.36 0.088 0.36 0.09 0.358 0.09 0.356 0.096 0.35 0.096 0.346 0.098 0.344 0.09 0.336 0.088 0.336 0.086 0.334
7 0.989 0.734 0.014 0.012 0.984 0.728 0.982 0.73 0.982 0.736 0.984 0.738 0.994 0.738 0.994 0.73 0.992 0.728
7 0.881 0.65 0.018 0.024 0.88 0.638 0.876 0.642 0.876 0.646 0.874 0.648 0.874 0.65 0.872 0.652 0.872 0.656 0.876 0.66 0.88 0.66 0.882 0.658 0.882 0.656 0.884 0.654 0.884 0.652 0.886 0.65 0.886 0.648 0.888 0.646 0.888 0.644 0.886 0.642 0.886 0.64 0.884 0.638
7 0.521 0.605 0.018 0.014 0.52 0.598 0.518 0.6 0.516 0.6 0.514 0.602 0.514 0.604 0.512 0.606 0.514 0.608 0.516 0.608 0.518 0.61 0.526 0.61 0.528 0.608 0.528 0.602 0.526 0.6 0.522 0.6
7 0.923 0.6 0.014 0.016 0.918 0.592 0.916 0.594 0.916 0.602 0.92 0.606 0.924 0.606 0.928 0.602 0.928 0.598 0.926 0.596 0.926 0.594 0.924 0.592
7 0.892 0.582 0.012 0.016 0.892 0.574 0.89 0.576 0.89 0.578 0.888 0.58 0.888 0.582 0.886 0.584 0.888 0.586 0.888 0.588 0.892 0.588 0.896 0.584 0.896 0.576 0.894 0.574
5 0.847 0.664 0.022 0.024 0.842 0.652 0.84 0.654 0.84 0.656 0.838 0.658 0.838 0.66 0.836 0.662 0.836 0.668 0.84 0.672 0.842 0.672 0.844 0.674 0.85 0.674 0.854 0.67 0.854 0.668 0.856 0.666 0.856 0.66 0.848 0.652
5 0.493 0.491 0.022 0.026 0.49 0.478 0.488 0.48 0.486 0.48 0.484 0.482 0.484 0.486 0.482 0.488 0.482 0.494 0.49 0.502 0.494 0.502 0.502 0.494 0.502 0.486 0.5 0.484 0.5 0.482 0.498 0.482 0.496 0.48 0.492 0.48
4 0.76 0.045 0.048 0.046 0.756 0.022 0.754 0.024 0.754 0.026 0.752 0.028 0.752 0.03 0.748 0.034 0.748 0.036 0.744 0.04 0.744 0.042 0.74 0.046 0.74 0.048 0.738 0.05 0.738 0.052 0.736 0.054 0.736 0.058 0.738 0.058 0.74 0.06 0.742 0.06 0.744 0.062 0.75 0.062 0.752 0.064 0.754 0.064 0.756 0.066 0.76 0.066 0.762 0.064 0.764 0.064 0.764 0.062 0.766 0.06 0.766 0.058 0.768 0.056 0.768 0.054 0.776 0.046 0.776 0.044 0.78 0.04 0.78 0.038 0.782 0.036 0.782 0.028 0.78 0.026 0.778 0.026 0.776 0.024 0.772 0.024 0.77 0.022
