5 0.663 0.362 0.018 0.024 0.664 0.35 0.662 0.352 0.654 0.352 0.654 0.36 0.656 0.362 0.656 0.372 0.66 0.372 0.662 0.37 0.67 0.37 0.67 0.364 0.668 0.362 0.668 0.35
7 0.748 0.605 0.012 0.014 0.75 0.598 0.748 0.6 0.744 0.6 0.742 0.602 0.742 0.604 0.744 0.606 0.744 0.608 0.746 0.61 0.748 0.608 0.748 0.606 0.752 0.602 0.752 0.6
7 0.631 0.887 0.022 0.014 0.632 0.88 0.628 0.884 0.624 0.884 0.622 0.886 0.62 0.886 0.62 0.892 0.63 0.892 0.632 0.89 0.636 0.89 0.64 0.886 0.64 0.882 0.638 0.882 0.636 0.88
7 0.719 0.872 0.022 0.012 0.712 0.866 0.708 0.87 0.708 0.874 0.71 0.876 0.714 0.876 0.716 0.874 0.726 0.874 0.728 0.872 0.728 0.866
4 0.725 0.895 0.03 0.03 0.72 0.88 0.718 0.882 0.712 0.882 0.71 0.884 0.712 0.886 0.712 0.89 0.714 0.892 0.714 0.898 0.716 0.9 0.716 0.904 0.718 0.906 0.718 0.908 0.72 0.908 0.722 0.906 0.732 0.906 0.734 0.904 0.738 0.904 0.738 0.902 0.736 0.9 0.736 0.894 0.734 0.892 0.734 0.886 0.732 0.884 0.732 0.88
5 0.8 0.98 0.028 0.028 0.804 0.966 0.802 0.968 0.792 0.968 0.79 0.97 0.786 0.97 0.786 0.974 0.788 0.976 0.788 0.986 0.79 0.988 0.79 0.992 0.794 0.992 0.796 0.99 0.806 0.99 0.808 0.988 0.812 0.988 0.812 0.984 0.81 0.982 0.81 0.972 0.808 0.97 0.808 0.966
5 0.365 0.514 0.014 0.012 0.368 0.508 0.366 0.51 0.362 0.51 0.36 0.512 0.358 0.512 0.36 0.514 0.36 0.518 0.362 0.518 0.364 0.516 0.37 0.516 0.37 0.514 0.368 0.512
4 0.789 0.685 0.026 0.022 0.778 0.674 0.776 0.676 0.776 0.69 0.778 0.692 0.778 0.694 0.8 0.694 0.8 0.68 0.798 0.678 0.798 0.676 0.796 0.674
5 0.664 0.257 0.02 0.03 0.656 0.242 0.654 0.244 0.654 0.258 0.656 0.26 0.656 0.262 0.658 0.264 0.658 0.266 0.66 0.268 0.662 0.268 0.664 0.27 0.668 0.27 0.67 0.268 0.672 0.268 0.672 0.258 0.67 0.256 0.67 0.244 0.668 0.242
5 0.649 0.276 0.018 0.02 0.642 0.266 0.64 0.268 0.64 0.278 0.644 0.282 0.646 0.282 0.648 0.284 0.65 0.282 0.652 0.282 0.656 0.278 0.656 0.268 0.654 0.266
5 0.733 0.596 0.018 0.02 0.724 0.586 0.724 0.596 0.726 0.598 0.726 0.602 0.728 0.604 0.736 0.604 0.738 0.602 0.74 0.602 0.74 0.586 0.736 0.586 0.734 0.588 0.728 0.588 0.726 0.586
7 0.706 0.315 0.012 0.01 0.702 0.31 0.7 0.312 0.7 0.318 0.71 0.318 0.71 0.312 0.708 0.31
7 0.667 0.434 0.026 0.02 0.664 0.424 0.662 0.426 0.66 0.426 0.654 0.432 0.654 0.434 0.656 0.436 0.656 0.438 0.658 0.44 0.66 0.44 0.662 0.442 0.676 0.442 0.678 0.44 0.678 0.436 0.676 0.434 0.676 0.426 0.674 0.424
7 0.75 0.669 0.016 0.018 0.744 0.66 0.742 0.662 0.742 0.672 0.746 0.676 0.748 0.676 0.75 0.674 0.752 0.674 0.754 0.672 0.756 0.672 0.756 0.664 0.752 0.66
7 0.758 0.681 0.02 0.014 0.754 0.674 0.752 0.676 0.748 0.676 0.748 0.682 0.752 0.686 0.76 0.686 0.762 0.684 0.764 0.684 0.766 0.682 0.766 0.68 0.76 0.674
7 0.769 0.68 0.014 0.012 0.766 0.674 0.764 0.676 0.762 0.676 0.762 0.678 0.764 0.68 0.764 0.684 0.768 0.684 0.77 0.682 0.772 0.682 0.774 0.68 0.772 0.678 0.772 0.676 0.77 0.674
7 0.837 0.929 0.01 0.01 0.832 0.924 0.832 0.93 0.834 0.93 0.836 0.932 0.838 0.93 0.84 0.93 0.84 0.926 0.838 0.924
7 0.849 0.953 0.014 0.014 0.848 0.946 0.846 0.948 0.844 0.948 0.842 0.95 0.842 0.952 0.844 0.954 0.844 0.956 0.846 0.958 0.85 0.958 0.854 0.954 0.854 0.948 0.852 0.946
3 0.687 0.651 0.078 0.11 0.676 0.596 0.674 0.598 0.666 0.598 0.664 0.6 0.658 0.6 0.656 0.602 0.65 0.602 0.648 0.604 0.65 0.606 0.65 0.612 0.648 0.614 0.648 0.616 0.65 0.618 0.65 0.624 0.648 0.626 0.65 0.628 0.65 0.648 0.652 0.65 0.652 0.652 0.65 0.654 0.65 0.662 0.652 0.664 0.652 0.678 0.654 0.68 0.654 0.682 0.652 0.684 0.654 0.686 0.654 0.69 0.656 0.692 0.656 0.7 0.658 0.702 0.658 0.704 0.676 0.704 0.678 0.702 0.7 0.702 0.702 0.7 0.706 0.7 0.708 0.698 0.708 0.694 0.71 0.692 0.71 0.686 0.712 0.684 0.712 0.678 0.716 0.674 0.716 0.67 0.718 0.668 0.718 0.666 0.72 0.664 0.72 0.658 0.724 0.654 0.724 0.642 0.722 0.64 0.72 0.64 0.718 0.638 0.718 0.634 0.716 0.634 0.71 0.628 0.71 0.626 0.708 0.624 0.708 0.622 0.704 0.618 0.702 0.618 0.692 0.608 0.692 0.606 0.686 0.6 0.684 0.6 0.682 0.598 0.68 0.598 0.678 0.596
4 0.449 0.016 0.018 0.024 0.444 0.004 0.444 0.006 0.442 0.008 0.442 0.01 0.44 0.012 0.44 0.022 0.444 0.026 0.45 0.026 0.452 0.024 0.454 0.024 0.456 0.022 0.456 0.012 0.454 0.01 0.454 0.006 0.452 0.004
