5 0.237 0.949 0.014 0.018 0.236 0.94 0.234 0.942 0.232 0.942 0.23 0.944 0.23 0.946 0.234 0.95 0.234 0.956 0.236 0.954 0.238 0.954 0.242 0.95 0.242 0.946 0.24 0.944 0.24 0.942 0.238 0.94
4 0.58 0.258 0.028 0.012 0.57 0.252 0.568 0.254 0.566 0.254 0.566 0.26 0.568 0.262 0.592 0.262 0.592 0.252 0.584 0.252 0.582 0.254 0.578 0.254 0.576 0.252
7 0.818 0.199 0.02 0.058 0.814 0.17 0.812 0.172 0.808 0.172 0.808 0.2 0.81 0.202 0.81 0.224 0.812 0.226 0.822 0.226 0.824 0.224 0.826 0.224 0.826 0.176 0.824 0.174 0.824 0.172 0.822 0.172 0.82 0.17
4 0.68 0.131 0.04 0.026 0.662 0.118 0.66 0.12 0.66 0.14 0.662 0.142 0.692 0.142 0.694 0.14 0.696 0.14 0.698 0.138 0.698 0.12 0.696 0.118
5 0.752 0.227 0.02 0.018 0.742 0.218 0.742 0.222 0.744 0.224 0.744 0.232 0.752 0.232 0.754 0.234 0.758 0.23 0.758 0.226 0.76 0.224 0.758 0.222 0.758 0.22 0.756 0.218
7 0.725 0.098 0.01 0.012 0.722 0.092 0.72 0.094 0.72 0.1 0.722 0.102 0.728 0.102 0.728 0.094 0.726 0.092
3 0.723 0.283 0.13 0.05 0.662 0.258 0.658 0.262 0.658 0.304 0.66 0.306 0.78 0.306 0.782 0.304 0.784 0.304 0.786 0.302 0.786 0.294 0.784 0.292 0.784 0.262 0.782 0.26 0.78 0.26 0.778 0.258
7 0.443 0.142 0.014 0.012 0.438 0.136 0.436 0.138 0.436 0.146 0.448 0.146 0.448 0.136
7 0.721 0.159 0.014 0.014 0.716 0.152 0.714 0.154 0.714 0.162 0.716 0.164 0.724 0.164 0.726 0.162 0.726 0.156 0.722 0.152
4 0.572 0.216 0.028 0.012 0.56 0.21 0.56 0.214 0.558 0.216 0.56 0.218 0.574 0.218 0.576 0.22 0.582 0.22 0.584 0.218 0.584 0.21 0.576 0.21 0.574 0.212 0.57 0.212 0.568 0.21
4 0.451 0.26 0.03 0.016 0.456 0.252 0.454 0.254 0.438 0.254 0.436 0.256 0.436 0.26 0.438 0.262 0.438 0.266 0.462 0.266 0.464 0.264 0.464 0.258 0.462 0.256 0.462 0.254 0.46 0.254 0.458 0.252
5 0.269 0.816 0.018 0.016 0.262 0.808 0.26 0.81 0.26 0.818 0.262 0.82 0.266 0.82 0.268 0.822 0.27 0.82 0.274 0.82 0.276 0.818 0.274 0.816 0.274 0.81 0.268 0.81 0.266 0.808
