2 0.163 0.878 0.054 0.036 0.172 0.86 0.17 0.862 0.156 0.862 0.154 0.864 0.146 0.864 0.144 0.866 0.136 0.866 0.136 0.886 0.138 0.888 0.138 0.894 0.164 0.894 0.166 0.892 0.182 0.892 0.184 0.89 0.188 0.89 0.188 0.88 0.186 0.878 0.186 0.862 0.184 0.86
3 0.5 0.658 0.092 0.06 0.528 0.628 0.526 0.63 0.514 0.63 0.512 0.632 0.508 0.632 0.506 0.634 0.5 0.634 0.498 0.636 0.492 0.636 0.49 0.638 0.488 0.638 0.486 0.64 0.484 0.64 0.482 0.642 0.48 0.642 0.478 0.644 0.476 0.644 0.474 0.646 0.472 0.646 0.47 0.648 0.468 0.648 0.466 0.65 0.464 0.65 0.456 0.658 0.456 0.66 0.454 0.662 0.454 0.674 0.456 0.676 0.456 0.682 0.458 0.684 0.458 0.686 0.464 0.686 0.466 0.684 0.482 0.684 0.484 0.682 0.488 0.682 0.49 0.68 0.502 0.68 0.504 0.678 0.51 0.678 0.512 0.676 0.514 0.676 0.516 0.674 0.52 0.674 0.524 0.67 0.526 0.67 0.53 0.666 0.532 0.666 0.538 0.66 0.54 0.66 0.542 0.658 0.542 0.656 0.544 0.654 0.544 0.648 0.542 0.646 0.542 0.638 0.54 0.636 0.54 0.634 0.538 0.632 0.538 0.63 0.534 0.63 0.532 0.628
2 0.153 0.748 0.054 0.044 0.172 0.726 0.17 0.728 0.162 0.728 0.16 0.73 0.152 0.73 0.15 0.732 0.142 0.732 0.14 0.734 0.132 0.734 0.13 0.736 0.126 0.736 0.126 0.738 0.128 0.74 0.128 0.748 0.13 0.75 0.13 0.76 0.132 0.762 0.132 0.768 0.136 0.768 0.138 0.766 0.152 0.766 0.154 0.764 0.168 0.764 0.17 0.762 0.178 0.762 0.178 0.758 0.176 0.756 0.176 0.738 0.174 0.736 0.174 0.726
5 0.498 0.733 0.016 0.014 0.494 0.726 0.49 0.73 0.49 0.734 0.494 0.738 0.498 0.738 0.5 0.736 0.502 0.736 0.504 0.734 0.504 0.728 0.502 0.726
7 0.606 0.7 0.02 0.012 0.602 0.694 0.6 0.696 0.598 0.696 0.596 0.698 0.596 0.702 0.598 0.704 0.61 0.704 0.612 0.702 0.614 0.702 0.614 0.694
6 0.663 0.697 0.062 0.078 0.676 0.658 0.674 0.66 0.668 0.66 0.666 0.662 0.66 0.662 0.658 0.664 0.654 0.664 0.652 0.666 0.646 0.666 0.644 0.668 0.64 0.668 0.638 0.67 0.632 0.67 0.632 0.68 0.634 0.682 0.634 0.686 0.636 0.688 0.636 0.692 0.638 0.694 0.638 0.698 0.64 0.7 0.64 0.706 0.642 0.708 0.642 0.714 0.644 0.716 0.644 0.72 0.646 0.722 0.646 0.726 0.648 0.728 0.648 0.732 0.65 0.734 0.656 0.734 0.658 0.732 0.66 0.732 0.662 0.73 0.666 0.73 0.668 0.728 0.672 0.728 0.674 0.726 0.678 0.726 0.68 0.724 0.682 0.724 0.684 0.722 0.688 0.722 0.692 0.718 0.692 0.712 0.69 0.71 0.69 0.702 0.688 0.7 0.688 0.692 0.686 0.69 0.686 0.686 0.684 0.684 0.684 0.678 0.682 0.676 0.682 0.668 0.68 0.666 0.68 0.66 0.678 0.658
5 0.535 0.761 0.014 0.014 0.536 0.754 0.532 0.758 0.53 0.758 0.528 0.76 0.528 0.762 0.53 0.764 0.53 0.766 0.532 0.764 0.536 0.764 0.538 0.762 0.54 0.762 0.538 0.76 0.538 0.756
3 0.858 0.582 0.076 0.06 0.87 0.552 0.868 0.554 0.864 0.554 0.862 0.556 0.86 0.556 0.858 0.558 0.852 0.558 0.85 0.56 0.846 0.56 0.844 0.562 0.84 0.562 0.836 0.566 0.834 0.566 0.834 0.568 0.832 0.57 0.832 0.572 0.828 0.576 0.826 0.576 0.824 0.578 0.822 0.578 0.82 0.58 0.822 0.582 0.822 0.586 0.824 0.588 0.824 0.594 0.826 0.596 0.826 0.6 0.828 0.602 0.828 0.604 0.83 0.606 0.83 0.608 0.832 0.61 0.838 0.61 0.84 0.608 0.854 0.608 0.856 0.61 0.858 0.608 0.862 0.608 0.864 0.606 0.868 0.606 0.87 0.604 0.872 0.604 0.874 0.602 0.876 0.602 0.88 0.598 0.882 0.598 0.892 0.588 0.892 0.586 0.894 0.584 0.894 0.582 0.892 0.58 0.892 0.574 0.89 0.572 0.89 0.57 0.888 0.568 0.888 0.564 0.886 0.562 0.886 0.56 0.884 0.558 0.882 0.558 0.878 0.554 0.878 0.552
6 0.496 0.522 0.164 0.132 0.54 0.456 0.538 0.458 0.534 0.458 0.532 0.46 0.526 0.46 0.524 0.462 0.522 0.462 0.52 0.464 0.514 0.464 0.512 0.466 0.508 0.466 0.506 0.468 0.504 0.468 0.502 0.47 0.496 0.47 0.494 0.472 0.49 0.472 0.488 0.474 0.486 0.474 0.484 0.476 0.478 0.476 0.476 0.478 0.472 0.478 0.47 0.48 0.464 0.48 0.462 0.482 0.458 0.482 0.456 0.484 0.452 0.484 0.45 0.486 0.444 0.486 0.442 0.488 0.438 0.488 0.436 0.49 0.428 0.49 0.426 0.492 0.422 0.492 0.42 0.494 0.414 0.494 0.414 0.504 0.416 0.506 0.416 0.512 0.418 0.514 0.418 0.518 0.42 0.52 0.42 0.524 0.422 0.526 0.422 0.53 0.424 0.532 0.424 0.538 0.426 0.54 0.426 0.544 0.428 0.546 0.428 0.552 0.43 0.554 0.43 0.558 0.432 0.56 0.432 0.564 0.434 0.566 0.434 0.57 0.436 0.572 0.436 0.58 0.44 0.584 0.444 0.584 0.446 0.586 0.45 0.586 0.452 0.584 0.46 0.584 0.462 0.582 0.464 0.582 0.466 0.58 0.472 0.58 0.474 0.578 0.478 0.578 0.48 0.576 0.486 0.576 0.488 0.574 0.492 0.574 0.494 0.572 0.498 0.572 0.5 0.57 0.508 0.57 0.51 0.568 0.512 0.568 0.514 0.566 0.52 0.566 0.522 0.564 0.526 0.564 0.528 0.562 0.532 0.562 0.534 0.56 0.538 0.56 0.54 0.558 0.546 0.558 0.548 0.556 0.554 0.556 0.556 0.554 0.558 0.554 0.56 0.552 0.566 0.552 0.568 0.55 0.572 0.55 0.576 0.546 0.576 0.542 0.574 0.54 0.574 0.536 0.572 0.534 0.572 0.53 0.57 0.528 0.57 0.524 0.568 0.522 0.568 0.516 0.566 0.514 0.566 0.51 0.564 0.508 0.564 0.504 0.562 0.502 0.562 0.496 0.56 0.494 0.56 0.488 0.558 0.486 0.558 0.482 0.556 0.48 0.556 0.474 0.554 0.472 0.554 0.468 0.552 0.466 0.552 0.462 0.55 0.46 0.55 0.456
3 0.542 0.789 0.096 0.058 0.576 0.76 0.574 0.762 0.564 0.762 0.562 0.764 0.558 0.764 0.556 0.766 0.55 0.766 0.548 0.768 0.542 0.768 0.54 0.77 0.534 0.77 0.532 0.772 0.528 0.772 0.526 0.774 0.522 0.774 0.52 0.776 0.516 0.776 0.514 0.778 0.51 0.778 0.508 0.78 0.504 0.78 0.502 0.782 0.5 0.782 0.498 0.784 0.496 0.784 0.494 0.786 0.494 0.792 0.496 0.794 0.496 0.8 0.498 0.802 0.498 0.806 0.5 0.808 0.5 0.812 0.502 0.814 0.502 0.816 0.508 0.816 0.51 0.814 0.516 0.814 0.518 0.812 0.524 0.812 0.526 0.81 0.53 0.81 0.532 0.808 0.536 0.808 0.538 0.806 0.542 0.806 0.544 0.804 0.548 0.804 0.55 0.802 0.554 0.802 0.556 0.8 0.562 0.8 0.564 0.798 0.568 0.798 0.57 0.796 0.574 0.796 0.576 0.794 0.58 0.794 0.582 0.792 0.586 0.792 0.588 0.79 0.588 0.782 0.586 0.78 0.586 0.774 0.584 0.772 0.584 0.768 0.582 0.766 0.582 0.762 0.58 0.762 0.578 0.76
4 0.615 0.725 0.018 0.018 0.612 0.716 0.61 0.718 0.608 0.718 0.606 0.72 0.606 0.724 0.612 0.73 0.614 0.73 0.616 0.732 0.622 0.732 0.622 0.72 0.618 0.716
4 0.109 0.755 0.018 0.026 0.102 0.742 0.1 0.744 0.1 0.762 0.102 0.764 0.102 0.766 0.114 0.766 0.116 0.764 0.116 0.742
5 0.863 0.681 0.018 0.022 0.868 0.67 0.866 0.672 0.858 0.672 0.854 0.676 0.854 0.684 0.86 0.69 0.866 0.69 0.868 0.688 0.868 0.684 0.87 0.682 0.87 0.672
5 0.149 0.83 0.018 0.012 0.142 0.824 0.14 0.826 0.14 0.834 0.154 0.834 0.156 0.832 0.156 0.826 0.154 0.826 0.152 0.824
3 0.895 0.712 0.062 0.048 0.912 0.688 0.91 0.69 0.904 0.69 0.902 0.692 0.898 0.692 0.896 0.694 0.89 0.694 0.888 0.696 0.884 0.696 0.882 0.698 0.878 0.698 0.876 0.7 0.872 0.7 0.87 0.702 0.868 0.702 0.864 0.706 0.864 0.716 0.866 0.718 0.866 0.724 0.868 0.726 0.868 0.73 0.87 0.732 0.87 0.734 0.872 0.734 0.874 0.732 0.878 0.732 0.88 0.73 0.884 0.73 0.886 0.728 0.888 0.728 0.89 0.726 0.894 0.726 0.896 0.724 0.898 0.724 0.9 0.722 0.91 0.722 0.912 0.72 0.916 0.72 0.918 0.718 0.92 0.718 0.922 0.716 0.922 0.714 0.924 0.712 0.924 0.71 0.922 0.708 0.922 0.692 0.918 0.688
