4 0.844 0.954 0.016 0.016 0.84 0.946 0.836 0.95 0.836 0.958 0.838 0.96 0.848 0.96 0.848 0.958 0.85 0.956 0.85 0.95 0.846 0.946
4 0.567 0.807 0.022 0.026 0.562 0.794 0.56 0.796 0.56 0.798 0.558 0.8 0.558 0.804 0.556 0.806 0.556 0.812 0.558 0.814 0.558 0.816 0.56 0.816 0.562 0.818 0.566 0.818 0.572 0.812 0.572 0.81 0.574 0.808 0.574 0.806 0.576 0.804 0.576 0.8 0.574 0.798 0.574 0.796 0.572 0.796 0.57 0.794
7 0.542 0.546 0.012 0.012 0.538 0.54 0.536 0.542 0.536 0.548 0.538 0.55 0.544 0.55 0.546 0.548 0.546 0.546 0.544 0.544 0.544 0.542 0.542 0.542 0.54 0.54
7 0.031 0.643 0.01 0.01 0.028 0.638 0.026 0.64 0.026 0.642 0.03 0.646 0.032 0.646 0.032 0.644 0.034 0.642 0.034 0.64 0.032 0.638
7 0.465 0.746 0.014 0.012 0.462 0.74 0.46 0.742 0.458 0.742 0.458 0.746 0.462 0.75 0.47 0.75 0.47 0.744 0.468 0.742 0.466 0.742 0.464 0.74
7 0.477 0.825 0.034 0.022 0.466 0.814 0.46 0.82 0.46 0.822 0.462 0.824 0.462 0.826 0.464 0.826 0.466 0.828 0.468 0.828 0.47 0.83 0.476 0.83 0.478 0.832 0.48 0.832 0.482 0.834 0.49 0.834 0.492 0.832 0.492 0.83 0.488 0.826 0.486 0.826 0.474 0.814
5 0.456 0.456 0.032 0.04 0.452 0.436 0.448 0.44 0.448 0.442 0.446 0.444 0.446 0.446 0.444 0.448 0.444 0.45 0.442 0.452 0.442 0.456 0.44 0.458 0.44 0.468 0.442 0.468 0.444 0.47 0.446 0.47 0.448 0.472 0.45 0.472 0.452 0.474 0.458 0.474 0.46 0.472 0.46 0.47 0.462 0.468 0.462 0.466 0.464 0.464 0.464 0.462 0.466 0.46 0.466 0.458 0.468 0.456 0.468 0.452 0.47 0.45 0.47 0.444 0.466 0.44 0.464 0.44 0.462 0.438 0.46 0.438 0.458 0.436
4 0.487 0.538 0.022 0.024 0.484 0.526 0.478 0.532 0.478 0.534 0.476 0.536 0.476 0.542 0.48 0.546 0.482 0.546 0.484 0.548 0.488 0.548 0.494 0.542 0.494 0.538 0.496 0.536 0.496 0.528 0.494 0.526
4 0.319 0.882 0.018 0.02 0.318 0.872 0.31 0.88 0.312 0.882 0.312 0.884 0.314 0.886 0.314 0.888 0.316 0.89 0.322 0.89 0.324 0.888 0.324 0.886 0.326 0.884 0.326 0.878 0.322 0.874 0.32 0.874
5 0.367 0.742 0.038 0.044 0.364 0.72 0.362 0.722 0.362 0.724 0.36 0.726 0.36 0.728 0.356 0.732 0.356 0.734 0.354 0.736 0.354 0.738 0.352 0.74 0.352 0.742 0.35 0.744 0.35 0.746 0.348 0.748 0.348 0.752 0.35 0.754 0.35 0.756 0.352 0.758 0.352 0.76 0.354 0.762 0.364 0.762 0.366 0.76 0.368 0.76 0.37 0.758 0.37 0.756 0.374 0.752 0.374 0.75 0.376 0.748 0.376 0.746 0.382 0.74 0.382 0.738 0.384 0.736 0.384 0.728 0.382 0.726 0.38 0.726 0.376 0.722 0.374 0.722 0.372 0.72
4 0.495 0.768 0.022 0.02 0.49 0.758 0.488 0.76 0.488 0.762 0.486 0.764 0.486 0.768 0.484 0.77 0.486 0.772 0.486 0.774 0.488 0.776 0.5 0.776 0.502 0.774 0.502 0.77 0.504 0.768 0.504 0.764 0.498 0.758
4 0.006 0.607 0.012 0.018 0.0 0.598 0.0 0.614 0.002 0.614 0.004 0.612 0.006 0.612 0.008 0.61 0.008 0.606 0.01 0.604 0.01 0.6 0.008 0.598
4 0.008 0.483 0.016 0.03 0.0 0.468 0.0 0.496 0.002 0.494 0.004 0.494 0.01 0.488 0.01 0.486 0.012 0.484 0.012 0.48 0.014 0.478 0.014 0.474 0.01 0.47 0.004 0.47 0.002 0.468
3 0.456 0.901 0.112 0.122 0.458 0.84 0.456 0.842 0.45 0.842 0.448 0.844 0.438 0.844 0.434 0.848 0.432 0.848 0.43 0.85 0.426 0.85 0.424 0.852 0.422 0.852 0.42 0.854 0.418 0.854 0.416 0.856 0.416 0.858 0.414 0.86 0.414 0.862 0.41 0.866 0.41 0.868 0.406 0.872 0.406 0.874 0.402 0.878 0.402 0.89 0.4 0.892 0.4 0.898 0.402 0.9 0.4 0.902 0.4 0.922 0.404 0.926 0.404 0.928 0.406 0.928 0.408 0.93 0.41 0.93 0.412 0.932 0.414 0.932 0.416 0.934 0.418 0.934 0.422 0.938 0.424 0.938 0.426 0.94 0.428 0.94 0.434 0.946 0.436 0.946 0.438 0.948 0.44 0.948 0.442 0.95 0.444 0.95 0.446 0.952 0.448 0.952 0.452 0.956 0.454 0.956 0.456 0.958 0.458 0.958 0.46 0.96 0.462 0.96 0.464 0.958 0.466 0.958 0.468 0.956 0.474 0.956 0.476 0.954 0.492 0.954 0.496 0.95 0.496 0.948 0.502 0.942 0.502 0.94 0.504 0.938 0.504 0.936 0.506 0.934 0.506 0.932 0.508 0.93 0.508 0.928 0.51 0.926 0.51 0.916 0.508 0.914 0.51 0.912 0.51 0.904 0.508 0.902 0.508 0.89 0.506 0.888 0.506 0.882 0.504 0.88 0.504 0.868 0.502 0.866 0.502 0.86 0.498 0.86 0.496 0.858 0.492 0.858 0.49 0.856 0.49 0.854 0.486 0.85 0.48 0.85 0.476 0.846 0.474 0.846 0.47 0.842 0.466 0.842 0.464 0.84
4 0.047 0.564 0.022 0.024 0.042 0.552 0.038 0.556 0.038 0.56 0.036 0.562 0.036 0.566 0.038 0.568 0.038 0.57 0.04 0.572 0.042 0.572 0.044 0.574 0.046 0.574 0.048 0.572 0.05 0.572 0.054 0.568 0.054 0.566 0.056 0.564 0.056 0.556 0.054 0.554 0.052 0.554 0.05 0.552
3 0.288 0.747 0.116 0.114 0.278 0.69 0.276 0.692 0.27 0.692 0.268 0.694 0.268 0.696 0.264 0.7 0.264 0.704 0.262 0.706 0.262 0.708 0.258 0.712 0.258 0.714 0.256 0.716 0.256 0.718 0.254 0.72 0.254 0.722 0.252 0.724 0.252 0.726 0.25 0.728 0.25 0.73 0.248 0.732 0.248 0.734 0.244 0.738 0.244 0.74 0.242 0.742 0.242 0.744 0.24 0.746 0.24 0.748 0.232 0.756 0.232 0.76 0.23 0.762 0.23 0.768 0.232 0.77 0.232 0.772 0.234 0.774 0.234 0.776 0.24 0.782 0.244 0.782 0.246 0.784 0.248 0.784 0.26 0.796 0.264 0.796 0.268 0.8 0.272 0.8 0.274 0.802 0.28 0.802 0.282 0.8 0.294 0.8 0.296 0.798 0.302 0.798 0.304 0.796 0.306 0.796 0.308 0.794 0.318 0.794 0.32 0.792 0.322 0.792 0.324 0.79 0.326 0.79 0.326 0.788 0.332 0.782 0.332 0.78 0.334 0.778 0.334 0.776 0.338 0.772 0.338 0.77 0.34 0.768 0.34 0.762 0.342 0.76 0.342 0.758 0.344 0.756 0.344 0.748 0.342 0.746 0.342 0.736 0.338 0.732 0.338 0.73 0.334 0.726 0.334 0.72 0.332 0.718 0.332 0.714 0.33 0.712 0.33 0.71 0.328 0.708 0.328 0.706 0.322 0.7 0.318 0.7 0.316 0.698 0.308 0.698 0.306 0.696 0.3 0.696 0.298 0.694 0.292 0.694 0.29 0.692 0.286 0.692 0.284 0.69
