4 0.273 0.461 0.018 0.014 0.266 0.454 0.264 0.456 0.264 0.464 0.266 0.466 0.278 0.466 0.28 0.464 0.28 0.456 0.278 0.456 0.276 0.454
5 0.99 0.563 0.02 0.026 0.988 0.55 0.986 0.552 0.984 0.552 0.98 0.556 0.98 0.566 0.982 0.568 0.982 0.572 0.984 0.574 0.994 0.574 0.996 0.572 0.998 0.572 0.998 0.552 0.994 0.552 0.992 0.55
4 0.145 0.465 0.018 0.022 0.138 0.454 0.136 0.456 0.136 0.472 0.138 0.474 0.148 0.474 0.15 0.472 0.152 0.472 0.152 0.456 0.15 0.454
5 0.511 0.119 0.018 0.014 0.506 0.112 0.504 0.114 0.504 0.116 0.502 0.118 0.502 0.122 0.504 0.124 0.512 0.124 0.514 0.122 0.516 0.122 0.516 0.12 0.518 0.118 0.518 0.116 0.514 0.112
5 0.221 0.095 0.014 0.018 0.22 0.086 0.218 0.088 0.216 0.088 0.216 0.092 0.214 0.094 0.214 0.1 0.216 0.102 0.222 0.102 0.224 0.1 0.224 0.096 0.226 0.094 0.226 0.088 0.222 0.088
3 0.186 0.168 0.136 0.16 0.184 0.088 0.182 0.09 0.178 0.09 0.176 0.092 0.172 0.092 0.17 0.094 0.168 0.094 0.166 0.096 0.162 0.096 0.16 0.098 0.158 0.098 0.156 0.1 0.152 0.1 0.15 0.102 0.146 0.102 0.144 0.104 0.142 0.104 0.14 0.106 0.138 0.106 0.136 0.108 0.132 0.108 0.132 0.11 0.13 0.112 0.13 0.12 0.128 0.122 0.128 0.134 0.126 0.136 0.126 0.144 0.124 0.146 0.124 0.152 0.122 0.154 0.122 0.174 0.12 0.176 0.12 0.194 0.118 0.196 0.118 0.226 0.12 0.228 0.126 0.228 0.128 0.23 0.158 0.23 0.164 0.236 0.166 0.236 0.168 0.238 0.172 0.238 0.174 0.24 0.176 0.24 0.178 0.242 0.18 0.242 0.182 0.244 0.19 0.244 0.192 0.246 0.216 0.246 0.218 0.244 0.23 0.244 0.232 0.242 0.236 0.242 0.238 0.24 0.238 0.238 0.24 0.236 0.24 0.232 0.242 0.23 0.242 0.228 0.244 0.226 0.244 0.222 0.246 0.22 0.246 0.214 0.248 0.212 0.248 0.206 0.25 0.204 0.25 0.192 0.252 0.19 0.252 0.164 0.25 0.162 0.25 0.16 0.244 0.154 0.244 0.152 0.24 0.152 0.236 0.148 0.236 0.146 0.234 0.144 0.234 0.138 0.232 0.136 0.232 0.132 0.23 0.13 0.23 0.124 0.228 0.122 0.228 0.12 0.216 0.108 0.216 0.106 0.21 0.1 0.208 0.1 0.206 0.098 0.202 0.098 0.2 0.096 0.198 0.096 0.192 0.09 0.192 0.088
5 0.326 0.097 0.02 0.014 0.324 0.09 0.322 0.092 0.32 0.092 0.316 0.096 0.318 0.098 0.32 0.098 0.322 0.1 0.33 0.1 0.332 0.102 0.334 0.1 0.334 0.09
4 0.307 0.04 0.026 0.024 0.298 0.028 0.296 0.03 0.296 0.034 0.294 0.036 0.294 0.048 0.296 0.05 0.316 0.05 0.316 0.04 0.318 0.038 0.318 0.032 0.314 0.028
4 0.257 0.035 0.026 0.026 0.25 0.022 0.248 0.024 0.246 0.024 0.246 0.03 0.244 0.032 0.244 0.044 0.246 0.046 0.266 0.046 0.266 0.044 0.268 0.042 0.268 0.024 0.266 0.024 0.264 0.022
4 0.209 0.46 0.018 0.024 0.204 0.448 0.202 0.45 0.2 0.45 0.2 0.466 0.204 0.47 0.214 0.47 0.216 0.468 0.216 0.452 0.212 0.448
3 0.242 0.472 0.04 0.032 0.24 0.456 0.238 0.458 0.226 0.458 0.224 0.46 0.224 0.464 0.222 0.466 0.222 0.47 0.224 0.472 0.224 0.48 0.228 0.484 0.23 0.484 0.232 0.486 0.246 0.486 0.248 0.484 0.254 0.484 0.256 0.482 0.258 0.482 0.26 0.48 0.26 0.462 0.256 0.458 0.252 0.458 0.25 0.456
2 0.484 0.323 0.144 0.03 0.414 0.308 0.414 0.316 0.412 0.318 0.412 0.322 0.424 0.322 0.426 0.324 0.444 0.324 0.446 0.326 0.464 0.326 0.466 0.328 0.484 0.328 0.486 0.33 0.504 0.33 0.506 0.332 0.524 0.332 0.526 0.334 0.546 0.334 0.548 0.336 0.552 0.336 0.552 0.326 0.554 0.324 0.554 0.32 0.54 0.32 0.538 0.318 0.516 0.318 0.514 0.316 0.494 0.316 0.492 0.314 0.47 0.314 0.468 0.312 0.446 0.312 0.444 0.31 0.422 0.31 0.42 0.308
5 0.232 0.412 0.02 0.02 0.228 0.402 0.224 0.406 0.224 0.408 0.222 0.41 0.222 0.416 0.224 0.418 0.226 0.418 0.228 0.42 0.236 0.42 0.238 0.418 0.24 0.418 0.24 0.404 0.238 0.402
