7 0.996 0.875 0.008 0.014 0.994 0.868 0.992 0.87 0.992 0.878 0.994 0.88 0.998 0.88 0.998 0.868
3 0.027 0.767 0.054 0.102 0.0 0.716 0.0 0.816 0.002 0.816 0.006 0.812 0.008 0.812 0.008 0.81 0.024 0.794 0.024 0.792 0.032 0.784 0.032 0.782 0.038 0.776 0.038 0.774 0.046 0.766 0.046 0.764 0.05 0.76 0.05 0.758 0.052 0.756 0.052 0.748 0.05 0.748 0.048 0.746 0.046 0.746 0.042 0.742 0.04 0.742 0.034 0.736 0.032 0.736 0.026 0.73 0.024 0.73 0.022 0.728 0.02 0.728 0.016 0.724 0.014 0.724 0.01 0.72 0.008 0.72 0.006 0.718 0.004 0.718 0.002 0.716
3 0.098 0.752 0.076 0.072 0.078 0.716 0.076 0.718 0.074 0.718 0.074 0.72 0.068 0.726 0.068 0.728 0.064 0.732 0.064 0.734 0.06 0.738 0.06 0.746 0.062 0.748 0.062 0.752 0.064 0.752 0.066 0.754 0.066 0.758 0.068 0.76 0.068 0.762 0.078 0.772 0.08 0.772 0.084 0.776 0.086 0.776 0.09 0.78 0.092 0.78 0.094 0.782 0.096 0.782 0.098 0.784 0.1 0.784 0.102 0.786 0.108 0.786 0.114 0.78 0.114 0.778 0.128 0.764 0.128 0.762 0.132 0.758 0.132 0.756 0.134 0.754 0.124 0.744 0.122 0.744 0.102 0.724 0.1 0.724 0.096 0.72 0.094 0.72 0.092 0.718 0.09 0.718 0.088 0.716
3 0.124 0.308 0.06 0.068 0.124 0.274 0.116 0.282 0.116 0.284 0.108 0.292 0.108 0.294 0.104 0.298 0.104 0.3 0.1 0.304 0.1 0.306 0.098 0.308 0.098 0.312 0.096 0.314 0.096 0.322 0.094 0.324 0.094 0.332 0.096 0.334 0.096 0.338 0.098 0.34 0.102 0.34 0.104 0.338 0.11 0.338 0.112 0.336 0.12 0.336 0.122 0.334 0.128 0.334 0.13 0.332 0.136 0.332 0.138 0.33 0.142 0.33 0.144 0.328 0.15 0.328 0.152 0.326 0.152 0.322 0.15 0.32 0.15 0.312 0.148 0.31 0.148 0.302 0.146 0.3 0.146 0.294 0.144 0.292 0.144 0.288 0.142 0.286 0.142 0.278 0.138 0.274
5 0.028 0.886 0.02 0.016 0.028 0.878 0.026 0.88 0.024 0.88 0.02 0.884 0.018 0.884 0.018 0.888 0.022 0.892 0.03 0.892 0.032 0.89 0.034 0.89 0.034 0.888 0.036 0.886 0.036 0.88 0.034 0.88 0.032 0.878
3 0.143 0.864 0.102 0.108 0.132 0.81 0.13 0.812 0.13 0.814 0.126 0.818 0.126 0.82 0.124 0.822 0.124 0.824 0.12 0.828 0.12 0.83 0.116 0.834 0.116 0.836 0.112 0.84 0.112 0.842 0.108 0.846 0.108 0.848 0.104 0.852 0.104 0.854 0.1 0.858 0.1 0.86 0.098 0.862 0.098 0.864 0.096 0.866 0.096 0.868 0.092 0.872 0.092 0.876 0.098 0.882 0.1 0.882 0.11 0.892 0.112 0.892 0.116 0.896 0.118 0.896 0.124 0.902 0.126 0.902 0.14 0.916 0.144 0.916 0.148 0.912 0.148 0.91 0.152 0.906 0.152 0.904 0.16 0.896 0.16 0.894 0.166 0.888 0.166 0.886 0.172 0.88 0.172 0.878 0.184 0.866 0.184 0.864 0.186 0.862 0.186 0.86 0.188 0.858 0.188 0.856 0.192 0.852 0.192 0.848 0.19 0.846 0.19 0.844 0.188 0.844 0.186 0.842 0.184 0.842 0.176 0.834 0.174 0.834 0.172 0.832 0.17 0.832 0.166 0.828 0.164 0.828 0.16 0.824 0.158 0.824 0.154 0.82 0.152 0.82 0.148 0.816 0.146 0.816 0.142 0.812 0.14 0.812 0.138 0.81
3 0.91 0.899 0.12 0.106 0.932 0.846 0.93 0.848 0.906 0.848 0.904 0.85 0.878 0.85 0.876 0.852 0.868 0.852 0.866 0.854 0.866 0.856 0.864 0.858 0.864 0.862 0.858 0.868 0.858 0.874 0.856 0.876 0.856 0.878 0.854 0.88 0.854 0.882 0.852 0.884 0.852 0.886 0.85 0.888 0.862 0.9 0.864 0.9 0.866 0.902 0.868 0.902 0.874 0.908 0.876 0.908 0.878 0.91 0.88 0.91 0.886 0.916 0.888 0.916 0.89 0.918 0.892 0.918 0.896 0.922 0.898 0.922 0.908 0.932 0.91 0.932 0.914 0.936 0.916 0.936 0.922 0.942 0.924 0.942 0.93 0.948 0.932 0.948 0.934 0.95 0.94 0.95 0.954 0.936 0.954 0.934 0.966 0.922 0.966 0.92 0.968 0.918 0.968 0.912 0.966 0.91 0.966 0.908 0.964 0.906 0.964 0.894 0.962 0.892 0.962 0.884 0.96 0.882 0.96 0.876 0.958 0.874 0.958 0.868 0.956 0.866 0.956 0.86 0.954 0.858 0.954 0.852 0.952 0.85 0.952 0.848 0.95 0.846
5 0.512 0.55 0.02 0.02 0.514 0.54 0.512 0.542 0.504 0.542 0.504 0.546 0.502 0.548 0.502 0.554 0.504 0.556 0.504 0.558 0.512 0.558 0.516 0.554 0.516 0.552 0.52 0.548 0.52 0.542 0.518 0.542 0.516 0.54
3 0.253 0.406 0.134 0.124 0.258 0.344 0.256 0.346 0.254 0.346 0.25 0.35 0.25 0.352 0.246 0.356 0.244 0.356 0.234 0.366 0.232 0.366 0.228 0.37 0.226 0.37 0.224 0.372 0.224 0.374 0.222 0.376 0.22 0.376 0.216 0.38 0.214 0.38 0.21 0.384 0.208 0.384 0.202 0.39 0.2 0.39 0.192 0.398 0.19 0.398 0.186 0.402 0.186 0.406 0.188 0.408 0.19 0.408 0.192 0.41 0.194 0.41 0.196 0.412 0.196 0.414 0.204 0.422 0.204 0.424 0.206 0.424 0.21 0.428 0.212 0.428 0.222 0.438 0.224 0.438 0.226 0.44 0.228 0.44 0.234 0.446 0.236 0.446 0.238 0.448 0.24 0.448 0.246 0.454 0.248 0.454 0.256 0.462 0.26 0.462 0.262 0.464 0.272 0.464 0.274 0.466 0.278 0.466 0.282 0.462 0.282 0.456 0.284 0.454 0.284 0.452 0.286 0.45 0.286 0.448 0.29 0.444 0.29 0.44 0.294 0.436 0.294 0.432 0.296 0.43 0.296 0.424 0.298 0.422 0.298 0.42 0.302 0.416 0.302 0.414 0.304 0.412 0.304 0.408 0.308 0.404 0.308 0.4 0.314 0.394 0.314 0.392 0.316 0.39 0.316 0.388 0.318 0.386 0.318 0.382 0.316 0.38 0.316 0.378 0.304 0.366 0.302 0.366 0.298 0.362 0.296 0.362 0.292 0.358 0.29 0.358 0.286 0.354 0.284 0.354 0.28 0.35 0.278 0.35 0.274 0.346 0.272 0.346 0.27 0.344
3 0.984 0.737 0.032 0.118 0.998 0.678 0.996 0.68 0.994 0.68 0.992 0.682 0.99 0.682 0.986 0.686 0.986 0.688 0.978 0.696 0.978 0.698 0.97 0.706 0.97 0.708 0.968 0.71 0.968 0.722 0.97 0.724 0.97 0.726 0.972 0.728 0.972 0.732 0.974 0.734 0.974 0.738 0.976 0.74 0.976 0.746 0.978 0.748 0.978 0.752 0.98 0.754 0.98 0.76 0.982 0.762 0.982 0.766 0.984 0.768 0.984 0.77 0.986 0.772 0.986 0.774 0.988 0.776 0.988 0.78 0.99 0.782 0.99 0.786 0.998 0.794
3 0.106 0.977 0.08 0.046 0.096 0.954 0.088 0.962 0.088 0.964 0.086 0.966 0.086 0.968 0.08 0.974 0.08 0.976 0.076 0.98 0.076 0.982 0.072 0.986 0.072 0.988 0.07 0.99 0.07 0.992 0.066 0.996 0.066 0.998 0.142 0.998 0.144 0.996 0.144 0.992 0.142 0.99 0.144 0.988 0.144 0.984 0.142 0.982 0.144 0.98 0.144 0.978 0.142 0.976 0.142 0.966 0.14 0.964 0.14 0.962 0.138 0.96 0.136 0.96 0.134 0.962 0.132 0.96 0.13 0.96 0.128 0.958 0.118 0.958 0.114 0.954
4 0.282 0.268 0.02 0.024 0.282 0.256 0.28 0.258 0.276 0.258 0.276 0.26 0.274 0.262 0.274 0.268 0.272 0.27 0.272 0.276 0.274 0.278 0.28 0.278 0.282 0.276 0.284 0.276 0.288 0.272 0.288 0.268 0.29 0.266 0.29 0.262 0.288 0.26 0.288 0.258 0.284 0.258
4 0.328 0.3 0.02 0.024 0.324 0.288 0.32 0.292 0.32 0.296 0.318 0.298 0.318 0.308 0.32 0.31 0.326 0.31 0.328 0.308 0.328 0.306 0.336 0.298 0.336 0.292 0.334 0.29 0.332 0.29 0.33 0.288
4 0.375 0.331 0.018 0.022 0.37 0.32 0.368 0.322 0.368 0.326 0.366 0.328 0.366 0.336 0.37 0.34 0.376 0.34 0.382 0.334 0.382 0.322 0.38 0.322 0.378 0.32
7 0.383 0.52 0.03 0.032 0.378 0.504 0.372 0.51 0.372 0.512 0.37 0.514 0.37 0.516 0.368 0.518 0.368 0.526 0.372 0.53 0.374 0.53 0.378 0.534 0.384 0.534 0.39 0.528 0.39 0.526 0.394 0.522 0.394 0.52 0.396 0.518 0.396 0.514 0.392 0.51 0.39 0.51 0.388 0.508 0.386 0.508 0.382 0.504
7 0.401 0.453 0.018 0.018 0.398 0.444 0.396 0.446 0.394 0.446 0.392 0.448 0.392 0.458 0.394 0.458 0.396 0.46 0.402 0.46 0.404 0.458 0.406 0.458 0.406 0.456 0.408 0.454 0.408 0.446 0.406 0.446 0.404 0.444
0 0.456 0.571 0.056 0.05 0.45 0.546 0.448 0.548 0.446 0.548 0.432 0.562 0.432 0.564 0.428 0.568 0.428 0.572 0.44 0.584 0.442 0.584 0.446 0.588 0.448 0.588 0.452 0.592 0.454 0.592 0.456 0.594 0.464 0.594 0.474 0.584 0.474 0.582 0.478 0.578 0.478 0.576 0.48 0.574 0.48 0.572 0.482 0.57 0.482 0.566 0.48 0.564 0.478 0.564 0.474 0.56 0.472 0.56 0.466 0.554 0.464 0.554 0.46 0.55 0.458 0.55 0.456 0.548 0.454 0.548 0.452 0.546
