4 0.92 0.365 0.028 0.026 0.912 0.352 0.908 0.356 0.908 0.362 0.906 0.364 0.906 0.37 0.91 0.374 0.916 0.374 0.918 0.376 0.922 0.376 0.924 0.374 0.928 0.374 0.928 0.372 0.93 0.37 0.93 0.364 0.932 0.362 0.932 0.356 0.93 0.354 0.926 0.354 0.924 0.352
2 0.445 0.331 0.13 0.138 0.422 0.262 0.42 0.264 0.418 0.264 0.412 0.27 0.412 0.272 0.41 0.274 0.41 0.276 0.406 0.28 0.406 0.282 0.402 0.286 0.402 0.288 0.4 0.29 0.4 0.292 0.398 0.294 0.398 0.296 0.396 0.298 0.396 0.3 0.386 0.31 0.386 0.312 0.382 0.316 0.382 0.318 0.38 0.32 0.38 0.334 0.382 0.336 0.382 0.338 0.388 0.344 0.39 0.344 0.392 0.346 0.396 0.346 0.398 0.348 0.398 0.35 0.4 0.352 0.4 0.36 0.402 0.362 0.402 0.364 0.404 0.366 0.404 0.368 0.406 0.37 0.408 0.37 0.41 0.372 0.412 0.372 0.414 0.374 0.418 0.374 0.424 0.38 0.426 0.38 0.432 0.386 0.434 0.386 0.436 0.388 0.438 0.388 0.442 0.392 0.444 0.392 0.448 0.396 0.45 0.396 0.452 0.398 0.456 0.398 0.458 0.396 0.46 0.396 0.46 0.394 0.466 0.388 0.466 0.386 0.472 0.38 0.472 0.378 0.478 0.372 0.478 0.37 0.484 0.364 0.484 0.362 0.49 0.356 0.49 0.354 0.492 0.352 0.492 0.35 0.5 0.342 0.5 0.34 0.506 0.334 0.506 0.332 0.508 0.33 0.508 0.322 0.504 0.318 0.504 0.316 0.5 0.312 0.5 0.31 0.498 0.308 0.496 0.308 0.494 0.306 0.492 0.306 0.49 0.304 0.488 0.304 0.486 0.302 0.484 0.302 0.482 0.3 0.48 0.3 0.474 0.294 0.47 0.294 0.466 0.29 0.464 0.29 0.456 0.282 0.454 0.282 0.452 0.28 0.45 0.28 0.446 0.276 0.444 0.276 0.442 0.274 0.44 0.274 0.438 0.272 0.436 0.272 0.434 0.27 0.432 0.27 0.428 0.266 0.428 0.264 0.426 0.262
2 0.971 0.635 0.038 0.074 0.954 0.598 0.954 0.6 0.96 0.606 0.96 0.62 0.962 0.622 0.962 0.628 0.96 0.63 0.96 0.636 0.958 0.638 0.958 0.646 0.956 0.648 0.956 0.654 0.954 0.656 0.954 0.66 0.952 0.662 0.952 0.668 0.956 0.668 0.958 0.666 0.96 0.668 0.962 0.668 0.964 0.67 0.972 0.67 0.974 0.668 0.976 0.668 0.978 0.666 0.98 0.666 0.98 0.65 0.982 0.648 0.982 0.644 0.984 0.642 0.984 0.636 0.986 0.634 0.986 0.63 0.988 0.628 0.988 0.612 0.986 0.61 0.986 0.606 0.98 0.6 0.972 0.6 0.97 0.598
2 0.629 0.731 0.086 0.054 0.594 0.704 0.594 0.708 0.592 0.71 0.592 0.714 0.59 0.716 0.59 0.722 0.588 0.724 0.588 0.728 0.586 0.73 0.586 0.74 0.59 0.74 0.592 0.742 0.602 0.742 0.604 0.744 0.61 0.744 0.612 0.746 0.62 0.746 0.622 0.748 0.628 0.748 0.63 0.75 0.638 0.75 0.64 0.752 0.646 0.752 0.648 0.754 0.652 0.754 0.654 0.756 0.662 0.756 0.662 0.754 0.664 0.752 0.664 0.746 0.668 0.742 0.668 0.74 0.67 0.738 0.67 0.736 0.666 0.736 0.664 0.734 0.662 0.736 0.66 0.736 0.658 0.738 0.654 0.734 0.654 0.73 0.646 0.722 0.644 0.722 0.642 0.72 0.64 0.72 0.638 0.718 0.636 0.718 0.634 0.716 0.632 0.716 0.63 0.714 0.628 0.714 0.626 0.712 0.624 0.712 0.622 0.71 0.62 0.71 0.614 0.704 0.606 0.704 0.604 0.706 0.602 0.706 0.6 0.704
5 0.869 0.402 0.026 0.02 0.864 0.392 0.86 0.396 0.86 0.398 0.858 0.4 0.858 0.402 0.856 0.404 0.86 0.408 0.862 0.408 0.864 0.41 0.874 0.41 0.876 0.408 0.876 0.406 0.878 0.404 0.878 0.402 0.88 0.4 0.88 0.396 0.878 0.394 0.872 0.394 0.87 0.392
5 0.026 0.296 0.028 0.04 0.032 0.276 0.026 0.282 0.026 0.284 0.024 0.286 0.024 0.288 0.018 0.294 0.018 0.296 0.016 0.298 0.016 0.3 0.014 0.302 0.014 0.304 0.012 0.306 0.012 0.31 0.016 0.314 0.018 0.312 0.02 0.312 0.02 0.31 0.028 0.302 0.028 0.3 0.03 0.298 0.03 0.296 0.032 0.294 0.032 0.292 0.038 0.286 0.038 0.278 0.036 0.276
5 0.829 0.493 0.026 0.03 0.82 0.478 0.82 0.48 0.818 0.482 0.818 0.486 0.816 0.488 0.816 0.5 0.818 0.502 0.824 0.502 0.828 0.506 0.83 0.506 0.836 0.5 0.836 0.496 0.838 0.494 0.838 0.49 0.84 0.488 0.84 0.482 0.838 0.48 0.834 0.48 0.832 0.478
5 0.177 0.27 0.03 0.028 0.172 0.256 0.17 0.258 0.168 0.258 0.168 0.26 0.166 0.262 0.166 0.264 0.164 0.266 0.164 0.268 0.162 0.27 0.162 0.274 0.166 0.278 0.168 0.278 0.172 0.282 0.18 0.282 0.186 0.276 0.186 0.274 0.188 0.272 0.188 0.27 0.19 0.268 0.19 0.266 0.188 0.264 0.188 0.262 0.186 0.26 0.184 0.26 0.18 0.256
4 0.743 0.669 0.034 0.03 0.732 0.654 0.73 0.656 0.73 0.658 0.728 0.66 0.728 0.662 0.726 0.664 0.726 0.672 0.732 0.678 0.734 0.678 0.736 0.68 0.738 0.68 0.74 0.682 0.756 0.682 0.758 0.68 0.758 0.67 0.75 0.662 0.748 0.662 0.742 0.656 0.74 0.656 0.738 0.654
4 0.823 0.612 0.046 0.072 0.826 0.576 0.822 0.58 0.822 0.582 0.818 0.586 0.818 0.59 0.816 0.592 0.816 0.596 0.812 0.6 0.812 0.604 0.81 0.606 0.81 0.61 0.808 0.612 0.808 0.618 0.804 0.622 0.804 0.626 0.802 0.628 0.802 0.634 0.8 0.636 0.8 0.64 0.804 0.644 0.806 0.644 0.808 0.646 0.82 0.646 0.824 0.642 0.824 0.638 0.826 0.636 0.826 0.634 0.828 0.632 0.828 0.622 0.832 0.618 0.832 0.616 0.834 0.614 0.834 0.612 0.836 0.61 0.836 0.606 0.838 0.604 0.838 0.6 0.842 0.596 0.842 0.592 0.844 0.59 0.844 0.582 0.842 0.582 0.838 0.578 0.832 0.578 0.83 0.576
4 0.827 0.6 0.038 0.048 0.826 0.576 0.822 0.58 0.822 0.582 0.82 0.584 0.82 0.586 0.818 0.588 0.818 0.592 0.816 0.594 0.816 0.596 0.814 0.598 0.814 0.6 0.812 0.602 0.812 0.606 0.81 0.608 0.81 0.612 0.808 0.614 0.808 0.616 0.81 0.618 0.816 0.618 0.818 0.62 0.824 0.62 0.826 0.622 0.828 0.62 0.83 0.62 0.832 0.618 0.832 0.616 0.834 0.614 0.834 0.612 0.836 0.61 0.836 0.604 0.838 0.602 0.838 0.6 0.84 0.598 0.84 0.596 0.842 0.594 0.842 0.592 0.844 0.59 0.844 0.582 0.842 0.582 0.84 0.58 0.838 0.58 0.836 0.578 0.832 0.578 0.83 0.576
4 0.955 0.547 0.03 0.026 0.944 0.534 0.942 0.536 0.942 0.542 0.94 0.544 0.94 0.554 0.942 0.556 0.946 0.556 0.948 0.558 0.96 0.558 0.962 0.556 0.964 0.556 0.966 0.554 0.966 0.55 0.968 0.548 0.968 0.536 0.966 0.536 0.964 0.534
4 0.874 0.545 0.024 0.018 0.868 0.536 0.866 0.538 0.864 0.538 0.864 0.54 0.862 0.542 0.862 0.546 0.864 0.548 0.866 0.548 0.87 0.552 0.882 0.552 0.884 0.55 0.884 0.542 0.88 0.538 0.878 0.538 0.876 0.536
4 0.875 0.483 0.026 0.026 0.868 0.47 0.868 0.472 0.866 0.474 0.866 0.476 0.864 0.478 0.864 0.482 0.862 0.484 0.862 0.488 0.864 0.49 0.866 0.49 0.868 0.492 0.872 0.492 0.874 0.494 0.88 0.494 0.884 0.49 0.884 0.486 0.886 0.484 0.886 0.474 0.884 0.472 0.88 0.472 0.878 0.47
3 0.781 0.363 0.122 0.142 0.762 0.292 0.76 0.294 0.758 0.294 0.758 0.298 0.756 0.3 0.756 0.304 0.754 0.306 0.754 0.31 0.752 0.312 0.752 0.318 0.75 0.32 0.75 0.322 0.748 0.324 0.748 0.328 0.746 0.33 0.746 0.332 0.744 0.334 0.744 0.338 0.742 0.34 0.742 0.344 0.74 0.346 0.74 0.35 0.738 0.352 0.738 0.356 0.736 0.358 0.736 0.36 0.734 0.362 0.734 0.366 0.732 0.368 0.732 0.372 0.73 0.374 0.73 0.378 0.728 0.38 0.728 0.382 0.726 0.384 0.726 0.388 0.724 0.39 0.724 0.394 0.722 0.396 0.722 0.402 0.72 0.404 0.72 0.41 0.722 0.412 0.722 0.414 0.724 0.414 0.726 0.416 0.728 0.416 0.73 0.418 0.732 0.418 0.734 0.42 0.738 0.42 0.74 0.422 0.744 0.422 0.746 0.424 0.75 0.424 0.752 0.426 0.754 0.426 0.756 0.428 0.76 0.428 0.762 0.43 0.764 0.43 0.766 0.432 0.772 0.432 0.774 0.43 0.776 0.43 0.778 0.428 0.786 0.428 0.788 0.43 0.79 0.43 0.792 0.428 0.796 0.428 0.798 0.426 0.8 0.426 0.802 0.424 0.804 0.424 0.806 0.422 0.808 0.422 0.81 0.42 0.812 0.42 0.814 0.418 0.816 0.418 0.82 0.414 0.822 0.414 0.826 0.41 0.828 0.41 0.83 0.408 0.832 0.408 0.838 0.402 0.838 0.398 0.84 0.396 0.84 0.39 0.838 0.388 0.838 0.386 0.836 0.384 0.836 0.376 0.834 0.374 0.836 0.372 0.836 0.362 0.834 0.36 0.834 0.352 0.832 0.35 0.832 0.34 0.83 0.338 0.83 0.33 0.828 0.328 0.828 0.32 0.826 0.32 0.822 0.316 0.82 0.316 0.818 0.314 0.816 0.314 0.814 0.312 0.81 0.312 0.808 0.31 0.806 0.31 0.804 0.308 0.802 0.308 0.8 0.306 0.796 0.306 0.794 0.304 0.792 0.304 0.79 0.302 0.788 0.302 0.786 0.3 0.782 0.3 0.78 0.298 0.776 0.298 0.774 0.296 0.772 0.296 0.77 0.294 0.764 0.294
4 0.885 0.457 0.026 0.026 0.88 0.444 0.878 0.446 0.876 0.446 0.876 0.448 0.874 0.45 0.874 0.454 0.872 0.456 0.872 0.464 0.874 0.466 0.882 0.466 0.884 0.468 0.886 0.468 0.888 0.466 0.89 0.466 0.892 0.464 0.892 0.462 0.894 0.46 0.894 0.456 0.896 0.454 0.896 0.448 0.894 0.446 0.886 0.446 0.884 0.444
3 0.949 0.451 0.082 0.166 0.974 0.368 0.972 0.37 0.968 0.37 0.966 0.372 0.962 0.372 0.96 0.374 0.958 0.374 0.956 0.376 0.954 0.376 0.952 0.378 0.95 0.378 0.948 0.38 0.946 0.38 0.944 0.382 0.942 0.382 0.94 0.384 0.938 0.384 0.934 0.388 0.932 0.388 0.93 0.39 0.928 0.39 0.928 0.394 0.93 0.396 0.93 0.398 0.938 0.406 0.938 0.408 0.946 0.416 0.946 0.418 0.95 0.422 0.95 0.424 0.952 0.426 0.952 0.428 0.96 0.436 0.96 0.438 0.964 0.442 0.964 0.446 0.96 0.45 0.958 0.45 0.956 0.452 0.952 0.452 0.95 0.454 0.946 0.454 0.942 0.458 0.938 0.458 0.936 0.46 0.934 0.46 0.932 0.462 0.93 0.462 0.928 0.464 0.926 0.464 0.924 0.466 0.922 0.466 0.918 0.47 0.916 0.47 0.914 0.472 0.912 0.472 0.908 0.476 0.908 0.478 0.91 0.48 0.91 0.482 0.916 0.488 0.916 0.49 0.922 0.496 0.922 0.498 0.928 0.504 0.928 0.506 0.938 0.516 0.938 0.518 0.944 0.524 0.946 0.524 0.948 0.526 0.95 0.526 0.952 0.528 0.958 0.528 0.96 0.53 0.972 0.53 0.974 0.532 0.976 0.53 0.98 0.53 0.982 0.528 0.982 0.526 0.984 0.524 0.984 0.496 0.986 0.494 0.986 0.484 0.984 0.482 0.984 0.48 0.986 0.478 0.986 0.476 0.984 0.474 0.984 0.446 0.986 0.444 0.986 0.436 0.984 0.434 0.986 0.432 0.986 0.414 0.988 0.412 0.988 0.408 0.986 0.406 0.986 0.374 0.984 0.372 0.984 0.368
3 0.911 0.632 0.102 0.088 0.914 0.588 0.912 0.59 0.906 0.59 0.904 0.592 0.902 0.592 0.9 0.594 0.896 0.594 0.894 0.596 0.89 0.596 0.888 0.598 0.886 0.598 0.884 0.6 0.882 0.6 0.88 0.602 0.878 0.602 0.876 0.604 0.872 0.604 0.87 0.606 0.868 0.606 0.864 0.61 0.862 0.61 0.862 0.612 0.86 0.614 0.862 0.616 0.862 0.618 0.866 0.622 0.866 0.624 0.868 0.626 0.868 0.628 0.87 0.63 0.87 0.632 0.874 0.636 0.874 0.638 0.88 0.644 0.88 0.646 0.884 0.65 0.884 0.656 0.886 0.658 0.888 0.658 0.89 0.66 0.894 0.66 0.896 0.662 0.9 0.662 0.902 0.664 0.908 0.664 0.91 0.666 0.914 0.666 0.916 0.668 0.922 0.668 0.924 0.67 0.928 0.67 0.93 0.672 0.934 0.672 0.936 0.674 0.942 0.674 0.944 0.672 0.946 0.672 0.946 0.668 0.95 0.664 0.95 0.662 0.954 0.658 0.954 0.65 0.956 0.648 0.956 0.636 0.958 0.634 0.958 0.626 0.96 0.624 0.96 0.62 0.958 0.618 0.958 0.606 0.954 0.602 0.948 0.602 0.946 0.6 0.942 0.6 0.938 0.596 0.936 0.596 0.932 0.592 0.93 0.592 0.926 0.588
3 0.885 0.714 0.13 0.108 0.872 0.66 0.87 0.662 0.868 0.662 0.866 0.664 0.864 0.664 0.862 0.666 0.86 0.666 0.858 0.668 0.856 0.668 0.854 0.67 0.852 0.67 0.85 0.672 0.848 0.672 0.846 0.674 0.844 0.674 0.842 0.676 0.84 0.676 0.838 0.678 0.836 0.678 0.834 0.68 0.832 0.68 0.828 0.684 0.826 0.684 0.824 0.686 0.822 0.686 0.82 0.688 0.82 0.692 0.824 0.696 0.824 0.698 0.828 0.702 0.828 0.704 0.836 0.712 0.836 0.714 0.842 0.72 0.842 0.722 0.846 0.726 0.846 0.728 0.85 0.732 0.85 0.734 0.858 0.742 0.86 0.742 0.862 0.744 0.864 0.744 0.866 0.746 0.868 0.746 0.87 0.748 0.876 0.748 0.878 0.75 0.882 0.75 0.884 0.752 0.886 0.752 0.888 0.754 0.892 0.754 0.894 0.756 0.898 0.756 0.9 0.758 0.902 0.758 0.904 0.76 0.906 0.76 0.908 0.762 0.91 0.762 0.912 0.764 0.914 0.764 0.916 0.766 0.918 0.764 0.918 0.762 0.92 0.76 0.92 0.758 0.922 0.756 0.922 0.754 0.924 0.752 0.924 0.748 0.926 0.746 0.926 0.742 0.928 0.74 0.928 0.738 0.93 0.736 0.93 0.732 0.932 0.73 0.932 0.726 0.934 0.724 0.934 0.718 0.936 0.716 0.936 0.712 0.938 0.71 0.938 0.708 0.94 0.706 0.94 0.704 0.942 0.702 0.942 0.698 0.944 0.696 0.944 0.694 0.946 0.692 0.946 0.69 0.948 0.688 0.948 0.678 0.946 0.676 0.936 0.676 0.934 0.674 0.928 0.674 0.926 0.672 0.922 0.672 0.92 0.67 0.916 0.67 0.914 0.668 0.91 0.668 0.908 0.666 0.902 0.666 0.9 0.664 0.898 0.664 0.896 0.662 0.888 0.662 0.886 0.66
5 0.395 0.515 0.022 0.03 0.404 0.5 0.4 0.504 0.396 0.504 0.394 0.506 0.392 0.506 0.39 0.508 0.39 0.51 0.388 0.512 0.388 0.526 0.386 0.528 0.384 0.528 0.386 0.528 0.39 0.524 0.392 0.524 0.394 0.522 0.398 0.522 0.4 0.52 0.4 0.516 0.402 0.514 0.402 0.51 0.404 0.508
4 0.867 0.343 0.026 0.022 0.86 0.332 0.856 0.336 0.856 0.34 0.854 0.342 0.854 0.346 0.856 0.348 0.856 0.35 0.858 0.35 0.86 0.352 0.874 0.352 0.876 0.35 0.876 0.346 0.878 0.344 0.868 0.334 0.866 0.334 0.864 0.332
4 0.91 0.388 0.028 0.024 0.904 0.376 0.9 0.38 0.9 0.384 0.898 0.386 0.898 0.388 0.896 0.39 0.896 0.392 0.9 0.396 0.902 0.396 0.904 0.398 0.916 0.398 0.916 0.396 0.918 0.394 0.918 0.392 0.92 0.39 0.92 0.388 0.922 0.386 0.922 0.382 0.92 0.38 0.918 0.38 0.916 0.378 0.91 0.378 0.908 0.376
5 0.783 0.623 0.03 0.034 0.782 0.606 0.78 0.608 0.78 0.61 0.778 0.612 0.778 0.614 0.776 0.616 0.776 0.618 0.774 0.62 0.774 0.622 0.772 0.624 0.772 0.626 0.768 0.63 0.77 0.632 0.77 0.634 0.772 0.636 0.774 0.636 0.776 0.638 0.788 0.638 0.788 0.636 0.79 0.634 0.79 0.632 0.792 0.63 0.792 0.626 0.794 0.624 0.794 0.62 0.796 0.618 0.796 0.614 0.792 0.61 0.79 0.61 0.788 0.608 0.786 0.608 0.784 0.606
6 0.617 0.259 0.138 0.13 0.586 0.194 0.582 0.198 0.582 0.2 0.58 0.202 0.58 0.206 0.576 0.21 0.576 0.212 0.572 0.216 0.572 0.22 0.568 0.224 0.568 0.226 0.564 0.23 0.564 0.232 0.56 0.236 0.56 0.238 0.558 0.24 0.558 0.242 0.556 0.244 0.556 0.246 0.554 0.248 0.554 0.25 0.55 0.254 0.55 0.256 0.548 0.258 0.548 0.26 0.552 0.264 0.554 0.264 0.558 0.268 0.56 0.268 0.564 0.272 0.566 0.272 0.57 0.276 0.572 0.276 0.576 0.28 0.578 0.28 0.582 0.284 0.584 0.284 0.588 0.288 0.59 0.288 0.594 0.292 0.596 0.292 0.6 0.296 0.602 0.296 0.606 0.3 0.608 0.3 0.61 0.302 0.612 0.302 0.616 0.306 0.618 0.306 0.62 0.308 0.622 0.308 0.626 0.312 0.63 0.312 0.632 0.314 0.636 0.314 0.638 0.316 0.64 0.316 0.642 0.318 0.644 0.318 0.646 0.32 0.648 0.32 0.65 0.322 0.662 0.322 0.678 0.306 0.678 0.304 0.682 0.3 0.682 0.296 0.684 0.294 0.684 0.288 0.682 0.286 0.682 0.282 0.678 0.278 0.678 0.276 0.668 0.266 0.668 0.262 0.666 0.26 0.666 0.258 0.664 0.256 0.664 0.254 0.632 0.222 0.632 0.22 0.63 0.218 0.63 0.216 0.628 0.214 0.626 0.214 0.622 0.21 0.618 0.21 0.614 0.206 0.612 0.206 0.61 0.204 0.608 0.204 0.604 0.2 0.602 0.2 0.6 0.198 0.596 0.198 0.594 0.196 0.592 0.196 0.59 0.194
7 0.169 0.22 0.026 0.024 0.176 0.208 0.174 0.21 0.164 0.21 0.162 0.212 0.16 0.212 0.158 0.214 0.158 0.218 0.156 0.22 0.156 0.222 0.158 0.224 0.158 0.226 0.162 0.23 0.172 0.23 0.174 0.228 0.174 0.226 0.176 0.224 0.176 0.222 0.178 0.22 0.178 0.218 0.18 0.216 0.18 0.212
7 0.255 0.403 0.014 0.026 0.254 0.39 0.252 0.392 0.252 0.394 0.25 0.396 0.25 0.4 0.248 0.402 0.248 0.408 0.25 0.41 0.252 0.41 0.254 0.412 0.256 0.412 0.258 0.414 0.258 0.412 0.26 0.41 0.26 0.39
7 0.32 0.395 0.02 0.022 0.316 0.384 0.31 0.39 0.31 0.4 0.312 0.402 0.314 0.402 0.316 0.404 0.318 0.404 0.326 0.396 0.326 0.394 0.328 0.392 0.328 0.386 0.326 0.384
7 0.56 0.536 0.02 0.02 0.558 0.526 0.556 0.528 0.554 0.528 0.552 0.53 0.552 0.532 0.55 0.534 0.55 0.542 0.552 0.542 0.554 0.544 0.558 0.544 0.56 0.542 0.564 0.542 0.568 0.538 0.568 0.532 0.564 0.528 0.562 0.528 0.56 0.526
7 0.535 0.549 0.014 0.01 0.53 0.544 0.528 0.546 0.528 0.55 0.53 0.552 0.538 0.552 0.538 0.55 0.54 0.548 0.538 0.546 0.538 0.544
7 0.708 0.54 0.012 0.012 0.704 0.534 0.702 0.536 0.702 0.54 0.706 0.544 0.708 0.544 0.712 0.54 0.712 0.534
7 0.735 0.73 0.01 0.012 0.732 0.724 0.732 0.726 0.73 0.728 0.73 0.732 0.732 0.734 0.736 0.734 0.736 0.732 0.738 0.73 0.738 0.726 0.736 0.724
5 0.243 0.427 0.03 0.034 0.244 0.41 0.24 0.414 0.24 0.416 0.238 0.418 0.238 0.42 0.234 0.424 0.234 0.426 0.232 0.428 0.232 0.43 0.228 0.434 0.236 0.442 0.242 0.436 0.242 0.434 0.25 0.426 0.25 0.424 0.256 0.418 0.254 0.416 0.252 0.416 0.248 0.412 0.246 0.412
2 0.183 0.973 0.082 0.054 0.15 0.946 0.148 0.948 0.146 0.948 0.142 0.952 0.142 0.958 0.144 0.96 0.144 0.962 0.148 0.966 0.148 0.968 0.156 0.976 0.158 0.976 0.16 0.978 0.162 0.978 0.164 0.98 0.166 0.98 0.168 0.982 0.17 0.982 0.172 0.984 0.174 0.984 0.176 0.986 0.178 0.986 0.184 0.992 0.184 0.998 0.218 0.998 0.22 0.996 0.22 0.994 0.222 0.992 0.222 0.988 0.22 0.986 0.22 0.982 0.218 0.98 0.218 0.978 0.216 0.976 0.214 0.976 0.212 0.974 0.21 0.974 0.208 0.972 0.206 0.972 0.204 0.97 0.2 0.97 0.198 0.968 0.196 0.968 0.194 0.966 0.192 0.966 0.19 0.964 0.188 0.964 0.186 0.962 0.184 0.962 0.182 0.96 0.178 0.96 0.176 0.958 0.174 0.958 0.172 0.956 0.17 0.956 0.168 0.954 0.166 0.954 0.164 0.952 0.162 0.952 0.16 0.95 0.158 0.95 0.154 0.946
