4 0.436 0.387 0.02 0.014 0.436 0.38 0.434 0.382 0.428 0.382 0.426 0.384 0.426 0.388 0.43 0.392 0.442 0.392 0.444 0.39 0.444 0.382 0.442 0.382 0.44 0.38
7 0.045 0.344 0.01 0.012 0.04 0.338 0.04 0.346 0.042 0.348 0.046 0.348 0.048 0.346 0.048 0.338
7 0.077 0.416 0.034 0.02 0.082 0.406 0.08 0.408 0.064 0.408 0.062 0.41 0.062 0.412 0.06 0.414 0.06 0.416 0.062 0.418 0.062 0.422 0.064 0.422 0.066 0.424 0.084 0.424 0.086 0.422 0.088 0.422 0.088 0.42 0.09 0.418 0.09 0.416 0.092 0.414 0.092 0.406
4 0.854 0.636 0.016 0.02 0.852 0.626 0.85 0.628 0.848 0.628 0.848 0.63 0.846 0.632 0.846 0.64 0.848 0.642 0.85 0.642 0.852 0.644 0.856 0.644 0.858 0.642 0.86 0.642 0.86 0.628 0.858 0.626
3 0.815 0.262 0.066 0.104 0.818 0.21 0.816 0.212 0.806 0.212 0.804 0.214 0.794 0.214 0.792 0.216 0.788 0.216 0.786 0.218 0.782 0.218 0.782 0.226 0.784 0.228 0.784 0.236 0.786 0.238 0.786 0.242 0.788 0.244 0.788 0.254 0.79 0.256 0.79 0.264 0.792 0.266 0.792 0.274 0.794 0.276 0.794 0.282 0.796 0.284 0.796 0.292 0.798 0.294 0.798 0.302 0.8 0.304 0.8 0.308 0.802 0.31 0.802 0.312 0.806 0.312 0.808 0.31 0.824 0.31 0.826 0.308 0.836 0.308 0.838 0.306 0.842 0.306 0.846 0.302 0.842 0.298 0.842 0.292 0.84 0.29 0.84 0.278 0.838 0.276 0.838 0.266 0.836 0.264 0.836 0.26 0.834 0.258 0.834 0.248 0.832 0.246 0.832 0.236 0.83 0.234 0.83 0.228 0.828 0.226 0.828 0.22 0.826 0.218 0.826 0.214 0.824 0.212 0.822 0.212 0.82 0.21
7 0.898 0.643 0.012 0.01 0.892 0.638 0.894 0.64 0.894 0.644 0.896 0.646 0.902 0.646 0.902 0.64 0.9 0.638
7 0.891 0.219 0.01 0.014 0.888 0.212 0.886 0.214 0.886 0.222 0.888 0.224 0.892 0.224 0.894 0.222 0.894 0.216 0.892 0.214 0.892 0.212
4 0.523 0.304 0.026 0.024 0.522 0.292 0.52 0.294 0.514 0.294 0.51 0.298 0.51 0.3 0.512 0.302 0.512 0.306 0.514 0.308 0.514 0.31 0.516 0.312 0.518 0.312 0.52 0.314 0.524 0.314 0.526 0.312 0.53 0.312 0.534 0.308 0.534 0.292
4 0.423 0.327 0.022 0.014 0.416 0.32 0.412 0.324 0.412 0.328 0.416 0.332 0.426 0.332 0.43 0.328 0.43 0.324 0.432 0.322 0.43 0.32
4 0.83 0.546 0.02 0.016 0.822 0.538 0.82 0.54 0.82 0.546 0.822 0.548 0.822 0.55 0.824 0.552 0.834 0.552 0.836 0.55 0.836 0.548 0.838 0.546 0.838 0.542 0.836 0.54 0.836 0.538
3 0.878 0.479 0.14 0.114 0.91 0.422 0.908 0.424 0.892 0.424 0.89 0.426 0.876 0.426 0.874 0.428 0.856 0.428 0.854 0.43 0.836 0.43 0.834 0.432 0.82 0.432 0.818 0.434 0.81 0.434 0.81 0.436 0.808 0.438 0.808 0.45 0.81 0.452 0.81 0.472 0.812 0.474 0.812 0.494 0.814 0.496 0.814 0.516 0.816 0.518 0.816 0.53 0.82 0.534 0.828 0.534 0.83 0.532 0.84 0.532 0.842 0.53 0.852 0.53 0.854 0.528 0.904 0.528 0.906 0.526 0.942 0.526 0.944 0.524 0.946 0.524 0.946 0.482 0.944 0.48 0.944 0.46 0.942 0.458 0.942 0.432 0.94 0.43 0.94 0.426 0.938 0.424 0.938 0.422
