5 0.517 0.582 0.034 0.032 0.508 0.566 0.506 0.568 0.504 0.568 0.5 0.572 0.5 0.58 0.516 0.596 0.524 0.596 0.528 0.592 0.53 0.592 0.532 0.59 0.532 0.586 0.524 0.578 0.522 0.578 0.518 0.574 0.518 0.572 0.514 0.568 0.512 0.568 0.51 0.566
3 0.822 0.954 0.188 0.092 0.804 0.908 0.802 0.91 0.798 0.91 0.796 0.912 0.794 0.912 0.792 0.914 0.788 0.914 0.786 0.916 0.784 0.916 0.782 0.918 0.78 0.918 0.778 0.92 0.774 0.92 0.772 0.922 0.77 0.922 0.768 0.924 0.764 0.924 0.762 0.926 0.76 0.926 0.758 0.928 0.754 0.928 0.752 0.93 0.75 0.93 0.748 0.932 0.746 0.932 0.744 0.934 0.74 0.934 0.738 0.936 0.736 0.936 0.734 0.938 0.73 0.938 0.73 0.94 0.762 0.972 0.764 0.972 0.79 0.998 0.912 0.998 0.906 0.992 0.904 0.992 0.902 0.99 0.9 0.99 0.896 0.994 0.892 0.994 0.874 0.976 0.874 0.97 0.876 0.968 0.868 0.96 0.866 0.96 0.86 0.954 0.858 0.954 0.854 0.958 0.848 0.958 0.838 0.948 0.838 0.942 0.84 0.94 0.84 0.938 0.83 0.928 0.828 0.928 0.818 0.918 0.816 0.918 0.806 0.908
5 0.891 0.128 0.03 0.032 0.888 0.112 0.884 0.116 0.882 0.116 0.88 0.118 0.878 0.118 0.878 0.12 0.876 0.122 0.876 0.126 0.878 0.128 0.878 0.13 0.882 0.134 0.884 0.134 0.888 0.138 0.888 0.14 0.89 0.142 0.894 0.142 0.904 0.132 0.904 0.122 0.902 0.12 0.9 0.12 0.894 0.114 0.892 0.114 0.89 0.112
6 0.121 0.062 0.11 0.116 0.094 0.004 0.092 0.006 0.09 0.006 0.086 0.01 0.086 0.012 0.084 0.014 0.082 0.014 0.082 0.016 0.066 0.032 0.066 0.038 0.07 0.042 0.07 0.044 0.086 0.06 0.086 0.062 0.126 0.102 0.126 0.104 0.138 0.116 0.14 0.116 0.142 0.118 0.144 0.116 0.146 0.116 0.148 0.114 0.15 0.114 0.168 0.096 0.17 0.096 0.172 0.094 0.172 0.092 0.174 0.09 0.174 0.088 0.172 0.086 0.172 0.084 0.128 0.04 0.128 0.038 0.1 0.01 0.1 0.004
5 0.891 0.98 0.03 0.028 0.882 0.966 0.878 0.97 0.876 0.97 0.876 0.976 0.892 0.992 0.896 0.992 0.9 0.988 0.902 0.988 0.902 0.986 0.904 0.984 0.904 0.98 0.898 0.974 0.896 0.974 0.894 0.972 0.894 0.97 0.89 0.966
3 0.47 0.632 0.232 0.24 0.428 0.512 0.426 0.514 0.424 0.514 0.422 0.516 0.418 0.516 0.416 0.518 0.414 0.518 0.412 0.52 0.41 0.52 0.408 0.522 0.406 0.522 0.404 0.524 0.4 0.524 0.398 0.526 0.396 0.526 0.394 0.528 0.392 0.528 0.39 0.53 0.388 0.53 0.386 0.532 0.384 0.532 0.382 0.534 0.378 0.534 0.376 0.536 0.374 0.536 0.372 0.538 0.37 0.538 0.368 0.54 0.366 0.54 0.364 0.542 0.36 0.542 0.358 0.544 0.356 0.544 0.354 0.546 0.386 0.578 0.386 0.58 0.418 0.612 0.418 0.614 0.452 0.648 0.452 0.65 0.484 0.682 0.484 0.684 0.516 0.716 0.516 0.718 0.546 0.748 0.548 0.748 0.548 0.746 0.55 0.744 0.55 0.742 0.552 0.74 0.552 0.738 0.554 0.736 0.554 0.734 0.558 0.73 0.558 0.728 0.56 0.726 0.56 0.724 0.562 0.722 0.562 0.72 0.564 0.718 0.564 0.716 0.566 0.714 0.566 0.712 0.568 0.71 0.568 0.708 0.57 0.706 0.57 0.704 0.572 0.702 0.572 0.7 0.576 0.696 0.576 0.694 0.578 0.692 0.578 0.69 0.58 0.688 0.58 0.686 0.582 0.684 0.582 0.682 0.584 0.68 0.584 0.678 0.558 0.652 0.558 0.65 0.532 0.624 0.532 0.622 0.506 0.596 0.506 0.594 0.48 0.568 0.48 0.566 0.462 0.548 0.46 0.548 0.45 0.538 0.45 0.534
3 0.605 0.502 0.238 0.236 0.526 0.384 0.526 0.386 0.524 0.388 0.524 0.39 0.522 0.392 0.522 0.394 0.518 0.398 0.518 0.4 0.516 0.402 0.516 0.404 0.514 0.406 0.514 0.408 0.512 0.41 0.512 0.412 0.51 0.414 0.51 0.416 0.508 0.418 0.508 0.42 0.504 0.424 0.504 0.426 0.502 0.428 0.502 0.43 0.5 0.432 0.5 0.434 0.498 0.436 0.498 0.438 0.496 0.44 0.496 0.442 0.494 0.444 0.494 0.446 0.49 0.45 0.49 0.452 0.488 0.454 0.488 0.456 0.486 0.458 0.486 0.46 0.524 0.498 0.524 0.5 0.548 0.524 0.55 0.524 0.554 0.528 0.554 0.53 0.562 0.538 0.562 0.54 0.6 0.578 0.6 0.58 0.638 0.618 0.64 0.616 0.644 0.616 0.646 0.614 0.648 0.614 0.65 0.612 0.652 0.612 0.654 0.61 0.658 0.61 0.66 0.608 0.662 0.608 0.664 0.606 0.668 0.606 0.67 0.604 0.672 0.604 0.674 0.602 0.676 0.602 0.678 0.6 0.682 0.6 0.684 0.598 0.686 0.598 0.688 0.596 0.69 0.596 0.692 0.594 0.696 0.594 0.698 0.592 0.7 0.592 0.702 0.59 0.706 0.59 0.708 0.588 0.71 0.588 0.712 0.586 0.714 0.586 0.716 0.584 0.72 0.584 0.722 0.582 0.656 0.516 0.656 0.514 0.59 0.448 0.59 0.446 0.528 0.384
4 0.975 0.991 0.03 0.018 0.972 0.982 0.964 0.99 0.964 0.992 0.96 0.996 0.96 0.998 0.988 0.998 0.988 0.992 0.986 0.99 0.986 0.988 0.982 0.984 0.98 0.984 0.978 0.982
4 0.853 0.946 0.026 0.024 0.848 0.934 0.84 0.942 0.84 0.948 0.848 0.956 0.854 0.956 0.862 0.948 0.862 0.946 0.864 0.944 0.864 0.942 0.86 0.938 0.86 0.936 0.858 0.934
7 0.004 0.018 0.008 0.012 0.0 0.012 0.0 0.022 0.004 0.022 0.006 0.02 0.006 0.014 0.004 0.012
7 0.019 0.13 0.014 0.012 0.012 0.124 0.012 0.132 0.014 0.134 0.024 0.134 0.024 0.13 0.022 0.128 0.022 0.126 0.02 0.126 0.018 0.124
4 0.537 0.608 0.026 0.024 0.534 0.596 0.524 0.606 0.524 0.61 0.526 0.612 0.526 0.614 0.53 0.618 0.538 0.618 0.548 0.608 0.548 0.604 0.54 0.596
4 0.61 0.611 0.028 0.026 0.608 0.598 0.596 0.61 0.596 0.614 0.598 0.616 0.598 0.618 0.6 0.62 0.602 0.62 0.604 0.622 0.61 0.622 0.622 0.61 0.622 0.604 0.616 0.598
4 0.539 0.538 0.034 0.032 0.54 0.522 0.522 0.54 0.522 0.542 0.524 0.544 0.524 0.546 0.53 0.552 0.534 0.552 0.554 0.532 0.552 0.53 0.552 0.528 0.55 0.526 0.548 0.526 0.544 0.522
4 0.466 0.534 0.028 0.028 0.466 0.52 0.46 0.526 0.458 0.526 0.452 0.532 0.452 0.538 0.46 0.546 0.468 0.546 0.47 0.544 0.47 0.542 0.478 0.534 0.478 0.53 0.47 0.522 0.468 0.522
4 0.877 0.162 0.03 0.024 0.872 0.15 0.868 0.154 0.866 0.154 0.862 0.158 0.862 0.16 0.864 0.162 0.864 0.164 0.866 0.164 0.872 0.17 0.872 0.172 0.878 0.172 0.888 0.162 0.888 0.158 0.89 0.156 0.886 0.152 0.884 0.152 0.882 0.15
4 0.099 0.115 0.022 0.022 0.1 0.104 0.098 0.106 0.096 0.106 0.088 0.114 0.088 0.118 0.094 0.124 0.098 0.124 0.106 0.116 0.106 0.114 0.108 0.112 0.108 0.108 0.104 0.104
4 0.037 0.063 0.018 0.018 0.034 0.054 0.028 0.06 0.028 0.064 0.032 0.068 0.034 0.068 0.036 0.07 0.038 0.068 0.04 0.068 0.044 0.064 0.044 0.058 0.042 0.056 0.042 0.054
3 0.931 0.891 0.138 0.198 0.92 0.792 0.902 0.81 0.9 0.81 0.89 0.82 0.89 0.822 0.868 0.844 0.868 0.846 0.862 0.852 0.862 0.858 0.87 0.866 0.872 0.866 0.874 0.868 0.874 0.87 0.882 0.878 0.882 0.88 0.898 0.896 0.898 0.898 0.908 0.908 0.908 0.91 0.924 0.926 0.924 0.928 0.926 0.928 0.938 0.94 0.938 0.942 0.94 0.944 0.942 0.944 0.944 0.946 0.944 0.948 0.946 0.948 0.952 0.954 0.952 0.956 0.954 0.958 0.956 0.958 0.962 0.964 0.964 0.964 0.966 0.966 0.966 0.968 0.968 0.968 0.976 0.976 0.976 0.978 0.978 0.978 0.98 0.98 0.982 0.98 0.984 0.982 0.986 0.982 0.992 0.988 0.996 0.988 0.998 0.986 0.998 0.984 0.996 0.982 0.996 0.978 0.998 0.976 0.998 0.872 0.994 0.868 0.994 0.866 0.976 0.848 0.976 0.846 0.974 0.844 0.972 0.844 0.968 0.84 0.968 0.838 0.926 0.796 0.926 0.794 0.924 0.794 0.922 0.792
3 0.915 0.177 0.17 0.238 0.99 0.058 0.988 0.06 0.986 0.06 0.96 0.086 0.96 0.088 0.952 0.096 0.952 0.098 0.95 0.1 0.948 0.1 0.946 0.102 0.946 0.104 0.898 0.152 0.898 0.154 0.894 0.158 0.894 0.16 0.892 0.162 0.89 0.162 0.884 0.168 0.884 0.17 0.842 0.212 0.842 0.214 0.84 0.216 0.838 0.216 0.836 0.218 0.836 0.22 0.832 0.224 0.832 0.23 0.834 0.232 0.834 0.234 0.842 0.242 0.842 0.244 0.846 0.248 0.846 0.25 0.848 0.25 0.85 0.252 0.85 0.254 0.858 0.262 0.858 0.264 0.868 0.274 0.868 0.276 0.874 0.282 0.874 0.284 0.88 0.29 0.88 0.294 0.886 0.294 0.894 0.286 0.896 0.286 0.896 0.284 0.912 0.268 0.912 0.266 0.916 0.262 0.918 0.262 0.918 0.26 0.922 0.256 0.924 0.256 0.926 0.254 0.926 0.252 0.932 0.246 0.932 0.244 0.936 0.24 0.938 0.24 0.944 0.234 0.944 0.232 0.952 0.224 0.954 0.224 0.956 0.222 0.958 0.222 0.958 0.218 0.968 0.208 0.97 0.208 0.974 0.204 0.974 0.202 0.976 0.2 0.976 0.196 0.978 0.194 0.98 0.194 0.988 0.186 0.988 0.184 0.998 0.174 0.998 0.062 0.996 0.062 0.994 0.06 0.992 0.06
3 0.815 0.078 0.194 0.156 0.828 0.0 0.782 0.046 0.782 0.048 0.776 0.054 0.774 0.054 0.774 0.056 0.75 0.08 0.75 0.082 0.746 0.086 0.744 0.086 0.742 0.088 0.742 0.09 0.726 0.106 0.726 0.108 0.72 0.114 0.72 0.116 0.718 0.118 0.718 0.122 0.722 0.126 0.724 0.126 0.73 0.132 0.734 0.132 0.736 0.134 0.74 0.134 0.744 0.138 0.744 0.14 0.746 0.14 0.752 0.146 0.754 0.146 0.76 0.152 0.762 0.152 0.764 0.154 0.766 0.152 0.768 0.152 0.77 0.15 0.772 0.15 0.798 0.124 0.798 0.122 0.812 0.108 0.812 0.106 0.82 0.098 0.82 0.096 0.826 0.09 0.826 0.088 0.832 0.082 0.832 0.08 0.838 0.074 0.84 0.074 0.842 0.072 0.844 0.072 0.848 0.068 0.85 0.068 0.852 0.066 0.852 0.064 0.864 0.052 0.866 0.052 0.872 0.046 0.872 0.044 0.874 0.042 0.876 0.042 0.878 0.04 0.878 0.038 0.884 0.032 0.884 0.03 0.906 0.008 0.906 0.006 0.908 0.004 0.908 0.002 0.91 0.0
7 0.846 0.978 0.02 0.024 0.846 0.966 0.844 0.968 0.84 0.968 0.838 0.97 0.836 0.97 0.836 0.976 0.838 0.978 0.838 0.984 0.842 0.988 0.848 0.988 0.852 0.984 0.852 0.978 0.854 0.976 0.854 0.972 0.852 0.97 0.852 0.968 0.85 0.966
