5 0.275 0.376 0.018 0.02 0.27 0.366 0.268 0.368 0.268 0.372 0.266 0.374 0.266 0.376 0.27 0.38 0.27 0.382 0.272 0.384 0.276 0.384 0.278 0.382 0.278 0.38 0.282 0.376 0.282 0.368 0.28 0.366
5 0.258 0.439 0.02 0.018 0.25 0.43 0.248 0.432 0.248 0.446 0.26 0.446 0.264 0.442 0.264 0.44 0.266 0.438 0.264 0.436 0.264 0.434 0.262 0.432 0.26 0.432 0.258 0.43
7 0.139 0.961 0.018 0.014 0.132 0.954 0.13 0.956 0.13 0.962 0.132 0.964 0.134 0.964 0.136 0.966 0.142 0.966 0.142 0.964 0.146 0.96 0.144 0.958 0.142 0.958 0.14 0.956 0.138 0.956 0.136 0.954
3 0.216 0.397 0.06 0.074 0.212 0.36 0.212 0.362 0.21 0.364 0.21 0.366 0.208 0.368 0.208 0.37 0.206 0.372 0.206 0.374 0.204 0.376 0.204 0.378 0.202 0.38 0.202 0.382 0.2 0.384 0.2 0.388 0.196 0.392 0.196 0.394 0.194 0.396 0.194 0.398 0.19 0.402 0.19 0.404 0.188 0.406 0.188 0.414 0.186 0.416 0.186 0.42 0.188 0.422 0.19 0.422 0.192 0.424 0.194 0.424 0.196 0.426 0.198 0.426 0.2 0.428 0.202 0.428 0.204 0.43 0.206 0.43 0.208 0.432 0.218 0.432 0.22 0.43 0.22 0.428 0.224 0.424 0.224 0.422 0.23 0.416 0.23 0.414 0.236 0.408 0.236 0.406 0.24 0.402 0.24 0.4 0.242 0.398 0.242 0.384 0.244 0.382 0.244 0.376 0.242 0.374 0.242 0.372 0.24 0.37 0.238 0.37 0.236 0.368 0.234 0.368 0.232 0.366 0.228 0.366 0.226 0.364 0.224 0.364 0.222 0.362 0.22 0.362 0.218 0.36
3 0.017 0.752 0.034 0.084 0.002 0.71 0.0 0.712 0.0 0.792 0.004 0.788 0.004 0.786 0.006 0.784 0.006 0.782 0.008 0.78 0.008 0.778 0.01 0.776 0.01 0.774 0.012 0.772 0.012 0.77 0.016 0.766 0.016 0.762 0.018 0.76 0.018 0.758 0.02 0.756 0.02 0.754 0.022 0.752 0.022 0.748 0.024 0.746 0.024 0.744 0.026 0.742 0.026 0.74 0.028 0.738 0.028 0.734 0.03 0.732 0.03 0.73 0.032 0.728 0.032 0.72 0.03 0.72 0.028 0.718 0.026 0.718 0.024 0.716 0.02 0.716 0.018 0.714 0.016 0.714 0.014 0.712 0.012 0.712 0.01 0.71
3 0.177 0.927 0.082 0.082 0.162 0.886 0.16 0.888 0.158 0.888 0.158 0.89 0.154 0.894 0.154 0.896 0.152 0.898 0.152 0.9 0.15 0.902 0.15 0.904 0.148 0.906 0.148 0.908 0.146 0.91 0.146 0.912 0.144 0.914 0.144 0.918 0.142 0.92 0.142 0.922 0.14 0.924 0.14 0.926 0.138 0.928 0.138 0.93 0.136 0.932 0.136 0.938 0.138 0.94 0.14 0.94 0.142 0.942 0.142 0.944 0.144 0.944 0.148 0.948 0.15 0.948 0.152 0.95 0.154 0.95 0.158 0.954 0.16 0.954 0.162 0.956 0.164 0.956 0.168 0.96 0.17 0.96 0.172 0.962 0.176 0.962 0.178 0.964 0.18 0.964 0.182 0.966 0.188 0.966 0.19 0.964 0.19 0.962 0.194 0.958 0.194 0.956 0.196 0.954 0.196 0.952 0.198 0.95 0.198 0.948 0.2 0.946 0.2 0.944 0.206 0.938 0.206 0.934 0.212 0.928 0.212 0.926 0.214 0.924 0.214 0.922 0.216 0.92 0.216 0.916 0.214 0.914 0.214 0.912 0.208 0.906 0.206 0.906 0.204 0.904 0.2 0.904 0.198 0.902 0.196 0.902 0.194 0.9 0.192 0.9 0.19 0.898 0.186 0.898 0.184 0.896 0.182 0.896 0.18 0.894 0.178 0.894 0.176 0.892 0.172 0.892 0.17 0.89 0.168 0.89 0.166 0.888 0.164 0.888
4 0.188 0.738 0.016 0.02 0.184 0.728 0.184 0.73 0.182 0.732 0.182 0.734 0.18 0.736 0.18 0.74 0.184 0.744 0.186 0.744 0.188 0.746 0.19 0.746 0.194 0.742 0.194 0.736 0.192 0.734 0.192 0.73 0.19 0.728
4 0.032 0.824 0.02 0.028 0.032 0.81 0.03 0.812 0.026 0.812 0.022 0.816 0.022 0.83 0.028 0.836 0.03 0.836 0.034 0.832 0.034 0.83 0.038 0.826 0.038 0.822 0.04 0.82 0.04 0.818 0.038 0.816 0.038 0.814 0.034 0.81
4 0.158 0.812 0.02 0.02 0.152 0.802 0.15 0.804 0.148 0.804 0.148 0.814 0.15 0.816 0.15 0.818 0.154 0.818 0.156 0.82 0.162 0.82 0.164 0.818 0.164 0.814 0.166 0.812 0.166 0.81 0.16 0.804 0.156 0.804 0.154 0.802
0 0.534 0.521 0.052 0.05 0.518 0.496 0.516 0.498 0.516 0.502 0.514 0.504 0.514 0.506 0.512 0.508 0.512 0.512 0.51 0.514 0.51 0.518 0.508 0.52 0.508 0.526 0.512 0.53 0.514 0.53 0.516 0.532 0.52 0.532 0.522 0.534 0.524 0.534 0.526 0.536 0.53 0.536 0.534 0.54 0.536 0.54 0.538 0.542 0.542 0.542 0.544 0.544 0.548 0.544 0.55 0.542 0.55 0.54 0.552 0.538 0.552 0.534 0.554 0.532 0.554 0.528 0.556 0.526 0.556 0.522 0.558 0.52 0.558 0.516 0.554 0.512 0.552 0.512 0.548 0.508 0.546 0.508 0.544 0.506 0.54 0.506 0.534 0.5 0.532 0.5 0.53 0.498 0.526 0.498 0.524 0.496
2 0.222 0.876 0.084 0.084 0.206 0.836 0.204 0.838 0.204 0.84 0.202 0.842 0.202 0.844 0.2 0.846 0.2 0.848 0.198 0.85 0.198 0.854 0.196 0.856 0.196 0.858 0.194 0.86 0.194 0.862 0.192 0.864 0.192 0.866 0.19 0.868 0.19 0.872 0.188 0.874 0.188 0.876 0.186 0.878 0.186 0.88 0.184 0.882 0.184 0.884 0.182 0.886 0.182 0.89 0.186 0.894 0.188 0.894 0.19 0.896 0.192 0.896 0.194 0.898 0.196 0.898 0.198 0.9 0.2 0.9 0.202 0.902 0.204 0.902 0.206 0.904 0.208 0.904 0.21 0.906 0.212 0.906 0.214 0.908 0.216 0.908 0.218 0.91 0.22 0.91 0.222 0.912 0.224 0.912 0.226 0.914 0.23 0.914 0.23 0.912 0.232 0.91 0.232 0.908 0.236 0.904 0.236 0.902 0.238 0.9 0.238 0.898 0.24 0.896 0.24 0.894 0.244 0.89 0.244 0.888 0.246 0.886 0.246 0.884 0.25 0.88 0.25 0.878 0.252 0.876 0.252 0.874 0.254 0.872 0.254 0.87 0.258 0.866 0.258 0.864 0.26 0.862 0.26 0.86 0.258 0.858 0.256 0.858 0.254 0.856 0.252 0.856 0.25 0.854 0.248 0.854 0.246 0.852 0.242 0.852 0.24 0.85 0.238 0.85 0.236 0.848 0.234 0.848 0.232 0.846 0.23 0.846 0.228 0.844 0.224 0.844 0.222 0.842 0.22 0.842 0.218 0.84 0.216 0.84 0.214 0.838 0.212 0.838 0.21 0.836
5 0.373 0.429 0.03 0.03 0.36 0.414 0.36 0.418 0.358 0.42 0.358 0.426 0.36 0.428 0.36 0.434 0.362 0.436 0.362 0.438 0.366 0.438 0.368 0.44 0.372 0.44 0.374 0.442 0.38 0.442 0.382 0.44 0.382 0.438 0.384 0.436 0.384 0.432 0.386 0.43 0.386 0.426 0.378 0.418 0.376 0.418 0.374 0.416 0.37 0.416 0.368 0.414
5 0.066 0.807 0.016 0.018 0.064 0.798 0.06 0.802 0.06 0.806 0.058 0.808 0.058 0.81 0.06 0.812 0.06 0.814 0.07 0.814 0.07 0.812 0.072 0.81 0.072 0.8 0.07 0.798
7 0.04 0.861 0.012 0.01 0.036 0.856 0.034 0.858 0.034 0.864 0.042 0.864 0.042 0.862 0.044 0.86 0.04 0.856
7 0.345 0.419 0.022 0.014 0.334 0.412 0.334 0.416 0.338 0.42 0.346 0.42 0.348 0.422 0.35 0.422 0.352 0.424 0.354 0.422 0.354 0.414 0.346 0.414 0.344 0.412
