3 0.615 0.462 0.082 0.068 0.576 0.462 0.576 0.464 0.574 0.466 0.576 0.468
7 0.463 0.024 0.014 0.02 0.46 0.014 0.456 0.018 0.456 0.022 0.458 0.024 0.458 0.028 0.46 0.03 0.462 0.03 0.464 0.032 0.466 0.032 0.466 0.03 0.468 0.028 0.468 0.016 0.466 0.014
4 0.48 0.536 0.02 0.02 0.474 0.526 0.47 0.53 0.47 0.536 0.478 0.544 0.484 0.544 0.488 0.54 0.488 0.53 0.484 0.526
4 0.542 0.518 0.02 0.02 0.536 0.508 0.532 0.512 0.532 0.52 0.538 0.526 0.544 0.526 0.55 0.52 0.55 0.514 0.544 0.508
5 0.425 0.541 0.014 0.018 0.422 0.532 0.418 0.536 0.418 0.544 0.42 0.546 0.42 0.548 0.422 0.548 0.426 0.544 0.426 0.542 0.428 0.54 0.428 0.538 0.43 0.536 0.428 0.534 0.428 0.532
4 0.478 0.632 0.02 0.02 0.474 0.622 0.472 0.624 0.47 0.624 0.468 0.626 0.468 0.634 0.47 0.636 0.47 0.638 0.472 0.64 0.478 0.64 0.48 0.638 0.482 0.638 0.486 0.634 0.486 0.626 0.484 0.624 0.484 0.622
4 0.389 0.628 0.022 0.02 0.388 0.618 0.386 0.62 0.382 0.62 0.378 0.624 0.378 0.634 0.38 0.636 0.386 0.636 0.388 0.634 0.394 0.634 0.396 0.632 0.398 0.632 0.398 0.62 0.396 0.62 0.394 0.618
4 0.466 0.585 0.016 0.014 0.462 0.578 0.458 0.582 0.458 0.586 0.462 0.59 0.47 0.59 0.472 0.588 0.472 0.582 0.47 0.58 0.468 0.58 0.466 0.578
4 0.512 0.527 0.02 0.018 0.51 0.518 0.508 0.52 0.506 0.52 0.502 0.524 0.502 0.528 0.504 0.53 0.504 0.532 0.506 0.534 0.514 0.534 0.516 0.532 0.518 0.532 0.52 0.53 0.52 0.522 0.516 0.518
3 0.353 0.589 0.098 0.118 0.306 0.53 0.304 0.532 0.304 0.538 0.306 0.54 0.306 0.546 0.308 0.548 0.308 0.552 0.31 0.554 0.31 0.56 0.312 0.562 0.312 0.564 0.314 0.566 0.314 0.57 0.316 0.572 0.316 0.574 0.318 0.576 0.318 0.578 0.32 0.58 0.32 0.586 0.322 0.588 0.322 0.59 0.324 0.592 0.324 0.596 0.326 0.598 0.326 0.606 0.328 0.608 0.328 0.612 0.33 0.614 0.33 0.616 0.332 0.618 0.332 0.62 0.334 0.622 0.334 0.624 0.336 0.626 0.336 0.63 0.338 0.632 0.338 0.634 0.342 0.638 0.342 0.64 0.344 0.642 0.344 0.644 0.346 0.646 0.348 0.646 0.352 0.642 0.352 0.64 0.354 0.638 0.356 0.638 0.356 0.636 0.36 0.632 0.36 0.63 0.368 0.622 0.368 0.62 0.372 0.616 0.372 0.614 0.38 0.606 0.38 0.604 0.386 0.598 0.386 0.596 0.392 0.59 0.392 0.588 0.396 0.584 0.396 0.582 0.398 0.58 0.398 0.576 0.4 0.574 0.4 0.572 0.396 0.568 0.394 0.568 0.392 0.566 0.39 0.566 0.388 0.564 0.386 0.564 0.384 0.562 0.38 0.562 0.378 0.56 0.376 0.56 0.374 0.558 0.37 0.558 0.368 0.556 0.366 0.556 0.364 0.554 0.36 0.554 0.358 0.552 0.356 0.552 0.354 0.55 0.352 0.55 0.35 0.548 0.346 0.548 0.344 0.546 0.342 0.546 0.34 0.544 0.338 0.544 0.336 0.542 0.334 0.542 0.332 0.54 0.328 0.54 0.326 0.538 0.322 0.538 0.32 0.536 0.318 0.536 0.316 0.534 0.314 0.534 0.312 0.532 0.308 0.532
3 0.939 0.449 0.058 0.058 0.934 0.42 0.93 0.424 0.928 0.424 0.926 0.426 0.924 0.426 0.922 0.428 0.916 0.428 0.914 0.43 0.912 0.43 0.912 0.432 0.91 0.434 0.91 0.44 0.912 0.442 0.912 0.444 0.918 0.45 0.918 0.452 0.92 0.454 0.92 0.456 0.922 0.458 0.922 0.46 0.924 0.46 0.926 0.458 0.93 0.462 0.93 0.466 0.934 0.47 0.934 0.472 0.938 0.476 0.948 0.476 0.95 0.474 0.952 0.474 0.954 0.472 0.956 0.472 0.962 0.466 0.962 0.464 0.964 0.462 0.964 0.45 0.966 0.448 0.966 0.44 0.964 0.438 0.964 0.436 0.962 0.434 0.962 0.432 0.96 0.432 0.958 0.43 0.954 0.43 0.95 0.426 0.95 0.424 0.948 0.424 0.946 0.422 0.942 0.422 0.94 0.42
3 0.457 0.438 0.178 0.144 0.536 0.366 0.534 0.368 0.532 0.368 0.53 0.37 0.526 0.37 0.524 0.372 0.522 0.372 0.52 0.374 0.516 0.374 0.514 0.376 0.51 0.376 0.498 0.388 0.496 0.388 0.494 0.39 0.492 0.39 0.49 0.392 0.488 0.392 0.484 0.396 0.482 0.396 0.48 0.398 0.476 0.398 0.474 0.4 0.472 0.4 0.466 0.406 0.462 0.406 0.46 0.408 0.446 0.408 0.444 0.41 0.434 0.41 0.432 0.412 0.424 0.412 0.422 0.414 0.416 0.414 0.414 0.416 0.41 0.416 0.408 0.418 0.404 0.418 0.402 0.42 0.396 0.42 0.394 0.422 0.39 0.422 0.388 0.424 0.384 0.424 0.382 0.426 0.378 0.426 0.376 0.428 0.374 0.428 0.372 0.43 0.37 0.43 0.368 0.432 0.368 0.438 0.37 0.44 0.37 0.442 0.384 0.456 0.388 0.456 0.39 0.458 0.392 0.458 0.394 0.46 0.396 0.46 0.398 0.462 0.4 0.462 0.402 0.464 0.404 0.464 0.406 0.466 0.408 0.466 0.41 0.468 0.412 0.468 0.414 0.47 0.416 0.47 0.418 0.472 0.422 0.472 0.424 0.474 0.426 0.474 0.43 0.478 0.432 0.478 0.434 0.48 0.438 0.48 0.44 0.482 0.442 0.482 0.444 0.484 0.446 0.484 0.448 0.486 0.45 0.486 0.452 0.488 0.454 0.488 0.456 0.49 0.458 0.49 0.46 0.492 0.462 0.492 0.466 0.496 0.47 0.496 0.472 0.498 0.474 0.498 0.476 0.5 0.478 0.5 0.48 0.502 0.482 0.502 0.484 0.504 0.486 0.504 0.488 0.506 0.49 0.506 0.492 0.508 0.494 0.508 0.498 0.504 0.498 0.5 0.5 0.498 0.5 0.494 0.502 0.492 0.502 0.49 0.504 0.488 0.504 0.484 0.506 0.482 0.506 0.48 0.508 0.478 0.508 0.474 0.51 0.472 0.51 0.47 0.512 0.468 0.512 0.464 0.514 0.462 0.514 0.46 0.516 0.458 0.516 0.456 0.518 0.454 0.518 0.45 0.52 0.448 0.52 0.446 0.522 0.444 0.522 0.44 0.524 0.438 0.524 0.434 0.526 0.432 0.526 0.43 0.528 0.428 0.528 0.424 0.53 0.422 0.53 0.418 0.532 0.416 0.532 0.414 0.534 0.412 0.534 0.408 0.536 0.406 0.536 0.402 0.538 0.4 0.538 0.398 0.54 0.396 0.54 0.392 0.542 0.39 0.542 0.386 0.544 0.384 0.544 0.368 0.542 0.366
5 0.585 0.534 0.03 0.02 0.59 0.524 0.588 0.526 0.586 0.526 0.584 0.528 0.58 0.528 0.578 0.53 0.574 0.53 0.57 0.534 0.57 0.538 0.572 0.54 0.572 0.542 0.58 0.542 0.582 0.54 0.586 0.54 0.588 0.538 0.59 0.538 0.592 0.536 0.594 0.536 0.596 0.534 0.596 0.532 0.598 0.53 0.598 0.526 0.596 0.526 0.594 0.524
3 0.944 0.332 0.068 0.064 0.956 0.3 0.954 0.302 0.952 0.302 0.95 0.304 0.944 0.304 0.942 0.306 0.936 0.306 0.934 0.308 0.932 0.308 0.93 0.31 0.922 0.31 0.92 0.312 0.918 0.312 0.916 0.314 0.912 0.314 0.91 0.316 0.91 0.32 0.912 0.322 0.912 0.326 0.914 0.328 0.914 0.33 0.918 0.334 0.918 0.336 0.922 0.34 0.922 0.342 0.924 0.344 0.924 0.346 0.928 0.35 0.93 0.35 0.932 0.352 0.936 0.352 0.938 0.354 0.942 0.354 0.944 0.356 0.948 0.356 0.95 0.358 0.954 0.358 0.956 0.36 0.958 0.36 0.96 0.362 0.966 0.362 0.966 0.356 0.968 0.354 0.968 0.35 0.97 0.348 0.97 0.344 0.974 0.34 0.974 0.338 0.976 0.336 0.976 0.332 0.974 0.33 0.974 0.322 0.972 0.32 0.972 0.318 0.968 0.314 0.968 0.312 0.966 0.31 0.966 0.306 0.964 0.304 0.964 0.302 0.962 0.302 0.96 0.3
2 0.432 0.394 0.224 0.1 0.53 0.344 0.528 0.346 0.526 0.346 0.524 0.348 0.522 0.348 0.52 0.35 0.516 0.35 0.514 0.352 0.51 0.352 0.508 0.354 0.506 0.354 0.504 0.356 0.5 0.356 0.498 0.358 0.492 0.358 0.49 0.36 0.484 0.36 0.482 0.362 0.48 0.362 0.478 0.364 0.476 0.364 0.474 0.366 0.468 0.366 0.466 0.368 0.46 0.368 0.458 0.37 0.456 0.37 0.454 0.372 0.45 0.372 0.448 0.374 0.446 0.374 0.444 0.376 0.438 0.376 0.434 0.38 0.43 0.38 0.428 0.382 0.426 0.382 0.424 0.384 0.422 0.384 0.418 0.388 0.414 0.388 0.41 0.392 0.406 0.392 0.402 0.396 0.398 0.396 0.396 0.398 0.394 0.398 0.392 0.4 0.39 0.4 0.388 0.402 0.386 0.402 0.384 0.404 0.38 0.404 0.378 0.406 0.374 0.406 0.372 0.408 0.37 0.408 0.368 0.41 0.366 0.41 0.364 0.412 0.362 0.412 0.36 0.414 0.35 0.414 0.348 0.416 0.346 0.416 0.344 0.418 0.338 0.418 0.336 0.42 0.33 0.42 0.328 0.422 0.324 0.422 0.322 0.424 0.32 0.424 0.32 0.44 0.322 0.44 0.324 0.442 0.328 0.442 0.33 0.44 0.338 0.44 0.34 0.438 0.342 0.438 0.344 0.436 0.348 0.436 0.352 0.432 0.354 0.432 0.356 0.43 0.362 0.43 0.364 0.428 0.368 0.428 0.37 0.426 0.374 0.426 0.376 0.424 0.38 0.424 0.382 0.422 0.388 0.422 0.392 0.418 0.396 0.418 0.398 0.416 0.408 0.416 0.41 0.414 0.416 0.414 0.418 0.412 0.42 0.412 0.422 0.41 0.432 0.41 0.434 0.408 0.436 0.408 0.442 0.402 0.446 0.402 0.448 0.4 0.452 0.4 0.454 0.398 0.458 0.398 0.46 0.396 0.462 0.396 0.464 0.394 0.47 0.394 0.472 0.392 0.474 0.392 0.476 0.39 0.478 0.39 0.478 0.388 0.48 0.386 0.482 0.386 0.484 0.384 0.488 0.384 0.49 0.382 0.492 0.382 0.494 0.38 0.496 0.38 0.498 0.378 0.5 0.38 0.504 0.376 0.508 0.376 0.512 0.372 0.516 0.372 0.518 0.37 0.52 0.37 0.522 0.368 0.528 0.368 0.532 0.364 0.534 0.364 0.536 0.362 0.538 0.362 0.538 0.36 0.542 0.356 0.542 0.348 0.538 0.344
2 0.639 0.577 0.142 0.094 0.684 0.53 0.68 0.534 0.678 0.534 0.676 0.536 0.672 0.536 0.67 0.538 0.668 0.538 0.666 0.54 0.662 0.54 0.66 0.542 0.656 0.542 0.654 0.544 0.65 0.544 0.648 0.546 0.644 0.546 0.642 0.548 0.638 0.548 0.636 0.55 0.634 0.55 0.63 0.554 0.628 0.554 0.628 0.556 0.622 0.562 0.62 0.562 0.618 0.564 0.614 0.564 0.612 0.566 0.608 0.566 0.606 0.568 0.604 0.568 0.602 0.57 0.598 0.57 0.596 0.572 0.594 0.572 0.592 0.574 0.59 0.574 0.588 0.576 0.584 0.576 0.582 0.578 0.58 0.578 0.578 0.58 0.576 0.58 0.574 0.582 0.572 0.582 0.568 0.586 0.568 0.61 0.578 0.62 0.58 0.62 0.582 0.622 0.584 0.62 0.586 0.62 0.588 0.618 0.592 0.618 0.594 0.616 0.598 0.616 0.6 0.614 0.602 0.614 0.604 0.612 0.606 0.612 0.608 0.61 0.612 0.61 0.614 0.608 0.616 0.608 0.618 0.606 0.62 0.606 0.622 0.604 0.628 0.604 0.63 0.602 0.632 0.602 0.634 0.6 0.642 0.6 0.644 0.598 0.648 0.598 0.65 0.596 0.652 0.596 0.654 0.594 0.656 0.594 0.658 0.592 0.662 0.592 0.664 0.59 0.666 0.59 0.668 0.588 0.672 0.588 0.674 0.586 0.678 0.586 0.68 0.584 0.684 0.584 0.686 0.582 0.69 0.582 0.692 0.58 0.694 0.58 0.696 0.578 0.702 0.578 0.704 0.576 0.706 0.576 0.708 0.574 0.708 0.568 0.706 0.566 0.706 0.562 0.704 0.56 0.704 0.556 0.702 0.554 0.702 0.552 0.7 0.55 0.7 0.542 0.698 0.54 0.698 0.538 0.696 0.536 0.696 0.532 0.694 0.53
3 0.235 0.064 0.078 0.068 0.238 0.03 0.236 0.032 0.232 0.032 0.22 0.044 0.218 0.044 0.212 0.05 0.212 0.052 0.208 0.056 0.206 0.056 0.202 0.06 0.2 0.06 0.2 0.062 0.196 0.066 0.196 0.07 0.198 0.07 0.206 0.078 0.206 0.08 0.21 0.084 0.212 0.084 0.218 0.09 0.222 0.09 0.226 0.094 0.228 0.094 0.23 0.096 0.258 0.096 0.26 0.094 0.266 0.094 0.268 0.092 0.268 0.088 0.27 0.086 0.27 0.074 0.272 0.072 0.272 0.054 0.27 0.052 0.27 0.048 0.268 0.048 0.254 0.034 0.252 0.034 0.25 0.032 0.248 0.032 0.246 0.03
