5 0.089 0.153 0.018 0.018 0.086 0.144 0.084 0.146 0.084 0.15 0.08 0.154 0.08 0.16 0.094 0.16 0.096 0.158 0.096 0.146 0.094 0.144
3 0.007 0.123 0.014 0.154 0.0 0.046 0.0 0.198 0.002 0.196 0.006 0.196 0.008 0.194 0.008 0.184 0.01 0.182 0.01 0.156 0.012 0.154 0.012 0.048 0.01 0.046
3 0.125 0.136 0.05 0.104 0.11 0.084 0.106 0.088 0.106 0.1 0.104 0.102 0.104 0.118 0.102 0.12 0.102 0.124 0.104 0.126 0.102 0.128 0.102 0.14 0.1 0.142 0.1 0.162 0.102 0.164 0.102 0.182 0.106 0.186 0.138 0.186 0.142 0.182 0.142 0.17 0.144 0.168 0.144 0.16 0.146 0.158 0.146 0.138 0.148 0.136 0.148 0.122 0.146 0.12 0.146 0.09 0.142 0.086 0.142 0.084 0.138 0.088 0.136 0.086 0.12 0.086 0.118 0.088 0.114 0.084
7 0.495 0.474 0.022 0.012 0.494 0.468 0.492 0.47 0.484 0.47 0.484 0.474 0.488 0.478 0.498 0.478 0.5 0.476 0.502 0.476 0.504 0.474 0.504 0.47 0.498 0.47 0.496 0.468
4 0.419 0.472 0.03 0.02 0.404 0.462 0.404 0.48 0.432 0.48 0.432 0.464 0.43 0.462
4 0.896 0.684 0.048 0.048 0.892 0.66 0.89 0.662 0.89 0.664 0.888 0.666 0.888 0.668 0.884 0.672 0.884 0.674 0.88 0.678 0.88 0.68 0.872 0.688 0.872 0.692 0.878 0.698 0.88 0.698 0.888 0.706 0.894 0.706 0.904 0.696 0.904 0.694 0.914 0.684 0.914 0.682 0.918 0.678 0.918 0.676 0.914 0.672 0.912 0.672 0.908 0.668 0.906 0.668 0.902 0.664 0.9 0.664 0.896 0.66
4 0.993 0.666 0.014 0.028 0.996 0.652 0.992 0.656 0.992 0.658 0.988 0.662 0.988 0.664 0.986 0.666 0.986 0.668 0.988 0.67 0.988 0.672 0.99 0.672 0.994 0.676 0.996 0.676 0.998 0.678 0.998 0.652
5 0.059 0.085 0.014 0.022 0.052 0.074 0.052 0.092 0.054 0.094 0.062 0.094 0.062 0.092 0.064 0.09 0.064 0.074
4 0.96 0.731 0.048 0.05 0.956 0.706 0.952 0.71 0.952 0.712 0.95 0.714 0.95 0.716 0.946 0.72 0.946 0.722 0.94 0.728 0.94 0.73 0.936 0.734 0.936 0.74 0.942 0.746 0.944 0.746 0.948 0.75 0.95 0.75 0.954 0.754 0.956 0.754 0.958 0.752 0.96 0.752 0.96 0.75 0.962 0.748 0.962 0.746 0.98 0.728 0.98 0.726 0.982 0.724 0.98 0.722 0.98 0.718 0.978 0.718 0.976 0.716 0.974 0.716 0.968 0.71 0.966 0.71 0.964 0.708 0.962 0.708 0.96 0.706
7 0.076 0.089 0.012 0.038 0.072 0.07 0.072 0.072 0.07 0.074 0.07 0.096 0.072 0.098 0.072 0.106 0.078 0.106 0.08 0.104 0.08 0.07
6 0.602 0.439 0.06 0.146 0.574 0.366 0.574 0.424 0.572 0.426 0.572 0.428 0.574 0.43 0.572 0.432 0.572 0.484 0.574 0.486 0.572 0.488 0.574 0.49 0.574 0.492 0.576 0.492 0.584 0.5 0.584 0.504 0.588 0.508 0.59 0.508 0.592 0.51 0.598 0.51 0.6 0.508 0.62 0.508 0.622 0.506 0.622 0.502 0.624 0.5 0.624 0.454 0.626 0.452 0.626 0.398 0.628 0.396 0.628 0.386 0.63 0.384 0.63 0.382 0.628 0.38 0.628 0.378 0.63 0.376 0.628 0.374 0.628 0.368 0.624 0.368 0.622 0.366
5 0.464 0.635 0.02 0.034 0.458 0.618 0.454 0.622 0.454 0.644 0.456 0.646 0.456 0.648 0.46 0.648 0.462 0.65 0.47 0.65 0.472 0.648 0.472 0.62 0.47 0.618
5 0.939 0.616 0.038 0.036 0.934 0.598 0.928 0.604 0.928 0.606 0.924 0.61 0.924 0.612 0.92 0.616 0.92 0.62 0.928 0.628 0.93 0.628 0.934 0.632 0.938 0.628 0.94 0.628 0.948 0.62 0.952 0.62 0.952 0.618 0.954 0.616 0.954 0.614 0.956 0.612 0.956 0.606 0.954 0.604 0.952 0.604 0.95 0.602 0.948 0.602 0.946 0.6 0.944 0.6 0.942 0.598
5 0.483 0.451 0.018 0.018 0.476 0.442 0.476 0.444 0.474 0.446 0.476 0.448 0.476 0.456 0.478 0.458 0.488 0.458 0.49 0.456 0.49 0.446 0.488 0.444 0.488 0.442
