7 0.255 0.877 0.018 0.018 0.254 0.868 0.252 0.87 0.25 0.87 0.248 0.872 0.248 0.874 0.246 0.876 0.248 0.878 0.248 0.882 0.25 0.882 0.252 0.884 0.254 0.884 0.256 0.882 0.26 0.882 0.26 0.878 0.262 0.876 0.262 0.872 0.258 0.868
4 0.008 0.755 0.016 0.014 0.004 0.748 0.002 0.75 0.0 0.75 0.0 0.758 0.002 0.758 0.004 0.76 0.012 0.76 0.014 0.758 0.014 0.75 0.012 0.75 0.01 0.748
4 0.013 0.708 0.026 0.024 0.0 0.696 0.0 0.714 0.008 0.714 0.012 0.718 0.024 0.718 0.024 0.702 0.02 0.698 0.01 0.698 0.008 0.696
5 0.705 0.9 0.018 0.02 0.702 0.89 0.7 0.892 0.698 0.892 0.696 0.894 0.696 0.904 0.7 0.908 0.702 0.908 0.704 0.906 0.706 0.906 0.712 0.9 0.712 0.894 0.71 0.892 0.708 0.892 0.706 0.89
4 0.685 0.935 0.018 0.018 0.678 0.926 0.676 0.928 0.676 0.938 0.678 0.94 0.678 0.942 0.686 0.942 0.688 0.94 0.69 0.94 0.69 0.936 0.692 0.934 0.692 0.932 0.69 0.93 0.69 0.928 0.688 0.926
6 0.486 0.492 0.076 0.152 0.506 0.416 0.504 0.418 0.482 0.418 0.48 0.42 0.462 0.42 0.46 0.422 0.452 0.422 0.45 0.424 0.45 0.428 0.448 0.43 0.448 0.438 0.45 0.44 0.45 0.48 0.452 0.482 0.452 0.524 0.454 0.526 0.454 0.554 0.456 0.556 0.456 0.562 0.458 0.564 0.47 0.564 0.472 0.566 0.476 0.566 0.478 0.564 0.48 0.564 0.482 0.566 0.516 0.566 0.518 0.564 0.52 0.564 0.52 0.562 0.522 0.56 0.522 0.558 0.52 0.556 0.52 0.52 0.518 0.518 0.518 0.494 0.516 0.492 0.516 0.444 0.514 0.442 0.514 0.42 0.512 0.418 0.51 0.418 0.508 0.416
2 0.327 0.012 0.086 0.024 0.292 0.0 0.29 0.002 0.288 0.002 0.286 0.004 0.286 0.006 0.284 0.008 0.284 0.01 0.286 0.012 0.286 0.014 0.288 0.016 0.288 0.018 0.29 0.018 0.292 0.02 0.294 0.02 0.296 0.022 0.3 0.022 0.302 0.02 0.314 0.02 0.316 0.018 0.32 0.018 0.322 0.016 0.332 0.016 0.334 0.014 0.34 0.014 0.342 0.012 0.348 0.012 0.35 0.01 0.356 0.01 0.358 0.008 0.366 0.008 0.368 0.006 0.368 0.004 0.366 0.002 0.366 0.0
2 0.18 0.038 0.068 0.032 0.208 0.022 0.206 0.024 0.196 0.024 0.194 0.026 0.186 0.026 0.184 0.028 0.176 0.028 0.174 0.03 0.17 0.03 0.168 0.032 0.164 0.032 0.162 0.034 0.154 0.034 0.152 0.036 0.15 0.036 0.15 0.042 0.148 0.044 0.148 0.046 0.146 0.048 0.146 0.052 0.162 0.052 0.164 0.05 0.17 0.05 0.172 0.048 0.18 0.048 0.182 0.046 0.188 0.046 0.19 0.044 0.196 0.044 0.198 0.042 0.204 0.042 0.206 0.04 0.212 0.04 0.212 0.028 0.21 0.026 0.21 0.024
5 0.635 0.901 0.022 0.018 0.628 0.892 0.626 0.894 0.624 0.894 0.624 0.904 0.628 0.908 0.638 0.908 0.644 0.902 0.644 0.894 0.64 0.894 0.638 0.892
2 0.069 0.062 0.066 0.032 0.09 0.046 0.088 0.048 0.082 0.048 0.08 0.05 0.07 0.05 0.068 0.052 0.062 0.052 0.06 0.054 0.056 0.054 0.054 0.056 0.052 0.056 0.05 0.058 0.046 0.058 0.044 0.06 0.04 0.06 0.036 0.064 0.036 0.076 0.042 0.076 0.044 0.074 0.05 0.074 0.052 0.072 0.058 0.072 0.06 0.07 0.066 0.07 0.068 0.068 0.078 0.068 0.08 0.066 0.09 0.066 0.092 0.064 0.098 0.064 0.1 0.062 0.1 0.048 0.098 0.046
4 0.669 0.479 0.018 0.018 0.66 0.47 0.66 0.48 0.662 0.482 0.662 0.484 0.664 0.484 0.666 0.486 0.676 0.486 0.676 0.474 0.672 0.47
4 0.667 0.439 0.014 0.026 0.66 0.426 0.66 0.448 0.662 0.45 0.672 0.45 0.672 0.43 0.668 0.426
