4 0.952 0.043 0.052 0.022 0.938 0.032 0.934 0.036 0.928 0.036 0.928 0.05 0.942 0.05 0.944 0.052 0.962 0.052 0.964 0.05 0.972 0.05 0.974 0.048 0.976 0.048 0.976 0.038 0.974 0.036 0.974 0.034 0.958 0.034 0.956 0.032
4 0.309 0.139 0.018 0.018 0.302 0.13 0.3 0.132 0.3 0.14 0.302 0.142 0.302 0.144 0.304 0.146 0.312 0.146 0.316 0.142 0.316 0.138 0.314 0.136 0.314 0.132 0.312 0.13
4 0.783 0.129 0.014 0.022 0.778 0.118 0.776 0.12 0.776 0.136 0.778 0.138 0.784 0.138 0.786 0.136 0.788 0.136 0.788 0.12 0.786 0.12 0.784 0.118
4 0.941 0.147 0.042 0.018 0.922 0.138 0.92 0.14 0.92 0.152 0.922 0.152 0.924 0.154 0.958 0.154 0.96 0.152 0.96 0.142 0.956 0.138
3 0.145 0.131 0.174 0.154 0.138 0.054 0.132 0.06 0.13 0.06 0.128 0.062 0.124 0.062 0.122 0.064 0.118 0.064 0.116 0.066 0.112 0.066 0.11 0.068 0.108 0.068 0.106 0.07 0.102 0.07 0.1 0.072 0.098 0.072 0.096 0.074 0.094 0.074 0.092 0.076 0.09 0.076 0.088 0.078 0.086 0.078 0.082 0.082 0.08 0.082 0.078 0.084 0.076 0.084 0.074 0.086 0.072 0.086 0.07 0.088 0.068 0.088 0.066 0.09 0.064 0.09 0.058 0.096 0.06 0.098 0.06 0.1 0.064 0.104 0.064 0.126 0.062 0.128 0.062 0.132 0.06 0.134 0.06 0.146 0.058 0.148 0.058 0.16 0.06 0.162 0.06 0.166 0.062 0.168 0.062 0.17 0.068 0.176 0.068 0.178 0.076 0.186 0.076 0.188 0.082 0.194 0.094 0.194 0.096 0.196 0.106 0.196 0.108 0.198 0.12 0.198 0.122 0.2 0.134 0.2 0.136 0.202 0.156 0.202 0.158 0.204 0.176 0.204 0.178 0.206 0.18 0.204 0.188 0.204 0.19 0.202 0.194 0.202 0.198 0.198 0.202 0.198 0.204 0.196 0.206 0.196 0.21 0.192 0.21 0.19 0.212 0.188 0.212 0.184 0.214 0.182 0.214 0.18 0.218 0.176 0.22 0.176 0.22 0.17 0.222 0.168 0.222 0.164 0.224 0.162 0.224 0.16 0.226 0.158 0.226 0.136 0.228 0.134 0.228 0.132 0.226 0.13 0.228 0.128 0.228 0.126 0.23 0.124 0.23 0.12 0.226 0.116 0.226 0.114 0.222 0.11 0.22 0.11 0.216 0.106 0.214 0.106 0.208 0.1 0.206 0.1 0.2 0.094 0.198 0.094 0.19 0.086 0.188 0.086 0.186 0.084 0.184 0.084 0.18 0.08 0.178 0.08 0.172 0.074 0.17 0.074 0.166 0.07 0.164 0.07 0.158 0.064 0.156 0.064 0.154 0.062 0.152 0.062 0.144 0.054
7 0.156 0.011 0.012 0.014 0.152 0.004 0.15 0.006 0.15 0.008 0.152 0.01 0.152 0.016 0.156 0.016 0.156 0.014 0.16 0.01 0.16 0.004
5 0.21 0.043 0.024 0.026 0.202 0.03 0.2 0.032 0.2 0.036 0.198 0.038 0.198 0.05 0.202 0.054 0.216 0.054 0.216 0.048 0.218 0.046 0.218 0.04 0.22 0.038 0.22 0.036 0.218 0.034 0.218 0.032 0.216 0.03
4 0.93 0.268 0.044 0.02 0.91 0.258 0.91 0.26 0.908 0.262 0.908 0.272 0.91 0.274 0.922 0.274 0.924 0.276 0.946 0.276 0.95 0.272 0.95 0.264 0.944 0.258 0.932 0.258 0.93 0.26 0.916 0.26 0.914 0.258
4 0.796 0.025 0.02 0.022 0.788 0.014 0.788 0.018 0.786 0.02 0.786 0.032 0.788 0.034 0.802 0.034 0.804 0.032 0.804 0.016 0.802 0.014
4 0.766 0.249 0.016 0.022 0.76 0.238 0.76 0.248 0.758 0.25 0.758 0.254 0.76 0.256 0.76 0.258 0.772 0.258 0.772 0.238
