3 0.747 0.646 0.07 0.076 0.722 0.608 0.716 0.614 0.716 0.618 0.714 0.62 0.714 0.634 0.712 0.636 0.712 0.638 0.714 0.64 0.714 0.644 0.712 0.646 0.712 0.678 0.714 0.68 0.742 0.68 0.744 0.682 0.748 0.682 0.75 0.68 0.762 0.68 0.764 0.682 0.768 0.682 0.77 0.68 0.78 0.68 0.78 0.616 0.778 0.614 0.778 0.612 0.776 0.61 0.75 0.61 0.748 0.608
4 0.738 0.406 0.028 0.044 0.73 0.384 0.728 0.386 0.726 0.386 0.724 0.388 0.724 0.402 0.726 0.404 0.726 0.422 0.73 0.426 0.736 0.426 0.738 0.424 0.742 0.424 0.744 0.422 0.744 0.414 0.746 0.412 0.746 0.41 0.748 0.408 0.748 0.402 0.75 0.4 0.75 0.392 0.748 0.39 0.748 0.388 0.744 0.384
7 0.267 0.904 0.014 0.012 0.262 0.898 0.26 0.9 0.26 0.906 0.262 0.906 0.264 0.908 0.268 0.908 0.272 0.904 0.272 0.9 0.27 0.898
7 0.265 0.783 0.018 0.014 0.262 0.776 0.26 0.778 0.258 0.778 0.258 0.78 0.256 0.782 0.256 0.786 0.258 0.788 0.268 0.788 0.27 0.786 0.27 0.784 0.272 0.782 0.272 0.78 0.27 0.778 0.27 0.776
7 0.215 0.746 0.014 0.012 0.212 0.74 0.208 0.744 0.21 0.746 0.21 0.748 0.212 0.748 0.214 0.75 0.216 0.75 0.218 0.748 0.218 0.746 0.22 0.744 0.216 0.74
7 0.259 0.682 0.014 0.016 0.256 0.674 0.252 0.678 0.252 0.688 0.26 0.688 0.262 0.686 0.262 0.684 0.264 0.682 0.264 0.674
7 0.89 0.629 0.028 0.026 0.88 0.616 0.878 0.618 0.876 0.618 0.878 0.62 0.878 0.622 0.884 0.628 0.884 0.63 0.886 0.632 0.886 0.638 0.888 0.64 0.894 0.64 0.896 0.638 0.898 0.638 0.898 0.636 0.9 0.634 0.9 0.628 0.902 0.626 0.902 0.618 0.9 0.616 0.896 0.616 0.894 0.618 0.888 0.618 0.886 0.616
5 0.361 0.612 0.018 0.02 0.36 0.602 0.358 0.604 0.354 0.604 0.352 0.606 0.352 0.618 0.354 0.62 0.366 0.62 0.368 0.618 0.368 0.604 0.364 0.604 0.362 0.602
5 0.15 0.619 0.016 0.018 0.142 0.61 0.142 0.624 0.144 0.624 0.146 0.626 0.148 0.626 0.15 0.624 0.154 0.624 0.156 0.622 0.156 0.614 0.154 0.612 0.154 0.61
5 0.254 0.598 0.016 0.016 0.25 0.59 0.248 0.592 0.248 0.596 0.246 0.598 0.248 0.6 0.248 0.602 0.25 0.604 0.252 0.604 0.254 0.602 0.256 0.602 0.26 0.598 0.26 0.594 0.256 0.59
4 0.695 0.532 0.01 0.012 0.692 0.526 0.69 0.528 0.69 0.534 0.692 0.536 0.698 0.536 0.698 0.53 0.694 0.526
4 0.66 0.536 0.012 0.02 0.656 0.526 0.654 0.528 0.654 0.534 0.656 0.536 0.656 0.542 0.658 0.544 0.664 0.544 0.664 0.528 0.662 0.526
1 0.01 0.119 0.02 0.226 0.0 0.006 0.0 0.23 0.018 0.23 0.018 0.006
4 0.948 0.406 0.032 0.044 0.934 0.384 0.932 0.386 0.932 0.424 0.934 0.426 0.94 0.426 0.942 0.424 0.952 0.424 0.954 0.422 0.956 0.422 0.958 0.42 0.958 0.418 0.96 0.416 0.96 0.412 0.962 0.41 0.962 0.392 0.96 0.39 0.96 0.386 0.958 0.386 0.956 0.384
4 0.741 0.493 0.026 0.046 0.74 0.47 0.738 0.472 0.728 0.472 0.728 0.494 0.73 0.496 0.73 0.506 0.732 0.508 0.732 0.51 0.734 0.512 0.736 0.512 0.738 0.514 0.75 0.514 0.752 0.512 0.752 0.508 0.75 0.506 0.75 0.502 0.752 0.5 0.752 0.474 0.75 0.472 0.742 0.472
4 0.368 0.523 0.02 0.03 0.36 0.508 0.358 0.51 0.358 0.532 0.36 0.534 0.364 0.534 0.366 0.536 0.368 0.536 0.37 0.534 0.374 0.534 0.376 0.532 0.376 0.51 0.374 0.508
4 0.609 0.534 0.01 0.012 0.604 0.528 0.604 0.536 0.606 0.538 0.61 0.538 0.61 0.536 0.612 0.534 0.612 0.53 0.61 0.528
7 0.22 0.955 0.012 0.01 0.216 0.95 0.216 0.952 0.214 0.954 0.216 0.956 0.216 0.958 0.222 0.958 0.222 0.956 0.224 0.954 0.222 0.952 0.222 0.95
4 0.735 0.307 0.022 0.022 0.728 0.296 0.726 0.298 0.724 0.298 0.724 0.306 0.726 0.308 0.726 0.314 0.728 0.316 0.734 0.316 0.736 0.314 0.744 0.314 0.744 0.298 0.74 0.298 0.738 0.296
4 0.945 0.305 0.026 0.022 0.932 0.294 0.932 0.312 0.934 0.314 0.95 0.314 0.952 0.312 0.952 0.31 0.954 0.308 0.954 0.306 0.956 0.304 0.956 0.296 0.954 0.294
4 0.198 0.538 0.024 0.024 0.188 0.526 0.188 0.528 0.186 0.53 0.186 0.542 0.188 0.544 0.188 0.546 0.194 0.546 0.196 0.548 0.2 0.548 0.202 0.546 0.206 0.546 0.208 0.544 0.208 0.528 0.206 0.526
2 0.334 0.461 0.1 0.074 0.338 0.424 0.336 0.426 0.288 0.426 0.284 0.43 0.284 0.436 0.286 0.438 0.286 0.444 0.284 0.446 0.286 0.448 0.286 0.492 0.288 0.494 0.308 0.494 0.31 0.496 0.312 0.494 0.374 0.494 0.376 0.492 0.378 0.492 0.382 0.488 0.38 0.486 0.38 0.484 0.382 0.482 0.38 0.48 0.38 0.472 0.378 0.47 0.378 0.468 0.38 0.466 0.38 0.428 0.378 0.426 0.376 0.426 0.374 0.424
3 0.943 0.486 0.078 0.084 0.956 0.444 0.954 0.446 0.924 0.446 0.922 0.448 0.908 0.448 0.906 0.45 0.904 0.45 0.904 0.494 0.906 0.496 0.906 0.514 0.908 0.516 0.908 0.524 0.91 0.526 0.932 0.526 0.934 0.524 0.95 0.524 0.952 0.522 0.976 0.522 0.978 0.52 0.978 0.518 0.98 0.516 0.978 0.514 0.978 0.49 0.976 0.488 0.976 0.444
3 0.148 0.543 0.052 0.05 0.126 0.518 0.122 0.522 0.122 0.548 0.124 0.55 0.124 0.552 0.128 0.556 0.13 0.556 0.134 0.56 0.136 0.56 0.142 0.566 0.146 0.566 0.15 0.562 0.156 0.562 0.158 0.56 0.16 0.56 0.168 0.552 0.168 0.55 0.17 0.548 0.17 0.546 0.172 0.544 0.172 0.52 0.17 0.518
3 0.243 0.541 0.054 0.05 0.22 0.516 0.216 0.52 0.216 0.524 0.218 0.526 0.218 0.548 0.222 0.552 0.224 0.552 0.228 0.556 0.23 0.556 0.238 0.564 0.242 0.564 0.246 0.56 0.25 0.56 0.252 0.558 0.254 0.558 0.262 0.55 0.264 0.55 0.266 0.548 0.266 0.536 0.268 0.534 0.268 0.53 0.266 0.528 0.266 0.516
3 0.414 0.537 0.052 0.05 0.388 0.512 0.388 0.542 0.39 0.544 0.39 0.546 0.392 0.546 0.396 0.55 0.398 0.55 0.408 0.56 0.414 0.56 0.416 0.558 0.418 0.558 0.42 0.556 0.422 0.556 0.426 0.552 0.428 0.552 0.436 0.544 0.436 0.538 0.438 0.536 0.438 0.518 0.436 0.516 0.436 0.514 0.41 0.514 0.408 0.512
4 0.104 0.542 0.024 0.028 0.102 0.528 0.1 0.53 0.098 0.53 0.098 0.532 0.096 0.534 0.096 0.54 0.094 0.542 0.094 0.546 0.092 0.548 0.094 0.55 0.094 0.552 0.096 0.554 0.112 0.554 0.112 0.542 0.114 0.54 0.114 0.532 0.112 0.53 0.108 0.53 0.106 0.528
3 0.946 0.585 0.088 0.106 0.972 0.532 0.97 0.534 0.93 0.534 0.928 0.536 0.914 0.536 0.912 0.538 0.908 0.538 0.904 0.542 0.904 0.59 0.906 0.592 0.906 0.616 0.904 0.618 0.904 0.624 0.902 0.626 0.902 0.634 0.904 0.634 0.906 0.636 0.916 0.636 0.918 0.634 0.96 0.634 0.962 0.632 0.976 0.632 0.978 0.63 0.986 0.63 0.988 0.628 0.988 0.606 0.986 0.604 0.986 0.57 0.984 0.568 0.984 0.548 0.982 0.546 0.982 0.536 0.978 0.532
3 0.46 0.611 0.124 0.054 0.462 0.584 0.46 0.586 0.454 0.586 0.452 0.588 0.45 0.586 0.448 0.586 0.446 0.588 0.44 0.588 0.438 0.59 0.436 0.588 0.422 0.588 0.42 0.59 0.406 0.59 0.404 0.592 0.402 0.592 0.402 0.594 0.4 0.596 0.4 0.63 0.398 0.632 0.398 0.636 0.5 0.636 0.502 0.634 0.518 0.634 0.518 0.62 0.52 0.618 0.52 0.6 0.518 0.598 0.518 0.594 0.52 0.592 0.52 0.588 0.518 0.586 0.508 0.586 0.506 0.584 0.482 0.584 0.48 0.586 0.478 0.584 0.47 0.584 0.468 0.586 0.466 0.586 0.464 0.584
4 0.462 0.53 0.024 0.024 0.452 0.518 0.452 0.524 0.45 0.526 0.45 0.536 0.454 0.54 0.468 0.54 0.47 0.538 0.47 0.528 0.472 0.526 0.472 0.522 0.47 0.52 0.47 0.518
4 0.293 0.529 0.022 0.038 0.29 0.51 0.286 0.514 0.286 0.518 0.284 0.52 0.284 0.53 0.282 0.532 0.282 0.542 0.286 0.546 0.298 0.546 0.3 0.544 0.3 0.538 0.302 0.536 0.302 0.512 0.3 0.51
3 0.599 0.609 0.118 0.054 0.608 0.582 0.606 0.584 0.576 0.584 0.574 0.586 0.568 0.586 0.566 0.584 0.558 0.584 0.556 0.586 0.55 0.586 0.546 0.59 0.544 0.59 0.544 0.6 0.542 0.602 0.542 0.606 0.54 0.608 0.54 0.634 0.574 0.634 0.576 0.632 0.638 0.632 0.64 0.63 0.654 0.63 0.656 0.628 0.656 0.612 0.654 0.61 0.654 0.584 0.632 0.584 0.63 0.582
3 0.063 0.618 0.126 0.064 0.06 0.586 0.058 0.588 0.022 0.588 0.02 0.59 0.018 0.588 0.002 0.588 0.0 0.59 0.0 0.648 0.01 0.648 0.012 0.646 0.04 0.646 0.042 0.644 0.064 0.644 0.066 0.642 0.104 0.642 0.106 0.644 0.108 0.644 0.11 0.642 0.12 0.642 0.122 0.64 0.122 0.634 0.124 0.632 0.124 0.598 0.122 0.596 0.122 0.594 0.12 0.592 0.12 0.59 0.118 0.59 0.116 0.588 0.062 0.588
