4 0.678 0.719 0.032 0.026 0.68 0.706 0.678 0.708 0.676 0.708 0.674 0.71 0.672 0.71 0.67 0.712 0.668 0.712 0.666 0.714 0.664 0.714 0.664 0.716 0.662 0.718 0.662 0.72 0.666 0.724 0.666 0.726 0.67 0.73 0.678 0.73 0.68 0.728 0.682 0.728 0.684 0.726 0.686 0.726 0.692 0.72 0.692 0.712 0.688 0.708 0.688 0.706
7 0.636 0.913 0.012 0.022 0.63 0.902 0.63 0.912 0.632 0.914 0.632 0.918 0.634 0.92 0.636 0.92 0.638 0.922 0.64 0.92 0.64 0.904 0.638 0.902
4 0.98 0.722 0.02 0.024 0.976 0.71 0.974 0.712 0.972 0.712 0.972 0.714 0.97 0.716 0.97 0.728 0.972 0.73 0.974 0.73 0.976 0.732 0.978 0.732 0.98 0.73 0.984 0.73 0.986 0.728 0.988 0.728 0.988 0.716 0.986 0.714 0.986 0.712 0.984 0.71
7 0.665 0.835 0.038 0.05 0.654 0.81 0.652 0.812 0.65 0.812 0.646 0.816 0.646 0.826 0.648 0.828 0.648 0.834 0.65 0.836 0.65 0.84 0.652 0.842 0.652 0.846 0.654 0.848 0.654 0.852 0.656 0.854 0.656 0.856 0.658 0.858 0.668 0.858 0.67 0.856 0.674 0.856 0.676 0.854 0.68 0.854 0.682 0.852 0.682 0.848 0.68 0.846 0.68 0.842 0.678 0.84 0.678 0.838 0.676 0.836 0.676 0.832 0.674 0.83 0.674 0.824 0.672 0.822 0.672 0.816 0.67 0.814 0.67 0.812 0.668 0.81
7 0.795 0.722 0.014 0.016 0.79 0.714 0.788 0.716 0.788 0.722 0.79 0.724 0.79 0.726 0.792 0.726 0.794 0.728 0.796 0.726 0.798 0.726 0.8 0.724 0.8 0.718 0.796 0.714
7 0.611 0.818 0.014 0.02 0.606 0.808 0.604 0.81 0.604 0.818 0.608 0.822 0.608 0.824 0.61 0.826 0.614 0.826 0.614 0.824 0.616 0.822 0.616 0.816 0.608 0.808
7 0.813 0.804 0.014 0.012 0.81 0.798 0.806 0.802 0.806 0.806 0.808 0.808 0.814 0.808 0.818 0.804 0.818 0.8 0.816 0.798
7 0.582 0.749 0.016 0.014 0.578 0.742 0.576 0.744 0.576 0.746 0.574 0.748 0.574 0.75 0.576 0.752 0.576 0.754 0.586 0.754 0.588 0.752 0.588 0.744 0.586 0.744 0.584 0.742
7 0.034 0.749 0.02 0.014 0.026 0.742 0.024 0.744 0.024 0.752 0.026 0.752 0.028 0.754 0.03 0.754 0.032 0.752 0.036 0.752 0.04 0.748 0.04 0.746 0.042 0.744 0.04 0.742
4 0.939 0.988 0.026 0.024 0.936 0.976 0.934 0.978 0.928 0.978 0.926 0.98 0.926 0.992 0.928 0.994 0.928 0.998 0.95 0.998 0.95 0.99 0.948 0.988 0.948 0.98 0.946 0.978 0.944 0.978 0.942 0.976
7 0.917 0.827 0.046 0.022 0.932 0.816 0.93 0.818 0.924 0.818 0.922 0.82 0.92 0.82 0.918 0.822 0.916 0.822 0.914 0.824 0.912 0.824 0.91 0.826 0.904 0.826 0.902 0.828 0.9 0.828 0.894 0.834 0.896 0.836 0.904 0.836 0.906 0.834 0.91 0.834 0.912 0.832 0.918 0.832 0.92 0.83 0.922 0.83 0.924 0.828 0.926 0.828 0.928 0.826 0.93 0.826 0.932 0.824 0.934 0.824 0.938 0.82 0.934 0.816
7 0.876 0.833 0.012 0.014 0.874 0.826 0.87 0.83 0.87 0.834 0.874 0.838 0.876 0.838 0.878 0.836 0.88 0.836 0.88 0.828 0.878 0.826
4 0.665 0.902 0.026 0.024 0.67 0.89 0.668 0.892 0.662 0.892 0.66 0.894 0.654 0.894 0.654 0.896 0.652 0.898 0.652 0.904 0.654 0.906 0.654 0.91 0.656 0.912 0.662 0.912 0.664 0.91 0.668 0.91 0.67 0.908 0.672 0.908 0.674 0.906 0.676 0.906 0.676 0.894 0.674 0.892 0.674 0.89
4 0.617 0.737 0.022 0.022 0.618 0.726 0.616 0.728 0.612 0.728 0.61 0.73 0.608 0.73 0.608 0.732 0.606 0.734 0.606 0.742 0.61 0.746 0.618 0.746 0.624 0.74 0.624 0.738 0.626 0.736 0.624 0.734 0.624 0.73 0.622 0.728 0.62 0.728
7 0.8 0.866 0.024 0.016 0.804 0.858 0.802 0.86 0.794 0.86 0.792 0.862 0.79 0.862 0.788 0.864 0.788 0.868 0.792 0.872 0.796 0.872 0.798 0.87 0.804 0.87 0.806 0.868 0.808 0.868 0.808 0.866 0.81 0.864 0.81 0.862 0.808 0.86 0.808 0.858
4 0.874 0.992 0.036 0.016 0.86 0.984 0.86 0.986 0.858 0.988 0.858 0.996 0.856 0.998 0.89 0.998 0.89 0.992 0.888 0.99 0.886 0.99 0.884 0.988 0.878 0.988 0.876 0.986 0.87 0.986 0.868 0.984
5 0.905 0.73 0.03 0.02 0.904 0.72 0.902 0.722 0.9 0.722 0.898 0.724 0.89 0.724 0.89 0.726 0.896 0.732 0.898 0.732 0.9 0.734 0.904 0.734 0.906 0.736 0.91 0.736 0.912 0.738 0.916 0.738 0.916 0.734 0.918 0.732 0.918 0.724 0.916 0.724 0.914 0.722 0.914 0.72
4 0.732 0.879 0.028 0.022 0.734 0.868 0.732 0.87 0.724 0.87 0.722 0.872 0.72 0.872 0.72 0.874 0.718 0.876 0.718 0.878 0.72 0.88 0.72 0.884 0.722 0.886 0.724 0.886 0.726 0.888 0.728 0.888 0.73 0.886 0.734 0.886 0.738 0.882 0.74 0.882 0.744 0.878 0.744 0.872 0.742 0.87 0.742 0.868
4 0.503 0.957 0.018 0.018 0.5 0.948 0.498 0.95 0.496 0.95 0.494 0.952 0.494 0.962 0.496 0.964 0.506 0.964 0.51 0.96 0.51 0.952 0.508 0.95 0.508 0.948
7 0.965 0.685 0.026 0.022 0.968 0.674 0.954 0.688 0.954 0.69 0.952 0.692 0.954 0.694 0.956 0.694 0.958 0.692 0.96 0.694 0.968 0.694 0.972 0.69 0.974 0.69 0.974 0.688 0.976 0.686 0.976 0.678 0.972 0.674
7 0.031 0.706 0.01 0.012 0.03 0.7 0.026 0.704 0.026 0.706 0.028 0.708 0.028 0.71 0.032 0.71 0.032 0.708 0.034 0.706 0.034 0.704
7 0.902 0.817 0.188 0.038 0.984 0.806 0.98 0.81 0.978 0.81 0.976 0.812 0.976 0.816 0.984 0.816 0.986 0.814 0.988 0.814 0.99 0.812 0.992 0.812 0.994 0.81 0.994 0.806
