5 0.246 0.57 0.02 0.032 0.24 0.554 0.236 0.558 0.236 0.58 0.238 0.582 0.24 0.582 0.242 0.584 0.244 0.584 0.246 0.582 0.252 0.582 0.254 0.58 0.254 0.572 0.252 0.57 0.252 0.566 0.25 0.564 0.25 0.56 0.248 0.558 0.248 0.556 0.246 0.554
4 0.52 0.43 0.02 0.028 0.516 0.416 0.514 0.418 0.512 0.418 0.51 0.42 0.51 0.428 0.512 0.43 0.512 0.432 0.516 0.436 0.516 0.438 0.52 0.442 0.522 0.44 0.526 0.44 0.528 0.438 0.528 0.426 0.526 0.424 0.526 0.42 0.522 0.416
4 0.292 0.553 0.032 0.038 0.286 0.534 0.284 0.536 0.282 0.536 0.278 0.54 0.276 0.54 0.276 0.548 0.278 0.55 0.278 0.554 0.28 0.556 0.28 0.558 0.284 0.562 0.284 0.566 0.288 0.57 0.29 0.57 0.292 0.568 0.296 0.568 0.298 0.566 0.302 0.566 0.304 0.564 0.306 0.564 0.306 0.556 0.304 0.554 0.304 0.55 0.302 0.548 0.302 0.546 0.3 0.544 0.3 0.542 0.298 0.54 0.298 0.538 0.296 0.536 0.296 0.534
4 0.271 0.5 0.034 0.04 0.268 0.48 0.266 0.482 0.264 0.482 0.262 0.484 0.26 0.484 0.254 0.49 0.254 0.498 0.256 0.5 0.256 0.502 0.26 0.506 0.26 0.508 0.264 0.512 0.264 0.514 0.268 0.518 0.274 0.518 0.276 0.516 0.278 0.516 0.28 0.514 0.284 0.514 0.286 0.512 0.286 0.508 0.284 0.506 0.284 0.502 0.282 0.5 0.282 0.498 0.28 0.496 0.28 0.494 0.278 0.492 0.278 0.49 0.276 0.488 0.276 0.484 0.272 0.48
7 0.939 0.461 0.014 0.022 0.936 0.45 0.934 0.452 0.934 0.454 0.932 0.456 0.932 0.468 0.934 0.47 0.938 0.47 0.938 0.466 0.942 0.462 0.942 0.46 0.944 0.458 0.944 0.454 0.94 0.45
7 0.073 0.675 0.018 0.014 0.074 0.668 0.072 0.67 0.07 0.67 0.064 0.676 0.064 0.678 0.066 0.68 0.072 0.68 0.074 0.678 0.076 0.678 0.08 0.674 0.08 0.668
7 0.246 0.69 0.024 0.012 0.248 0.684 0.246 0.686 0.24 0.686 0.238 0.688 0.234 0.688 0.234 0.692 0.236 0.694 0.238 0.692 0.24 0.692 0.242 0.694 0.25 0.694 0.256 0.688 0.254 0.686 0.252 0.686 0.25 0.684
2 0.783 0.478 0.078 0.048 0.752 0.454 0.752 0.456 0.75 0.458 0.75 0.46 0.748 0.462 0.748 0.464 0.744 0.468 0.744 0.474 0.746 0.476 0.748 0.476 0.752 0.48 0.754 0.48 0.756 0.482 0.758 0.482 0.76 0.484 0.764 0.484 0.766 0.486 0.77 0.486 0.772 0.488 0.776 0.488 0.778 0.49 0.782 0.49 0.784 0.492 0.79 0.492 0.792 0.494 0.798 0.494 0.8 0.496 0.802 0.496 0.804 0.498 0.808 0.498 0.81 0.5 0.812 0.498 0.814 0.498 0.814 0.494 0.816 0.492 0.816 0.49 0.818 0.488 0.818 0.484 0.82 0.482 0.82 0.476 0.816 0.476 0.814 0.474 0.812 0.474 0.81 0.472 0.806 0.472 0.804 0.47 0.798 0.47 0.796 0.468 0.792 0.468 0.79 0.466 0.788 0.466 0.786 0.464 0.782 0.464 0.78 0.462 0.778 0.462 0.776 0.46 0.774 0.46 0.772 0.458 0.768 0.458 0.766 0.456 0.762 0.456 0.76 0.454
3 0.882 0.435 0.1 0.094 0.856 0.388 0.856 0.39 0.854 0.392 0.854 0.396 0.852 0.398 0.852 0.402 0.85 0.404 0.85 0.408 0.848 0.41 0.848 0.414 0.846 0.416 0.846 0.42 0.844 0.422 0.844 0.426 0.842 0.428 0.842 0.432 0.84 0.434 0.84 0.438 0.838 0.44 0.838 0.444 0.836 0.446 0.836 0.45 0.834 0.452 0.834 0.456 0.832 0.458 0.834 0.458 0.836 0.46 0.84 0.46 0.842 0.462 0.848 0.462 0.85 0.464 0.856 0.464 0.858 0.466 0.862 0.466 0.864 0.468 0.87 0.468 0.872 0.47 0.878 0.47 0.88 0.472 0.884 0.472 0.886 0.474 0.892 0.474 0.894 0.476 0.9 0.476 0.902 0.478 0.906 0.478 0.908 0.48 0.91 0.48 0.91 0.478 0.912 0.476 0.912 0.47 0.914 0.468 0.914 0.462 0.916 0.46 0.916 0.456 0.918 0.454 0.918 0.448 0.92 0.446 0.92 0.44 0.922 0.438 0.922 0.432 0.924 0.43 0.924 0.424 0.926 0.422 0.926 0.418 0.928 0.416 0.928 0.41 0.93 0.408 0.93 0.406 0.928 0.406 0.926 0.404 0.92 0.404 0.918 0.402 0.91 0.402 0.908 0.4 0.902 0.4 0.9 0.398 0.894 0.398 0.892 0.396 0.886 0.396 0.884 0.394 0.878 0.394 0.876 0.392 0.868 0.392 0.866 0.39 0.86 0.39 0.858 0.388
5 0.837 0.84 0.034 0.04 0.832 0.82 0.83 0.822 0.826 0.822 0.826 0.824 0.824 0.826 0.822 0.826 0.822 0.828 0.82 0.83 0.82 0.852 0.822 0.854 0.822 0.858 0.824 0.858 0.826 0.856 0.838 0.856 0.844 0.85 0.844 0.846 0.846 0.844 0.846 0.84 0.848 0.838 0.848 0.834 0.85 0.832 0.85 0.83 0.852 0.828 0.852 0.826 0.848 0.822 0.848 0.82
3 0.433 0.479 0.078 0.102 0.432 0.428 0.43 0.43 0.428 0.43 0.426 0.432 0.422 0.432 0.42 0.434 0.418 0.434 0.416 0.436 0.414 0.436 0.412 0.438 0.41 0.438 0.408 0.44 0.406 0.44 0.404 0.442 0.4 0.442 0.398 0.444 0.396 0.444 0.394 0.446 0.396 0.448 0.396 0.452 0.398 0.454 0.398 0.456 0.4 0.458 0.4 0.462 0.402 0.464 0.402 0.466 0.404 0.468 0.404 0.472 0.406 0.474 0.406 0.476 0.408 0.478 0.408 0.482 0.41 0.484 0.41 0.486 0.412 0.488 0.412 0.49 0.414 0.492 0.414 0.496 0.416 0.498 0.416 0.5 0.418 0.502 0.418 0.506 0.42 0.508 0.42 0.51 0.422 0.512 0.422 0.516 0.424 0.518 0.424 0.52 0.426 0.522 0.426 0.526 0.428 0.528 0.43 0.526 0.432 0.526 0.434 0.524 0.438 0.524 0.44 0.522 0.442 0.522 0.444 0.52 0.446 0.52 0.448 0.518 0.452 0.518 0.454 0.516 0.456 0.516 0.458 0.514 0.46 0.514 0.462 0.512 0.466 0.512 0.468 0.51 0.468 0.486 0.47 0.484 0.47 0.462 0.454 0.446 0.452 0.446 0.434 0.428
3 0.104 0.815 0.1 0.058 0.142 0.786 0.14 0.788 0.136 0.788 0.134 0.79 0.13 0.79 0.128 0.792 0.124 0.792 0.122 0.794 0.118 0.794 0.116 0.796 0.112 0.796 0.11 0.798 0.106 0.798 0.104 0.8 0.1 0.8 0.098 0.802 0.094 0.802 0.092 0.804 0.088 0.804 0.086 0.806 0.082 0.806 0.08 0.808 0.076 0.808 0.074 0.81 0.07 0.81 0.068 0.812 0.064 0.812 0.062 0.814 0.058 0.814 0.056 0.816 0.054 0.816 0.056 0.818 0.056 0.822 0.058 0.824 0.058 0.828 0.06 0.83 0.06 0.834 0.062 0.836 0.062 0.84 0.064 0.842 0.066 0.84 0.07 0.84 0.072 0.838 0.076 0.838 0.078 0.836 0.082 0.836 0.084 0.834 0.088 0.834 0.09 0.832 0.092 0.832 0.094 0.83 0.098 0.83 0.1 0.828 0.104 0.828 0.106 0.826 0.11 0.826 0.112 0.824 0.116 0.824 0.118 0.822 0.122 0.822 0.124 0.82 0.126 0.82 0.128 0.818 0.132 0.818 0.134 0.816 0.138 0.816 0.14 0.814 0.144 0.814 0.146 0.812 0.15 0.812 0.152 0.81 0.15 0.808 0.15 0.804 0.148 0.802 0.148 0.8 0.146 0.798 0.146 0.794 0.144 0.792 0.144 0.788
4 0.801 0.429 0.034 0.03 0.792 0.414 0.788 0.418 0.788 0.42 0.786 0.422 0.786 0.428 0.784 0.43 0.784 0.436 0.786 0.438 0.788 0.438 0.79 0.44 0.796 0.44 0.798 0.442 0.804 0.442 0.81 0.436 0.81 0.434 0.814 0.43 0.814 0.428 0.816 0.426 0.816 0.422 0.814 0.42 0.812 0.42 0.81 0.418 0.808 0.418 0.806 0.416 0.802 0.416 0.8 0.414
5 0.418 0.574 0.024 0.02 0.408 0.564 0.408 0.566 0.406 0.568 0.406 0.578 0.408 0.58 0.41 0.58 0.412 0.582 0.416 0.582 0.418 0.58 0.42 0.58 0.422 0.578 0.426 0.578 0.428 0.576 0.428 0.57 0.424 0.566 0.424 0.564
4 0.995 0.387 0.01 0.022 0.998 0.376 0.996 0.378 0.992 0.378 0.99 0.38 0.99 0.392 0.992 0.394 0.994 0.394 0.996 0.396 0.998 0.396
3 0.952 0.331 0.096 0.106 0.904 0.278 0.904 0.282 0.906 0.284 0.906 0.296 0.908 0.298 0.908 0.31 0.91 0.312 0.91 0.322 0.912 0.324 0.912 0.336 0.914 0.338 0.914 0.348 0.916 0.35 0.916 0.362 0.918 0.364 0.918 0.376 0.92 0.378 0.92 0.38 0.998 0.302 0.998 0.298 0.99 0.298 0.988 0.296 0.982 0.296 0.98 0.294 0.972 0.294 0.97 0.292 0.964 0.292 0.962 0.29 0.954 0.29 0.952 0.288 0.944 0.288 0.942 0.286 0.936 0.286 0.934 0.284 0.926 0.284 0.924 0.282 0.918 0.282 0.916 0.28 0.908 0.28 0.906 0.278
3 0.99 0.475 0.02 0.034 0.99 0.458 0.988 0.46 0.986 0.46 0.982 0.464 0.982 0.472 0.98 0.474 0.98 0.478 0.982 0.48 0.982 0.486 0.984 0.488 0.988 0.488 0.99 0.49 0.996 0.49 0.998 0.488 0.998 0.458
2 0.939 0.511 0.062 0.034 0.912 0.494 0.912 0.496 0.91 0.498 0.91 0.5 0.908 0.502 0.908 0.512 0.91 0.512 0.912 0.514 0.918 0.514 0.92 0.516 0.928 0.516 0.93 0.518 0.934 0.518 0.936 0.52 0.94 0.52 0.942 0.522 0.948 0.522 0.95 0.524 0.958 0.524 0.96 0.526 0.964 0.526 0.966 0.524 0.966 0.52 0.968 0.518 0.968 0.506 0.966 0.504 0.964 0.504 0.962 0.502 0.958 0.502 0.956 0.5 0.95 0.5 0.948 0.498 0.936 0.498 0.934 0.496 0.932 0.496 0.93 0.494
2 0.866 0.492 0.068 0.036 0.836 0.474 0.834 0.476 0.834 0.478 0.832 0.48 0.832 0.49 0.836 0.494 0.842 0.494 0.844 0.496 0.85 0.496 0.852 0.498 0.858 0.498 0.86 0.5 0.864 0.5 0.866 0.502 0.872 0.502 0.874 0.504 0.88 0.504 0.882 0.506 0.886 0.506 0.888 0.508 0.892 0.508 0.894 0.506 0.896 0.506 0.896 0.504 0.898 0.502 0.898 0.5 0.896 0.498 0.896 0.496 0.892 0.492 0.892 0.49 0.888 0.486 0.886 0.486 0.884 0.484 0.88 0.484 0.878 0.482 0.866 0.482 0.864 0.48 0.86 0.48 0.858 0.478 0.852 0.478 0.85 0.476 0.846 0.476 0.844 0.474
7 0.953 0.371 0.018 0.014 0.948 0.364 0.944 0.368 0.944 0.374 0.946 0.376 0.956 0.376 0.96 0.372 0.96 0.37 0.958 0.368 0.958 0.366 0.956 0.366 0.954 0.364
3 0.822 0.299 0.104 0.114 0.786 0.242 0.784 0.244 0.784 0.248 0.782 0.25 0.782 0.254 0.78 0.256 0.78 0.26 0.778 0.262 0.778 0.264 0.776 0.266 0.776 0.27 0.774 0.272 0.774 0.276 0.772 0.278 0.772 0.282 0.77 0.284 0.77 0.286 0.772 0.288 0.772 0.29 0.77 0.292 0.77 0.294 0.772 0.296 0.772 0.302 0.774 0.304 0.774 0.308 0.776 0.31 0.776 0.316 0.778 0.318 0.778 0.32 0.78 0.322 0.78 0.324 0.782 0.326 0.782 0.328 0.784 0.33 0.784 0.332 0.788 0.336 0.788 0.338 0.79 0.34 0.79 0.344 0.792 0.346 0.792 0.348 0.794 0.35 0.794 0.352 0.796 0.354 0.804 0.354 0.814 0.344 0.816 0.344 0.818 0.342 0.82 0.342 0.828 0.334 0.83 0.334 0.836 0.328 0.838 0.328 0.844 0.322 0.846 0.322 0.854 0.314 0.854 0.31 0.856 0.308 0.856 0.304 0.858 0.302 0.858 0.298 0.86 0.296 0.86 0.292 0.862 0.29 0.862 0.288 0.864 0.286 0.864 0.282 0.866 0.28 0.866 0.276 0.868 0.274 0.868 0.27 0.87 0.268 0.87 0.264 0.872 0.262 0.87 0.262 0.868 0.26 0.86 0.26 0.858 0.258 0.852 0.258 0.85 0.256 0.844 0.256 0.842 0.254 0.834 0.254 0.832 0.252 0.826 0.252 0.824 0.25 0.816 0.25 0.814 0.248 0.808 0.248 0.806 0.246 0.8 0.246 0.798 0.244 0.79 0.244 0.788 0.242
4 0.113 0.778 0.014 0.012 0.108 0.772 0.106 0.774 0.106 0.78 0.108 0.782 0.118 0.782 0.118 0.772
5 0.858 0.373 0.02 0.026 0.85 0.36 0.85 0.362 0.848 0.364 0.848 0.368 0.85 0.37 0.85 0.378 0.854 0.382 0.856 0.382 0.858 0.384 0.86 0.382 0.86 0.38 0.862 0.378 0.862 0.374 0.864 0.372 0.864 0.366 0.866 0.364 0.864 0.362 0.862 0.362 0.86 0.36
4 0.078 0.715 0.016 0.014 0.082 0.708 0.08 0.71 0.078 0.71 0.076 0.712 0.074 0.712 0.07 0.716 0.072 0.718 0.074 0.718 0.076 0.72 0.078 0.718 0.08 0.718 0.084 0.714 0.084 0.71
4 0.008 0.781 0.016 0.03 0.0 0.766 0.0 0.794 0.004 0.794 0.006 0.792 0.008 0.792 0.014 0.786 0.014 0.782 0.012 0.78 0.012 0.778
