2 0.101 0.771 0.202 0.082 0.0 0.73 0.0 0.756 0.004 0.76 0.006 0.76 0.008 0.762 0.01 0.762 0.012 0.764 0.014 0.764 0.022 0.772 0.024 0.772 0.028 0.776 0.028 0.778 0.03 0.778 0.032 0.78 0.034 0.78 0.042 0.788 0.044 0.788 0.048 0.792 0.05 0.792 0.052 0.794 0.054 0.794 0.056 0.796 0.06 0.796 0.062 0.798 0.066 0.798 0.068 0.8 0.074 0.8 0.076 0.802 0.094 0.802 0.096 0.804 0.118 0.804 0.12 0.806 0.148 0.806 0.15 0.808 0.182 0.808 0.184 0.81 0.19 0.81 0.192 0.808 0.194 0.808 0.196 0.806 0.198 0.806 0.2 0.804 0.2 0.798 0.198 0.796 0.198 0.79 0.196 0.79 0.192 0.786 0.188 0.786 0.184 0.782 0.182 0.782 0.178 0.778 0.176 0.778 0.172 0.774 0.168 0.774 0.166 0.772 0.164 0.772 0.162 0.77 0.16 0.77 0.158 0.768 0.156 0.768 0.154 0.766 0.152 0.766 0.15 0.764 0.148 0.764 0.146 0.762 0.144 0.762 0.142 0.76 0.138 0.76 0.136 0.758 0.132 0.758 0.13 0.756 0.128 0.756 0.126 0.754 0.124 0.754 0.122 0.752 0.118 0.752 0.116 0.75 0.11 0.75 0.108 0.748 0.102 0.748 0.1 0.746 0.094 0.746 0.092 0.744 0.086 0.744 0.084 0.742 0.078 0.742 0.076 0.74 0.07 0.74 0.068 0.738 0.062 0.738 0.06 0.736 0.044 0.736 0.042 0.734 0.03 0.734 0.028 0.732 0.014 0.732 0.012 0.73
7 0.912 0.51 0.02 0.04 0.912 0.49 0.91 0.492 0.908 0.492 0.906 0.494 0.906 0.496 0.904 0.498 0.904 0.506 0.902 0.508 0.902 0.51 0.904 0.512 0.904 0.526 0.906 0.526 0.908 0.528 0.914 0.528 0.92 0.522 0.92 0.51 0.918 0.508 0.918 0.5 0.916 0.498 0.916 0.494
3 0.7 0.069 0.104 0.102 0.684 0.018 0.68 0.022 0.678 0.022 0.676 0.024 0.676 0.026 0.664 0.038 0.662 0.038 0.662 0.04 0.658 0.044 0.656 0.044 0.656 0.046 0.654 0.048 0.652 0.048 0.652 0.05 0.648 0.054 0.648 0.056 0.65 0.058 0.65 0.062 0.652 0.064 0.652 0.066 0.654 0.068 0.654 0.07 0.658 0.074 0.658 0.076 0.662 0.08 0.662 0.082 0.682 0.102 0.684 0.102 0.686 0.104 0.688 0.104 0.696 0.112 0.698 0.112 0.704 0.118 0.708 0.118 0.75 0.076 0.75 0.07 0.73 0.05 0.728 0.05 0.724 0.046 0.722 0.046 0.71 0.034 0.708 0.034 0.702 0.028 0.7 0.028 0.69 0.018
3 0.387 0.082 0.05 0.052 0.382 0.056 0.374 0.064 0.374 0.066 0.366 0.074 0.366 0.076 0.364 0.078 0.364 0.08 0.362 0.082 0.362 0.088 0.376 0.102 0.378 0.102 0.382 0.106 0.384 0.106 0.386 0.104 0.388 0.104 0.4 0.092 0.4 0.09 0.408 0.082 0.408 0.078 0.41 0.076 0.41 0.074 0.4 0.064 0.398 0.064 0.39 0.056
3 0.693 0.281 0.098 0.098 0.684 0.234 0.644 0.274 0.698 0.328 0.718 0.308 0.72 0.308 0.74 0.288 0.686 0.234
3 0.442 0.126 0.048 0.056 0.438 0.098 0.434 0.102 0.434 0.104 0.432 0.106 0.432 0.11 0.428 0.114 0.428 0.116 0.426 0.118 0.426 0.12 0.422 0.124 0.422 0.126 0.42 0.128 0.42 0.13 0.418 0.132 0.418 0.136 0.432 0.15 0.434 0.15 0.436 0.152 0.438 0.152 0.44 0.15 0.444 0.15 0.448 0.146 0.45 0.146 0.45 0.144 0.454 0.14 0.456 0.14 0.458 0.138 0.46 0.138 0.46 0.134 0.462 0.132 0.462 0.13 0.464 0.128 0.46 0.124 0.46 0.122 0.458 0.12 0.458 0.118 0.45 0.11 0.45 0.108 0.446 0.104 0.446 0.102 0.444 0.1 0.442 0.1 0.44 0.098
7 0.699 0.075 0.014 0.014 0.696 0.068 0.692 0.072 0.692 0.076 0.696 0.08 0.7 0.08 0.704 0.076 0.704 0.07 0.702 0.068
2 0.58 0.266 0.072 0.076 0.548 0.228 0.546 0.23 0.546 0.232 0.548 0.234 0.548 0.236 0.55 0.238 0.55 0.242 0.546 0.246 0.546 0.248 0.544 0.25 0.544 0.252 0.546 0.254 0.546 0.256 0.55 0.26 0.55 0.262 0.572 0.284 0.574 0.284 0.578 0.288 0.58 0.288 0.582 0.29 0.584 0.29 0.59 0.296 0.592 0.296 0.598 0.302 0.602 0.302 0.614 0.29 0.614 0.286 0.612 0.284 0.612 0.282 0.606 0.276 0.606 0.274 0.6 0.268 0.6 0.266 0.592 0.258 0.59 0.258 0.584 0.252 0.584 0.25 0.576 0.242 0.574 0.242 0.566 0.234 0.564 0.234 0.562 0.232 0.556 0.232 0.552 0.228
5 0.927 0.303 0.022 0.026 0.92 0.29 0.916 0.294 0.916 0.3 0.918 0.302 0.918 0.306 0.92 0.308 0.92 0.312 0.922 0.314 0.936 0.3 0.936 0.298 0.934 0.296 0.934 0.294 0.932 0.292 0.928 0.292 0.926 0.29
7 0.332 0.179 0.02 0.018 0.322 0.17 0.322 0.182 0.324 0.182 0.328 0.186 0.334 0.186 0.336 0.184 0.336 0.182 0.34 0.178 0.34 0.17
3 0.765 0.217 0.098 0.106 0.752 0.166 0.748 0.17 0.748 0.172 0.742 0.178 0.742 0.18 0.736 0.186 0.736 0.188 0.728 0.196 0.728 0.198 0.722 0.204 0.722 0.206 0.716 0.212 0.772 0.268 0.792 0.248 0.794 0.248 0.812 0.23 0.796 0.214 0.796 0.212 0.782 0.198 0.782 0.196 0.766 0.18 0.766 0.178 0.754 0.166
3 0.843 0.394 0.074 0.088 0.834 0.35 0.832 0.352 0.832 0.354 0.808 0.378 0.808 0.38 0.806 0.382 0.806 0.394 0.808 0.396 0.808 0.402 0.81 0.404 0.81 0.406 0.812 0.408 0.812 0.41 0.816 0.414 0.816 0.424 0.818 0.426 0.818 0.428 0.82 0.43 0.82 0.432 0.822 0.434 0.83 0.434 0.832 0.436 0.834 0.434 0.836 0.434 0.846 0.424 0.846 0.422 0.878 0.39 0.878 0.386 0.85 0.358 0.848 0.358 0.844 0.354 0.844 0.352 0.842 0.352 0.84 0.35
3 0.039 0.614 0.078 0.084 0.012 0.572 0.01 0.574 0.008 0.574 0.002 0.58 0.002 0.582 0.0 0.584 0.0 0.65 0.002 0.65 0.004 0.652 0.008 0.652 0.01 0.654 0.02 0.654 0.022 0.652 0.028 0.652 0.03 0.65 0.04 0.65 0.042 0.648 0.054 0.648 0.056 0.646 0.072 0.646 0.074 0.644 0.076 0.644 0.076 0.64 0.07 0.634 0.07 0.632 0.068 0.63 0.068 0.628 0.062 0.622 0.062 0.62 0.06 0.618 0.06 0.616 0.058 0.614 0.058 0.612 0.056 0.61 0.056 0.608 0.05 0.602 0.05 0.6 0.048 0.598 0.048 0.594 0.046 0.592 0.046 0.59 0.044 0.588 0.044 0.586 0.042 0.584 0.04 0.584 0.03 0.574 0.028 0.574 0.026 0.572
3 0.227 0.678 0.13 0.104 0.218 0.626 0.218 0.628 0.216 0.63 0.208 0.63 0.206 0.628 0.2 0.628 0.198 0.63 0.184 0.63 0.182 0.632 0.168 0.632 0.166 0.634 0.162 0.634 0.164 0.636 0.164 0.642 0.166 0.644 0.166 0.646 0.168 0.648 0.168 0.652 0.17 0.654 0.17 0.656 0.172 0.658 0.172 0.66 0.174 0.662 0.174 0.666 0.176 0.668 0.176 0.672 0.18 0.676 0.18 0.68 0.182 0.682 0.182 0.684 0.184 0.686 0.184 0.688 0.186 0.69 0.186 0.692 0.188 0.694 0.188 0.698 0.19 0.7 0.19 0.702 0.192 0.704 0.192 0.71 0.196 0.714 0.198 0.714 0.2 0.712 0.206 0.712 0.208 0.714 0.21 0.714 0.212 0.716 0.214 0.716 0.216 0.718 0.22 0.718 0.222 0.72 0.228 0.72 0.232 0.724 0.236 0.724 0.238 0.726 0.246 0.726 0.248 0.728 0.252 0.728 0.26 0.72 0.26 0.718 0.262 0.716 0.262 0.714 0.264 0.712 0.264 0.71 0.266 0.708 0.266 0.706 0.268 0.704 0.268 0.702 0.27 0.7 0.27 0.698 0.272 0.696 0.272 0.69 0.278 0.684 0.278 0.682 0.28 0.68 0.28 0.678 0.282 0.676 0.282 0.672 0.284 0.67 0.284 0.666 0.286 0.664 0.286 0.662 0.288 0.66 0.288 0.658 0.29 0.656 0.29 0.654 0.288 0.654 0.282 0.648 0.28 0.648 0.278 0.646 0.276 0.646 0.274 0.644 0.272 0.644 0.268 0.64 0.268 0.638 0.266 0.636 0.264 0.636 0.262 0.634 0.26 0.634 0.256 0.63 0.254 0.63 0.252 0.628 0.228 0.628 0.226 0.626
4 0.891 0.97 0.014 0.016 0.884 0.962 0.884 0.972 0.888 0.976 0.892 0.976 0.894 0.974 0.896 0.974 0.896 0.966 0.892 0.962
4 0.628 0.982 0.024 0.028 0.624 0.968 0.622 0.97 0.62 0.97 0.62 0.972 0.618 0.974 0.618 0.976 0.616 0.978 0.616 0.99 0.618 0.99 0.62 0.992 0.63 0.992 0.632 0.994 0.634 0.994 0.636 0.992 0.636 0.984 0.638 0.982 0.638 0.972 0.636 0.97 0.628 0.97 0.626 0.968
5 0.329 0.1 0.026 0.028 0.324 0.086 0.318 0.092 0.318 0.094 0.316 0.096 0.316 0.106 0.318 0.108 0.318 0.11 0.32 0.112 0.326 0.112 0.334 0.104 0.334 0.102 0.338 0.098 0.338 0.096 0.34 0.094 0.34 0.092 0.334 0.086
7 0.808 0.421 0.016 0.022 0.802 0.41 0.8 0.412 0.8 0.422 0.802 0.424 0.802 0.428 0.804 0.43 0.81 0.43 0.812 0.428 0.812 0.424 0.814 0.422 0.814 0.414 0.81 0.41
