4 0.491 0.445 0.026 0.03 0.486 0.43 0.484 0.432 0.484 0.434 0.482 0.436 0.482 0.438 0.478 0.442 0.478 0.452 0.482 0.456 0.49 0.456 0.492 0.458 0.494 0.458 0.496 0.456 0.5 0.456 0.5 0.454 0.502 0.452 0.502 0.434 0.5 0.432 0.498 0.432 0.496 0.43
4 0.864 0.145 0.02 0.022 0.86 0.134 0.858 0.136 0.858 0.138 0.856 0.14 0.856 0.148 0.854 0.15 0.854 0.152 0.856 0.154 0.864 0.154 0.868 0.15 0.868 0.146 0.872 0.142 0.872 0.138 0.87 0.136 0.868 0.136 0.866 0.134
0 0.515 0.591 0.086 0.07 0.48 0.556 0.478 0.558 0.478 0.562 0.476 0.564 0.476 0.566 0.474 0.568 0.474 0.572 0.472 0.574 0.472 0.58 0.476 0.584 0.48 0.584 0.482 0.586 0.484 0.586 0.486 0.588 0.49 0.588 0.492 0.59 0.496 0.59 0.498 0.592 0.5 0.592 0.502 0.594 0.506 0.594 0.508 0.596 0.508 0.612 0.51 0.612 0.512 0.614 0.514 0.614 0.516 0.616 0.518 0.616 0.52 0.618 0.524 0.618 0.526 0.62 0.53 0.62 0.532 0.622 0.534 0.622 0.536 0.624 0.544 0.624 0.546 0.622 0.546 0.618 0.548 0.616 0.548 0.612 0.55 0.61 0.55 0.606 0.552 0.604 0.552 0.6 0.554 0.598 0.554 0.594 0.556 0.592 0.556 0.582 0.554 0.582 0.552 0.58 0.548 0.58 0.546 0.578 0.544 0.578 0.542 0.576 0.538 0.576 0.536 0.574 0.532 0.574 0.53 0.572 0.526 0.572 0.524 0.57 0.522 0.57 0.52 0.568 0.518 0.568 0.516 0.566 0.512 0.566 0.51 0.564 0.508 0.564 0.506 0.562 0.502 0.562 0.5 0.56 0.496 0.56 0.494 0.558 0.492 0.558 0.49 0.556
7 0.699 0.764 0.014 0.012 0.692 0.758 0.692 0.76 0.694 0.762 0.694 0.764 0.696 0.766 0.698 0.766 0.7 0.768 0.702 0.768 0.704 0.766 0.704 0.762 0.7 0.758
5 0.929 0.709 0.018 0.014 0.92 0.702 0.92 0.704 0.924 0.708 0.924 0.71 0.926 0.712 0.928 0.712 0.93 0.714 0.932 0.712 0.934 0.712 0.936 0.71 0.936 0.706 0.934 0.706 0.932 0.704 0.93 0.704 0.928 0.702
7 0.34 0.448 0.012 0.012 0.334 0.442 0.334 0.45 0.336 0.45 0.338 0.452 0.34 0.452 0.344 0.448 0.344 0.442
4 0.038 0.337 0.04 0.03 0.022 0.322 0.018 0.326 0.018 0.334 0.02 0.336 0.02 0.338 0.026 0.344 0.03 0.344 0.032 0.346 0.038 0.346 0.04 0.348 0.042 0.348 0.044 0.35 0.048 0.35 0.05 0.348 0.052 0.348 0.056 0.344 0.056 0.34 0.054 0.338 0.054 0.336 0.05 0.332 0.048 0.332 0.044 0.328 0.042 0.328 0.04 0.326 0.036 0.326 0.032 0.322
4 0.859 0.306 0.026 0.024 0.856 0.294 0.854 0.296 0.854 0.298 0.852 0.3 0.852 0.302 0.848 0.306 0.848 0.308 0.846 0.31 0.848 0.31 0.85 0.312 0.854 0.312 0.856 0.314 0.86 0.314 0.862 0.316 0.864 0.314 0.864 0.312 0.866 0.31 0.866 0.306 0.868 0.304 0.868 0.302 0.87 0.3 0.868 0.298 0.864 0.298 0.862 0.296 0.858 0.296
4 0.876 0.749 0.028 0.026 0.87 0.736 0.868 0.738 0.868 0.74 0.866 0.742 0.866 0.744 0.864 0.746 0.864 0.748 0.862 0.75 0.864 0.752 0.866 0.752 0.868 0.754 0.87 0.754 0.872 0.756 0.874 0.756 0.876 0.758 0.878 0.758 0.88 0.76 0.882 0.758 0.882 0.756 0.884 0.754 0.884 0.75 0.886 0.748 0.886 0.746 0.888 0.744 0.886 0.742 0.882 0.742 0.88 0.74 0.878 0.74 0.876 0.738 0.872 0.738
5 0.044 0.369 0.016 0.014 0.042 0.362 0.04 0.364 0.04 0.366 0.036 0.37 0.038 0.37 0.04 0.372 0.044 0.372 0.046 0.374 0.048 0.372 0.048 0.368 0.05 0.366 0.048 0.364 0.044 0.364
4 0.005 0.384 0.01 0.024 0.0 0.374 0.0 0.392 0.0 0.39 0.002 0.388 0.002 0.386 0.006 0.382 0.006 0.38 0.008 0.378 0.006 0.376 0.004 0.376 0.002 0.374
4 0.952 0.779 0.028 0.026 0.948 0.766 0.946 0.768 0.946 0.77 0.944 0.772 0.944 0.774 0.94 0.778 0.94 0.78 0.938 0.782 0.94 0.784 0.944 0.784 0.946 0.786 0.948 0.786 0.95 0.788 0.954 0.788 0.956 0.79 0.958 0.788 0.958 0.784 0.96 0.782 0.96 0.78 0.962 0.778 0.962 0.774 0.964 0.772 0.962 0.77 0.958 0.77 0.956 0.768 0.952 0.768 0.95 0.766
4 0.896 0.701 0.02 0.018 0.894 0.692 0.888 0.698 0.888 0.702 0.89 0.704 0.892 0.704 0.896 0.708 0.898 0.706 0.898 0.704 0.9 0.702 0.9 0.7 0.904 0.696 0.902 0.694 0.898 0.694 0.896 0.692
3 0.431 0.577 0.058 0.062 0.416 0.546 0.416 0.554 0.412 0.558 0.412 0.564 0.41 0.566 0.41 0.572 0.406 0.576 0.406 0.58 0.402 0.584 0.404 0.586 0.404 0.59 0.406 0.592 0.406 0.594 0.408 0.594 0.41 0.596 0.414 0.596 0.416 0.598 0.42 0.598 0.422 0.6 0.426 0.6 0.428 0.602 0.432 0.602 0.434 0.604 0.436 0.604 0.438 0.606 0.44 0.604 0.44 0.602 0.444 0.598 0.444 0.592 0.45 0.586 0.45 0.582 0.452 0.58 0.452 0.57 0.456 0.566 0.456 0.564 0.458 0.562 0.458 0.56 0.456 0.56 0.454 0.558 0.448 0.558 0.446 0.556 0.444 0.556 0.442 0.554 0.438 0.554 0.436 0.552 0.434 0.552 0.432 0.55 0.432 0.548 0.43 0.548 0.428 0.546
3 0.696 0.528 0.036 0.048 0.69 0.506 0.69 0.508 0.686 0.512 0.686 0.514 0.684 0.516 0.684 0.518 0.68 0.522 0.68 0.524 0.678 0.526 0.678 0.534 0.68 0.536 0.68 0.55 0.682 0.548 0.686 0.548 0.688 0.546 0.69 0.546 0.692 0.544 0.694 0.544 0.696 0.542 0.7 0.542 0.702 0.54 0.702 0.538 0.704 0.536 0.704 0.532 0.706 0.53 0.706 0.526 0.708 0.524 0.708 0.52 0.71 0.518 0.71 0.516 0.712 0.514 0.71 0.514 0.708 0.512 0.706 0.512 0.704 0.51 0.702 0.51 0.7 0.508 0.698 0.508 0.696 0.506
3 0.643 0.509 0.038 0.05 0.636 0.486 0.634 0.488 0.634 0.49 0.632 0.492 0.632 0.494 0.63 0.496 0.63 0.5 0.628 0.502 0.628 0.504 0.626 0.506 0.626 0.508 0.624 0.51 0.624 0.514 0.626 0.516 0.626 0.526 0.628 0.528 0.628 0.532 0.63 0.53 0.634 0.53 0.636 0.528 0.64 0.528 0.642 0.526 0.646 0.526 0.648 0.524 0.65 0.524 0.65 0.522 0.652 0.52 0.652 0.516 0.654 0.514 0.654 0.51 0.656 0.508 0.656 0.504 0.658 0.502 0.658 0.498 0.66 0.496 0.658 0.496 0.656 0.494 0.654 0.494 0.652 0.492 0.65 0.492 0.648 0.49 0.646 0.49 0.644 0.488 0.642 0.488 0.64 0.486
1 0.533 0.151 0.23 0.146 0.438 0.078 0.436 0.08 0.436 0.082 0.434 0.084 0.434 0.086 0.432 0.088 0.432 0.094 0.43 0.096 0.43 0.098 0.428 0.1 0.428 0.104 0.426 0.106 0.426 0.11 0.424 0.112 0.424 0.116 0.422 0.118 0.422 0.122 0.42 0.124 0.42 0.128 0.418 0.13 0.418 0.146 0.42 0.148 0.422 0.148 0.424 0.15 0.426 0.15 0.428 0.152 0.432 0.152 0.434 0.154 0.436 0.154 0.438 0.156 0.442 0.156 0.444 0.158 0.446 0.158 0.448 0.16 0.452 0.16 0.454 0.162 0.458 0.162 0.46 0.164 0.462 0.164 0.464 0.166 0.468 0.166 0.47 0.168 0.474 0.168 0.476 0.17 0.478 0.17 0.48 0.172 0.484 0.172 0.486 0.174 0.49 0.174 0.492 0.176 0.494 0.176 0.496 0.178 0.5 0.178 0.502 0.18 0.504 0.18 0.506 0.182 0.508 0.182 0.51 0.184 0.514 0.184 0.516 0.186 0.52 0.186 0.522 0.188 0.526 0.188 0.528 0.19 0.532 0.19 0.534 0.192 0.538 0.192 0.54 0.194 0.542 0.194 0.544 0.196 0.546 0.196 0.548 0.198 0.552 0.198 0.554 0.2 0.558 0.2 0.56 0.202 0.566 0.202 0.568 0.204 0.57 0.204 0.572 0.206 0.574 0.206 0.576 0.208 0.58 0.208 0.582 0.21 0.586 0.21 0.588 0.212 0.59 0.212 0.592 0.214 0.596 0.214 0.598 0.216 0.604 0.216 0.606 0.218 0.612 0.218 0.614 0.22 0.616 0.22 0.618 0.222 0.62 0.22 0.622 0.22 0.624 0.218 0.624 0.216 0.626 0.214 0.626 0.212 0.628 0.21 0.628 0.208 0.63 0.206 0.63 0.2 0.632 0.198 0.632 0.196 0.634 0.194 0.634 0.19 0.636 0.188 0.636 0.182 0.638 0.18 0.638 0.176 0.64 0.174 0.64 0.17 0.642 0.168 0.642 0.166 0.644 0.164 0.644 0.16 0.646 0.158 0.644 0.156 0.644 0.154 0.642 0.154 0.64 0.152 0.638 0.152 0.636 0.15 0.634 0.15 0.632 0.148 0.628 0.148 0.626 0.146 0.622 0.146 0.62 0.144 0.616 0.144 0.614 0.142 0.612 0.142 0.61 0.14 0.606 0.14 0.604 0.138 0.6 0.138 0.598 0.136 0.594 0.136 0.592 0.134 0.59 0.134 0.588 0.132 0.584 0.132 0.582 0.13 0.578 0.13 0.576 0.128 0.574 0.128 0.572 0.126 0.568 0.126 0.566 0.124 0.56 0.124 0.558 0.122 0.554 0.122 0.552 0.12 0.55 0.12 0.548 0.118 0.544 0.118 0.542 0.116 0.538 0.116 0.536 0.114 0.534 0.114 0.532 0.112 0.53 0.112 0.528 0.11 0.524 0.11 0.522 0.108 0.52 0.108 0.518 0.106 0.514 0.106 0.512 0.104 0.51 0.104 0.508 0.102 0.502 0.102 0.5 0.1 0.498 0.1 0.496 0.098 0.492 0.098 0.49 0.096 0.486 0.096 0.484 0.094 0.482 0.094 0.48 0.092 0.476 0.092 0.474 0.09 0.47 0.09 0.468 0.088 0.464 0.088 0.462 0.086 0.458 0.086 0.456 0.084 0.452 0.084 0.45 0.082 0.446 0.082 0.442 0.078
0 0.534 0.599 0.048 0.054 0.522 0.572 0.52 0.574 0.52 0.58 0.518 0.582 0.518 0.584 0.516 0.586 0.516 0.588 0.514 0.59 0.514 0.594 0.512 0.596 0.512 0.6 0.51 0.602 0.51 0.612 0.512 0.614 0.514 0.614 0.516 0.616 0.518 0.616 0.52 0.618 0.524 0.618 0.526 0.62 0.53 0.62 0.532 0.622 0.534 0.622 0.536 0.624 0.544 0.624 0.546 0.622 0.546 0.618 0.548 0.616 0.548 0.612 0.55 0.61 0.55 0.606 0.552 0.604 0.552 0.6 0.554 0.598 0.554 0.594 0.556 0.592 0.556 0.582 0.554 0.582 0.552 0.58 0.548 0.58 0.546 0.578 0.542 0.578 0.54 0.576 0.536 0.576 0.534 0.574 0.53 0.574 0.528 0.572
0 0.496 0.576 0.048 0.04 0.48 0.556 0.478 0.558 0.478 0.562 0.476 0.564 0.476 0.566 0.474 0.568 0.474 0.572 0.472 0.574 0.472 0.58 0.476 0.584 0.48 0.584 0.482 0.586 0.484 0.586 0.486 0.588 0.49 0.588 0.492 0.59 0.494 0.59 0.496 0.592 0.502 0.592 0.504 0.594 0.51 0.594 0.51 0.59 0.512 0.588 0.512 0.584 0.514 0.582 0.514 0.58 0.516 0.578 0.516 0.574 0.518 0.572 0.518 0.568 0.516 0.568 0.514 0.566 0.512 0.566 0.51 0.564 0.508 0.564 0.506 0.562 0.502 0.562 0.5 0.56 0.496 0.56 0.494 0.558 0.492 0.558 0.49 0.556
4 0.004 0.289 0.008 0.014 0.0 0.282 0.0 0.294 0.002 0.292 0.004 0.292 0.006 0.29 0.006 0.284 0.004 0.282
4 0.905 0.321 0.022 0.022 0.902 0.312 0.9 0.314 0.9 0.316 0.898 0.318 0.898 0.32 0.896 0.322 0.896 0.324 0.898 0.326 0.9 0.326 0.902 0.328 0.904 0.328 0.906 0.33 0.908 0.328 0.908 0.326 0.91 0.324 0.91 0.322 0.912 0.32 0.912 0.316 0.91 0.316 0.908 0.314 0.906 0.314 0.904 0.312
5 0.964 0.278 0.016 0.012 0.958 0.272 0.956 0.274 0.956 0.28 0.958 0.282 0.968 0.282 0.97 0.28 0.97 0.274 0.968 0.272
7 0.898 0.225 0.04 0.022 0.892 0.214 0.89 0.216 0.888 0.216 0.886 0.218 0.882 0.218 0.878 0.222 0.878 0.226 0.88 0.228 0.88 0.23 0.882 0.232 0.886 0.232 0.888 0.234 0.9 0.234 0.902 0.232 0.91 0.232 0.916 0.226 0.916 0.224 0.912 0.22 0.906 0.22 0.904 0.218 0.9 0.218 0.898 0.216 0.894 0.216
4 0.957 0.184 0.014 0.02 0.952 0.174 0.95 0.176 0.95 0.19 0.952 0.192 0.958 0.192 0.958 0.19 0.96 0.188 0.96 0.186 0.962 0.184 0.962 0.174
7 0.556 0.106 0.008 0.012 0.552 0.1 0.552 0.11 0.556 0.11 0.558 0.108 0.558 0.1
4 0.707 0.095 0.014 0.014 0.706 0.088 0.704 0.09 0.702 0.09 0.7 0.092 0.7 0.094 0.702 0.096 0.702 0.098 0.704 0.098 0.706 0.1 0.71 0.1 0.712 0.098 0.712 0.09 0.71 0.09 0.708 0.088
4 0.602 0.056 0.012 0.016 0.598 0.048 0.596 0.05 0.596 0.058 0.598 0.06 0.598 0.062 0.602 0.062 0.604 0.06 0.604 0.056 0.606 0.054 0.606 0.052 0.602 0.048
4 0.573 0.044 0.01 0.012 0.57 0.038 0.568 0.04 0.568 0.046 0.572 0.046 0.574 0.048 0.576 0.046 0.576 0.04 0.574 0.038
4 0.76 0.105 0.016 0.018 0.758 0.096 0.756 0.098 0.754 0.098 0.754 0.102 0.752 0.104 0.752 0.106 0.754 0.108 0.754 0.11 0.756 0.112 0.76 0.112 0.762 0.11 0.764 0.11 0.766 0.108 0.766 0.1 0.764 0.1 0.762 0.098 0.76 0.098
4 0.811 0.287 0.022 0.026 0.81 0.276 0.81 0.278 0.806 0.282 0.806 0.284 0.802 0.288 0.802 0.29 0.804 0.292 0.806 0.292 0.808 0.294 0.81 0.294 0.812 0.296 0.814 0.296 0.816 0.294 0.816 0.29 0.818 0.288 0.818 0.284 0.82 0.282 0.814 0.276
4 0.927 0.607 0.03 0.026 0.924 0.594 0.922 0.596 0.922 0.598 0.918 0.602 0.918 0.604 0.916 0.606 0.916 0.608 0.912 0.612 0.914 0.612 0.916 0.614 0.92 0.614 0.922 0.616 0.926 0.616 0.928 0.618 0.932 0.614 0.932 0.612 0.936 0.608 0.936 0.606 0.94 0.602 0.938 0.6 0.936 0.6 0.934 0.598 0.93 0.598 0.928 0.596 0.926 0.596
4 0.723 0.135 0.014 0.014 0.718 0.128 0.716 0.13 0.718 0.132 0.718 0.136 0.72 0.138 0.722 0.138 0.724 0.14 0.728 0.136 0.728 0.13 0.726 0.128
4 0.806 0.125 0.016 0.018 0.802 0.116 0.802 0.118 0.798 0.122 0.798 0.13 0.8 0.132 0.81 0.132 0.812 0.13 0.812 0.122 0.806 0.116
4 0.214 0.655 0.032 0.03 0.208 0.64 0.202 0.646 0.202 0.65 0.2 0.652 0.2 0.656 0.198 0.658 0.198 0.66 0.202 0.664 0.204 0.664 0.206 0.666 0.21 0.666 0.212 0.668 0.22 0.668 0.22 0.666 0.224 0.662 0.224 0.66 0.226 0.658 0.226 0.654 0.228 0.652 0.228 0.648 0.226 0.646 0.224 0.646 0.222 0.644 0.22 0.644 0.218 0.642 0.212 0.642 0.21 0.64
4 0.91 0.162 0.02 0.024 0.906 0.15 0.904 0.152 0.904 0.156 0.902 0.158 0.902 0.164 0.9 0.166 0.9 0.17 0.902 0.172 0.91 0.172 0.914 0.168 0.914 0.166 0.916 0.164 0.916 0.162 0.918 0.16 0.918 0.154 0.916 0.152 0.912 0.152 0.91 0.15
4 0.643 0.658 0.014 0.02 0.638 0.648 0.636 0.65 0.636 0.662 0.638 0.664 0.64 0.664 0.642 0.666 0.646 0.666 0.646 0.664 0.648 0.662 0.648 0.654 0.646 0.654 0.642 0.65 0.64 0.65
5 0.87 0.225 0.02 0.018 0.864 0.216 0.862 0.218 0.862 0.22 0.86 0.222 0.86 0.228 0.862 0.23 0.866 0.23 0.868 0.232 0.876 0.232 0.878 0.23 0.878 0.222 0.874 0.218 0.872 0.218 0.87 0.216
5 0.376 0.508 0.024 0.024 0.37 0.496 0.364 0.502 0.364 0.512 0.366 0.514 0.37 0.514 0.372 0.516 0.376 0.516 0.378 0.518 0.38 0.518 0.384 0.514 0.384 0.508 0.386 0.506 0.386 0.502 0.384 0.5 0.384 0.498 0.382 0.498 0.38 0.496
5 0.476 0.544 0.016 0.02 0.474 0.534 0.472 0.536 0.47 0.536 0.468 0.538 0.468 0.546 0.47 0.548 0.472 0.548 0.476 0.552 0.478 0.552 0.48 0.55 0.482 0.55 0.482 0.538 0.48 0.536 0.478 0.536 0.476 0.534
4 0.916 0.765 0.024 0.026 0.912 0.754 0.91 0.756 0.91 0.758 0.908 0.76 0.908 0.762 0.906 0.764 0.906 0.768 0.908 0.77 0.91 0.77 0.912 0.772 0.914 0.772 0.916 0.774 0.918 0.774 0.92 0.772 0.92 0.77 0.922 0.768 0.922 0.766 0.924 0.764 0.924 0.76 0.922 0.758 0.92 0.758 0.918 0.756 0.916 0.756 0.914 0.754
4 0.673 0.227 0.022 0.018 0.668 0.218 0.664 0.222 0.664 0.226 0.662 0.228 0.662 0.232 0.664 0.234 0.678 0.234 0.68 0.232 0.68 0.228 0.682 0.226 0.682 0.224 0.68 0.222 0.676 0.222 0.674 0.22 0.672 0.22 0.67 0.218
4 0.723 0.247 0.018 0.018 0.72 0.238 0.716 0.242 0.716 0.244 0.714 0.246 0.714 0.252 0.716 0.252 0.718 0.254 0.728 0.254 0.728 0.252 0.73 0.25 0.73 0.242 0.728 0.24 0.726 0.24 0.724 0.238
4 0.046 0.27 0.04 0.036 0.034 0.252 0.03 0.256 0.03 0.26 0.028 0.262 0.028 0.266 0.026 0.268 0.026 0.276 0.028 0.278 0.03 0.278 0.032 0.28 0.034 0.28 0.036 0.282 0.042 0.282 0.044 0.284 0.048 0.284 0.05 0.286 0.056 0.286 0.058 0.284 0.058 0.282 0.06 0.28 0.06 0.276 0.064 0.272 0.064 0.264 0.06 0.26 0.058 0.26 0.056 0.258 0.052 0.258 0.05 0.256 0.046 0.256 0.044 0.254 0.04 0.254 0.038 0.252
4 0.296 0.366 0.028 0.028 0.29 0.352 0.286 0.356 0.286 0.362 0.284 0.364 0.284 0.37 0.282 0.372 0.284 0.374 0.286 0.374 0.288 0.376 0.292 0.376 0.294 0.378 0.302 0.378 0.306 0.374 0.306 0.37 0.308 0.368 0.308 0.36 0.304 0.356 0.302 0.356 0.3 0.354 0.296 0.354 0.294 0.352
4 0.346 0.385 0.024 0.022 0.338 0.374 0.336 0.376 0.336 0.378 0.334 0.38 0.334 0.39 0.336 0.392 0.338 0.392 0.34 0.394 0.352 0.394 0.354 0.392 0.354 0.388 0.356 0.386 0.356 0.38 0.352 0.376 0.348 0.376 0.346 0.374
4 0.402 0.404 0.028 0.024 0.394 0.392 0.39 0.396 0.39 0.398 0.388 0.4 0.388 0.408 0.392 0.412 0.396 0.412 0.398 0.414 0.41 0.414 0.412 0.412 0.412 0.41 0.414 0.408 0.414 0.4 0.412 0.398 0.41 0.398 0.408 0.396 0.406 0.396 0.404 0.394 0.4 0.394 0.398 0.392
4 0.959 0.342 0.018 0.02 0.958 0.332 0.956 0.334 0.956 0.336 0.954 0.338 0.954 0.34 0.952 0.342 0.952 0.344 0.954 0.346 0.956 0.346 0.958 0.348 0.96 0.348 0.962 0.346 0.962 0.342 0.964 0.34 0.964 0.338 0.966 0.336 0.964 0.336 0.962 0.334 0.96 0.334
4 0.548 0.462 0.024 0.024 0.54 0.45 0.54 0.452 0.538 0.454 0.538 0.456 0.536 0.458 0.536 0.468 0.538 0.47 0.542 0.47 0.544 0.472 0.554 0.472 0.556 0.47 0.556 0.464 0.558 0.462 0.558 0.456 0.556 0.454 0.554 0.454 0.552 0.452 0.548 0.452 0.546 0.45
4 0.45 0.491 0.016 0.018 0.446 0.482 0.444 0.484 0.444 0.486 0.442 0.488 0.442 0.492 0.444 0.494 0.444 0.496 0.446 0.498 0.454 0.498 0.456 0.496 0.456 0.488 0.452 0.484 0.45 0.484 0.448 0.482
4 0.209 0.509 0.022 0.018 0.202 0.5 0.2 0.502 0.2 0.504 0.198 0.506 0.198 0.51 0.2 0.512 0.2 0.514 0.204 0.514 0.206 0.516 0.214 0.516 0.216 0.514 0.216 0.512 0.218 0.51 0.218 0.506 0.212 0.5
4 0.257 0.526 0.022 0.02 0.25 0.516 0.246 0.52 0.246 0.528 0.25 0.532 0.254 0.532 0.256 0.534 0.262 0.534 0.264 0.532 0.264 0.53 0.266 0.528 0.266 0.522 0.262 0.518 0.258 0.518 0.256 0.516
4 0.543 0.527 0.018 0.018 0.536 0.518 0.534 0.52 0.534 0.528 0.538 0.532 0.542 0.532 0.544 0.534 0.546 0.532 0.548 0.532 0.548 0.528 0.55 0.526 0.55 0.524 0.548 0.522 0.548 0.52 0.546 0.518
4 0.334 0.555 0.016 0.018 0.332 0.546 0.326 0.552 0.326 0.56 0.328 0.562 0.34 0.562 0.34 0.55 0.336 0.546
4 0.37 0.569 0.024 0.022 0.362 0.558 0.36 0.56 0.36 0.562 0.358 0.564 0.358 0.572 0.36 0.574 0.362 0.574 0.364 0.576 0.366 0.576 0.368 0.578 0.372 0.578 0.378 0.572 0.378 0.566 0.38 0.564 0.378 0.562 0.378 0.56 0.376 0.56 0.374 0.558
5 0.646 0.57 0.032 0.032 0.634 0.554 0.632 0.556 0.632 0.558 0.63 0.56 0.63 0.57 0.632 0.572 0.632 0.574 0.636 0.578 0.638 0.578 0.64 0.58 0.644 0.58 0.646 0.582 0.648 0.582 0.65 0.584 0.658 0.584 0.658 0.582 0.66 0.58 0.66 0.574 0.658 0.572 0.658 0.57 0.656 0.568 0.656 0.564 0.654 0.562 0.654 0.56 0.652 0.558 0.65 0.558 0.648 0.556 0.638 0.556 0.636 0.554
4 0.228 0.618 0.028 0.028 0.22 0.604 0.216 0.608 0.216 0.612 0.214 0.614 0.214 0.624 0.216 0.624 0.218 0.626 0.22 0.626 0.222 0.628 0.226 0.628 0.228 0.63 0.236 0.63 0.238 0.628 0.238 0.626 0.24 0.624 0.24 0.608 0.238 0.608 0.236 0.606 0.232 0.606 0.23 0.604
5 0.781 0.658 0.018 0.02 0.776 0.648 0.774 0.65 0.774 0.652 0.772 0.654 0.772 0.662 0.776 0.666 0.784 0.666 0.788 0.662 0.788 0.656 0.786 0.654 0.786 0.65 0.784 0.648
5 0.63 0.816 0.02 0.02 0.624 0.806 0.62 0.81 0.62 0.82 0.622 0.822 0.63 0.822 0.632 0.824 0.634 0.824 0.636 0.822 0.636 0.818 0.638 0.816 0.638 0.808 0.636 0.806
4 0.12 0.031 0.012 0.01 0.114 0.026 0.114 0.03 0.116 0.032 0.118 0.032 0.12 0.034 0.122 0.034 0.124 0.032 0.124 0.028 0.122 0.026
4 0.169 0.047 0.01 0.01 0.166 0.042 0.164 0.044 0.164 0.05 0.172 0.05 0.172 0.044 0.17 0.044 0.168 0.042
