4 0.152 0.097 0.024 0.022 0.154 0.086 0.152 0.088 0.148 0.088 0.144 0.092 0.142 0.092 0.142 0.094 0.14 0.096 0.14 0.104 0.142 0.104 0.144 0.106 0.152 0.106 0.154 0.104 0.158 0.104 0.162 0.1 0.162 0.09 0.158 0.086
4 0.16 0.734 0.02 0.02 0.158 0.724 0.156 0.726 0.15 0.726 0.15 0.74 0.152 0.742 0.164 0.742 0.168 0.738 0.168 0.726 0.166 0.726 0.164 0.724
5 0.478 0.519 0.012 0.014 0.474 0.512 0.474 0.514 0.472 0.516 0.472 0.522 0.474 0.524 0.48 0.524 0.482 0.522 0.482 0.512
7 0.334 0.82 0.016 0.012 0.332 0.814 0.328 0.818 0.328 0.82 0.326 0.822 0.328 0.822 0.33 0.824 0.334 0.824 0.338 0.82 0.338 0.818 0.34 0.816 0.34 0.814
7 0.416 0.828 0.012 0.012 0.414 0.822 0.41 0.826 0.41 0.828 0.412 0.83 0.412 0.832 0.418 0.832 0.42 0.83 0.42 0.828 0.418 0.826 0.418 0.824 0.416 0.824
5 0.309 0.82 0.022 0.024 0.306 0.808 0.304 0.81 0.298 0.81 0.298 0.824 0.304 0.83 0.31 0.83 0.312 0.828 0.316 0.828 0.318 0.826 0.318 0.812 0.316 0.81 0.316 0.808
1 0.216 0.872 0.064 0.184 0.192 0.78 0.19 0.782 0.186 0.782 0.184 0.784 0.184 0.798 0.186 0.8 0.186 0.842 0.188 0.844 0.188 0.868 0.19 0.87 0.19 0.928 0.192 0.93 0.192 0.962 0.238 0.962 0.24 0.96 0.244 0.96 0.246 0.958 0.246 0.868 0.244 0.866 0.244 0.828 0.242 0.826 0.242 0.818 0.22 0.818 0.218 0.816 0.216 0.816 0.214 0.814 0.214 0.782 0.212 0.78
5 0.568 0.804 0.024 0.024 0.56 0.792 0.556 0.796 0.556 0.81 0.558 0.812 0.558 0.814 0.57 0.814 0.572 0.812 0.574 0.812 0.578 0.808 0.578 0.8 0.576 0.798 0.576 0.794 0.574 0.794 0.572 0.792
0 0.022 0.568 0.032 0.04 0.028 0.548 0.026 0.55 0.006 0.55 0.006 0.582 0.008 0.584 0.008 0.586 0.022 0.586 0.024 0.584 0.034 0.584 0.036 0.582 0.036 0.568 0.034 0.566 0.034 0.55 0.032 0.548
4 0.025 0.623 0.026 0.022 0.016 0.612 0.012 0.616 0.012 0.62 0.014 0.622 0.014 0.628 0.018 0.632 0.028 0.632 0.03 0.63 0.032 0.63 0.036 0.626 0.036 0.622 0.034 0.62 0.034 0.614 0.032 0.612
4 0.137 0.659 0.026 0.018 0.126 0.65 0.124 0.652 0.124 0.664 0.126 0.666 0.144 0.666 0.148 0.662 0.148 0.656 0.146 0.654 0.146 0.652 0.144 0.65
5 0.066 0.587 0.02 0.022 0.064 0.576 0.062 0.578 0.06 0.578 0.056 0.582 0.056 0.594 0.058 0.596 0.072 0.596 0.074 0.594 0.074 0.576
4 0.035 0.745 0.022 0.014 0.032 0.738 0.03 0.74 0.028 0.74 0.026 0.742 0.026 0.744 0.024 0.746 0.024 0.748 0.026 0.75 0.04 0.75 0.042 0.748 0.044 0.748 0.044 0.744 0.042 0.742 0.042 0.74 0.04 0.738
4 0.383 0.885 0.014 0.022 0.378 0.874 0.376 0.876 0.376 0.892 0.378 0.894 0.384 0.894 0.386 0.892 0.388 0.892 0.388 0.874
4 0.449 0.879 0.018 0.022 0.444 0.868 0.44 0.872 0.44 0.876 0.442 0.878 0.442 0.888 0.454 0.888 0.454 0.878 0.456 0.876 0.456 0.87 0.454 0.868
4 0.531 0.875 0.018 0.022 0.522 0.864 0.522 0.876 0.524 0.878 0.524 0.882 0.526 0.882 0.528 0.884 0.53 0.882 0.534 0.882 0.536 0.88 0.536 0.87 0.538 0.868 0.536 0.866 0.536 0.864
