5 0.556 0.423 0.016 0.022 0.548 0.412 0.55 0.414 0.55 0.418 0.548 0.42 0.548 0.43 0.55 0.43 0.552 0.432 0.558 0.432 0.56 0.43 0.56 0.424 0.562 0.422 0.562 0.418 0.56 0.418 0.558 0.416 0.556 0.416 0.554 0.414 0.55 0.414
4 0.605 0.373 0.03 0.03 0.598 0.358 0.594 0.362 0.594 0.364 0.592 0.366 0.592 0.374 0.59 0.376 0.59 0.38 0.592 0.382 0.592 0.384 0.596 0.384 0.598 0.386 0.61 0.386 0.614 0.382 0.614 0.38 0.616 0.378 0.616 0.376 0.618 0.374 0.618 0.37 0.616 0.368 0.616 0.366 0.614 0.366 0.61 0.362 0.608 0.362 0.606 0.36 0.602 0.36 0.6 0.358
4 0.422 0.508 0.024 0.024 0.418 0.496 0.416 0.498 0.414 0.498 0.412 0.5 0.412 0.508 0.41 0.51 0.41 0.512 0.414 0.516 0.42 0.516 0.422 0.518 0.426 0.518 0.43 0.514 0.43 0.51 0.432 0.508 0.432 0.5 0.43 0.498 0.426 0.498 0.424 0.496
4 0.534 0.567 0.024 0.022 0.526 0.556 0.524 0.558 0.524 0.562 0.522 0.564 0.524 0.566 0.524 0.57 0.528 0.574 0.53 0.574 0.532 0.576 0.536 0.576 0.538 0.574 0.54 0.574 0.54 0.572 0.542 0.57 0.542 0.568 0.544 0.566 0.544 0.562 0.542 0.56 0.542 0.558 0.54 0.558 0.538 0.556
4 0.389 0.603 0.026 0.026 0.384 0.59 0.378 0.596 0.378 0.598 0.376 0.6 0.376 0.61 0.378 0.61 0.38 0.612 0.382 0.612 0.384 0.614 0.394 0.614 0.394 0.612 0.398 0.608 0.398 0.606 0.4 0.604 0.4 0.598 0.398 0.596 0.396 0.596 0.394 0.594 0.392 0.594 0.39 0.592 0.386 0.592
4 0.505 0.646 0.026 0.024 0.496 0.634 0.494 0.636 0.494 0.64 0.492 0.642 0.492 0.648 0.494 0.65 0.494 0.652 0.496 0.652 0.5 0.656 0.51 0.656 0.512 0.654 0.512 0.652 0.514 0.65 0.514 0.644 0.516 0.642 0.514 0.64 0.514 0.638 0.512 0.636 0.508 0.636 0.506 0.634
5 0.675 0.099 0.018 0.018 0.672 0.09 0.67 0.092 0.67 0.094 0.668 0.096 0.668 0.1 0.666 0.102 0.668 0.104 0.67 0.104 0.672 0.106 0.68 0.106 0.68 0.102 0.682 0.1 0.682 0.098 0.676 0.092 0.674 0.092
5 0.617 0.254 0.018 0.02 0.61 0.244 0.61 0.256 0.608 0.258 0.61 0.26 0.616 0.26 0.618 0.262 0.622 0.258 0.622 0.256 0.624 0.254 0.624 0.25 0.622 0.248 0.62 0.248 0.618 0.246 0.616 0.246 0.614 0.244
4 0.598 0.026 0.024 0.024 0.592 0.014 0.59 0.016 0.59 0.018 0.588 0.02 0.588 0.022 0.586 0.024 0.586 0.032 0.588 0.034 0.594 0.034 0.596 0.036 0.6 0.036 0.602 0.034 0.604 0.034 0.606 0.032 0.606 0.028 0.608 0.026 0.608 0.02 0.604 0.016 0.602 0.016 0.6 0.014
5 0.501 0.578 0.014 0.02 0.5 0.568 0.5 0.57 0.498 0.572 0.498 0.574 0.496 0.576 0.496 0.578 0.494 0.58 0.494 0.582 0.496 0.584 0.5 0.584 0.502 0.586 0.504 0.584 0.504 0.58 0.506 0.578 0.506 0.572 0.504 0.57 0.502 0.57
7 0.679 0.188 0.014 0.012 0.676 0.182 0.672 0.186 0.672 0.188 0.674 0.19 0.678 0.19 0.68 0.192 0.682 0.192 0.684 0.19 0.684 0.186 0.68 0.182
7 0.584 0.221 0.016 0.014 0.578 0.214 0.576 0.216 0.576 0.224 0.58 0.224 0.582 0.226 0.584 0.224 0.588 0.224 0.588 0.222 0.59 0.22 0.59 0.216 0.588 0.214
4 0.72 0.05 0.024 0.024 0.714 0.038 0.71 0.042 0.71 0.046 0.708 0.048 0.708 0.052 0.71 0.054 0.71 0.056 0.712 0.058 0.716 0.058 0.718 0.06 0.724 0.06 0.726 0.058 0.728 0.058 0.728 0.056 0.73 0.054 0.73 0.044 0.728 0.042 0.726 0.042 0.724 0.04 0.72 0.04 0.718 0.038
4 0.08 0.072 0.028 0.02 0.074 0.062 0.07 0.066 0.07 0.068 0.066 0.072 0.066 0.078 0.068 0.078 0.07 0.08 0.086 0.08 0.086 0.078 0.088 0.076 0.088 0.074 0.092 0.07 0.092 0.066 0.09 0.066 0.088 0.064 0.086 0.064 0.084 0.062
4 0.564 0.117 0.024 0.022 0.558 0.106 0.556 0.108 0.556 0.11 0.554 0.112 0.554 0.116 0.552 0.118 0.552 0.12 0.556 0.124 0.558 0.124 0.56 0.126 0.568 0.126 0.572 0.122 0.572 0.12 0.574 0.118 0.574 0.11 0.572 0.108 0.57 0.108 0.568 0.106
4 0.578 0.457 0.02 0.022 0.572 0.446 0.568 0.45 0.568 0.462 0.57 0.464 0.572 0.464 0.574 0.466 0.582 0.466 0.584 0.464 0.584 0.462 0.586 0.46 0.586 0.452 0.584 0.45 0.584 0.448 0.582 0.448 0.58 0.446
4 0.692 0.128 0.024 0.024 0.684 0.116 0.682 0.118 0.682 0.122 0.68 0.124 0.68 0.132 0.682 0.134 0.684 0.134 0.686 0.136 0.69 0.136 0.692 0.138 0.696 0.138 0.698 0.136 0.7 0.136 0.7 0.134 0.702 0.132 0.702 0.122 0.698 0.118 0.694 0.118 0.692 0.116
7 0.504 0.401 0.02 0.022 0.5 0.39 0.498 0.392 0.496 0.392 0.496 0.394 0.494 0.396 0.502 0.404 0.502 0.408 0.504 0.41 0.51 0.41 0.51 0.4 0.512 0.398 0.512 0.392 0.51 0.39
4 0.546 0.173 0.024 0.022 0.538 0.162 0.536 0.164 0.536 0.17 0.534 0.172 0.534 0.176 0.538 0.18 0.542 0.18 0.544 0.182 0.55 0.182 0.552 0.18 0.552 0.178 0.554 0.176 0.554 0.172 0.556 0.17 0.556 0.168 0.554 0.166 0.554 0.164 0.552 0.164 0.55 0.162
3 0.574 0.524 0.08 0.076 0.586 0.486 0.584 0.488 0.58 0.488 0.578 0.49 0.574 0.49 0.572 0.492 0.568 0.492 0.566 0.494 0.548 0.494 0.546 0.496 0.542 0.496 0.54 0.498 0.536 0.498 0.534 0.5 0.534 0.508 0.538 0.512 0.538 0.514 0.542 0.518 0.542 0.52 0.546 0.524 0.546 0.526 0.552 0.532 0.552 0.534 0.554 0.536 0.554 0.538 0.56 0.544 0.56 0.546 0.57 0.556 0.572 0.556 0.574 0.558 0.58 0.558 0.582 0.56 0.588 0.56 0.588 0.558 0.594 0.552 0.594 0.55 0.596 0.548 0.596 0.544 0.598 0.542 0.598 0.54 0.6 0.538 0.6 0.534 0.602 0.532 0.602 0.53 0.604 0.528 0.604 0.524 0.606 0.522 0.606 0.516 0.608 0.514 0.608 0.498 0.61 0.496 0.61 0.494 0.612 0.492 0.612 0.49 0.61 0.488 0.602 0.488 0.6 0.486
4 0.444 0.45 0.024 0.024 0.438 0.438 0.434 0.442 0.434 0.446 0.432 0.448 0.432 0.454 0.436 0.458 0.44 0.458 0.442 0.46 0.444 0.46 0.446 0.458 0.45 0.458 0.452 0.456 0.452 0.45 0.454 0.448 0.454 0.446 0.452 0.444 0.452 0.442 0.45 0.44 0.446 0.44 0.444 0.438
4 0.527 0.225 0.022 0.022 0.52 0.214 0.518 0.216 0.518 0.218 0.516 0.22 0.516 0.23 0.518 0.232 0.52 0.232 0.522 0.234 0.532 0.234 0.534 0.232 0.534 0.228 0.536 0.226 0.536 0.218 0.534 0.218 0.532 0.216 0.528 0.216 0.526 0.214
4 0.653 0.246 0.026 0.024 0.644 0.234 0.644 0.236 0.642 0.238 0.642 0.242 0.64 0.244 0.64 0.25 0.644 0.254 0.646 0.254 0.648 0.256 0.658 0.256 0.66 0.254 0.66 0.252 0.662 0.25 0.662 0.246 0.664 0.244 0.664 0.242 0.662 0.24 0.662 0.238 0.66 0.236 0.656 0.236 0.654 0.234
4 0.509 0.274 0.026 0.024 0.502 0.262 0.5 0.264 0.5 0.266 0.498 0.268 0.498 0.27 0.496 0.272 0.496 0.28 0.498 0.28 0.5 0.282 0.502 0.282 0.504 0.284 0.512 0.284 0.516 0.28 0.516 0.278 0.518 0.276 0.518 0.272 0.52 0.27 0.518 0.268 0.518 0.266 0.516 0.266 0.514 0.264 0.51 0.264 0.508 0.262
4 0.624 0.321 0.024 0.022 0.616 0.31 0.616 0.312 0.614 0.314 0.614 0.316 0.612 0.318 0.612 0.324 0.616 0.328 0.618 0.328 0.62 0.33 0.628 0.33 0.63 0.328 0.632 0.328 0.632 0.326 0.634 0.324 0.634 0.314 0.632 0.312 0.63 0.312 0.628 0.31
4 0.463 0.395 0.026 0.026 0.456 0.382 0.454 0.384 0.454 0.388 0.452 0.39 0.452 0.394 0.45 0.396 0.45 0.402 0.452 0.402 0.454 0.404 0.458 0.404 0.46 0.406 0.468 0.406 0.472 0.402 0.472 0.394 0.474 0.392 0.474 0.386 0.47 0.382
4 0.485 0.336 0.026 0.024 0.482 0.324 0.48 0.326 0.478 0.326 0.476 0.328 0.476 0.33 0.474 0.332 0.474 0.334 0.472 0.336 0.472 0.344 0.474 0.344 0.476 0.346 0.488 0.346 0.492 0.342 0.492 0.34 0.494 0.338 0.494 0.334 0.496 0.332 0.496 0.328 0.494 0.326 0.484 0.326
