4 0.477 0.454 0.014 0.024 0.474 0.442 0.47 0.446 0.47 0.462 0.474 0.462 0.476 0.464 0.478 0.464 0.48 0.462 0.48 0.454 0.482 0.452 0.482 0.45 0.48 0.448 0.48 0.444 0.478 0.444 0.476 0.442
7 0.627 0.851 0.022 0.018 0.618 0.842 0.616 0.844 0.616 0.852 0.618 0.854 0.62 0.854 0.622 0.856 0.626 0.856 0.628 0.858 0.632 0.858 0.634 0.856 0.634 0.854 0.636 0.852 0.636 0.85 0.634 0.848 0.634 0.846 0.632 0.846 0.63 0.844 0.626 0.844 0.624 0.842
7 0.128 0.984 0.012 0.012 0.124 0.978 0.122 0.98 0.122 0.986 0.124 0.988 0.132 0.988 0.132 0.98 0.13 0.978
5 0.275 0.646 0.01 0.012 0.274 0.64 0.274 0.642 0.272 0.644 0.272 0.646 0.27 0.648 0.27 0.65 0.274 0.65 0.276 0.648 0.276 0.644 0.278 0.642 0.276 0.642
5 0.343 0.648 0.014 0.012 0.344 0.642 0.338 0.648 0.338 0.65 0.34 0.652 0.344 0.652 0.348 0.648 0.348 0.644 0.346 0.642
7 0.529 0.437 0.01 0.006 0.524 0.434 0.524 0.438 0.532 0.438 0.532 0.434
5 0.176 0.995 0.016 0.01 0.174 0.99 0.172 0.992 0.168 0.992 0.168 0.998 0.182 0.998 0.182 0.992 0.18 0.99
5 0.135 0.946 0.038 0.032 0.122 0.93 0.12 0.932 0.12 0.934 0.118 0.936 0.118 0.942 0.116 0.944 0.116 0.956 0.118 0.956 0.12 0.958 0.128 0.958 0.13 0.96 0.146 0.96 0.15 0.956 0.15 0.948 0.152 0.946 0.152 0.94 0.148 0.936 0.144 0.936 0.142 0.934 0.136 0.934 0.134 0.932 0.128 0.932 0.126 0.93
5 0.095 0.944 0.022 0.028 0.092 0.93 0.084 0.938 0.086 0.94 0.086 0.942 0.09 0.946 0.092 0.946 0.094 0.948 0.094 0.952 0.098 0.956 0.1 0.956 0.102 0.954 0.102 0.952 0.104 0.95 0.104 0.938 0.098 0.932 0.096 0.932 0.094 0.93
5 0.531 0.477 0.022 0.022 0.528 0.466 0.522 0.472 0.522 0.474 0.52 0.476 0.52 0.484 0.522 0.484 0.524 0.486 0.534 0.486 0.536 0.484 0.536 0.48 0.538 0.478 0.538 0.472 0.54 0.47 0.536 0.466
4 0.278 0.971 0.016 0.026 0.274 0.958 0.272 0.96 0.272 0.972 0.27 0.974 0.27 0.978 0.274 0.982 0.278 0.982 0.28 0.98 0.28 0.978 0.282 0.976 0.282 0.974 0.284 0.972 0.284 0.96 0.282 0.958
4 0.598 0.494 0.028 0.024 0.59 0.482 0.586 0.486 0.586 0.49 0.584 0.492 0.584 0.5 0.586 0.502 0.598 0.502 0.6 0.504 0.604 0.504 0.606 0.502 0.606 0.496 0.61 0.492 0.61 0.486 0.608 0.486 0.606 0.484 0.604 0.484 0.602 0.482
4 0.495 0.462 0.022 0.024 0.49 0.45 0.488 0.452 0.488 0.454 0.486 0.456 0.486 0.46 0.484 0.462 0.484 0.468 0.486 0.47 0.488 0.47 0.49 0.472 0.5 0.472 0.504 0.468 0.504 0.46 0.5 0.456 0.5 0.454 0.496 0.45
