7 0.624 0.201 0.028 0.026 0.622 0.188 0.62 0.19 0.614 0.19 0.612 0.192 0.612 0.196 0.61 0.198 0.61 0.206 0.616 0.206 0.618 0.208 0.62 0.208 0.622 0.206 0.63 0.206 0.632 0.208 0.632 0.21 0.634 0.212 0.636 0.212 0.636 0.202 0.634 0.2 0.636 0.198 0.636 0.188
3 0.468 0.165 0.056 0.062 0.452 0.134 0.45 0.136 0.448 0.136 0.448 0.142 0.446 0.144 0.446 0.148 0.444 0.15 0.444 0.16 0.442 0.162 0.442 0.168 0.44 0.17 0.44 0.18 0.442 0.182 0.448 0.182 0.45 0.184 0.454 0.184 0.456 0.186 0.46 0.186 0.462 0.188 0.466 0.188 0.468 0.19 0.472 0.19 0.474 0.192 0.48 0.192 0.482 0.194 0.484 0.192 0.484 0.19 0.486 0.188 0.486 0.182 0.488 0.18 0.488 0.174 0.49 0.172 0.49 0.168 0.492 0.166 0.492 0.158 0.494 0.156 0.494 0.146 0.49 0.142 0.484 0.142 0.482 0.14 0.478 0.14 0.476 0.138 0.464 0.138 0.462 0.136 0.456 0.136 0.454 0.134
5 0.529 0.349 0.018 0.018 0.524 0.34 0.52 0.344 0.52 0.356 0.522 0.356 0.524 0.354 0.526 0.354 0.528 0.356 0.53 0.354 0.532 0.354 0.534 0.352 0.534 0.348 0.536 0.346 0.536 0.344 0.534 0.342 0.534 0.34
7 0.514 0.399 0.012 0.018 0.51 0.39 0.51 0.392 0.508 0.394 0.508 0.406 0.516 0.406 0.518 0.404 0.518 0.392 0.516 0.39
5 0.473 0.486 0.026 0.032 0.466 0.47 0.464 0.472 0.464 0.474 0.462 0.476 0.462 0.482 0.46 0.484 0.46 0.486 0.462 0.488 0.462 0.49 0.464 0.492 0.466 0.492 0.468 0.494 0.472 0.494 0.474 0.496 0.474 0.498 0.476 0.5 0.478 0.5 0.482 0.496 0.482 0.492 0.484 0.49 0.484 0.478 0.48 0.474 0.478 0.474 0.476 0.472 0.474 0.472 0.472 0.47
7 0.677 0.499 0.014 0.014 0.672 0.492 0.67 0.494 0.67 0.502 0.672 0.504 0.68 0.504 0.682 0.502 0.682 0.494 0.68 0.492
5 0.526 0.208 0.016 0.02 0.526 0.198 0.524 0.2 0.52 0.2 0.518 0.202 0.518 0.212 0.52 0.214 0.52 0.216 0.526 0.216 0.53 0.212 0.53 0.206 0.532 0.204 0.53 0.202 0.53 0.2 0.528 0.198
3 0.463 0.234 0.13 0.108 0.422 0.18 0.422 0.184 0.42 0.186 0.42 0.192 0.418 0.194 0.418 0.2 0.416 0.202 0.416 0.208 0.414 0.21 0.414 0.214 0.412 0.216 0.412 0.222 0.41 0.224 0.41 0.23 0.408 0.232 0.408 0.238 0.406 0.24 0.406 0.246 0.404 0.248 0.404 0.254 0.402 0.256 0.402 0.262 0.4 0.264 0.4 0.27 0.398 0.272 0.402 0.272 0.404 0.274 0.412 0.274 0.414 0.276 0.422 0.276 0.424 0.278 0.432 0.278 0.434 0.28 0.442 0.28 0.444 0.282 0.452 0.282 0.454 0.284 0.462 0.284 0.464 0.286 0.466 0.286 0.468 0.284 0.47 0.284 0.48 0.274 0.482 0.274 0.492 0.264 0.494 0.264 0.504 0.254 0.506 0.254 0.516 0.244 0.518 0.244 0.524 0.238 0.524 0.236 0.496 0.208 0.494 0.208 0.484 0.198 0.48 0.198 0.478 0.196 0.474 0.196 0.472 0.194 0.466 0.194 0.464 0.192 0.46 0.192 0.458 0.19 0.452 0.19 0.45 0.188 0.446 0.188 0.444 0.186 0.438 0.186 0.436 0.184 0.432 0.184 0.43 0.182 0.424 0.182
4 0.579 0.409 0.022 0.022 0.574 0.398 0.57 0.402 0.57 0.406 0.568 0.408 0.568 0.412 0.572 0.416 0.576 0.416 0.578 0.418 0.584 0.418 0.586 0.416 0.586 0.414 0.588 0.412 0.588 0.402 0.586 0.402 0.584 0.4 0.58 0.4 0.578 0.398
3 0.419 0.454 0.13 0.108 0.378 0.4 0.378 0.404 0.376 0.406 0.376 0.412 0.374 0.414 0.374 0.42 0.372 0.422 0.372 0.428 0.37 0.43 0.37 0.434 0.368 0.436 0.368 0.442 0.366 0.444 0.366 0.45 0.364 0.452 0.364 0.458 0.362 0.46 0.362 0.466 0.36 0.468 0.36 0.474 0.358 0.476 0.358 0.482 0.356 0.484 0.356 0.49 0.354 0.492 0.358 0.492 0.36 0.494 0.368 0.494 0.37 0.496 0.378 0.496 0.38 0.498 0.388 0.498 0.39 0.5 0.398 0.5 0.4 0.502 0.408 0.502 0.41 0.504 0.418 0.504 0.42 0.506 0.422 0.504 0.424 0.504 0.428 0.5 0.43 0.5 0.436 0.494 0.438 0.494 0.444 0.488 0.446 0.488 0.452 0.482 0.454 0.482 0.462 0.474 0.462 0.472 0.466 0.468 0.472 0.468 0.476 0.464 0.478 0.464 0.48 0.462 0.48 0.46 0.47 0.45 0.47 0.448 0.436 0.414 0.432 0.414 0.43 0.412 0.424 0.412 0.422 0.41 0.414 0.41 0.412 0.408 0.406 0.408 0.404 0.406 0.398 0.406 0.396 0.404 0.39 0.404 0.388 0.402 0.38 0.402
2 0.666 0.325 0.04 0.078 0.664 0.286 0.662 0.288 0.662 0.29 0.66 0.292 0.66 0.298 0.658 0.3 0.658 0.302 0.656 0.304 0.656 0.308 0.654 0.31 0.654 0.314 0.652 0.316 0.652 0.32 0.65 0.322 0.65 0.326 0.648 0.328 0.648 0.332 0.646 0.334 0.646 0.34 0.648 0.342 0.648 0.346 0.646 0.348 0.646 0.356 0.648 0.358 0.65 0.358 0.652 0.36 0.654 0.36 0.656 0.362 0.666 0.362 0.666 0.36 0.668 0.358 0.668 0.352 0.67 0.35 0.67 0.344 0.672 0.342 0.672 0.336 0.674 0.334 0.674 0.326 0.676 0.324 0.676 0.316 0.678 0.314 0.678 0.306 0.68 0.304 0.68 0.298 0.684 0.294 0.682 0.292 0.682 0.29 0.678 0.29 0.676 0.288 0.672 0.288 0.67 0.286
3 0.6 0.472 0.056 0.08 0.588 0.432 0.588 0.434 0.586 0.436 0.586 0.442 0.584 0.444 0.584 0.452 0.582 0.454 0.582 0.462 0.58 0.464 0.58 0.468 0.578 0.47 0.578 0.474 0.576 0.476 0.576 0.482 0.574 0.484 0.574 0.49 0.572 0.492 0.572 0.498 0.576 0.502 0.576 0.504 0.578 0.506 0.58 0.506 0.582 0.508 0.586 0.508 0.588 0.51 0.606 0.51 0.612 0.504 0.612 0.5 0.614 0.498 0.614 0.496 0.616 0.494 0.616 0.486 0.618 0.484 0.618 0.478 0.62 0.476 0.62 0.458 0.622 0.456 0.622 0.454 0.624 0.452 0.624 0.448 0.626 0.446 0.626 0.444 0.624 0.442 0.624 0.44 0.62 0.44 0.618 0.438 0.614 0.438 0.612 0.436 0.606 0.436 0.604 0.434 0.6 0.434 0.598 0.432
3 0.523 0.54 0.106 0.096 0.506 0.492 0.506 0.494 0.504 0.496 0.504 0.498 0.502 0.5 0.502 0.506 0.5 0.508 0.5 0.526 0.498 0.528 0.498 0.538 0.496 0.54 0.496 0.548 0.494 0.55 0.494 0.554 0.492 0.556 0.492 0.568 0.494 0.568 0.496 0.57 0.502 0.57 0.504 0.572 0.51 0.572 0.512 0.574 0.516 0.574 0.518 0.576 0.522 0.576 0.524 0.578 0.528 0.578 0.53 0.58 0.536 0.58 0.538 0.582 0.542 0.582 0.544 0.584 0.548 0.584 0.55 0.586 0.558 0.586 0.56 0.584 0.56 0.582 0.562 0.58 0.562 0.572 0.564 0.57 0.564 0.564 0.566 0.562 0.566 0.554 0.568 0.552 0.568 0.546 0.57 0.544 0.57 0.536 0.572 0.534 0.572 0.53 0.574 0.528 0.574 0.518 0.572 0.516 0.572 0.512 0.57 0.51 0.568 0.51 0.566 0.508 0.562 0.508 0.56 0.506 0.556 0.506 0.554 0.504 0.55 0.504 0.548 0.502 0.542 0.502 0.54 0.5 0.534 0.5 0.532 0.498 0.528 0.498 0.526 0.496 0.522 0.496 0.52 0.494 0.512 0.494 0.51 0.492
4 0.586 0.539 0.024 0.026 0.578 0.526 0.576 0.528 0.576 0.532 0.574 0.534 0.574 0.544 0.576 0.546 0.58 0.546 0.582 0.548 0.584 0.548 0.586 0.55 0.588 0.55 0.59 0.548 0.594 0.548 0.594 0.546 0.596 0.544 0.596 0.532 0.594 0.53 0.59 0.53 0.588 0.528 0.584 0.528 0.582 0.526
7 0.563 0.252 0.022 0.02 0.562 0.242 0.56 0.244 0.556 0.244 0.554 0.246 0.552 0.246 0.552 0.256 0.554 0.258 0.556 0.258 0.558 0.26 0.568 0.26 0.572 0.256 0.572 0.246 0.57 0.244 0.566 0.244 0.564 0.242
7 0.63 0.464 0.02 0.016 0.624 0.456 0.622 0.458 0.622 0.47 0.634 0.47 0.636 0.468 0.636 0.466 0.638 0.464 0.638 0.458 0.636 0.456
