5 0.502 0.739 0.02 0.018 0.5 0.732 0.494 0.738 0.494 0.74 0.498 0.744 0.5 0.744 0.502 0.742 0.504 0.742 0.508 0.738 0.508 0.736 0.504 0.732
7 0.336 0.622 0.024 0.024 0.336 0.61 0.332 0.614 0.33 0.614 0.328 0.616 0.326 0.616 0.324 0.618 0.326 0.62 0.326 0.622 0.328 0.624 0.328 0.626 0.33 0.628 0.33 0.63 0.332 0.632 0.336 0.628 0.338 0.628 0.342 0.624 0.344 0.624 0.344 0.62 0.34 0.616 0.34 0.614
3 0.363 0.938 0.082 0.08 0.368 0.898 0.366 0.9 0.352 0.9 0.35 0.902 0.334 0.902 0.332 0.904 0.33 0.904 0.33 0.914 0.328 0.916 0.328 0.92 0.326 0.922 0.326 0.93 0.324 0.932 0.324 0.94 0.322 0.942 0.322 0.964 0.324 0.964 0.326 0.962 0.328 0.962 0.33 0.96 0.332 0.962 0.334 0.962 0.338 0.966 0.34 0.966 0.35 0.976 0.352 0.976 0.354 0.974 0.356 0.974 0.36 0.97 0.362 0.97 0.368 0.964 0.37 0.964 0.372 0.962 0.374 0.962 0.376 0.964 0.378 0.962 0.38 0.962 0.382 0.96 0.386 0.96 0.388 0.958 0.388 0.956 0.392 0.952 0.392 0.95 0.4 0.942 0.4 0.94 0.402 0.938 0.402 0.936 0.4 0.934 0.4 0.932 0.396 0.928 0.396 0.926 0.39 0.92 0.39 0.918 0.38 0.908 0.38 0.906 0.376 0.902 0.376 0.9 0.374 0.898
4 0.506 0.692 0.016 0.02 0.502 0.682 0.5 0.684 0.498 0.684 0.498 0.696 0.5 0.698 0.502 0.698 0.504 0.7 0.508 0.7 0.51 0.698 0.512 0.698 0.512 0.684 0.51 0.682
3 0.342 0.749 0.08 0.086 0.352 0.706 0.336 0.722 0.334 0.722 0.334 0.724 0.332 0.726 0.33 0.726 0.328 0.728 0.328 0.73 0.324 0.734 0.318 0.734 0.314 0.738 0.312 0.738 0.304 0.746 0.304 0.748 0.302 0.75 0.302 0.758 0.304 0.76 0.304 0.762 0.318 0.776 0.318 0.778 0.32 0.78 0.32 0.782 0.328 0.79 0.37 0.79 0.374 0.786 0.374 0.774 0.376 0.772 0.376 0.762 0.378 0.76 0.378 0.75 0.38 0.748 0.38 0.74 0.378 0.738 0.378 0.736 0.37 0.728 0.37 0.726 0.362 0.718 0.362 0.716 0.356 0.71 0.356 0.708 0.354 0.706
3 0.427 0.68 0.082 0.08 0.438 0.64 0.436 0.642 0.434 0.642 0.424 0.652 0.424 0.654 0.42 0.658 0.418 0.658 0.41 0.666 0.41 0.668 0.408 0.67 0.406 0.67 0.404 0.672 0.402 0.672 0.4 0.674 0.396 0.674 0.386 0.684 0.386 0.688 0.388 0.69 0.388 0.692 0.39 0.694 0.39 0.696 0.398 0.704 0.4 0.704 0.406 0.71 0.408 0.71 0.41 0.712 0.412 0.712 0.414 0.714 0.418 0.714 0.42 0.716 0.424 0.716 0.426 0.718 0.442 0.718 0.444 0.716 0.448 0.716 0.45 0.718 0.454 0.718 0.458 0.714 0.458 0.712 0.46 0.71 0.46 0.7 0.462 0.698 0.462 0.692 0.464 0.69 0.464 0.684 0.466 0.682 0.466 0.674 0.464 0.672 0.464 0.67 0.454 0.66 0.454 0.658 0.446 0.65 0.446 0.648
1 0.492 0.78 0.112 0.096 0.528 0.732 0.526 0.734 0.522 0.734 0.518 0.738 0.516 0.738 0.514 0.74 0.512 0.74 0.51 0.742 0.508 0.742 0.508 0.744 0.5 0.752 0.498 0.752 0.484 0.766 0.482 0.766 0.478 0.77 0.476 0.77 0.466 0.78 0.464 0.78 0.458 0.786 0.456 0.786 0.444 0.798 0.442 0.798 0.438 0.802 0.438 0.804 0.436 0.806 0.436 0.812 0.44 0.816 0.442 0.816 0.444 0.818 0.444 0.82 0.45 0.826 0.452 0.824 0.454 0.824 0.46 0.818 0.462 0.818 0.466 0.814 0.468 0.814 0.472 0.81 0.474 0.81 0.482 0.802 0.484 0.802 0.488 0.798 0.49 0.798 0.49 0.796 0.492 0.794 0.494 0.794 0.502 0.786 0.504 0.786 0.51 0.78 0.512 0.78 0.52 0.772 0.522 0.772 0.534 0.76 0.536 0.76 0.542 0.754 0.544 0.754 0.546 0.752 0.546 0.748 0.542 0.744 0.542 0.742 0.536 0.736 0.534 0.736 0.532 0.734 0.53 0.734
5 0.349 0.853 0.018 0.018 0.348 0.844 0.346 0.846 0.344 0.846 0.342 0.848 0.342 0.85 0.34 0.852 0.34 0.858 0.342 0.86 0.35 0.86 0.356 0.854 0.356 0.848 0.352 0.844
3 0.442 0.876 0.084 0.08 0.446 0.836 0.444 0.838 0.432 0.838 0.43 0.84 0.418 0.84 0.416 0.842 0.412 0.842 0.412 0.846 0.41 0.848 0.41 0.852 0.408 0.854 0.408 0.862 0.406 0.864 0.406 0.868 0.404 0.87 0.404 0.876 0.402 0.878 0.402 0.884 0.4 0.886 0.4 0.89 0.402 0.892 0.402 0.9 0.404 0.902 0.406 0.902 0.408 0.9 0.414 0.9 0.426 0.912 0.428 0.912 0.43 0.914 0.432 0.912 0.434 0.912 0.436 0.91 0.438 0.91 0.444 0.904 0.446 0.904 0.452 0.898 0.454 0.898 0.456 0.896 0.458 0.896 0.472 0.882 0.474 0.882 0.482 0.874 0.482 0.87 0.472 0.86 0.472 0.858 0.464 0.85 0.464 0.848 0.452 0.836
4 0.528 0.812 0.048 0.044 0.532 0.79 0.526 0.796 0.524 0.796 0.514 0.806 0.512 0.806 0.506 0.812 0.504 0.812 0.504 0.82 0.516 0.832 0.52 0.832 0.524 0.828 0.526 0.828 0.534 0.82 0.536 0.82 0.55 0.806 0.55 0.802 0.542 0.794 0.54 0.794 0.536 0.79
1 0.697 0.931 0.198 0.138 0.65 0.864 0.642 0.872 0.64 0.872 0.632 0.88 0.63 0.88 0.624 0.886 0.622 0.886 0.614 0.894 0.612 0.894 0.604 0.902 0.602 0.902 0.6 0.904 0.6 0.906 0.606 0.912 0.608 0.912 0.618 0.922 0.62 0.922 0.63 0.932 0.632 0.932 0.644 0.944 0.646 0.944 0.656 0.954 0.658 0.954 0.668 0.964 0.67 0.964 0.68 0.974 0.682 0.974 0.694 0.986 0.696 0.986 0.706 0.996 0.708 0.996 0.71 0.998 0.778 0.998 0.78 0.996 0.782 0.996 0.788 0.99 0.79 0.99 0.792 0.988 0.792 0.986 0.782 0.976 0.78 0.976 0.764 0.96 0.762 0.96 0.746 0.944 0.744 0.944 0.728 0.928 0.726 0.928 0.71 0.912 0.708 0.912 0.694 0.898 0.692 0.898 0.676 0.882 0.674 0.882 0.658 0.866 0.656 0.866 0.654 0.864
3 0.603 0.755 0.078 0.082 0.592 0.714 0.59 0.716 0.582 0.716 0.58 0.718 0.572 0.718 0.57 0.72 0.57 0.722 0.566 0.726 0.566 0.754 0.564 0.756 0.564 0.764 0.566 0.766 0.566 0.768 0.568 0.77 0.568 0.772 0.572 0.776 0.574 0.776 0.582 0.784 0.582 0.786 0.59 0.794 0.6 0.794 0.604 0.79 0.604 0.788 0.606 0.786 0.608 0.786 0.612 0.782 0.612 0.78 0.614 0.778 0.618 0.778 0.618 0.776 0.62 0.774 0.622 0.774 0.624 0.772 0.624 0.77 0.64 0.754 0.64 0.75 0.638 0.748 0.638 0.746 0.63 0.738 0.63 0.736 0.624 0.73 0.624 0.728 0.618 0.722 0.618 0.72 0.612 0.714
