5 0.093 0.262 0.026 0.04 0.084 0.242 0.082 0.244 0.08 0.244 0.08 0.256 0.082 0.258 0.082 0.272 0.084 0.274 0.084 0.276 0.086 0.276 0.088 0.278 0.092 0.278 0.094 0.28 0.102 0.28 0.102 0.278 0.104 0.276 0.104 0.25 0.102 0.248 0.102 0.244 0.098 0.244 0.096 0.242
4 0.145 0.361 0.014 0.018 0.142 0.352 0.14 0.354 0.138 0.354 0.138 0.366 0.14 0.368 0.15 0.368 0.15 0.352
4 0.071 0.735 0.014 0.018 0.07 0.726 0.068 0.728 0.066 0.728 0.064 0.73 0.064 0.74 0.066 0.742 0.072 0.742 0.074 0.74 0.076 0.74 0.076 0.728 0.074 0.726
4 0.082 0.875 0.016 0.014 0.078 0.868 0.076 0.87 0.074 0.87 0.074 0.876 0.076 0.878 0.076 0.88 0.086 0.88 0.088 0.878 0.088 0.87 0.086 0.868
4 0.207 0.92 0.026 0.016 0.212 0.912 0.21 0.914 0.198 0.914 0.194 0.918 0.194 0.924 0.196 0.926 0.212 0.926 0.214 0.924 0.216 0.924 0.218 0.922 0.218 0.914 0.214 0.914
4 0.088 0.947 0.016 0.014 0.082 0.94 0.08 0.942 0.08 0.946 0.082 0.948 0.082 0.95 0.084 0.95 0.086 0.952 0.09 0.952 0.092 0.95 0.094 0.95 0.094 0.942 0.092 0.94
5 0.147 0.9 0.014 0.012 0.142 0.894 0.142 0.896 0.14 0.898 0.14 0.902 0.142 0.904 0.15 0.904 0.15 0.902 0.152 0.9 0.15 0.898 0.15 0.896 0.148 0.894
4 0.024 0.23 0.012 0.012 0.02 0.224 0.018 0.226 0.018 0.23 0.022 0.234 0.028 0.234 0.028 0.226 0.026 0.224
4 0.135 0.237 0.014 0.01 0.13 0.232 0.128 0.234 0.128 0.238 0.13 0.24 0.14 0.24 0.14 0.232
5 0.106 0.378 0.024 0.028 0.096 0.364 0.094 0.366 0.094 0.37 0.096 0.372 0.096 0.386 0.098 0.388 0.108 0.388 0.11 0.39 0.114 0.39 0.116 0.388 0.116 0.374 0.114 0.372 0.114 0.368 0.112 0.368 0.11 0.366 0.106 0.366 0.104 0.364
4 0.027 0.282 0.014 0.012 0.024 0.276 0.02 0.28 0.02 0.284 0.022 0.286 0.032 0.286 0.032 0.278 0.03 0.276
7 0.215 0.315 0.014 0.014 0.214 0.308 0.212 0.31 0.208 0.31 0.208 0.316 0.21 0.318 0.214 0.318 0.216 0.32 0.218 0.318 0.22 0.318 0.22 0.31 0.218 0.31 0.216 0.308
5 0.14 0.749 0.02 0.018 0.13 0.74 0.13 0.754 0.142 0.754 0.144 0.756 0.148 0.756 0.148 0.752 0.144 0.748 0.144 0.746 0.142 0.744 0.142 0.742 0.14 0.742 0.138 0.74
4 0.04 0.388 0.024 0.02 0.03 0.378 0.028 0.38 0.028 0.394 0.032 0.394 0.034 0.396 0.044 0.396 0.046 0.394 0.048 0.394 0.05 0.392 0.05 0.382 0.048 0.38 0.048 0.378
