7 0.522 0.416 0.012 0.012 0.518 0.41 0.516 0.412 0.516 0.418 0.518 0.42 0.522 0.42 0.526 0.416 0.526 0.412 0.524 0.41
5 0.515 0.44 0.022 0.02 0.51 0.43 0.508 0.432 0.506 0.432 0.504 0.434 0.504 0.438 0.514 0.448 0.522 0.448 0.524 0.446 0.524 0.44 0.522 0.438 0.522 0.436 0.516 0.43
3 0.344 0.433 0.104 0.102 0.358 0.382 0.356 0.384 0.356 0.386 0.35 0.392 0.348 0.392 0.336 0.404 0.334 0.404 0.32 0.418 0.318 0.418 0.302 0.434 0.3 0.434 0.292 0.442 0.292 0.444 0.294 0.446 0.294 0.448 0.296 0.45 0.296 0.452 0.31 0.466 0.31 0.468 0.312 0.47 0.312 0.472 0.318 0.478 0.32 0.478 0.324 0.482 0.33 0.482 0.332 0.48 0.334 0.48 0.338 0.476 0.34 0.476 0.35 0.466 0.35 0.464 0.37 0.444 0.372 0.444 0.382 0.434 0.382 0.432 0.39 0.424 0.392 0.424 0.392 0.422 0.394 0.42 0.392 0.418 0.39 0.418 0.388 0.416 0.386 0.416 0.37 0.4 0.37 0.398 0.36 0.388 0.36 0.382
7 0.589 0.516 0.018 0.016 0.584 0.508 0.58 0.512 0.58 0.516 0.582 0.518 0.582 0.52 0.584 0.52 0.586 0.522 0.594 0.522 0.596 0.52 0.596 0.514 0.59 0.508
0 0.511 0.978 0.058 0.044 0.52 0.956 0.516 0.96 0.514 0.96 0.502 0.972 0.5 0.972 0.492 0.98 0.49 0.98 0.484 0.986 0.484 0.988 0.482 0.99 0.482 0.994 0.484 0.994 0.486 0.996 0.486 0.998 0.522 0.998 0.536 0.984 0.536 0.982 0.538 0.98 0.538 0.974 0.532 0.968 0.532 0.966 0.524 0.958 0.522 0.958
7 0.126 0.938 0.016 0.012 0.128 0.932 0.126 0.934 0.124 0.934 0.122 0.936 0.12 0.936 0.118 0.938 0.118 0.942 0.128 0.942 0.13 0.94 0.132 0.94 0.132 0.934 0.13 0.932
0 0.537 0.217 0.174 0.13 0.478 0.152 0.474 0.156 0.474 0.158 0.472 0.16 0.472 0.162 0.47 0.164 0.47 0.166 0.468 0.168 0.468 0.17 0.466 0.172 0.466 0.174 0.464 0.176 0.464 0.178 0.462 0.18 0.462 0.182 0.458 0.186 0.458 0.188 0.456 0.19 0.456 0.192 0.454 0.194 0.454 0.196 0.452 0.198 0.452 0.2 0.45 0.202 0.45 0.208 0.454 0.212 0.456 0.212 0.46 0.216 0.462 0.216 0.464 0.218 0.466 0.218 0.468 0.22 0.47 0.22 0.472 0.222 0.474 0.222 0.476 0.224 0.48 0.224 0.482 0.226 0.486 0.226 0.488 0.228 0.49 0.228 0.494 0.232 0.496 0.232 0.498 0.234 0.5 0.234 0.502 0.236 0.504 0.236 0.506 0.238 0.508 0.238 0.51 0.24 0.514 0.24 0.516 0.242 0.518 0.242 0.522 0.246 0.524 0.246 0.528 0.25 0.53 0.25 0.532 0.252 0.534 0.252 0.536 0.254 0.538 0.254 0.54 0.256 0.548 0.256 0.55 0.258 0.552 0.258 0.554 0.26 0.556 0.26 0.558 0.262 0.562 0.262 0.564 0.264 0.566 0.264 0.568 0.266 0.57 0.266 0.572 0.268 0.574 0.268 0.576 0.27 0.578 0.27 0.58 0.272 0.584 0.272 0.588 0.276 0.592 0.276 0.594 0.278 0.596 0.278 0.598 0.28 0.602 0.28 0.602 0.278 0.604 0.276 0.604 0.274 0.606 0.272 0.606 0.27 0.608 0.268 0.608 0.266 0.61 0.264 0.61 0.262 0.612 0.26 0.612 0.258 0.614 0.256 0.614 0.252 0.616 0.25 0.616 0.248 0.618 0.246 0.618 0.244 0.62 0.242 0.62 0.238 0.622 0.236 0.622 0.226 0.62 0.226 0.614 0.22 0.612 0.22 0.608 0.216 0.606 0.216 0.604 0.214 0.602 0.214 0.6 0.212 0.598 0.212 0.596 0.21 0.594 0.21 0.592 0.208 0.59 0.208 0.588 0.206 0.586 0.206 0.584 0.204 0.582 0.204 0.58 0.202 0.578 0.202 0.576 0.2 0.574 0.2 0.572 0.198 0.57 0.198 0.568 0.196 0.566 0.196 0.564 0.194 0.56 0.194 0.558 0.192 0.556 0.192 0.554 0.19 0.552 0.19 0.55 0.188 0.548 0.188 0.546 0.186 0.544 0.186 0.542 0.184 0.54 0.184 0.538 0.182 0.536 0.182 0.534 0.18 0.532 0.18 0.53 0.178 0.528 0.178 0.526 0.176 0.524 0.176 0.52 0.172 0.518 0.172 0.516 0.17 0.512 0.17 0.508 0.166 0.506 0.166 0.504 0.164 0.502 0.164 0.5 0.162 0.498 0.162 0.496 0.16 0.494 0.16 0.492 0.158 0.49 0.158 0.488 0.156 0.486 0.156 0.484 0.154 0.482 0.154 0.48 0.152
4 0.826 0.113 0.024 0.03 0.822 0.098 0.822 0.1 0.818 0.104 0.818 0.106 0.816 0.108 0.816 0.114 0.814 0.116 0.814 0.12 0.818 0.124 0.822 0.124 0.824 0.126 0.832 0.126 0.832 0.124 0.834 0.122 0.834 0.118 0.836 0.116 0.836 0.112 0.834 0.11 0.834 0.104 0.83 0.1 0.828 0.1 0.826 0.098
4 0.934 0.167 0.024 0.03 0.93 0.152 0.928 0.154 0.928 0.156 0.926 0.158 0.926 0.162 0.924 0.164 0.924 0.168 0.922 0.17 0.922 0.174 0.926 0.178 0.928 0.178 0.93 0.18 0.938 0.18 0.942 0.176 0.942 0.174 0.944 0.172 0.944 0.162 0.936 0.154 0.934 0.154 0.932 0.152
4 0.764 0.239 0.024 0.026 0.756 0.226 0.756 0.228 0.754 0.23 0.754 0.232 0.752 0.234 0.752 0.238 0.756 0.242 0.756 0.244 0.758 0.244 0.762 0.248 0.764 0.248 0.766 0.25 0.768 0.248 0.77 0.248 0.77 0.246 0.772 0.244 0.772 0.242 0.774 0.24 0.774 0.234 0.77 0.23 0.768 0.23 0.764 0.226
5 0.701 0.19 0.014 0.02 0.698 0.18 0.694 0.184 0.694 0.186 0.696 0.188 0.696 0.19 0.694 0.192 0.694 0.194 0.698 0.198 0.7 0.198 0.702 0.196 0.706 0.196 0.706 0.18 0.704 0.18 0.702 0.182 0.7 0.18
4 0.971 0.307 0.022 0.018 0.966 0.298 0.966 0.3 0.96 0.306 0.96 0.31 0.962 0.312 0.964 0.312 0.966 0.314 0.974 0.314 0.978 0.31 0.978 0.306 0.98 0.304 0.98 0.302 0.978 0.3 0.976 0.3 0.974 0.298
4 0.459 0.529 0.038 0.03 0.456 0.514 0.452 0.518 0.45 0.518 0.448 0.52 0.446 0.52 0.44 0.526 0.44 0.53 0.444 0.534 0.444 0.536 0.446 0.538 0.448 0.538 0.452 0.542 0.456 0.542 0.466 0.532 0.47 0.532 0.472 0.53 0.476 0.53 0.476 0.528 0.462 0.514
5 0.402 0.392 0.032 0.02 0.394 0.382 0.386 0.39 0.386 0.394 0.388 0.396 0.388 0.398 0.39 0.398 0.392 0.4 0.394 0.4 0.396 0.398 0.398 0.398 0.4 0.396 0.404 0.396 0.406 0.394 0.414 0.394 0.414 0.39 0.416 0.388 0.412 0.384 0.41 0.384 0.408 0.382
5 0.549 0.931 0.026 0.026 0.544 0.918 0.542 0.92 0.54 0.92 0.536 0.924 0.536 0.932 0.54 0.936 0.542 0.936 0.546 0.94 0.548 0.94 0.55 0.942 0.554 0.942 0.56 0.936 0.56 0.93 0.556 0.926 0.556 0.924 0.55 0.918
4 0.541 0.477 0.03 0.034 0.54 0.46 0.538 0.462 0.536 0.462 0.534 0.464 0.534 0.466 0.532 0.468 0.532 0.47 0.526 0.476 0.526 0.482 0.528 0.484 0.528 0.486 0.534 0.492 0.54 0.492 0.544 0.488 0.544 0.486 0.546 0.484 0.546 0.482 0.552 0.476 0.554 0.476 0.554 0.47 0.544 0.46
4 0.923 0.401 0.022 0.022 0.922 0.39 0.916 0.396 0.916 0.398 0.914 0.4 0.914 0.402 0.912 0.404 0.914 0.406 0.916 0.406 0.92 0.41 0.926 0.41 0.928 0.408 0.928 0.406 0.93 0.404 0.93 0.402 0.932 0.4 0.932 0.394 0.93 0.394 0.928 0.392 0.926 0.392 0.924 0.39
4 0.469 0.368 0.034 0.036 0.464 0.35 0.464 0.352 0.458 0.358 0.458 0.36 0.452 0.366 0.452 0.372 0.454 0.374 0.454 0.376 0.46 0.382 0.462 0.382 0.464 0.384 0.468 0.384 0.478 0.374 0.48 0.374 0.48 0.372 0.484 0.368 0.48 0.364 0.48 0.362 0.476 0.358 0.474 0.358 0.472 0.356 0.472 0.354 0.468 0.35
4 0.805 0.345 0.026 0.03 0.802 0.33 0.798 0.334 0.798 0.336 0.796 0.338 0.796 0.34 0.794 0.342 0.794 0.344 0.792 0.346 0.792 0.35 0.794 0.352 0.796 0.352 0.798 0.354 0.8 0.354 0.802 0.356 0.804 0.356 0.806 0.358 0.81 0.358 0.814 0.354 0.814 0.348 0.816 0.346 0.816 0.338 0.814 0.336 0.812 0.336 0.81 0.334 0.808 0.334 0.806 0.332 0.804 0.332
4 0.373 0.494 0.034 0.032 0.372 0.478 0.37 0.48 0.368 0.48 0.364 0.484 0.362 0.484 0.36 0.486 0.358 0.486 0.356 0.488 0.356 0.496 0.366 0.506 0.368 0.506 0.37 0.508 0.372 0.508 0.374 0.506 0.376 0.506 0.382 0.5 0.384 0.5 0.388 0.496 0.388 0.492 0.386 0.49 0.386 0.488 0.376 0.478
4 0.41 0.307 0.032 0.034 0.406 0.29 0.396 0.3 0.396 0.302 0.394 0.304 0.394 0.31 0.406 0.322 0.41 0.322 0.424 0.308 0.424 0.302 0.412 0.29
