3 0.541 0.321 0.102 0.082 0.576 0.28 0.574 0.282 0.566 0.282 0.564 0.284 0.558 0.284 0.556 0.286 0.548 0.286 0.546 0.288 0.54 0.288 0.538 0.29 0.53 0.29 0.528 0.292 0.522 0.292 0.52 0.294 0.512 0.294 0.51 0.296 0.504 0.296 0.502 0.298 0.494 0.298 0.492 0.3 0.49 0.3 0.49 0.304 0.492 0.306 0.492 0.314 0.494 0.316 0.494 0.326 0.496 0.328 0.496 0.332 0.498 0.334 0.5 0.334 0.502 0.336 0.504 0.336 0.506 0.338 0.508 0.338 0.51 0.34 0.512 0.34 0.514 0.342 0.516 0.342 0.518 0.344 0.52 0.344 0.522 0.346 0.526 0.346 0.528 0.348 0.53 0.348 0.532 0.35 0.534 0.35 0.536 0.352 0.538 0.352 0.54 0.354 0.542 0.354 0.544 0.356 0.546 0.356 0.548 0.358 0.55 0.358 0.552 0.36 0.554 0.36 0.59 0.324 0.59 0.322 0.588 0.32 0.588 0.314 0.586 0.312 0.586 0.306 0.584 0.304 0.584 0.3 0.582 0.298 0.582 0.292 0.58 0.29 0.58 0.284 0.578 0.282 0.578 0.28
3 0.335 0.02 0.122 0.04 0.274 0.0 0.274 0.006 0.276 0.008 0.276 0.028 0.278 0.03 0.278 0.036 0.28 0.038 0.348 0.038 0.354 0.032 0.358 0.032 0.36 0.03 0.362 0.03 0.364 0.028 0.366 0.028 0.368 0.026 0.372 0.026 0.374 0.024 0.378 0.024 0.38 0.022 0.382 0.022 0.384 0.02 0.388 0.02 0.39 0.018 0.392 0.018 0.394 0.016 0.394 0.006 0.392 0.004 0.392 0.0
3 0.257 0.122 0.086 0.088 0.25 0.078 0.248 0.08 0.246 0.08 0.24 0.086 0.238 0.086 0.22 0.104 0.218 0.104 0.214 0.108 0.214 0.152 0.218 0.156 0.22 0.156 0.222 0.154 0.224 0.156 0.226 0.156 0.228 0.158 0.236 0.158 0.238 0.16 0.248 0.16 0.25 0.162 0.256 0.162 0.258 0.164 0.26 0.162 0.264 0.162 0.266 0.16 0.278 0.16 0.28 0.158 0.296 0.158 0.296 0.156 0.298 0.154 0.298 0.15 0.296 0.148 0.296 0.116 0.294 0.114 0.294 0.11 0.286 0.102 0.284 0.102 0.276 0.094 0.274 0.094 0.266 0.086 0.264 0.086 0.258 0.08 0.256 0.08 0.254 0.078
5 0.538 0.006 0.024 0.012 0.526 0.0 0.526 0.008 0.528 0.01 0.534 0.01 0.536 0.008 0.542 0.008 0.544 0.006 0.546 0.006 0.548 0.004 0.548 0.0
7 0.4 0.42 0.016 0.012 0.392 0.414 0.392 0.422 0.404 0.422 0.404 0.414
3 0.376 0.457 0.172 0.09 0.446 0.412 0.444 0.414 0.434 0.414 0.432 0.416 0.418 0.416 0.416 0.418 0.406 0.418 0.406 0.422 0.404 0.424 0.392 0.424 0.39 0.422 0.39 0.42 0.386 0.42 0.384 0.422 0.368 0.422 0.366 0.424 0.358 0.424 0.356 0.426 0.352 0.426 0.35 0.428 0.342 0.428 0.34 0.43 0.338 0.43 0.336 0.432 0.308 0.432 0.302 0.438 0.3 0.438 0.294 0.444 0.294 0.462 0.296 0.464 0.296 0.468 0.298 0.47 0.298 0.476 0.3 0.478 0.3 0.486 0.302 0.488 0.302 0.492 0.3 0.494 0.3 0.496 0.304 0.5 0.32 0.5 0.322 0.498 0.326 0.498 0.328 0.496 0.334 0.496 0.336 0.498 0.342 0.498 0.344 0.496 0.352 0.496 0.354 0.494 0.374 0.494 0.376 0.492 0.382 0.492 0.384 0.49 0.402 0.49 0.404 0.488 0.408 0.488 0.41 0.486 0.416 0.486 0.418 0.484 0.424 0.484 0.426 0.482 0.434 0.482 0.436 0.484 0.448 0.484 0.45 0.482 0.452 0.484 0.454 0.484 0.456 0.482 0.456 0.48 0.458 0.478 0.458 0.472 0.46 0.47 0.46 0.468 0.458 0.466 0.458 0.452 0.456 0.45 0.456 0.44 0.454 0.438 0.454 0.426 0.452 0.424 0.452 0.418 0.45 0.416 0.45 0.414 0.448 0.414
3 0.254 0.48 0.056 0.064 0.262 0.448 0.26 0.45 0.25 0.45 0.248 0.452 0.24 0.452 0.238 0.454 0.234 0.454 0.232 0.456 0.228 0.456 0.226 0.458 0.226 0.462 0.228 0.464 0.228 0.476 0.23 0.478 0.23 0.488 0.232 0.49 0.232 0.504 0.234 0.506 0.234 0.508 0.236 0.51 0.268 0.51 0.27 0.508 0.278 0.508 0.278 0.506 0.28 0.504 0.28 0.502 0.278 0.5 0.278 0.49 0.276 0.488 0.276 0.476 0.274 0.474 0.274 0.466 0.272 0.464 0.272 0.454 0.27 0.452 0.27 0.45 0.268 0.448
4 0.045 0.984 0.034 0.028 0.05 0.97 0.048 0.972 0.044 0.972 0.042 0.974 0.04 0.974 0.038 0.976 0.036 0.976 0.034 0.978 0.03 0.978 0.03 0.98 0.028 0.982 0.028 0.984 0.03 0.986 0.03 0.99 0.034 0.994 0.036 0.994 0.038 0.996 0.046 0.996 0.048 0.994 0.056 0.994 0.058 0.992 0.058 0.99 0.06 0.988 0.06 0.986 0.058 0.984 0.058 0.978 0.056 0.976 0.056 0.974 0.052 0.97
4 0.129 0.508 0.018 0.016 0.124 0.5 0.122 0.502 0.12 0.502 0.12 0.506 0.122 0.508 0.122 0.51 0.126 0.51 0.128 0.512 0.132 0.512 0.134 0.514 0.136 0.512 0.136 0.5
4 0.167 0.497 0.014 0.014 0.168 0.49 0.166 0.492 0.162 0.492 0.16 0.494 0.16 0.498 0.164 0.502 0.172 0.502 0.172 0.492 0.17 0.492
4 0.11 0.41 0.024 0.024 0.106 0.398 0.104 0.4 0.1 0.4 0.098 0.402 0.098 0.416 0.1 0.418 0.1 0.42 0.112 0.42 0.114 0.418 0.118 0.418 0.118 0.416 0.12 0.414 0.12 0.4 0.118 0.398
4 0.742 0.399 0.024 0.022 0.74 0.388 0.738 0.39 0.736 0.39 0.734 0.392 0.732 0.392 0.732 0.394 0.73 0.396 0.73 0.404 0.732 0.406 0.732 0.408 0.752 0.408 0.752 0.402 0.75 0.4 0.75 0.396 0.748 0.394 0.748 0.392 0.746 0.39 0.744 0.39 0.742 0.388
4 0.213 0.388 0.042 0.028 0.222 0.374 0.22 0.376 0.214 0.376 0.212 0.378 0.196 0.378 0.194 0.38 0.192 0.38 0.192 0.39 0.194 0.392 0.194 0.396 0.198 0.4 0.202 0.4 0.204 0.398 0.212 0.398 0.214 0.396 0.222 0.396 0.224 0.394 0.23 0.394 0.232 0.392 0.232 0.378 0.23 0.376 0.23 0.374
3 0.495 0.009 0.062 0.018 0.466 0.0 0.466 0.01 0.464 0.012 0.466 0.012 0.468 0.014 0.472 0.014 0.474 0.016 0.478 0.016 0.48 0.014 0.484 0.014 0.486 0.012 0.492 0.012 0.494 0.01 0.5 0.01 0.502 0.008 0.508 0.008 0.51 0.006 0.512 0.006 0.514 0.004 0.516 0.004 0.518 0.002 0.522 0.002 0.524 0.0
4 0.327 0.006 0.014 0.012 0.322 0.0 0.322 0.004 0.32 0.006 0.32 0.008 0.324 0.008 0.326 0.01 0.33 0.01 0.332 0.008 0.332 0.0
7 0.345 0.425 0.01 0.01 0.34 0.42 0.34 0.428 0.342 0.426 0.348 0.426 0.348 0.42
4 0.232 0.033 0.032 0.022 0.22 0.022 0.218 0.024 0.218 0.026 0.216 0.028 0.216 0.032 0.218 0.034 0.218 0.038 0.22 0.04 0.238 0.04 0.24 0.042 0.242 0.042 0.246 0.038 0.246 0.024 0.244 0.022
5 0.629 0.535 0.018 0.018 0.622 0.526 0.62 0.528 0.62 0.536 0.622 0.538 0.622 0.54 0.624 0.54 0.626 0.542 0.628 0.542 0.63 0.54 0.634 0.54 0.636 0.538 0.636 0.53 0.634 0.528 0.634 0.526
3 0.395 0.346 0.094 0.084 0.428 0.304 0.426 0.306 0.42 0.306 0.418 0.308 0.412 0.308 0.41 0.31 0.402 0.31 0.4 0.312 0.394 0.312 0.392 0.314 0.386 0.314 0.384 0.316 0.378 0.316 0.376 0.318 0.37 0.318 0.368 0.32 0.36 0.32 0.358 0.322 0.352 0.322 0.35 0.324 0.348 0.324 0.348 0.326 0.35 0.328 0.35 0.332 0.352 0.334 0.352 0.34 0.354 0.342 0.354 0.346 0.356 0.348 0.356 0.352 0.358 0.354 0.358 0.36 0.36 0.362 0.36 0.366 0.362 0.368 0.362 0.37 0.364 0.37 0.366 0.372 0.37 0.372 0.372 0.374 0.376 0.374 0.378 0.376 0.382 0.376 0.384 0.378 0.388 0.378 0.39 0.38 0.394 0.38 0.396 0.382 0.4 0.382 0.402 0.384 0.406 0.384 0.408 0.386 0.41 0.386 0.42 0.376 0.42 0.374 0.43 0.364 0.43 0.362 0.44 0.352 0.44 0.348 0.438 0.346 0.438 0.338 0.436 0.336 0.436 0.328 0.434 0.326 0.434 0.318 0.432 0.316 0.432 0.308 0.43 0.306 0.43 0.304
5 0.319 0.693 0.018 0.022 0.312 0.682 0.31 0.684 0.31 0.694 0.312 0.696 0.312 0.7 0.318 0.7 0.32 0.702 0.322 0.702 0.326 0.698 0.326 0.688 0.322 0.684 0.318 0.684 0.316 0.682
7 0.729 0.379 0.018 0.022 0.724 0.368 0.722 0.37 0.722 0.372 0.72 0.374 0.72 0.376 0.722 0.378 0.722 0.382 0.724 0.384 0.724 0.386 0.726 0.388 0.73 0.388 0.732 0.386 0.734 0.386 0.736 0.384 0.736 0.38 0.734 0.378 0.734 0.374 0.732 0.372 0.732 0.37 0.73 0.368
5 0.336 0.05 0.024 0.02 0.326 0.04 0.324 0.042 0.324 0.054 0.326 0.056 0.326 0.058 0.334 0.058 0.336 0.056 0.344 0.056 0.346 0.054 0.346 0.04
5 0.273 0.057 0.022 0.018 0.264 0.048 0.262 0.05 0.262 0.06 0.264 0.062 0.264 0.064 0.28 0.064 0.28 0.062 0.282 0.06 0.282 0.05 0.28 0.048
4 0.292 0.365 0.02 0.018 0.282 0.356 0.282 0.364 0.288 0.37 0.288 0.372 0.296 0.372 0.298 0.37 0.3 0.37 0.3 0.366 0.298 0.364 0.298 0.362 0.296 0.36 0.296 0.358 0.294 0.358 0.292 0.356
5 0.554 0.39 0.02 0.016 0.548 0.382 0.548 0.384 0.546 0.386 0.546 0.388 0.544 0.39 0.544 0.396 0.56 0.396 0.562 0.394 0.562 0.388 0.56 0.386 0.56 0.384 0.558 0.382
5 0.47 0.03 0.02 0.028 0.462 0.016 0.46 0.018 0.46 0.026 0.462 0.028 0.462 0.03 0.464 0.032 0.464 0.04 0.466 0.04 0.468 0.042 0.474 0.042 0.476 0.04 0.478 0.04 0.478 0.02 0.474 0.016
3 0.641 0.325 0.05 0.054 0.644 0.298 0.642 0.3 0.638 0.3 0.636 0.302 0.632 0.302 0.63 0.304 0.624 0.304 0.622 0.306 0.618 0.306 0.616 0.308 0.616 0.31 0.618 0.312 0.618 0.318 0.62 0.32 0.62 0.326 0.622 0.328 0.622 0.334 0.624 0.336 0.624 0.342 0.626 0.344 0.626 0.348 0.628 0.35 0.634 0.35 0.636 0.348 0.64 0.348 0.642 0.346 0.65 0.346 0.652 0.344 0.658 0.344 0.66 0.342 0.662 0.342 0.662 0.34 0.664 0.338 0.662 0.336 0.662 0.328 0.66 0.326 0.66 0.32 0.658 0.318 0.658 0.314 0.656 0.312 0.656 0.302 0.652 0.298
7 0.316 0.02 0.008 0.016 0.312 0.012 0.312 0.026 0.318 0.026 0.318 0.012
4 0.359 0.117 0.018 0.014 0.356 0.11 0.354 0.112 0.35 0.112 0.35 0.116 0.352 0.118 0.352 0.12 0.354 0.122 0.362 0.122 0.364 0.12 0.364 0.118 0.366 0.116 0.366 0.112 0.364 0.112 0.362 0.11
4 0.009 0.06 0.018 0.016 0.0 0.052 0.0 0.066 0.008 0.066 0.01 0.064 0.012 0.064 0.016 0.06 0.016 0.056 0.012 0.052
5 0.748 0.423 0.024 0.026 0.738 0.41 0.736 0.412 0.736 0.424 0.738 0.426 0.738 0.43 0.742 0.434 0.744 0.434 0.746 0.432 0.752 0.432 0.754 0.43 0.756 0.43 0.758 0.428 0.758 0.424 0.756 0.422 0.756 0.42 0.754 0.418 0.754 0.414 0.75 0.41
3 0.031 0.134 0.062 0.06 0.018 0.104 0.016 0.106 0.012 0.106 0.01 0.108 0.004 0.108 0.002 0.11 0.0 0.11 0.0 0.162 0.002 0.162 0.004 0.16 0.03 0.16 0.032 0.162 0.058 0.162 0.058 0.154 0.06 0.152 0.06 0.144 0.02 0.104
3 0.535 0.077 0.09 0.094 0.52 0.03 0.514 0.036 0.514 0.038 0.508 0.044 0.508 0.046 0.502 0.052 0.502 0.054 0.496 0.06 0.496 0.062 0.49 0.068 0.49 0.072 0.492 0.074 0.492 0.082 0.494 0.084 0.494 0.09 0.496 0.092 0.496 0.1 0.498 0.102 0.498 0.108 0.5 0.11 0.5 0.118 0.502 0.12 0.502 0.122 0.504 0.122 0.506 0.12 0.514 0.12 0.516 0.118 0.524 0.118 0.526 0.116 0.534 0.116 0.536 0.114 0.544 0.114 0.546 0.112 0.554 0.112 0.556 0.11 0.564 0.11 0.566 0.108 0.574 0.108 0.576 0.106 0.578 0.106 0.578 0.104 0.576 0.102 0.576 0.096 0.574 0.094 0.574 0.086 0.572 0.084 0.572 0.078 0.57 0.076 0.57 0.07 0.568 0.068 0.568 0.06 0.566 0.058 0.566 0.056 0.564 0.054 0.562 0.054 0.56 0.052 0.558 0.052 0.554 0.048 0.552 0.048 0.55 0.046 0.548 0.046 0.546 0.044 0.544 0.044 0.542 0.042 0.54 0.042 0.538 0.04 0.536 0.04 0.534 0.038 0.532 0.038 0.528 0.034 0.526 0.034 0.524 0.032 0.522 0.032
7 0.228 0.084 0.012 0.012 0.224 0.078 0.222 0.08 0.222 0.086 0.224 0.088 0.228 0.084 0.232 0.084 0.232 0.08 0.23 0.078
