4 0.555 0.536 0.03 0.024 0.56 0.524 0.558 0.526 0.556 0.526 0.554 0.528 0.548 0.528 0.546 0.53 0.542 0.53 0.54 0.532 0.54 0.54 0.542 0.542 0.542 0.546 0.55 0.546 0.552 0.544 0.554 0.544 0.556 0.542 0.558 0.542 0.56 0.54 0.564 0.54 0.568 0.536 0.568 0.53 0.566 0.528 0.566 0.526 0.564 0.526 0.562 0.524
4 0.433 0.619 0.03 0.022 0.434 0.608 0.432 0.61 0.42 0.61 0.418 0.612 0.418 0.624 0.422 0.628 0.44 0.628 0.442 0.626 0.446 0.626 0.446 0.61 0.444 0.608
5 0.486 0.615 0.02 0.018 0.478 0.606 0.478 0.608 0.476 0.61 0.478 0.612 0.478 0.618 0.48 0.62 0.48 0.622 0.488 0.622 0.494 0.616 0.494 0.608 0.492 0.606
1 0.533 0.576 0.066 0.168 0.522 0.492 0.52 0.494 0.516 0.494 0.514 0.496 0.512 0.496 0.51 0.498 0.506 0.498 0.504 0.5 0.502 0.5 0.5 0.502 0.5 0.51 0.502 0.512 0.502 0.52 0.504 0.522 0.504 0.53 0.506 0.532 0.506 0.536 0.508 0.538 0.508 0.544 0.51 0.546 0.51 0.552 0.512 0.554 0.512 0.562 0.514 0.564 0.514 0.57 0.516 0.572 0.516 0.576 0.518 0.578 0.518 0.584 0.52 0.586 0.52 0.592 0.522 0.594 0.522 0.602 0.524 0.604 0.524 0.61 0.526 0.612 0.526 0.618 0.528 0.62 0.528 0.626 0.53 0.628 0.53 0.636 0.532 0.638 0.532 0.644 0.534 0.646 0.534 0.654 0.536 0.656 0.536 0.658 0.54 0.658 0.544 0.654 0.55 0.654 0.552 0.652 0.558 0.652 0.56 0.65 0.562 0.65 0.564 0.648 0.564 0.64 0.562 0.638 0.562 0.634 0.56 0.632 0.56 0.626 0.558 0.624 0.558 0.614 0.556 0.612 0.556 0.604 0.554 0.602 0.554 0.598 0.552 0.596 0.552 0.59 0.55 0.588 0.55 0.582 0.548 0.58 0.548 0.574 0.546 0.572 0.546 0.568 0.544 0.566 0.544 0.56 0.542 0.558 0.542 0.548 0.54 0.546 0.54 0.54 0.538 0.538 0.538 0.53 0.536 0.528 0.536 0.524 0.534 0.522 0.534 0.514 0.532 0.512 0.532 0.504 0.53 0.502 0.53 0.496 0.528 0.494 0.528 0.492
1 0.423 0.528 0.07 0.084 0.436 0.486 0.434 0.488 0.41 0.488 0.408 0.49 0.4 0.49 0.398 0.492 0.388 0.492 0.388 0.496 0.39 0.498 0.39 0.508 0.392 0.51 0.392 0.516 0.394 0.518 0.394 0.526 0.396 0.528 0.396 0.534 0.398 0.536 0.398 0.54 0.4 0.542 0.4 0.548 0.402 0.55 0.402 0.556 0.404 0.558 0.404 0.564 0.406 0.566 0.406 0.568 0.432 0.568 0.434 0.566 0.442 0.566 0.444 0.564 0.456 0.564 0.456 0.552 0.454 0.55 0.454 0.544 0.452 0.542 0.452 0.536 0.45 0.534 0.45 0.528 0.448 0.526 0.448 0.52 0.446 0.518 0.446 0.512 0.444 0.51 0.444 0.502 0.442 0.5 0.442 0.494 0.44 0.492 0.44 0.488 0.438 0.486
0 0.432 0.347 0.048 0.042 0.448 0.326 0.446 0.328 0.442 0.328 0.44 0.33 0.436 0.33 0.434 0.332 0.43 0.332 0.428 0.334 0.416 0.334 0.414 0.336 0.408 0.336 0.408 0.344 0.41 0.346 0.41 0.354 0.412 0.356 0.412 0.364 0.414 0.364 0.416 0.366 0.418 0.366 0.42 0.364 0.426 0.364 0.428 0.362 0.432 0.362 0.434 0.36 0.442 0.36 0.444 0.358 0.45 0.358 0.452 0.356 0.454 0.356 0.454 0.346 0.452 0.344 0.452 0.336 0.45 0.334 0.45 0.328
7 0.384 0.419 0.02 0.026 0.378 0.406 0.374 0.41 0.374 0.424 0.376 0.426 0.376 0.428 0.378 0.428 0.38 0.43 0.388 0.43 0.392 0.426 0.392 0.414 0.384 0.406
7 0.088 0.552 0.016 0.012 0.08 0.546 0.08 0.55 0.082 0.552 0.082 0.554 0.084 0.554 0.086 0.556 0.092 0.556 0.094 0.554 0.094 0.548 0.092 0.548 0.09 0.546
7 0.402 0.609 0.024 0.078 0.39 0.57 0.39 0.584 0.392 0.586 0.392 0.592 0.394 0.594 0.394 0.602 0.396 0.604 0.396 0.61 0.398 0.612 0.398 0.618 0.4 0.62 0.4 0.622 0.402 0.624 0.402 0.63 0.404 0.632 0.404 0.636 0.406 0.638 0.406 0.644 0.408 0.646 0.412 0.646 0.412 0.634 0.41 0.632 0.41 0.624 0.408 0.622 0.408 0.616 0.406 0.614 0.406 0.61 0.404 0.608 0.404 0.602 0.402 0.6 0.402 0.596 0.4 0.594 0.4 0.588 0.398 0.586 0.398 0.58 0.396 0.578 0.396 0.572 0.394 0.57
7 0.516 0.648 0.024 0.028 0.514 0.634 0.512 0.636 0.508 0.636 0.506 0.638 0.504 0.638 0.504 0.646 0.506 0.648 0.506 0.65 0.51 0.654 0.51 0.656 0.514 0.66 0.52 0.66 0.524 0.656 0.524 0.65 0.526 0.648 0.526 0.64 0.52 0.634
7 0.037 0.925 0.018 0.022 0.03 0.914 0.028 0.916 0.028 0.92 0.03 0.922 0.03 0.924 0.04 0.934 0.044 0.934 0.044 0.928 0.042 0.926 0.042 0.92 0.04 0.918 0.036 0.918 0.034 0.916 0.032 0.916
