4 0.935 0.587 0.014 0.01 0.93 0.582 0.928 0.584 0.928 0.586 0.93 0.588 0.93 0.59 0.94 0.59 0.94 0.582
4 0.122 0.382 0.016 0.024 0.118 0.37 0.116 0.372 0.116 0.382 0.114 0.384 0.114 0.39 0.116 0.392 0.12 0.392 0.122 0.39 0.124 0.39 0.124 0.386 0.128 0.382 0.128 0.372 0.126 0.37
7 0.611 0.738 0.01 0.008 0.606 0.734 0.606 0.74 0.614 0.74 0.614 0.734
5 0.61 0.694 0.016 0.016 0.606 0.688 0.606 0.69 0.604 0.692 0.604 0.696 0.606 0.696 0.608 0.698 0.612 0.698 0.612 0.696 0.614 0.694 0.614 0.69 0.612 0.69 0.61 0.688
4 0.117 0.331 0.014 0.014 0.114 0.324 0.11 0.328 0.11 0.332 0.114 0.336 0.118 0.336 0.122 0.332 0.122 0.328 0.118 0.324
7 0.983 0.042 0.034 0.056 0.994 0.014 0.992 0.016 0.992 0.018 0.99 0.02 0.99 0.022 0.988 0.024 0.988 0.026 0.984 0.03 0.984 0.032 0.982 0.034 0.982 0.036 0.978 0.04 0.978 0.042 0.976 0.044 0.976 0.046 0.974 0.048 0.974 0.05 0.97 0.054 0.97 0.056 0.968 0.058 0.968 0.062 0.972 0.066 0.974 0.066 0.974 0.064 0.976 0.062 0.976 0.06 0.98 0.056 0.98 0.054 0.982 0.052 0.982 0.05 0.984 0.048 0.984 0.046 0.988 0.042 0.988 0.04 0.99 0.038 0.99 0.036 0.994 0.032 0.994 0.03 0.996 0.028 0.996 0.026 0.998 0.024 0.998 0.016 0.996 0.016
7 0.979 0.082 0.018 0.016 0.974 0.076 0.974 0.078 0.972 0.08 0.972 0.082 0.974 0.084 0.976 0.084 0.978 0.086 0.982 0.086 0.982 0.084 0.984 0.082 0.984 0.08 0.982 0.078 0.98 0.078 0.978 0.076
7 0.961 0.085 0.014 0.014 0.958 0.08 0.956 0.082 0.956 0.086 0.958 0.088 0.962 0.088 0.964 0.086 0.964 0.082 0.962 0.08
3 0.776 0.423 0.076 0.074 0.75 0.386 0.748 0.388 0.748 0.39 0.746 0.392 0.746 0.396 0.744 0.398 0.744 0.4 0.742 0.402 0.742 0.404 0.74 0.406 0.74 0.408 0.738 0.41 0.738 0.412 0.74 0.414 0.74 0.416 0.742 0.418 0.742 0.42 0.744 0.422 0.744 0.426 0.746 0.428 0.746 0.43 0.748 0.432 0.748 0.436 0.75 0.438 0.75 0.44 0.752 0.442 0.752 0.444 0.754 0.446 0.754 0.45 0.756 0.452 0.756 0.454 0.758 0.456 0.76 0.456 0.762 0.454 0.764 0.454 0.766 0.452 0.768 0.452 0.77 0.45 0.772 0.45 0.774 0.448 0.776 0.448 0.778 0.446 0.78 0.446 0.782 0.444 0.784 0.444 0.786 0.442 0.788 0.442 0.79 0.44 0.792 0.44 0.794 0.438 0.796 0.438 0.798 0.436 0.8 0.436 0.804 0.432 0.806 0.432 0.806 0.43 0.808 0.428 0.808 0.422 0.81 0.42 0.81 0.414 0.812 0.412 0.812 0.41 0.81 0.408 0.806 0.408 0.804 0.406 0.8 0.406 0.798 0.404 0.796 0.404 0.794 0.402 0.79 0.402 0.788 0.4 0.784 0.4 0.782 0.398 0.78 0.398 0.778 0.396 0.774 0.396 0.772 0.394 0.768 0.394 0.766 0.392 0.764 0.392 0.762 0.39 0.758 0.39 0.756 0.388 0.752 0.388
7 0.475 0.676 0.014 0.012 0.47 0.67 0.468 0.672 0.468 0.676 0.47 0.678 0.472 0.678 0.474 0.68 0.478 0.68 0.478 0.678 0.48 0.676 0.478 0.674 0.478 0.672 0.476 0.672 0.474 0.67
5 0.495 0.651 0.022 0.022 0.494 0.64 0.492 0.642 0.492 0.644 0.49 0.646 0.49 0.648 0.486 0.652 0.484 0.652 0.486 0.654 0.486 0.656 0.49 0.66 0.494 0.66 0.502 0.652 0.502 0.65 0.504 0.648 0.504 0.646 0.5 0.642 0.496 0.642
7 0.948 0.104 0.012 0.012 0.944 0.098 0.942 0.1 0.942 0.106 0.944 0.108 0.95 0.108 0.952 0.106 0.952 0.098
4 0.804 0.564 0.016 0.012 0.798 0.558 0.796 0.56 0.796 0.564 0.8 0.568 0.808 0.568 0.808 0.566 0.81 0.564 0.808 0.562 0.808 0.56 0.806 0.558
7 0.549 0.454 0.01 0.008 0.544 0.45 0.544 0.456 0.552 0.456 0.552 0.45
7 0.927 0.143 0.014 0.01 0.922 0.138 0.92 0.14 0.92 0.142 0.924 0.146 0.93 0.146 0.932 0.144 0.932 0.14 0.93 0.138
5 0.841 0.609 0.018 0.018 0.836 0.6 0.834 0.602 0.834 0.604 0.832 0.606 0.832 0.61 0.836 0.614 0.838 0.614 0.84 0.616 0.842 0.616 0.844 0.614 0.846 0.614 0.846 0.612 0.848 0.61 0.848 0.606 0.846 0.604 0.844 0.604 0.842 0.602 0.84 0.602 0.838 0.6
7 0.94 0.123 0.012 0.01 0.936 0.118 0.936 0.12 0.934 0.122 0.934 0.124 0.936 0.126 0.942 0.126 0.944 0.124 0.944 0.12 0.942 0.118
4 0.769 0.542 0.022 0.024 0.764 0.532 0.764 0.534 0.762 0.536 0.762 0.54 0.76 0.542 0.76 0.548 0.758 0.55 0.766 0.55 0.768 0.552 0.77 0.552 0.77 0.55 0.772 0.548 0.772 0.546 0.774 0.544 0.774 0.542 0.776 0.54 0.776 0.538 0.774 0.536 0.772 0.536 0.77 0.534 0.768 0.534 0.766 0.532
5 0.161 0.34 0.014 0.016 0.16 0.332 0.158 0.334 0.156 0.334 0.156 0.336 0.154 0.338 0.154 0.34 0.156 0.342 0.156 0.344 0.158 0.346 0.162 0.342 0.162 0.34 0.164 0.338 0.164 0.336 0.166 0.334 0.164 0.332
4 0.18 0.426 0.016 0.016 0.176 0.418 0.174 0.42 0.174 0.422 0.172 0.424 0.172 0.43 0.174 0.432 0.182 0.432 0.184 0.43 0.184 0.426 0.186 0.424 0.186 0.422 0.182 0.418
4 0.207 0.375 0.022 0.018 0.2 0.366 0.196 0.37 0.196 0.376 0.202 0.382 0.208 0.382 0.214 0.376 0.214 0.374 0.216 0.372 0.212 0.368 0.21 0.368 0.208 0.366
