7 0.616 0.659 0.024 0.034 0.61 0.642 0.604 0.648 0.604 0.652 0.606 0.652 0.614 0.66 0.614 0.662 0.616 0.664 0.616 0.67 0.62 0.674 0.622 0.674 0.624 0.672 0.626 0.672 0.626 0.668 0.624 0.666 0.624 0.662 0.622 0.66 0.622 0.652 0.62 0.65 0.62 0.646 0.616 0.642
5 0.494 0.534 0.024 0.028 0.488 0.52 0.486 0.522 0.484 0.522 0.484 0.524 0.482 0.526 0.482 0.528 0.484 0.53 0.484 0.534 0.486 0.536 0.486 0.544 0.488 0.546 0.492 0.546 0.494 0.544 0.502 0.544 0.502 0.542 0.504 0.54 0.502 0.538 0.502 0.534 0.5 0.532 0.5 0.524 0.496 0.52
7 0.595 0.702 0.014 0.016 0.592 0.694 0.588 0.698 0.588 0.708 0.596 0.708 0.6 0.704 0.6 0.696 0.598 0.694
5 0.55 0.746 0.02 0.028 0.544 0.732 0.542 0.734 0.54 0.734 0.54 0.738 0.544 0.742 0.544 0.746 0.546 0.748 0.546 0.752 0.548 0.754 0.548 0.758 0.554 0.758 0.556 0.756 0.558 0.756 0.558 0.746 0.556 0.744 0.556 0.738 0.554 0.736 0.554 0.734 0.55 0.734 0.548 0.732
5 0.419 0.258 0.018 0.028 0.414 0.244 0.412 0.246 0.412 0.248 0.41 0.25 0.41 0.254 0.412 0.256 0.412 0.262 0.414 0.264 0.414 0.266 0.416 0.268 0.416 0.27 0.422 0.27 0.424 0.268 0.424 0.266 0.426 0.264 0.426 0.262 0.424 0.26 0.424 0.254 0.422 0.252 0.422 0.246 0.42 0.244
5 0.53 0.639 0.024 0.03 0.526 0.624 0.524 0.626 0.522 0.626 0.518 0.63 0.518 0.638 0.52 0.64 0.52 0.646 0.522 0.648 0.522 0.65 0.524 0.652 0.532 0.652 0.534 0.65 0.536 0.65 0.54 0.646 0.54 0.632 0.538 0.63 0.538 0.628 0.536 0.626 0.534 0.626 0.532 0.624
5 0.586 0.892 0.02 0.032 0.58 0.876 0.576 0.88 0.576 0.886 0.578 0.888 0.578 0.902 0.58 0.904 0.582 0.904 0.584 0.906 0.586 0.906 0.588 0.904 0.594 0.904 0.594 0.892 0.592 0.89 0.592 0.884 0.59 0.882 0.59 0.878 0.588 0.876
7 0.547 0.536 0.074 0.024 0.564 0.524 0.562 0.526 0.556 0.526 0.554 0.528 0.544 0.528 0.542 0.53 0.538 0.53 0.536 0.532 0.534 0.532 0.532 0.534 0.53 0.534 0.528 0.536 0.524 0.536 0.522 0.538 0.518 0.538 0.516 0.54 0.514 0.54 0.51 0.544 0.512 0.546 0.524 0.546 0.526 0.544 0.536 0.544 0.538 0.542 0.542 0.542 0.546 0.538 0.548 0.538 0.552 0.534 0.556 0.534 0.558 0.532 0.562 0.532 0.564 0.53 0.57 0.53 0.572 0.528 0.582 0.528 0.582 0.524
7 0.592 0.622 0.024 0.032 0.596 0.606 0.594 0.608 0.588 0.608 0.586 0.61 0.584 0.61 0.58 0.614 0.58 0.624 0.582 0.626 0.582 0.628 0.584 0.63 0.584 0.632 0.588 0.636 0.59 0.636 0.592 0.634 0.596 0.634 0.598 0.632 0.6 0.632 0.602 0.63 0.602 0.61 0.598 0.606
7 0.547 0.844 0.046 0.036 0.556 0.826 0.554 0.828 0.55 0.828 0.548 0.83 0.544 0.83 0.542 0.832 0.538 0.832 0.536 0.834 0.532 0.834 0.53 0.836 0.528 0.836 0.526 0.838 0.526 0.842 0.524 0.844 0.524 0.856 0.526 0.858 0.53 0.858 0.532 0.86 0.536 0.86 0.538 0.858 0.548 0.858 0.55 0.856 0.556 0.856 0.558 0.854 0.566 0.854 0.568 0.852 0.568 0.844 0.566 0.842 0.566 0.838 0.562 0.834 0.562 0.83 0.564 0.828 0.564 0.826
5 0.606 0.96 0.02 0.028 0.598 0.946 0.596 0.948 0.596 0.958 0.598 0.96 0.598 0.962 0.6 0.964 0.6 0.968 0.604 0.972 0.608 0.972 0.614 0.966 0.614 0.964 0.612 0.962 0.612 0.952 0.61 0.95 0.61 0.948 0.608 0.946
7 0.464 0.513 0.024 0.03 0.454 0.498 0.452 0.5 0.452 0.504 0.454 0.506 0.454 0.508 0.456 0.51 0.456 0.514 0.458 0.516 0.458 0.522 0.46 0.524 0.46 0.526 0.464 0.526 0.464 0.516 0.47 0.51 0.472 0.51 0.474 0.508 0.474 0.506 0.472 0.504 0.464 0.504 0.462 0.502 0.46 0.502 0.456 0.498
5 0.438 0.322 0.02 0.028 0.43 0.308 0.428 0.31 0.428 0.312 0.43 0.314 0.43 0.316 0.432 0.318 0.432 0.322 0.434 0.324 0.434 0.33 0.438 0.334 0.44 0.332 0.446 0.332 0.446 0.326 0.444 0.324 0.444 0.318 0.442 0.316 0.442 0.312 0.438 0.308
7 0.405 0.299 0.01 0.01 0.402 0.294 0.4 0.296 0.4 0.298 0.402 0.3 0.402 0.302 0.408 0.302 0.408 0.296 0.406 0.294
7 0.814 0.24 0.012 0.024 0.808 0.228 0.808 0.238 0.81 0.24 0.81 0.246 0.812 0.248 0.812 0.25 0.816 0.25 0.818 0.248 0.818 0.242 0.816 0.24 0.816 0.232 0.814 0.23 0.814 0.228
5 0.475 0.467 0.022 0.03 0.466 0.452 0.464 0.454 0.464 0.462 0.466 0.464 0.466 0.476 0.468 0.478 0.47 0.478 0.472 0.48 0.474 0.48 0.476 0.478 0.48 0.478 0.484 0.474 0.484 0.466 0.482 0.464 0.482 0.458 0.48 0.456 0.48 0.454 0.478 0.452
