5 0.09 0.674 0.016 0.02 0.088 0.664 0.084 0.668 0.084 0.674 0.082 0.676 0.086 0.68 0.088 0.68 0.09 0.682 0.092 0.682 0.094 0.68 0.096 0.68 0.096 0.666 0.094 0.664
7 0.758 0.743 0.012 0.01 0.752 0.738 0.752 0.74 0.754 0.742 0.754 0.744 0.756 0.746 0.762 0.746 0.762 0.74 0.76 0.738
7 0.541 0.726 0.018 0.02 0.536 0.716 0.534 0.718 0.534 0.72 0.532 0.722 0.532 0.732 0.534 0.734 0.546 0.734 0.548 0.732 0.548 0.718 0.546 0.718 0.544 0.716
3 0.266 0.02 0.036 0.024 0.25 0.008 0.248 0.01 0.248 0.026 0.25 0.028 0.258 0.028 0.26 0.03 0.282 0.03 0.282 0.01 0.28 0.008
3 0.558 0.071 0.04 0.042 0.544 0.05 0.544 0.052 0.542 0.054 0.542 0.064 0.54 0.066 0.54 0.074 0.538 0.076 0.538 0.084 0.54 0.086 0.542 0.086 0.544 0.088 0.554 0.088 0.556 0.09 0.566 0.09 0.57 0.086 0.57 0.082 0.572 0.08 0.572 0.072 0.574 0.07 0.574 0.06 0.576 0.058 0.576 0.056 0.574 0.054 0.57 0.054 0.568 0.052 0.558 0.052 0.556 0.05
3 0.417 0.785 0.034 0.034 0.406 0.768 0.404 0.77 0.404 0.778 0.402 0.78 0.402 0.786 0.4 0.788 0.4 0.792 0.404 0.796 0.406 0.796 0.408 0.798 0.416 0.798 0.418 0.8 0.428 0.8 0.428 0.796 0.43 0.794 0.43 0.784 0.432 0.782 0.432 0.772 0.43 0.77 0.424 0.77 0.422 0.768
7 0.707 0.719 0.014 0.014 0.704 0.712 0.702 0.714 0.7 0.714 0.7 0.722 0.704 0.722 0.706 0.724 0.712 0.724 0.712 0.718 0.71 0.716 0.71 0.714 0.706 0.714
7 0.627 0.727 0.034 0.034 0.618 0.71 0.616 0.712 0.614 0.712 0.614 0.714 0.612 0.716 0.612 0.722 0.61 0.724 0.61 0.736 0.614 0.74 0.618 0.74 0.62 0.742 0.636 0.742 0.64 0.738 0.64 0.73 0.642 0.728 0.642 0.72 0.636 0.714 0.63 0.714 0.628 0.712 0.62 0.712
7 0.573 0.741 0.03 0.018 0.558 0.732 0.558 0.736 0.56 0.736 0.562 0.738 0.564 0.738 0.566 0.74 0.568 0.74 0.574 0.746 0.578 0.746 0.58 0.748 0.584 0.748 0.586 0.746 0.586 0.742 0.582 0.738 0.58 0.738 0.578 0.736 0.572 0.736 0.57 0.734 0.564 0.734 0.562 0.732
7 0.749 0.123 0.058 0.042 0.72 0.102 0.72 0.104 0.722 0.106 0.722 0.108 0.73 0.116 0.732 0.116 0.734 0.118 0.736 0.118 0.74 0.122 0.742 0.122 0.744 0.124 0.746 0.124 0.748 0.126 0.75 0.126 0.754 0.13 0.756 0.13 0.76 0.134 0.762 0.134 0.764 0.136 0.766 0.136 0.768 0.138 0.77 0.138 0.774 0.142 0.776 0.14 0.776 0.132 0.768 0.124 0.766 0.124 0.762 0.12 0.76 0.12 0.756 0.116 0.756 0.108 0.752 0.108 0.75 0.11 0.746 0.11 0.744 0.108 0.74 0.108 0.738 0.106 0.736 0.106 0.734 0.104 0.73 0.104 0.728 0.102
5 0.231 0.101 0.01 0.01 0.226 0.096 0.226 0.104 0.234 0.104 0.234 0.096
7 0.754 0.113 0.008 0.01 0.754 0.108 0.752 0.11 0.75 0.11 0.75 0.114 0.752 0.116 0.756 0.112 0.756 0.11
4 0.165 0.56 0.026 0.02 0.156 0.55 0.154 0.552 0.154 0.556 0.152 0.558 0.152 0.564 0.154 0.566 0.162 0.566 0.164 0.568 0.172 0.568 0.176 0.564 0.176 0.55
7 0.637 0.758 0.01 0.008 0.632 0.754 0.632 0.758 0.634 0.76 0.64 0.76 0.64 0.754
5 0.623 0.818 0.03 0.028 0.624 0.806 0.61 0.82 0.61 0.824 0.612 0.824 0.614 0.826 0.616 0.826 0.62 0.83 0.632 0.818 0.632 0.816 0.634 0.814 0.634 0.812 0.628 0.806
5 0.161 0.53 0.014 0.012 0.158 0.524 0.156 0.526 0.156 0.53 0.154 0.532 0.158 0.532 0.16 0.534 0.162 0.534 0.164 0.532 0.164 0.528 0.166 0.526 0.162 0.526 0.16 0.524
7 0.236 0.301 0.012 0.01 0.234 0.296 0.232 0.298 0.23 0.298 0.23 0.3 0.232 0.302 0.232 0.304 0.238 0.304 0.24 0.302 0.238 0.3 0.238 0.298 0.236 0.298
7 0.574 0.716 0.024 0.024 0.566 0.704 0.564 0.706 0.564 0.708 0.562 0.71 0.562 0.72 0.564 0.722 0.566 0.722 0.568 0.724 0.574 0.724 0.576 0.726 0.578 0.726 0.58 0.724 0.582 0.724 0.584 0.722 0.584 0.706 0.582 0.706 0.58 0.704
7 0.008 0.652 0.016 0.016 0.0 0.644 0.0 0.658 0.004 0.658 0.006 0.656 0.01 0.656 0.014 0.652 0.014 0.648 0.012 0.646 0.01 0.646 0.008 0.644
4 0.153 0.638 0.022 0.02 0.144 0.628 0.142 0.63 0.142 0.642 0.144 0.644 0.146 0.644 0.148 0.646 0.158 0.646 0.16 0.644 0.16 0.636 0.162 0.634 0.162 0.632 0.158 0.628
5 0.772 0.135 0.016 0.018 0.766 0.126 0.766 0.128 0.768 0.13 0.764 0.134 0.766 0.136 0.768 0.136 0.774 0.142 0.776 0.142 0.776 0.14 0.778 0.138 0.778 0.134 0.77 0.126
