4 0.545 0.625 0.022 0.022 0.542 0.614 0.54 0.616 0.538 0.616 0.536 0.618 0.536 0.62 0.534 0.622 0.536 0.624 0.536 0.626 0.538 0.628 0.538 0.63 0.54 0.63 0.542 0.632 0.542 0.634 0.546 0.634 0.548 0.632 0.55 0.632 0.554 0.628 0.554 0.626 0.552 0.624 0.552 0.622 0.55 0.62 0.55 0.618 0.548 0.616 0.548 0.614
5 0.569 0.707 0.022 0.022 0.568 0.696 0.566 0.698 0.564 0.698 0.558 0.704 0.558 0.71 0.56 0.712 0.56 0.714 0.562 0.716 0.568 0.716 0.57 0.714 0.572 0.714 0.578 0.708 0.578 0.704 0.576 0.702 0.576 0.7 0.572 0.696
5 0.303 0.723 0.022 0.022 0.302 0.712 0.298 0.716 0.296 0.716 0.292 0.72 0.292 0.722 0.294 0.724 0.294 0.726 0.3 0.732 0.306 0.732 0.31 0.728 0.312 0.728 0.312 0.726 0.31 0.724 0.31 0.722 0.308 0.72 0.308 0.718
5 0.258 0.886 0.02 0.02 0.256 0.876 0.254 0.878 0.252 0.878 0.25 0.88 0.248 0.88 0.248 0.888 0.254 0.894 0.26 0.894 0.262 0.892 0.264 0.892 0.266 0.89 0.266 0.88 0.264 0.88 0.262 0.878 0.26 0.878 0.258 0.876
7 0.821 0.548 0.014 0.012 0.816 0.542 0.816 0.544 0.814 0.546 0.814 0.55 0.816 0.552 0.822 0.552 0.826 0.548 0.824 0.546 0.824 0.544 0.822 0.542
7 0.639 0.648 0.014 0.012 0.632 0.642 0.632 0.646 0.638 0.652 0.642 0.652 0.644 0.65 0.644 0.646 0.64 0.642
7 0.532 0.71 0.012 0.012 0.532 0.704 0.53 0.706 0.528 0.706 0.526 0.708 0.526 0.71 0.53 0.714 0.532 0.714 0.536 0.71 0.536 0.706 0.534 0.706
7 0.3 0.832 0.012 0.012 0.294 0.826 0.294 0.832 0.298 0.836 0.304 0.836 0.304 0.83 0.3 0.826
7 0.271 0.87 0.022 0.02 0.274 0.86 0.272 0.862 0.27 0.862 0.268 0.864 0.266 0.864 0.26 0.87 0.26 0.876 0.262 0.876 0.264 0.878 0.266 0.878 0.268 0.876 0.27 0.876 0.272 0.874 0.274 0.874 0.28 0.868 0.28 0.864 0.278 0.862 0.278 0.86
7 0.288 0.867 0.012 0.018 0.286 0.858 0.284 0.86 0.282 0.86 0.282 0.864 0.284 0.866 0.284 0.872 0.286 0.874 0.29 0.874 0.292 0.872 0.292 0.862 0.288 0.858
4 0.349 0.907 0.01 0.01 0.344 0.902 0.344 0.908 0.346 0.91 0.348 0.91 0.352 0.906 0.352 0.904 0.35 0.902
4 0.301 0.932 0.01 0.012 0.298 0.926 0.296 0.928 0.296 0.934 0.298 0.936 0.3 0.934 0.304 0.934 0.304 0.928 0.302 0.926
4 0.259 0.955 0.01 0.01 0.256 0.95 0.254 0.952 0.254 0.958 0.258 0.958 0.262 0.954 0.262 0.95
3 0.679 0.488 0.102 0.116 0.7 0.43 0.698 0.432 0.696 0.432 0.694 0.434 0.692 0.434 0.69 0.436 0.688 0.436 0.686 0.438 0.684 0.438 0.682 0.44 0.68 0.44 0.676 0.444 0.674 0.444 0.672 0.446 0.67 0.446 0.664 0.452 0.662 0.452 0.66 0.454 0.658 0.454 0.656 0.456 0.654 0.456 0.652 0.458 0.648 0.458 0.646 0.46 0.644 0.46 0.64 0.464 0.638 0.464 0.636 0.466 0.634 0.466 0.628 0.472 0.628 0.476 0.63 0.478 0.63 0.48 0.632 0.482 0.632 0.484 0.634 0.486 0.634 0.488 0.64 0.494 0.64 0.496 0.652 0.508 0.648 0.512 0.646 0.512 0.644 0.514 0.642 0.514 0.64 0.516 0.64 0.518 0.638 0.52 0.638 0.522 0.64 0.524 0.64 0.528 0.644 0.532 0.644 0.534 0.648 0.538 0.654 0.538 0.658 0.534 0.658 0.532 0.662 0.528 0.684 0.528 0.686 0.53 0.692 0.53 0.694 0.532 0.704 0.532 0.716 0.544 0.72 0.544 0.72 0.538 0.722 0.536 0.722 0.53 0.724 0.528 0.724 0.516 0.726 0.514 0.726 0.506 0.728 0.504 0.728 0.472 0.726 0.47 0.726 0.466 0.724 0.464 0.724 0.46 0.722 0.458 0.722 0.456 0.72 0.454 0.72 0.452 0.718 0.45 0.718 0.448 0.714 0.444 0.714 0.442 0.712 0.44 0.712 0.438 0.71 0.436 0.71 0.434 0.706 0.43
3 0.827 0.6 0.034 0.04 0.818 0.58 0.816 0.582 0.816 0.584 0.814 0.586 0.814 0.594 0.812 0.596 0.812 0.598 0.81 0.6 0.81 0.608 0.816 0.614 0.818 0.614 0.82 0.616 0.822 0.616 0.824 0.618 0.838 0.618 0.84 0.616 0.84 0.614 0.842 0.612 0.842 0.598 0.84 0.596 0.84 0.592 0.838 0.59 0.838 0.586 0.832 0.58
3 0.879 0.622 0.038 0.04 0.87 0.602 0.864 0.608 0.864 0.61 0.862 0.612 0.862 0.616 0.86 0.618 0.86 0.628 0.866 0.634 0.866 0.636 0.87 0.64 0.878 0.64 0.88 0.638 0.884 0.638 0.896 0.626 0.896 0.622 0.894 0.62 0.894 0.614 0.892 0.612 0.892 0.61 0.89 0.608 0.888 0.608 0.886 0.606 0.886 0.604 0.884 0.602
3 0.763 0.637 0.038 0.038 0.756 0.618 0.754 0.62 0.752 0.62 0.746 0.626 0.746 0.63 0.744 0.632 0.744 0.644 0.754 0.654 0.766 0.654 0.772 0.648 0.774 0.648 0.778 0.644 0.778 0.64 0.78 0.638 0.78 0.634 0.778 0.632 0.778 0.626 0.776 0.624 0.776 0.622 0.774 0.62 0.772 0.62 0.77 0.618
3 0.819 0.654 0.07 0.064 0.796 0.622 0.794 0.624 0.794 0.628 0.792 0.63 0.792 0.632 0.79 0.634 0.79 0.638 0.788 0.64 0.788 0.642 0.786 0.644 0.786 0.648 0.784 0.65 0.784 0.662 0.788 0.666 0.788 0.668 0.794 0.674 0.794 0.676 0.802 0.684 0.814 0.684 0.816 0.682 0.818 0.682 0.824 0.676 0.826 0.676 0.83 0.672 0.832 0.672 0.836 0.668 0.838 0.668 0.844 0.662 0.846 0.662 0.852 0.656 0.852 0.654 0.85 0.652 0.85 0.65 0.848 0.648 0.848 0.646 0.844 0.642 0.844 0.64 0.842 0.638 0.842 0.634 0.838 0.63 0.838 0.626 0.836 0.624 0.822 0.624 0.82 0.622
3 0.757 0.692 0.042 0.044 0.744 0.67 0.742 0.672 0.742 0.678 0.74 0.68 0.74 0.684 0.738 0.686 0.738 0.688 0.736 0.69 0.736 0.694 0.742 0.7 0.742 0.702 0.748 0.708 0.748 0.71 0.75 0.712 0.758 0.712 0.76 0.71 0.766 0.71 0.768 0.708 0.768 0.706 0.776 0.698 0.776 0.694 0.774 0.692 0.774 0.69 0.77 0.686 0.77 0.684 0.766 0.68 0.766 0.676 0.764 0.674 0.764 0.672 0.762 0.67
3 0.635 0.756 0.09 0.08 0.606 0.716 0.604 0.718 0.604 0.722 0.602 0.724 0.602 0.728 0.6 0.73 0.6 0.736 0.598 0.738 0.598 0.746 0.596 0.748 0.596 0.756 0.594 0.758 0.594 0.762 0.592 0.764 0.592 0.77 0.59 0.772 0.59 0.778 0.592 0.78 0.594 0.78 0.596 0.782 0.598 0.782 0.602 0.786 0.602 0.788 0.606 0.792 0.608 0.792 0.61 0.794 0.612 0.794 0.614 0.792 0.618 0.792 0.622 0.788 0.626 0.788 0.628 0.786 0.63 0.786 0.632 0.784 0.636 0.784 0.638 0.782 0.64 0.782 0.642 0.78 0.644 0.78 0.646 0.778 0.648 0.778 0.65 0.776 0.652 0.776 0.654 0.774 0.656 0.774 0.658 0.772 0.66 0.772 0.662 0.77 0.664 0.77 0.668 0.766 0.67 0.766 0.672 0.764 0.674 0.764 0.676 0.762 0.676 0.76 0.678 0.758 0.678 0.752 0.674 0.748 0.674 0.746 0.672 0.744 0.672 0.742 0.67 0.74 0.67 0.738 0.666 0.734 0.666 0.732 0.664 0.732 0.662 0.73 0.66 0.73 0.658 0.728 0.652 0.728 0.65 0.726 0.644 0.726 0.642 0.724 0.638 0.724 0.636 0.722 0.63 0.722 0.628 0.72 0.622 0.72 0.62 0.718 0.614 0.718 0.612 0.716
3 0.688 0.734 0.036 0.04 0.68 0.714 0.678 0.716 0.676 0.716 0.676 0.718 0.672 0.722 0.672 0.724 0.67 0.726 0.67 0.736 0.678 0.744 0.678 0.746 0.682 0.75 0.682 0.752 0.692 0.752 0.694 0.75 0.696 0.75 0.702 0.744 0.702 0.742 0.704 0.74 0.704 0.736 0.7 0.732 0.7 0.728 0.696 0.724 0.696 0.722 0.694 0.72 0.694 0.718 0.692 0.716 0.69 0.716 0.688 0.714
3 0.587 0.797 0.046 0.042 0.574 0.776 0.572 0.778 0.568 0.778 0.566 0.78 0.566 0.784 0.564 0.786 0.564 0.796 0.576 0.808 0.576 0.81 0.58 0.814 0.582 0.814 0.584 0.816 0.586 0.814 0.59 0.814 0.592 0.812 0.594 0.812 0.6 0.806 0.602 0.806 0.604 0.804 0.606 0.804 0.608 0.802 0.608 0.796 0.602 0.79 0.602 0.788 0.598 0.784 0.596 0.784 0.594 0.782 0.592 0.782 0.59 0.78 0.588 0.78 0.586 0.778 0.582 0.778 0.58 0.776
4 0.506 0.056 0.024 0.024 0.496 0.044 0.494 0.046 0.494 0.048 0.496 0.05 0.496 0.052 0.5 0.056 0.5 0.058 0.506 0.064 0.506 0.066 0.512 0.066 0.512 0.064 0.516 0.06 0.516 0.052 0.514 0.05 0.514 0.048 0.51 0.048 0.508 0.046 0.5 0.046 0.498 0.044
4 0.509 0.172 0.018 0.02 0.51 0.162 0.508 0.164 0.506 0.164 0.504 0.166 0.502 0.166 0.5 0.168 0.5 0.172 0.502 0.174 0.502 0.176 0.504 0.176 0.506 0.178 0.51 0.178 0.512 0.18 0.514 0.178 0.516 0.178 0.516 0.164 0.514 0.162
3 0.78 0.452 0.032 0.036 0.78 0.434 0.778 0.436 0.776 0.436 0.764 0.448 0.764 0.458 0.766 0.46 0.766 0.462 0.768 0.464 0.77 0.464 0.772 0.466 0.778 0.466 0.78 0.468 0.784 0.468 0.786 0.466 0.788 0.466 0.792 0.462 0.792 0.454 0.794 0.452 0.794 0.444 0.792 0.442 0.792 0.438 0.788 0.434
4 0.568 0.473 0.024 0.026 0.568 0.46 0.566 0.462 0.562 0.462 0.56 0.464 0.558 0.464 0.556 0.466 0.556 0.474 0.558 0.476 0.558 0.478 0.56 0.48 0.56 0.482 0.562 0.482 0.564 0.484 0.566 0.482 0.57 0.482 0.572 0.48 0.574 0.48 0.578 0.476 0.578 0.468 0.576 0.466 0.576 0.464 0.572 0.46
4 0.809 0.504 0.018 0.02 0.802 0.494 0.8 0.496 0.8 0.508 0.802 0.51 0.804 0.51 0.806 0.512 0.81 0.512 0.812 0.51 0.814 0.51 0.816 0.508 0.816 0.5 0.812 0.496 0.812 0.494
4 0.608 0.588 0.02 0.024 0.602 0.576 0.598 0.58 0.598 0.586 0.6 0.588 0.6 0.592 0.606 0.598 0.612 0.598 0.616 0.594 0.616 0.584 0.614 0.582 0.614 0.58 0.61 0.576
4 0.683 0.575 0.022 0.022 0.68 0.564 0.678 0.566 0.674 0.566 0.672 0.568 0.672 0.576 0.674 0.578 0.674 0.58 0.678 0.584 0.684 0.584 0.692 0.576 0.69 0.574 0.69 0.57 0.684 0.564
4 0.58 0.606 0.02 0.024 0.576 0.594 0.574 0.596 0.572 0.596 0.57 0.598 0.57 0.604 0.572 0.606 0.572 0.61 0.578 0.616 0.58 0.616 0.582 0.614 0.584 0.614 0.588 0.61 0.588 0.606 0.586 0.604 0.586 0.6 0.58 0.594
7 0.454 0.743 0.032 0.03 0.45 0.728 0.448 0.73 0.446 0.73 0.444 0.732 0.442 0.732 0.438 0.736 0.438 0.742 0.44 0.744 0.44 0.746 0.442 0.748 0.442 0.75 0.444 0.752 0.444 0.754 0.446 0.756 0.454 0.756 0.456 0.754 0.458 0.754 0.46 0.752 0.462 0.752 0.464 0.75 0.466 0.75 0.468 0.748 0.468 0.742 0.466 0.74 0.466 0.736 0.464 0.734 0.464 0.732 0.462 0.73 0.46 0.73 0.458 0.728
4 0.114 0.902 0.024 0.028 0.11 0.888 0.108 0.89 0.106 0.89 0.104 0.892 0.104 0.894 0.102 0.896 0.104 0.898 0.104 0.902 0.106 0.904 0.106 0.908 0.108 0.91 0.108 0.912 0.11 0.914 0.12 0.914 0.124 0.91 0.124 0.902 0.114 0.892 0.114 0.89 0.112 0.89
4 0.023 0.952 0.018 0.02 0.016 0.942 0.014 0.944 0.014 0.946 0.016 0.948 0.016 0.956 0.02 0.96 0.026 0.96 0.03 0.956 0.03 0.954 0.028 0.952 0.028 0.95 0.026 0.948 0.026 0.946 0.024 0.944 0.022 0.944 0.02 0.942
5 0.687 0.621 0.026 0.026 0.686 0.608 0.684 0.61 0.68 0.61 0.674 0.616 0.674 0.62 0.676 0.622 0.676 0.624 0.678 0.626 0.678 0.628 0.68 0.63 0.68 0.632 0.686 0.632 0.688 0.63 0.69 0.63 0.692 0.628 0.694 0.628 0.696 0.626 0.696 0.624 0.698 0.622 0.696 0.62 0.696 0.618 0.692 0.614 0.692 0.612 0.688 0.608
5 0.553 0.097 0.018 0.014 0.552 0.09 0.55 0.092 0.546 0.092 0.544 0.094 0.544 0.102 0.554 0.102 0.56 0.096 0.56 0.092 0.558 0.092 0.556 0.09
5 0.492 0.013 0.036 0.026 0.48 0.0 0.478 0.002 0.476 0.002 0.474 0.004 0.474 0.008 0.476 0.01 0.476 0.014 0.478 0.016 0.478 0.018 0.484 0.024 0.504 0.024 0.508 0.02 0.508 0.018 0.506 0.016 0.506 0.014 0.502 0.01 0.502 0.008 0.498 0.004 0.498 0.002 0.496 0.0
7 0.745 0.577 0.114 0.066 0.792 0.544 0.79 0.546 0.788 0.546 0.786 0.548 0.784 0.548 0.782 0.55 0.78 0.55 0.776 0.554 0.774 0.554 0.772 0.556 0.77 0.556 0.768 0.558 0.766 0.558 0.764 0.56 0.762 0.56 0.76 0.562 0.758 0.562 0.754 0.566 0.752 0.566 0.75 0.568 0.748 0.568 0.746 0.57 0.744 0.57 0.74 0.574 0.738 0.574 0.736 0.576 0.734 0.576 0.73 0.58 0.728 0.58 0.726 0.582 0.724 0.582 0.72 0.586 0.718 0.586 0.708 0.596 0.704 0.596 0.702 0.598 0.7 0.598 0.698 0.6 0.696 0.6 0.694 0.602 0.692 0.602 0.688 0.606 0.69 0.608 0.696 0.608 0.698 0.606 0.7 0.606 0.704 0.602 0.706 0.602 0.71 0.598 0.712 0.598 0.714 0.596 0.718 0.596 0.72 0.594 0.722 0.594 0.724 0.592 0.726 0.592 0.73 0.588 0.732 0.588 0.734 0.586 0.736 0.586 0.738 0.584 0.74 0.584 0.742 0.582 0.744 0.582 0.748 0.578 0.75 0.578 0.752 0.576 0.754 0.576 0.756 0.574 0.758 0.574 0.762 0.57 0.764 0.57 0.766 0.568 0.768 0.568 0.77 0.566 0.772 0.566 0.776 0.562 0.778 0.562 0.78 0.56 0.782 0.56 0.784 0.558 0.786 0.558 0.788 0.556 0.79 0.556 0.792 0.554 0.794 0.554 0.798 0.55 0.8 0.55 0.8 0.544
4 0.528 0.633 0.024 0.022 0.526 0.624 0.524 0.626 0.522 0.626 0.52 0.628 0.518 0.628 0.518 0.632 0.524 0.638 0.524 0.64 0.53 0.64 0.532 0.638 0.534 0.638 0.536 0.636 0.536 0.634 0.534 0.632 0.534 0.63 0.53 0.626 0.53 0.624
3 0.526 0.829 0.028 0.03 0.518 0.814 0.516 0.816 0.516 0.82 0.514 0.822 0.514 0.824 0.512 0.826 0.512 0.834 0.52 0.842 0.522 0.84 0.526 0.84 0.53 0.836 0.532 0.836 0.534 0.834 0.536 0.834 0.536 0.832 0.538 0.83 0.538 0.826 0.53 0.818 0.526 0.818 0.524 0.816 0.522 0.816 0.52 0.814
3 0.479 0.813 0.03 0.03 0.466 0.798 0.466 0.8 0.464 0.802 0.464 0.818 0.466 0.82 0.466 0.822 0.468 0.822 0.47 0.824 0.472 0.824 0.474 0.826 0.476 0.824 0.48 0.824 0.486 0.818 0.488 0.818 0.492 0.814 0.492 0.81 0.49 0.808 0.49 0.806 0.486 0.802 0.482 0.802 0.48 0.8 0.478 0.8 0.476 0.798
3 0.423 0.842 0.03 0.032 0.416 0.826 0.414 0.828 0.412 0.828 0.412 0.83 0.41 0.832 0.41 0.836 0.408 0.838 0.408 0.848 0.414 0.854 0.416 0.854 0.418 0.856 0.42 0.856 0.422 0.854 0.426 0.854 0.43 0.85 0.43 0.848 0.432 0.846 0.432 0.844 0.434 0.842 0.436 0.842 0.436 0.838 0.434 0.836 0.434 0.834 0.432 0.834 0.43 0.832 0.424 0.832 0.42 0.828 0.418 0.828
3 0.476 0.859 0.036 0.03 0.462 0.844 0.462 0.848 0.46 0.85 0.46 0.858 0.458 0.86 0.458 0.862 0.46 0.864 0.46 0.866 0.466 0.872 0.468 0.87 0.47 0.87 0.472 0.868 0.474 0.868 0.476 0.866 0.478 0.866 0.48 0.864 0.482 0.864 0.484 0.862 0.486 0.862 0.488 0.86 0.49 0.86 0.49 0.856 0.486 0.852 0.486 0.85 0.482 0.846 0.47 0.846 0.468 0.844
3 0.423 0.89 0.034 0.028 0.41 0.876 0.41 0.88 0.408 0.882 0.408 0.89 0.406 0.892 0.406 0.894 0.41 0.898 0.41 0.9 0.412 0.902 0.414 0.9 0.416 0.9 0.418 0.898 0.42 0.898 0.422 0.896 0.424 0.896 0.426 0.894 0.428 0.894 0.43 0.892 0.432 0.892 0.434 0.89 0.436 0.89 0.436 0.886 0.432 0.882 0.432 0.88 0.428 0.876
4 0.077 0.951 0.05 0.058 0.07 0.922 0.066 0.926 0.064 0.926 0.062 0.928 0.06 0.928 0.056 0.932 0.054 0.932 0.052 0.934 0.058 0.94 0.058 0.942 0.062 0.946 0.062 0.948 0.066 0.952 0.066 0.954 0.072 0.96 0.072 0.962 0.076 0.966 0.076 0.968 0.08 0.972 0.08 0.974 0.082 0.976 0.086 0.976 0.092 0.97 0.094 0.97 0.1 0.964 0.094 0.958 0.094 0.956 0.09 0.952 0.09 0.95 0.086 0.946 0.086 0.944 0.082 0.94 0.082 0.938 0.078 0.934 0.078 0.932 0.074 0.928 0.074 0.926
3 0.635 0.151 0.114 0.15 0.624 0.078 0.622 0.08 0.62 0.08 0.618 0.082 0.616 0.082 0.612 0.086 0.61 0.086 0.608 0.088 0.606 0.088 0.604 0.09 0.602 0.09 0.6 0.092 0.598 0.092 0.594 0.096 0.592 0.096 0.59 0.098 0.588 0.098 0.586 0.1 0.584 0.1 0.582 0.102 0.58 0.102 0.58 0.106 0.582 0.108 0.582 0.11 0.584 0.112 0.584 0.114 0.586 0.116 0.586 0.118 0.588 0.12 0.588 0.122 0.59 0.124 0.59 0.126 0.592 0.128 0.592 0.13 0.594 0.132 0.594 0.134 0.596 0.136 0.596 0.138 0.6 0.142 0.6 0.144 0.602 0.146 0.602 0.148 0.604 0.15 0.604 0.152 0.606 0.154 0.606 0.156 0.608 0.158 0.608 0.16 0.61 0.162 0.61 0.164 0.612 0.166 0.612 0.168 0.614 0.17 0.614 0.172 0.616 0.174 0.616 0.176 0.62 0.18 0.62 0.182 0.622 0.184 0.622 0.186 0.624 0.188 0.624 0.19 0.626 0.192 0.626 0.194 0.628 0.196 0.628 0.198 0.63 0.2 0.63 0.202 0.632 0.204 0.632 0.206 0.634 0.208 0.634 0.21 0.636 0.212 0.636 0.214 0.638 0.216 0.638 0.218 0.642 0.222 0.644 0.222 0.646 0.22 0.648 0.22 0.65 0.218 0.652 0.218 0.656 0.214 0.658 0.214 0.66 0.212 0.662 0.212 0.664 0.21 0.666 0.21 0.668 0.208 0.67 0.208 0.674 0.204 0.676 0.204 0.678 0.202 0.68 0.202 0.682 0.2 0.684 0.2 0.686 0.198 0.688 0.198 0.688 0.194 0.686 0.192 0.686 0.19 0.684 0.188 0.684 0.186 0.682 0.184 0.682 0.182 0.68 0.18 0.68 0.178 0.678 0.176 0.678 0.174 0.676 0.172 0.676 0.17 0.674 0.168 0.674 0.166 0.672 0.164 0.672 0.162 0.668 0.158 0.668 0.156 0.666 0.154 0.666 0.152 0.664 0.15 0.664 0.148 0.662 0.146 0.662 0.144 0.66 0.142 0.66 0.14 0.658 0.138 0.658 0.136 0.656 0.134 0.656 0.132 0.654 0.13 0.654 0.128 0.652 0.126 0.652 0.124 0.648 0.12 0.648 0.118 0.646 0.116 0.646 0.114 0.644 0.112 0.644 0.11 0.642 0.108 0.642 0.106 0.64 0.104 0.64 0.102 0.638 0.1 0.638 0.098 0.636 0.096 0.636 0.094 0.634 0.092 0.634 0.09 0.632 0.088 0.632 0.086 0.63 0.084 0.63 0.082 0.626 0.078
3 0.57 0.018 0.04 0.032 0.568 0.002 0.566 0.004 0.562 0.004 0.56 0.006 0.558 0.006 0.556 0.008 0.552 0.008 0.55 0.01 0.55 0.016 0.552 0.018 0.552 0.026 0.554 0.026 0.556 0.028 0.56 0.028 0.562 0.03 0.566 0.03 0.568 0.032 0.57 0.032 0.572 0.03 0.574 0.03 0.576 0.028 0.578 0.028 0.58 0.026 0.582 0.026 0.584 0.024 0.586 0.024 0.586 0.022 0.584 0.02 0.584 0.018
