7 0.624 0.59 0.068 0.064 0.6 0.564 0.602 0.566 0.602 0.57 0.604 0.572 0.604 0.574 0.61 0.58 0.61 0.582 0.614 0.586 0.614 0.588 0.616 0.59 0.616 0.592 0.62 0.596 0.62 0.598 0.622 0.6 0.622 0.602 0.624 0.604 0.624 0.606 0.626 0.608 0.626 0.61 0.628 0.612 0.628 0.614 0.63 0.616 0.632 0.616 0.636 0.62 0.64 0.62 0.642 0.618 0.642 0.616 0.646 0.612 0.646 0.61 0.648 0.608 0.648 0.604 0.652 0.6 0.652 0.598 0.654 0.596 0.654 0.588 0.656 0.586 0.656 0.58 0.654 0.578 0.65 0.578 0.648 0.576 0.642 0.576 0.64 0.574 0.636 0.574 0.634 0.572 0.63 0.572 0.628 0.57 0.624 0.57 0.622 0.568 0.618 0.568 0.616 0.566 0.612 0.566 0.61 0.564
4 0.146 0.456 0.02 0.02 0.14 0.446 0.138 0.448 0.138 0.45 0.136 0.452 0.136 0.46 0.14 0.464 0.152 0.464 0.152 0.458 0.154 0.456 0.154 0.45 0.152 0.45 0.15 0.448 0.148 0.448 0.146 0.446
4 0.103 0.445 0.022 0.022 0.096 0.434 0.092 0.438 0.092 0.446 0.094 0.448 0.096 0.448 0.098 0.45 0.1 0.45 0.102 0.452 0.104 0.452 0.106 0.454 0.108 0.452 0.108 0.45 0.11 0.448 0.11 0.444 0.112 0.442 0.112 0.44 0.11 0.438 0.104 0.438 0.1 0.434
4 0.058 0.43 0.02 0.02 0.052 0.42 0.05 0.422 0.05 0.424 0.048 0.426 0.048 0.436 0.05 0.436 0.052 0.438 0.064 0.438 0.064 0.428 0.066 0.426 0.064 0.424 0.064 0.422 0.058 0.422 0.056 0.42
4 0.009 0.42 0.018 0.028 0.0 0.406 0.0 0.43 0.002 0.432 0.008 0.432 0.01 0.43 0.01 0.428 0.012 0.426 0.012 0.422 0.014 0.42 0.014 0.416 0.016 0.414 0.016 0.412 0.012 0.408 0.008 0.408 0.006 0.406
4 0.223 0.363 0.03 0.03 0.216 0.348 0.214 0.35 0.212 0.35 0.212 0.352 0.21 0.354 0.21 0.358 0.208 0.36 0.208 0.37 0.21 0.37 0.212 0.372 0.216 0.372 0.218 0.374 0.224 0.374 0.226 0.376 0.234 0.376 0.236 0.374 0.236 0.352 0.234 0.35 0.224 0.35 0.222 0.348
4 0.039 0.306 0.034 0.028 0.032 0.292 0.03 0.294 0.026 0.294 0.024 0.296 0.024 0.302 0.022 0.304 0.022 0.312 0.026 0.316 0.028 0.316 0.03 0.318 0.05 0.318 0.05 0.316 0.052 0.314 0.052 0.308 0.054 0.306 0.054 0.302 0.052 0.3 0.05 0.3 0.046 0.296 0.044 0.296 0.042 0.294 0.034 0.294
2 0.708 0.531 0.076 0.118 0.7 0.472 0.694 0.478 0.694 0.48 0.692 0.482 0.692 0.484 0.69 0.486 0.69 0.488 0.688 0.49 0.688 0.496 0.686 0.498 0.686 0.502 0.684 0.504 0.684 0.508 0.682 0.51 0.682 0.516 0.68 0.518 0.68 0.522 0.678 0.524 0.678 0.53 0.676 0.532 0.676 0.538 0.674 0.54 0.674 0.546 0.672 0.548 0.672 0.56 0.67 0.562 0.67 0.572 0.674 0.576 0.678 0.576 0.68 0.578 0.682 0.578 0.684 0.58 0.688 0.58 0.69 0.582 0.694 0.582 0.696 0.584 0.704 0.584 0.706 0.586 0.71 0.586 0.712 0.588 0.716 0.588 0.722 0.582 0.722 0.576 0.724 0.574 0.724 0.572 0.726 0.57 0.726 0.562 0.73 0.558 0.73 0.552 0.732 0.55 0.734 0.552 0.736 0.55 0.736 0.542 0.738 0.54 0.738 0.536 0.74 0.534 0.74 0.528 0.742 0.526 0.742 0.514 0.744 0.512 0.744 0.5 0.742 0.498 0.742 0.494 0.74 0.492 0.734 0.492 0.732 0.49 0.73 0.49 0.728 0.488 0.726 0.488 0.718 0.48 0.716 0.48 0.712 0.476 0.71 0.476 0.706 0.472
4 0.195 0.473 0.03 0.03 0.188 0.458 0.186 0.46 0.186 0.462 0.184 0.464 0.184 0.468 0.182 0.47 0.182 0.472 0.18 0.474 0.18 0.48 0.184 0.48 0.186 0.482 0.19 0.482 0.192 0.484 0.194 0.484 0.196 0.486 0.202 0.486 0.204 0.484 0.204 0.478 0.206 0.476 0.206 0.47 0.208 0.468 0.208 0.466 0.206 0.464 0.206 0.462 0.2 0.462 0.198 0.46 0.192 0.46 0.19 0.458
4 0.256 0.497 0.02 0.022 0.25 0.486 0.248 0.488 0.248 0.496 0.246 0.498 0.246 0.506 0.262 0.506 0.264 0.504 0.264 0.49 0.262 0.49 0.26 0.488 0.258 0.488 0.256 0.486
5 0.346 0.463 0.02 0.018 0.338 0.454 0.336 0.456 0.336 0.466 0.34 0.47 0.352 0.47 0.352 0.466 0.354 0.464 0.354 0.458 0.352 0.458 0.35 0.456 0.348 0.456 0.346 0.454
7 0.242 0.518 0.012 0.008 0.236 0.514 0.236 0.518 0.238 0.52 0.244 0.52 0.246 0.518 0.246 0.514
7 0.543 0.534 0.018 0.016 0.536 0.526 0.536 0.528 0.534 0.53 0.534 0.532 0.54 0.538 0.542 0.538 0.544 0.54 0.548 0.54 0.548 0.538 0.55 0.536 0.548 0.534 0.548 0.532 0.544 0.528 0.542 0.528 0.54 0.526
7 0.346 0.542 0.012 0.012 0.342 0.536 0.34 0.538 0.34 0.546 0.348 0.546 0.35 0.544 0.35 0.538 0.348 0.536
7 0.567 0.549 0.054 0.03 0.548 0.542 0.548 0.548 0.55 0.55 0.552 0.55 0.554 0.552 0.558 0.552 0.56 0.554 0.562 0.554 0.564 0.556 0.568 0.556 0.57 0.558 0.574 0.558 0.576 0.56 0.58 0.56 0.582 0.562 0.592 0.562 0.592 0.558 0.586 0.552 0.582 0.552 0.58 0.55 0.574 0.55 0.572 0.548 0.57 0.548 0.568 0.546 0.564 0.546 0.562 0.544 0.554 0.544 0.552 0.542
