7 0.588 0.779 0.056 0.046 0.588 0.756 0.586 0.758 0.576 0.758 0.574 0.76 0.564 0.76 0.562 0.762 0.56 0.762 0.56 0.782 0.562 0.784 0.562 0.79 0.564 0.792 0.564 0.796 0.568 0.8 0.57 0.798 0.594 0.798 0.596 0.796 0.606 0.796 0.608 0.794 0.61 0.794 0.614 0.79 0.614 0.786 0.612 0.784 0.612 0.764 0.61 0.762 0.61 0.756
3 0.682 0.461 0.036 0.038 0.69 0.442 0.688 0.444 0.686 0.444 0.682 0.448 0.68 0.448 0.678 0.45 0.676 0.45 0.674 0.452 0.672 0.452 0.668 0.456 0.666 0.456 0.664 0.458 0.666 0.46 0.666 0.464 0.668 0.466 0.668 0.468 0.672 0.472 0.674 0.472 0.68 0.478 0.682 0.478 0.684 0.476 0.688 0.476 0.69 0.474 0.694 0.474 0.696 0.472 0.698 0.472 0.698 0.47 0.696 0.468 0.696 0.462 0.694 0.46 0.694 0.454 0.692 0.452 0.692 0.446 0.69 0.444
5 0.641 0.821 0.018 0.03 0.634 0.806 0.634 0.808 0.632 0.81 0.632 0.826 0.634 0.828 0.634 0.832 0.636 0.834 0.642 0.834 0.644 0.832 0.646 0.832 0.646 0.83 0.648 0.828 0.648 0.82 0.646 0.818 0.646 0.808 0.644 0.806
7 0.121 0.084 0.026 0.024 0.122 0.072 0.12 0.074 0.116 0.074 0.114 0.076 0.112 0.076 0.11 0.078 0.108 0.078 0.108 0.088 0.11 0.09 0.11 0.092 0.112 0.094 0.124 0.094 0.126 0.092 0.128 0.092 0.13 0.09 0.132 0.09 0.132 0.08 0.13 0.078 0.13 0.076 0.128 0.074 0.128 0.072
7 0.585 0.095 0.026 0.026 0.578 0.082 0.576 0.084 0.574 0.084 0.572 0.086 0.572 0.096 0.574 0.098 0.574 0.102 0.576 0.104 0.576 0.106 0.596 0.106 0.596 0.086 0.594 0.084 0.594 0.082
7 0.066 0.143 0.016 0.014 0.06 0.136 0.058 0.138 0.058 0.144 0.062 0.148 0.07 0.148 0.072 0.146 0.07 0.144 0.07 0.138 0.068 0.136
7 0.517 0.167 0.026 0.026 0.506 0.154 0.504 0.156 0.504 0.178 0.526 0.178 0.528 0.176 0.528 0.156 0.526 0.154
7 0.212 0.476 0.008 0.008 0.208 0.472 0.208 0.478 0.214 0.478 0.214 0.474 0.212 0.472
7 0.491 0.483 0.014 0.01 0.484 0.478 0.484 0.486 0.492 0.486 0.494 0.484 0.496 0.484 0.496 0.478
7 0.566 0.485 0.044 0.014 0.582 0.478 0.58 0.48 0.562 0.48 0.56 0.482 0.546 0.482 0.544 0.484 0.544 0.488 0.546 0.49 0.562 0.49 0.564 0.488 0.578 0.488 0.58 0.486 0.586 0.486 0.586 0.48 0.584 0.48
7 0.186 0.504 0.008 0.008 0.184 0.5 0.184 0.502 0.182 0.504 0.184 0.506 0.186 0.506 0.188 0.504 0.188 0.5
7 0.245 0.523 0.034 0.034 0.244 0.506 0.242 0.508 0.236 0.508 0.234 0.51 0.232 0.51 0.228 0.514 0.228 0.516 0.23 0.518 0.23 0.524 0.232 0.526 0.232 0.532 0.234 0.534 0.234 0.536 0.236 0.538 0.25 0.538 0.252 0.536 0.258 0.536 0.26 0.534 0.26 0.518 0.258 0.516 0.258 0.51 0.254 0.506
5 0.574 0.674 0.024 0.024 0.564 0.662 0.564 0.666 0.562 0.668 0.562 0.684 0.578 0.684 0.58 0.682 0.582 0.682 0.584 0.68 0.584 0.666 0.58 0.662
7 0.56 0.522 0.028 0.028 0.564 0.508 0.562 0.51 0.548 0.51 0.546 0.512 0.546 0.526 0.548 0.528 0.548 0.532 0.55 0.534 0.562 0.534 0.564 0.532 0.57 0.532 0.57 0.53 0.572 0.528 0.57 0.526 0.57 0.51 0.568 0.51 0.566 0.508
2 0.135 0.481 0.054 0.054 0.126 0.454 0.124 0.456 0.122 0.456 0.12 0.458 0.118 0.458 0.116 0.46 0.112 0.46 0.11 0.462 0.108 0.462 0.108 0.466 0.11 0.466 0.114 0.47 0.116 0.47 0.122 0.476 0.124 0.476 0.13 0.482 0.132 0.482 0.154 0.504 0.156 0.504 0.158 0.506 0.16 0.504 0.16 0.502 0.158 0.5 0.158 0.494 0.156 0.492 0.156 0.49 0.154 0.488 0.154 0.482 0.152 0.48 0.152 0.478 0.148 0.474 0.148 0.47 0.146 0.468 0.146 0.466 0.144 0.466 0.136 0.458 0.134 0.458 0.13 0.454
2 0.473 0.584 0.058 0.068 0.48 0.55 0.478 0.552 0.464 0.552 0.462 0.554 0.456 0.554 0.454 0.556 0.452 0.556 0.444 0.564 0.444 0.59 0.446 0.592 0.446 0.602 0.448 0.604 0.448 0.61 0.45 0.612 0.45 0.614 0.452 0.614 0.454 0.616 0.482 0.616 0.484 0.614 0.5 0.614 0.5 0.604 0.498 0.602 0.498 0.596 0.496 0.594 0.496 0.58 0.494 0.578 0.494 0.568 0.492 0.566 0.492 0.558 0.49 0.556 0.49 0.552 0.488 0.552 0.486 0.55
5 0.555 0.173 0.014 0.014 0.548 0.166 0.548 0.174 0.552 0.178 0.554 0.178 0.556 0.176 0.558 0.176 0.558 0.174 0.56 0.172 0.56 0.17 0.558 0.168 0.558 0.166
7 0.598 0.442 0.032 0.032 0.592 0.426 0.59 0.428 0.584 0.428 0.582 0.43 0.582 0.446 0.584 0.448 0.584 0.454 0.586 0.456 0.59 0.456 0.592 0.454 0.606 0.454 0.608 0.452 0.612 0.452 0.612 0.436 0.61 0.434 0.61 0.426
7 0.602 0.368 0.024 0.024 0.598 0.356 0.596 0.358 0.592 0.358 0.592 0.36 0.59 0.362 0.59 0.366 0.592 0.368 0.592 0.376 0.594 0.378 0.602 0.378 0.604 0.376 0.61 0.376 0.612 0.374 0.612 0.358 0.61 0.356
3 0.681 0.411 0.038 0.042 0.69 0.39 0.688 0.392 0.686 0.392 0.684 0.394 0.682 0.394 0.68 0.396 0.678 0.396 0.674 0.4 0.672 0.4 0.67 0.402 0.668 0.402 0.666 0.404 0.664 0.404 0.662 0.406 0.662 0.416 0.676 0.43 0.678 0.43 0.68 0.428 0.686 0.428 0.688 0.426 0.694 0.426 0.696 0.424 0.698 0.424 0.698 0.422 0.696 0.42 0.696 0.412 0.694 0.41 0.694 0.404 0.692 0.402 0.692 0.394 0.69 0.392
3 0.672 0.365 0.036 0.034 0.68 0.348 0.678 0.35 0.676 0.35 0.674 0.352 0.672 0.352 0.67 0.354 0.666 0.354 0.664 0.356 0.662 0.356 0.66 0.358 0.658 0.358 0.656 0.36 0.656 0.364 0.654 0.366 0.654 0.37 0.664 0.38 0.67 0.38 0.672 0.378 0.68 0.378 0.682 0.376 0.686 0.376 0.686 0.37 0.688 0.368 0.688 0.36 0.686 0.358 0.686 0.356 0.682 0.352 0.682 0.35
5 0.63 0.016 0.028 0.024 0.62 0.004 0.618 0.006 0.616 0.006 0.616 0.01 0.618 0.012 0.618 0.018 0.622 0.022 0.63 0.022 0.632 0.024 0.634 0.024 0.636 0.026 0.64 0.026 0.642 0.024 0.642 0.018 0.64 0.016 0.64 0.006 0.638 0.004
3 0.652 0.074 0.06 0.08 0.666 0.034 0.664 0.036 0.656 0.036 0.654 0.038 0.646 0.038 0.644 0.04 0.636 0.04 0.634 0.042 0.626 0.042 0.624 0.044 0.624 0.046 0.622 0.048 0.622 0.056 0.624 0.058 0.624 0.072 0.626 0.074 0.626 0.094 0.628 0.096 0.628 0.104 0.63 0.106 0.63 0.11 0.632 0.112 0.648 0.112 0.65 0.11 0.658 0.11 0.66 0.108 0.664 0.108 0.666 0.106 0.676 0.106 0.68 0.102 0.68 0.098 0.678 0.096 0.678 0.072 0.676 0.07 0.676 0.058 0.674 0.056 0.674 0.046 0.672 0.044 0.672 0.036 0.67 0.034
2 0.374 0.125 0.048 0.022 0.356 0.114 0.354 0.116 0.35 0.116 0.35 0.118 0.354 0.122 0.356 0.122 0.364 0.13 0.366 0.13 0.368 0.132 0.37 0.132 0.372 0.134 0.394 0.134 0.396 0.132 0.396 0.118 0.394 0.116 0.394 0.114
7 0.052 0.994 0.036 0.012 0.058 0.988 0.056 0.99 0.05 0.99 0.048 0.992 0.046 0.992 0.044 0.994 0.04 0.994 0.038 0.996 0.036 0.996 0.034 0.998 0.068 0.998 0.066 0.996 0.066 0.992 0.062 0.988
7 0.009 0.958 0.018 0.032 0.002 0.942 0.0 0.944 0.0 0.972 0.002 0.972 0.004 0.97 0.008 0.97 0.01 0.968 0.012 0.968 0.014 0.966 0.016 0.966 0.016 0.954 0.014 0.952 0.014 0.948 0.012 0.946 0.012 0.944 0.01 0.942
7 0.626 0.854 0.028 0.028 0.616 0.84 0.612 0.844 0.612 0.848 0.614 0.85 0.614 0.864 0.616 0.866 0.63 0.866 0.632 0.864 0.636 0.864 0.638 0.862 0.638 0.842 0.636 0.84
3 0.665 0.197 0.066 0.074 0.664 0.16 0.662 0.162 0.658 0.162 0.656 0.164 0.648 0.164 0.648 0.168 0.646 0.17 0.638 0.17 0.638 0.172 0.636 0.174 0.634 0.174 0.634 0.202 0.636 0.204 0.636 0.208 0.642 0.214 0.642 0.216 0.648 0.222 0.648 0.224 0.65 0.226 0.652 0.226 0.656 0.23 0.678 0.23 0.68 0.232 0.684 0.232 0.692 0.224 0.694 0.224 0.694 0.222 0.696 0.22 0.696 0.202 0.694 0.2 0.694 0.19 0.692 0.188 0.692 0.178 0.69 0.176 0.69 0.174 0.688 0.172 0.688 0.17 0.68 0.162 0.678 0.162 0.676 0.16
2 0.738 0.57 0.04 0.076 0.728 0.532 0.726 0.534 0.722 0.534 0.72 0.536 0.72 0.542 0.718 0.544 0.718 0.552 0.72 0.554 0.72 0.558 0.722 0.56 0.722 0.576 0.724 0.578 0.724 0.584 0.726 0.586 0.726 0.596 0.728 0.598 0.728 0.6 0.73 0.602 0.73 0.604 0.732 0.606 0.748 0.606 0.756 0.598 0.756 0.592 0.754 0.59 0.754 0.588 0.752 0.586 0.752 0.584 0.75 0.582 0.75 0.574 0.748 0.572 0.748 0.564 0.746 0.562 0.746 0.558 0.744 0.556 0.744 0.548 0.742 0.546 0.742 0.536 0.74 0.534 0.732 0.534 0.73 0.532
