3 0.977 0.749 0.026 0.038 0.97 0.73 0.968 0.732 0.966 0.732 0.964 0.734 0.964 0.744 0.966 0.746 0.966 0.76 0.968 0.762 0.968 0.766 0.986 0.766 0.988 0.764 0.988 0.74 0.986 0.738 0.986 0.734 0.982 0.73
4 0.949 0.904 0.018 0.024 0.944 0.892 0.942 0.894 0.94 0.894 0.94 0.912 0.942 0.914 0.954 0.914 0.956 0.912 0.956 0.896 0.952 0.892
3 0.536 0.787 0.032 0.034 0.526 0.77 0.524 0.772 0.52 0.772 0.52 0.798 0.524 0.802 0.544 0.802 0.546 0.8 0.548 0.8 0.55 0.798 0.55 0.778 0.548 0.776 0.548 0.772 0.546 0.77
3 0.479 0.793 0.034 0.034 0.47 0.776 0.468 0.778 0.464 0.778 0.462 0.78 0.462 0.79 0.464 0.792 0.464 0.806 0.466 0.806 0.468 0.808 0.484 0.808 0.486 0.806 0.49 0.806 0.494 0.802 0.494 0.792 0.492 0.79 0.492 0.776
3 0.836 0.766 0.028 0.032 0.832 0.75 0.83 0.752 0.826 0.752 0.822 0.756 0.822 0.76 0.824 0.762 0.824 0.778 0.826 0.78 0.844 0.78 0.846 0.778 0.848 0.778 0.848 0.76 0.846 0.758 0.846 0.752 0.844 0.75
3 0.78 0.77 0.028 0.036 0.776 0.752 0.774 0.754 0.77 0.754 0.766 0.758 0.766 0.782 0.77 0.786 0.788 0.786 0.79 0.784 0.792 0.784 0.792 0.764 0.79 0.762 0.79 0.756 0.788 0.754 0.786 0.754 0.784 0.752
4 0.47 0.861 0.016 0.022 0.464 0.85 0.462 0.852 0.462 0.864 0.464 0.866 0.464 0.868 0.466 0.87 0.472 0.87 0.476 0.866 0.476 0.852 0.474 0.85
3 0.934 0.759 0.032 0.026 0.934 0.746 0.932 0.748 0.922 0.748 0.92 0.75 0.918 0.75 0.918 0.754 0.92 0.756 0.92 0.762 0.922 0.764 0.922 0.766 0.926 0.77 0.942 0.77 0.944 0.768 0.948 0.768 0.948 0.748 0.946 0.746
3 0.337 0.805 0.034 0.034 0.338 0.788 0.336 0.79 0.324 0.79 0.322 0.792 0.322 0.794 0.32 0.796 0.32 0.798 0.322 0.8 0.322 0.814 0.324 0.816 0.324 0.818 0.326 0.82 0.346 0.82 0.348 0.818 0.35 0.818 0.352 0.816 0.352 0.794 0.35 0.792 0.35 0.79 0.348 0.788
3 0.394 0.8 0.032 0.036 0.402 0.782 0.4 0.784 0.38 0.784 0.378 0.786 0.378 0.804 0.38 0.806 0.38 0.814 0.382 0.814 0.384 0.816 0.396 0.816 0.398 0.814 0.404 0.814 0.406 0.812 0.408 0.812 0.408 0.786 0.404 0.782
1 0.383 0.966 0.134 0.068 0.416 0.932 0.414 0.934 0.398 0.934 0.396 0.936 0.396 0.942 0.398 0.944 0.398 0.948 0.396 0.95 0.396 0.956 0.398 0.958 0.398 0.97 0.396 0.972 0.394 0.972 0.392 0.97 0.37 0.97 0.368 0.968 0.368 0.966 0.366 0.964 0.366 0.948 0.368 0.946 0.368 0.944 0.366 0.942 0.35 0.942 0.348 0.944 0.33 0.944 0.328 0.946 0.322 0.946 0.32 0.948 0.318 0.948 0.316 0.95 0.316 0.98 0.318 0.982 0.318 0.998 0.446 0.998 0.448 0.996 0.448 0.972 0.446 0.97 0.446 0.962 0.444 0.96 0.444 0.954 0.442 0.952 0.442 0.944 0.44 0.942 0.44 0.94 0.438 0.938 0.434 0.938 0.43 0.934 0.428 0.934 0.426 0.932 0.422 0.932 0.42 0.934 0.418 0.934
4 0.683 0.021 0.03 0.03 0.68 0.006 0.672 0.014 0.67 0.014 0.67 0.016 0.668 0.018 0.668 0.022 0.67 0.024 0.67 0.026 0.676 0.032 0.678 0.032 0.68 0.034 0.684 0.034 0.686 0.032 0.688 0.032 0.696 0.024 0.696 0.02 0.694 0.018 0.694 0.016 0.692 0.016 0.684 0.008 0.682 0.008
7 0.98 0.922 0.02 0.024 0.984 0.91 0.982 0.912 0.974 0.912 0.97 0.916 0.97 0.928 0.974 0.932 0.98 0.932 0.982 0.93 0.984 0.93 0.988 0.926 0.988 0.912 0.986 0.91
4 0.188 0.125 0.024 0.022 0.184 0.114 0.176 0.122 0.176 0.13 0.178 0.132 0.18 0.132 0.182 0.134 0.188 0.134 0.196 0.126 0.196 0.124 0.198 0.122 0.196 0.12 0.196 0.116 0.194 0.114
4 0.09 0.309 0.016 0.014 0.084 0.302 0.084 0.304 0.082 0.306 0.082 0.308 0.084 0.31 0.084 0.312 0.086 0.314 0.096 0.314 0.096 0.306 0.092 0.302
4 0.542 0.444 0.024 0.024 0.538 0.432 0.532 0.438 0.532 0.44 0.53 0.442 0.53 0.446 0.532 0.448 0.532 0.45 0.534 0.452 0.536 0.452 0.538 0.454 0.54 0.454 0.542 0.452 0.544 0.452 0.55 0.446 0.55 0.444 0.552 0.442 0.55 0.44 0.55 0.438 0.544 0.432
4 0.435 0.587 0.026 0.03 0.432 0.572 0.424 0.58 0.424 0.582 0.422 0.584 0.422 0.592 0.43 0.6 0.436 0.6 0.438 0.598 0.438 0.596 0.444 0.59 0.444 0.588 0.446 0.586 0.446 0.58 0.444 0.578 0.444 0.576 0.44 0.572
4 0.467 0.615 0.03 0.03 0.464 0.6 0.454 0.61 0.454 0.612 0.452 0.614 0.452 0.622 0.458 0.628 0.464 0.628 0.478 0.614 0.478 0.612 0.48 0.61 0.48 0.608 0.478 0.606 0.478 0.604 0.476 0.602 0.474 0.602 0.472 0.6
4 0.83 0.915 0.024 0.026 0.822 0.902 0.818 0.906 0.818 0.916 0.82 0.918 0.82 0.924 0.822 0.926 0.834 0.926 0.836 0.924 0.838 0.924 0.84 0.922 0.84 0.904 0.838 0.902
4 0.416 0.865 0.02 0.022 0.41 0.854 0.406 0.858 0.406 0.866 0.408 0.868 0.408 0.872 0.41 0.874 0.42 0.874 0.424 0.87 0.424 0.86 0.422 0.858 0.422 0.856 0.42 0.854
4 0.858 0.834 0.016 0.02 0.856 0.824 0.854 0.826 0.852 0.826 0.85 0.828 0.85 0.838 0.852 0.84 0.852 0.842 0.862 0.842 0.862 0.84 0.864 0.838 0.864 0.828 0.862 0.826 0.86 0.826 0.858 0.824
4 0.16 0.313 0.016 0.014 0.156 0.306 0.156 0.308 0.154 0.31 0.154 0.312 0.152 0.314 0.156 0.318 0.162 0.318 0.166 0.314 0.166 0.308 0.164 0.306
5 0.381 0.881 0.018 0.014 0.378 0.874 0.376 0.876 0.374 0.876 0.372 0.878 0.372 0.884 0.374 0.886 0.386 0.886 0.388 0.884 0.388 0.874
7 0.094 0.235 0.024 0.018 0.088 0.226 0.086 0.228 0.082 0.228 0.082 0.234 0.086 0.238 0.086 0.24 0.088 0.24 0.09 0.242 0.102 0.242 0.104 0.24 0.104 0.23 0.1 0.226
7 0.219 0.299 0.01 0.01 0.214 0.294 0.214 0.3 0.216 0.302 0.218 0.302 0.222 0.298 0.222 0.294
5 0.508 0.868 0.02 0.016 0.508 0.86 0.506 0.862 0.5 0.862 0.498 0.864 0.498 0.872 0.5 0.874 0.514 0.874 0.516 0.872 0.516 0.862 0.514 0.862 0.512 0.86
5 0.819 0.846 0.022 0.016 0.81 0.838 0.81 0.84 0.808 0.842 0.808 0.846 0.81 0.848 0.81 0.85 0.812 0.852 0.824 0.852 0.826 0.85 0.828 0.85 0.828 0.84 0.826 0.838
5 0.947 0.835 0.022 0.014 0.938 0.828 0.938 0.83 0.936 0.832 0.936 0.836 0.94 0.84 0.952 0.84 0.954 0.838 0.956 0.838 0.956 0.83 0.954 0.828
5 0.552 0.528 0.032 0.028 0.554 0.514 0.552 0.516 0.55 0.516 0.54 0.526 0.538 0.526 0.536 0.528 0.536 0.532 0.542 0.538 0.546 0.538 0.548 0.54 0.55 0.538 0.558 0.538 0.566 0.53 0.566 0.522 0.56 0.516 0.558 0.516 0.556 0.514
5 0.497 0.454 0.022 0.02 0.494 0.444 0.492 0.446 0.486 0.446 0.486 0.454 0.488 0.454 0.496 0.462 0.5 0.462 0.504 0.458 0.504 0.456 0.506 0.454 0.506 0.45 0.502 0.446 0.5 0.446 0.498 0.444
5 0.041 0.237 0.018 0.026 0.038 0.224 0.034 0.228 0.034 0.232 0.032 0.234 0.032 0.244 0.034 0.246 0.034 0.248 0.036 0.248 0.042 0.242 0.044 0.242 0.046 0.24 0.046 0.238 0.048 0.236 0.048 0.23 0.044 0.226 0.042 0.226 0.04 0.224
5 0.149 0.19 0.022 0.024 0.146 0.178 0.138 0.186 0.138 0.192 0.144 0.198 0.146 0.198 0.148 0.2 0.15 0.2 0.158 0.192 0.158 0.184 0.156 0.182 0.156 0.18 0.154 0.18 0.152 0.178
5 0.121 0.093 0.026 0.026 0.114 0.08 0.108 0.086 0.108 0.094 0.11 0.096 0.112 0.096 0.12 0.104 0.124 0.104 0.126 0.102 0.128 0.102 0.132 0.098 0.132 0.088 0.128 0.084 0.126 0.084 0.122 0.08
4 0.378 0.959 0.016 0.026 0.372 0.946 0.37 0.948 0.37 0.96 0.372 0.962 0.372 0.968 0.384 0.968 0.384 0.948 0.382 0.946
4 0.529 0.947 0.03 0.034 0.52 0.93 0.518 0.932 0.516 0.932 0.514 0.934 0.514 0.944 0.516 0.946 0.516 0.96 0.518 0.962 0.538 0.962 0.542 0.958 0.542 0.954 0.54 0.952 0.54 0.936 0.538 0.934 0.538 0.93
7 0.534 0.516 0.016 0.02 0.536 0.506 0.532 0.51 0.53 0.51 0.528 0.512 0.528 0.514 0.526 0.516 0.526 0.518 0.532 0.524 0.536 0.524 0.54 0.52 0.54 0.508 0.538 0.506
7 0.893 0.828 0.014 0.012 0.888 0.822 0.886 0.824 0.886 0.826 0.888 0.828 0.888 0.832 0.892 0.832 0.894 0.83 0.896 0.83 0.898 0.828 0.898 0.826 0.894 0.822
