5 0.875 0.484 0.022 0.024 0.876 0.472 0.876 0.474 0.874 0.476 0.866 0.476 0.866 0.48 0.864 0.482 0.864 0.486 0.866 0.488 0.866 0.49 0.874 0.49 0.878 0.494 0.882 0.494 0.884 0.492 0.884 0.474 0.882 0.474 0.88 0.472
7 0.378 0.956 0.016 0.02 0.372 0.946 0.37 0.948 0.37 0.956 0.372 0.958 0.372 0.96 0.376 0.964 0.38 0.964 0.384 0.96 0.384 0.954 0.378 0.948 0.376 0.948 0.374 0.946
4 0.383 0.419 0.014 0.014 0.38 0.412 0.376 0.416 0.376 0.42 0.38 0.424 0.384 0.424 0.388 0.42 0.388 0.416 0.384 0.412
2 0.233 0.847 0.162 0.146 0.208 0.774 0.204 0.778 0.204 0.78 0.202 0.782 0.202 0.784 0.198 0.788 0.198 0.79 0.194 0.794 0.194 0.796 0.19 0.8 0.19 0.802 0.188 0.804 0.188 0.806 0.184 0.81 0.184 0.812 0.18 0.816 0.18 0.818 0.176 0.822 0.176 0.824 0.174 0.826 0.174 0.828 0.17 0.832 0.17 0.834 0.166 0.838 0.166 0.84 0.162 0.844 0.162 0.846 0.16 0.848 0.16 0.85 0.156 0.854 0.156 0.856 0.152 0.86 0.154 0.862 0.156 0.862 0.16 0.866 0.162 0.866 0.164 0.868 0.166 0.868 0.168 0.87 0.17 0.87 0.172 0.872 0.174 0.872 0.178 0.876 0.18 0.876 0.182 0.878 0.184 0.878 0.186 0.88 0.188 0.88 0.19 0.882 0.192 0.882 0.196 0.886 0.198 0.886 0.2 0.888 0.202 0.888 0.204 0.89 0.206 0.89 0.208 0.892 0.21 0.892 0.214 0.896 0.216 0.896 0.218 0.898 0.22 0.898 0.222 0.9 0.224 0.9 0.226 0.902 0.228 0.902 0.232 0.906 0.234 0.906 0.236 0.908 0.238 0.908 0.24 0.91 0.242 0.91 0.244 0.912 0.246 0.912 0.25 0.916 0.252 0.916 0.254 0.918 0.26 0.912 0.26 0.91 0.264 0.906 0.264 0.904 0.27 0.898 0.27 0.896 0.276 0.89 0.276 0.888 0.28 0.884 0.28 0.882 0.286 0.876 0.286 0.874 0.29 0.87 0.29 0.868 0.296 0.862 0.296 0.86 0.302 0.854 0.302 0.852 0.306 0.848 0.306 0.846 0.312 0.84 0.308 0.836 0.306 0.836 0.304 0.834 0.302 0.834 0.298 0.83 0.296 0.83 0.292 0.826 0.29 0.826 0.288 0.824 0.286 0.824 0.282 0.82 0.28 0.82 0.276 0.816 0.274 0.816 0.272 0.814 0.27 0.814 0.266 0.81 0.264 0.81 0.262 0.808 0.26 0.808 0.256 0.804 0.254 0.804 0.25 0.8 0.248 0.8 0.246 0.798 0.244 0.798 0.24 0.794 0.238 0.794 0.234 0.79 0.232 0.79 0.23 0.788 0.228 0.788 0.224 0.784 0.222 0.784 0.218 0.78 0.216 0.78 0.214 0.778 0.212 0.778
4 0.44 0.408 0.024 0.024 0.442 0.396 0.44 0.398 0.428 0.398 0.428 0.418 0.448 0.418 0.45 0.416 0.45 0.4 0.446 0.396
4 0.514 0.409 0.024 0.022 0.506 0.398 0.502 0.402 0.502 0.414 0.504 0.416 0.504 0.418 0.514 0.418 0.516 0.416 0.522 0.416 0.524 0.414 0.524 0.398
4 0.597 0.498 0.018 0.016 0.59 0.49 0.588 0.492 0.588 0.504 0.602 0.504 0.604 0.502 0.604 0.492 0.602 0.49
4 0.484 0.523 0.024 0.022 0.474 0.512 0.472 0.514 0.472 0.53 0.474 0.532 0.49 0.532 0.494 0.528 0.494 0.516 0.49 0.512
7 0.927 0.53 0.014 0.02 0.92 0.52 0.92 0.538 0.928 0.538 0.932 0.534 0.932 0.522 0.93 0.52
4 0.433 0.601 0.026 0.022 0.42 0.59 0.42 0.608 0.422 0.61 0.444 0.61 0.444 0.592 0.442 0.59
5 0.669 0.416 0.018 0.028 0.668 0.402 0.666 0.404 0.662 0.404 0.66 0.406 0.66 0.418 0.662 0.42 0.662 0.426 0.664 0.428 0.672 0.428 0.674 0.426 0.676 0.426 0.676 0.408 0.674 0.406 0.674 0.404 0.67 0.404
7 0.903 0.497 0.01 0.014 0.9 0.49 0.9 0.492 0.898 0.494 0.9 0.496 0.9 0.5 0.902 0.502 0.906 0.502 0.906 0.494 0.904 0.492 0.904 0.49
5 0.383 0.908 0.03 0.028 0.386 0.894 0.384 0.896 0.38 0.896 0.378 0.898 0.376 0.898 0.37 0.904 0.37 0.906 0.368 0.908 0.368 0.912 0.374 0.918 0.378 0.918 0.38 0.92 0.384 0.92 0.392 0.912 0.392 0.91 0.396 0.906 0.396 0.898 0.394 0.898 0.392 0.896 0.388 0.896
5 0.446 0.909 0.032 0.026 0.438 0.896 0.432 0.902 0.432 0.904 0.43 0.906 0.43 0.91 0.432 0.912 0.432 0.914 0.434 0.916 0.436 0.916 0.44 0.92 0.448 0.92 0.458 0.91 0.458 0.908 0.46 0.906 0.46 0.904 0.454 0.898 0.448 0.898 0.446 0.896
7 0.502 0.22 0.02 0.012 0.494 0.214 0.492 0.216 0.492 0.222 0.496 0.222 0.498 0.224 0.5 0.222 0.508 0.222 0.51 0.22 0.51 0.216 0.508 0.214
7 0.923 0.431 0.014 0.026 0.92 0.418 0.916 0.422 0.916 0.44 0.918 0.442 0.922 0.442 0.926 0.438 0.926 0.436 0.928 0.434 0.928 0.42 0.926 0.418
7 0.531 0.44 0.01 0.008 0.526 0.436 0.526 0.438 0.528 0.44 0.528 0.442 0.534 0.442 0.534 0.436
7 0.926 0.459 0.012 0.01 0.922 0.454 0.92 0.456 0.92 0.462 0.928 0.462 0.93 0.46 0.93 0.456 0.928 0.454
