7 0.414 0.828 0.016 0.008 0.41 0.824 0.408 0.826 0.406 0.826 0.406 0.828 0.408 0.83 0.42 0.83 0.42 0.824
3 0.467 0.57 0.074 0.06 0.468 0.54 0.464 0.544 0.462 0.544 0.46 0.546 0.452 0.546 0.45 0.548 0.448 0.548 0.446 0.55 0.442 0.55 0.438 0.554 0.436 0.554 0.434 0.556 0.432 0.556 0.43 0.558 0.43 0.562 0.432 0.564 0.432 0.566 0.434 0.568 0.434 0.57 0.436 0.572 0.436 0.576 0.438 0.578 0.438 0.58 0.44 0.582 0.44 0.584 0.444 0.588 0.444 0.59 0.446 0.592 0.446 0.598 0.462 0.598 0.466 0.594 0.468 0.594 0.47 0.592 0.472 0.592 0.474 0.59 0.476 0.59 0.478 0.588 0.48 0.588 0.482 0.586 0.484 0.586 0.486 0.584 0.488 0.584 0.49 0.582 0.494 0.582 0.498 0.578 0.5 0.578 0.502 0.576 0.5 0.574 0.498 0.574 0.496 0.572 0.496 0.564 0.494 0.562 0.492 0.562 0.488 0.558 0.488 0.556 0.486 0.554 0.486 0.552 0.484 0.55 0.484 0.546 0.48 0.542 0.47 0.542
3 0.021 0.606 0.042 0.092 0.006 0.56 0.004 0.562 0.002 0.562 0.0 0.564 0.0 0.65 0.004 0.65 0.006 0.648 0.008 0.648 0.01 0.646 0.014 0.646 0.016 0.644 0.018 0.644 0.02 0.642 0.022 0.642 0.024 0.64 0.026 0.64 0.028 0.638 0.03 0.638 0.032 0.636 0.034 0.636 0.036 0.634 0.038 0.634 0.038 0.632 0.04 0.63 0.04 0.628 0.038 0.626 0.038 0.624 0.036 0.622 0.036 0.618 0.034 0.616 0.034 0.614 0.032 0.612 0.032 0.61 0.03 0.608 0.03 0.606 0.028 0.604 0.028 0.602 0.026 0.6 0.026 0.598 0.024 0.596 0.024 0.592 0.02 0.588 0.02 0.584 0.018 0.582 0.018 0.58 0.016 0.578 0.016 0.576 0.014 0.574 0.014 0.57 0.012 0.568 0.012 0.564 0.01 0.562 0.01 0.56
4 0.414 0.494 0.024 0.024 0.412 0.482 0.41 0.484 0.406 0.484 0.402 0.488 0.402 0.498 0.404 0.5 0.404 0.502 0.406 0.502 0.408 0.504 0.42 0.504 0.422 0.502 0.424 0.502 0.424 0.496 0.422 0.494 0.422 0.492 0.42 0.49 0.42 0.488 0.414 0.482
5 0.555 0.458 0.018 0.02 0.552 0.448 0.546 0.454 0.546 0.464 0.548 0.466 0.554 0.466 0.556 0.464 0.558 0.464 0.56 0.462 0.56 0.46 0.562 0.458 0.56 0.456 0.56 0.452 0.556 0.448
2 0.942 0.959 0.096 0.038 0.966 0.942 0.964 0.944 0.93 0.944 0.928 0.946 0.924 0.946 0.922 0.948 0.91 0.948 0.908 0.95 0.894 0.95 0.896 0.952 0.904 0.952 0.906 0.95 0.912 0.95 0.916 0.954 0.914 0.956 0.914 0.958 0.912 0.96 0.91 0.96 0.908 0.962 0.906 0.962 0.904 0.964 0.902 0.962 0.902 0.958 0.9 0.96 0.896 0.96 0.896 0.962 0.898 0.962 0.9 0.964 0.9 0.966 0.902 0.968 0.902 0.972 0.906 0.976 0.918 0.976 0.92 0.974 0.93 0.974 0.932 0.972 0.938 0.972 0.94 0.97 0.954 0.97 0.956 0.968 0.96 0.968 0.964 0.964 0.964 0.956 0.966 0.954 0.966 0.952 0.968 0.95 0.974 0.95 0.978 0.946 0.988 0.946 0.986 0.944 0.984 0.946 0.974 0.946 0.97 0.942
0 0.048 0.547 0.048 0.046 0.056 0.524 0.054 0.526 0.052 0.526 0.05 0.528 0.048 0.528 0.046 0.53 0.044 0.53 0.042 0.532 0.04 0.532 0.038 0.534 0.034 0.534 0.032 0.536 0.03 0.536 0.028 0.538 0.024 0.538 0.024 0.546 0.026 0.548 0.026 0.55 0.028 0.552 0.028 0.556 0.03 0.558 0.03 0.56 0.032 0.562 0.032 0.564 0.036 0.568 0.038 0.568 0.04 0.566 0.042 0.566 0.044 0.564 0.048 0.564 0.05 0.562 0.052 0.562 0.054 0.56 0.056 0.56 0.058 0.558 0.06 0.558 0.062 0.556 0.064 0.556 0.066 0.554 0.068 0.554 0.07 0.552 0.07 0.544 0.068 0.542 0.068 0.538 0.066 0.536 0.066 0.532 0.064 0.53 0.064 0.528 0.062 0.526 0.062 0.524
7 0.416 0.46 0.028 0.016 0.416 0.452 0.414 0.454 0.412 0.454 0.41 0.456 0.408 0.456 0.406 0.458 0.404 0.458 0.402 0.46 0.402 0.462 0.404 0.462 0.406 0.464 0.41 0.464 0.412 0.466 0.416 0.466 0.418 0.464 0.426 0.464 0.428 0.462 0.428 0.458 0.426 0.458 0.422 0.454 0.422 0.452
5 0.026 0.481 0.016 0.018 0.02 0.472 0.018 0.474 0.018 0.486 0.02 0.488 0.028 0.488 0.03 0.486 0.03 0.484 0.032 0.482 0.032 0.48 0.03 0.478 0.03 0.474 0.028 0.472
7 0.457 0.977 0.018 0.014 0.462 0.97 0.46 0.972 0.458 0.972 0.456 0.974 0.454 0.974 0.452 0.976 0.45 0.976 0.448 0.978 0.448 0.982 0.46 0.982 0.462 0.98 0.464 0.98 0.464 0.972
7 0.356 0.951 0.04 0.074 0.344 0.914 0.342 0.916 0.338 0.916 0.336 0.918 0.336 0.924 0.338 0.926 0.338 0.93 0.34 0.932 0.34 0.938 0.342 0.94 0.342 0.944 0.344 0.946 0.344 0.954 0.346 0.956 0.346 0.964 0.348 0.966 0.348 0.974 0.35 0.976 0.35 0.98 0.352 0.982 0.352 0.984 0.354 0.986 0.372 0.986 0.374 0.984 0.374 0.97 0.372 0.968 0.372 0.962 0.37 0.96 0.37 0.954 0.368 0.952 0.368 0.946 0.366 0.944 0.366 0.938 0.364 0.936 0.364 0.93 0.362 0.928 0.362 0.92 0.36 0.918 0.36 0.916 0.358 0.916 0.356 0.914
7 0.422 0.856 0.036 0.016 0.432 0.848 0.43 0.85 0.418 0.85 0.416 0.852 0.414 0.852 0.412 0.854 0.41 0.854 0.404 0.86 0.406 0.862 0.416 0.862 0.418 0.86 0.422 0.86 0.426 0.856 0.43 0.856 0.432 0.854 0.438 0.854 0.438 0.85 0.436 0.848
5 0.404 0.594 0.02 0.02 0.4 0.584 0.4 0.586 0.394 0.592 0.394 0.6 0.396 0.602 0.408 0.602 0.412 0.598 0.412 0.59 0.41 0.588 0.41 0.586 0.408 0.584
5 0.385 0.841 0.018 0.022 0.382 0.83 0.376 0.836 0.376 0.848 0.378 0.85 0.388 0.85 0.39 0.848 0.39 0.846 0.392 0.844 0.392 0.838 0.39 0.836 0.39 0.832 0.388 0.832 0.386 0.83
