1 0.053 0.113 0.106 0.198 0.022 0.014 0.02 0.016 0.018 0.016 0.016 0.018 0.016 0.02 0.01 0.026 0.01 0.028 0.0 0.038 0.0 0.21 0.002 0.208 0.002 0.206 0.01 0.198 0.01 0.196 0.018 0.188 0.02 0.188 0.02 0.186 0.03 0.176 0.03 0.174 0.038 0.166 0.038 0.164 0.048 0.154 0.048 0.152 0.062 0.138 0.062 0.136 0.07 0.128 0.07 0.126 0.076 0.12 0.076 0.118 0.088 0.106 0.088 0.104 0.094 0.098 0.094 0.096 0.1 0.09 0.1 0.088 0.104 0.084 0.104 0.082 0.092 0.07 0.09 0.07 0.082 0.062 0.08 0.062 0.064 0.046 0.062 0.046 0.052 0.036 0.05 0.036 0.044 0.03 0.042 0.03 0.034 0.022 0.032 0.022 0.026 0.016 0.024 0.016
2 0.444 0.662 0.096 0.06 0.472 0.632 0.47 0.634 0.464 0.634 0.462 0.636 0.46 0.636 0.458 0.638 0.454 0.638 0.452 0.64 0.446 0.64 0.444 0.642 0.44 0.642 0.438 0.644 0.432 0.644 0.43 0.646 0.428 0.646 0.426 0.648 0.422 0.648 0.42 0.65 0.412 0.65 0.41 0.652 0.398 0.652 0.396 0.654 0.396 0.664 0.398 0.666 0.398 0.672 0.4 0.674 0.4 0.676 0.402 0.678 0.402 0.68 0.404 0.682 0.404 0.686 0.408 0.69 0.452 0.69 0.454 0.688 0.46 0.688 0.466 0.682 0.488 0.682 0.49 0.68 0.49 0.67 0.488 0.668 0.488 0.662 0.486 0.66 0.486 0.658 0.484 0.656 0.484 0.652 0.482 0.65 0.482 0.646 0.48 0.644 0.48 0.64 0.478 0.638 0.478 0.636 0.474 0.632
7 0.426 0.584 0.068 0.12 0.406 0.524 0.404 0.526 0.4 0.526 0.398 0.528 0.396 0.528 0.392 0.532 0.394 0.534 0.394 0.538 0.396 0.54 0.396 0.542 0.398 0.544 0.398 0.548 0.4 0.55 0.4 0.554 0.402 0.556 0.402 0.56 0.404 0.562 0.404 0.566 0.406 0.568 0.406 0.57 0.408 0.572 0.408 0.576 0.41 0.578 0.41 0.582 0.412 0.584 0.412 0.588 0.414 0.59 0.414 0.594 0.416 0.596 0.416 0.6 0.418 0.602 0.418 0.604 0.42 0.606 0.42 0.61 0.422 0.612 0.422 0.614 0.424 0.616 0.424 0.622 0.426 0.624 0.426 0.626 0.428 0.628 0.428 0.632 0.43 0.634 0.43 0.638 0.434 0.642 0.436 0.642 0.438 0.64 0.444 0.64 0.446 0.638 0.45 0.638 0.452 0.636 0.454 0.636 0.458 0.632 0.456 0.63 0.456 0.626 0.454 0.624 0.454 0.622 0.452 0.62 0.452 0.618 0.45 0.616 0.45 0.614 0.448 0.612 0.448 0.608 0.446 0.606 0.446 0.602 0.444 0.6 0.444 0.598 0.442 0.596 0.442 0.592 0.44 0.59 0.44 0.586 0.438 0.584 0.438 0.58 0.436 0.578 0.436 0.574 0.434 0.572 0.434 0.568 0.432 0.566 0.432 0.56 0.43 0.558 0.43 0.554 0.428 0.552 0.428 0.548 0.426 0.546 0.426 0.542 0.424 0.54 0.424 0.534 0.422 0.532 0.422 0.528 0.42 0.526 0.42 0.524
7 0.082 0.417 0.012 0.014 0.076 0.41 0.076 0.422 0.082 0.422 0.086 0.418 0.086 0.412 0.084 0.41
5 0.669 0.996 0.018 0.008 0.668 0.992 0.666 0.994 0.664 0.994 0.66 0.998 0.676 0.998 0.67 0.992
7 0.546 0.455 0.02 0.01 0.538 0.45 0.536 0.452 0.536 0.456 0.538 0.458 0.548 0.458 0.554 0.452 0.554 0.45
4 0.072 0.586 0.02 0.02 0.066 0.576 0.064 0.578 0.064 0.58 0.062 0.582 0.062 0.584 0.064 0.586 0.064 0.59 0.068 0.594 0.078 0.594 0.08 0.592 0.08 0.578 0.078 0.576
7 0.035 0.899 0.07 0.074 0.052 0.862 0.048 0.866 0.048 0.868 0.018 0.898 0.018 0.9 0.0 0.918 0.0 0.928 0.002 0.93 0.004 0.93 0.006 0.932 0.008 0.932 0.01 0.934 0.016 0.934 0.016 0.932 0.032 0.916 0.032 0.914 0.048 0.898 0.048 0.896 0.064 0.88 0.064 0.878 0.068 0.874 0.068 0.87 0.062 0.864 0.06 0.864 0.058 0.862
5 0.532 0.587 0.016 0.018 0.528 0.578 0.524 0.582 0.524 0.588 0.526 0.59 0.526 0.592 0.528 0.594 0.538 0.594 0.538 0.586 0.536 0.584 0.536 0.582 0.532 0.578
7 0.473 0.6 0.022 0.016 0.468 0.592 0.462 0.598 0.462 0.6 0.464 0.602 0.464 0.604 0.466 0.606 0.478 0.606 0.48 0.604 0.48 0.6 0.482 0.598 0.482 0.596 0.478 0.592
5 0.531 0.421 0.022 0.018 0.524 0.412 0.522 0.414 0.522 0.416 0.52 0.418 0.52 0.424 0.524 0.428 0.53 0.428 0.532 0.426 0.536 0.426 0.54 0.422 0.54 0.418 0.538 0.416 0.538 0.414 0.536 0.414 0.534 0.412
4 0.592 0.597 0.024 0.022 0.59 0.586 0.588 0.588 0.584 0.588 0.582 0.59 0.582 0.592 0.58 0.594 0.58 0.598 0.582 0.6 0.582 0.602 0.586 0.606 0.592 0.606 0.594 0.604 0.596 0.604 0.602 0.598 0.602 0.592 0.6 0.59 0.6 0.586
7 0.11 0.965 0.072 0.07 0.132 0.93 0.13 0.932 0.128 0.932 0.12 0.94 0.12 0.942 0.094 0.968 0.094 0.97 0.076 0.988 0.076 0.992 0.074 0.994 0.074 0.996 0.076 0.998 0.096 0.998 0.108 0.986 0.108 0.984 0.122 0.97 0.122 0.968 0.142 0.948 0.142 0.946 0.144 0.944 0.144 0.942 0.136 0.934 0.136 0.932 0.134 0.93
7 0.399 0.956 0.018 0.016 0.398 0.948 0.392 0.954 0.392 0.956 0.39 0.958 0.394 0.962 0.402 0.962 0.404 0.96 0.404 0.958 0.406 0.956 0.406 0.952 0.404 0.95 0.404 0.948
4 0.218 0.551 0.04 0.022 0.228 0.54 0.226 0.542 0.222 0.542 0.22 0.544 0.214 0.544 0.212 0.542 0.21 0.542 0.208 0.544 0.204 0.544 0.202 0.546 0.198 0.546 0.198 0.558 0.2 0.56 0.212 0.56 0.216 0.556 0.218 0.558 0.234 0.558 0.236 0.556 0.236 0.544 0.234 0.542 0.23 0.542
