3 0.009 0.425 0.018 0.066 0.0 0.392 0.0 0.456 0.01 0.456 0.012 0.454 0.014 0.454 0.014 0.452 0.016 0.45 0.016 0.444 0.014 0.442 0.014 0.402 0.012 0.4 0.012 0.394 0.01 0.392
3 0.015 0.547 0.03 0.042 0.0 0.526 0.0 0.566 0.006 0.566 0.008 0.564 0.024 0.564 0.028 0.56 0.028 0.53 0.026 0.528 0.026 0.526
6 0.232 0.055 0.128 0.074 0.2 0.018 0.198 0.02 0.17 0.02 0.168 0.022 0.168 0.068 0.17 0.07 0.17 0.088 0.176 0.088 0.178 0.09 0.18 0.088 0.202 0.088 0.204 0.09 0.218 0.09 0.22 0.088 0.222 0.09 0.226 0.09 0.228 0.088 0.236 0.088 0.238 0.09 0.242 0.09 0.244 0.088 0.264 0.088 0.266 0.086 0.274 0.086 0.276 0.084 0.29 0.084 0.292 0.082 0.294 0.082 0.294 0.068 0.292 0.066 0.294 0.064 0.292 0.062 0.292 0.04 0.29 0.038 0.29 0.034 0.292 0.032 0.29 0.03 0.29 0.026 0.292 0.024 0.288 0.02 0.286 0.02 0.284 0.018 0.23 0.018 0.228 0.02 0.226 0.018 0.214 0.018 0.212 0.02 0.21 0.018 0.208 0.018 0.206 0.02 0.202 0.02
7 0.237 0.398 0.01 0.012 0.234 0.392 0.232 0.394 0.232 0.402 0.238 0.402 0.24 0.4 0.24 0.396 0.238 0.394 0.238 0.392
7 0.615 0.387 0.01 0.01 0.612 0.382 0.61 0.384 0.61 0.388 0.612 0.39 0.616 0.39 0.618 0.388 0.618 0.384 0.616 0.382
4 0.587 0.563 0.022 0.022 0.58 0.552 0.578 0.554 0.576 0.554 0.576 0.57 0.578 0.572 0.592 0.572 0.596 0.568 0.596 0.558 0.592 0.554 0.586 0.554 0.584 0.552
7 0.547 0.404 0.01 0.012 0.544 0.398 0.542 0.4 0.542 0.404 0.546 0.408 0.548 0.408 0.55 0.406 0.55 0.398
7 0.572 0.416 0.012 0.012 0.568 0.41 0.566 0.412 0.566 0.416 0.57 0.42 0.572 0.42 0.576 0.416 0.576 0.414 0.574 0.412 0.574 0.41
7 0.035 0.424 0.01 0.008 0.032 0.42 0.03 0.422 0.03 0.424 0.032 0.426 0.036 0.426 0.038 0.424 0.038 0.42
7 0.371 0.54 0.01 0.012 0.368 0.534 0.368 0.536 0.366 0.538 0.366 0.54 0.368 0.542 0.368 0.544 0.372 0.544 0.374 0.542 0.374 0.534
5 0.709 0.996 0.018 0.008 0.706 0.994 0.704 0.996 0.702 0.996 0.7 0.998 0.716 0.998 0.716 0.996 0.714 0.994
4 0.136 0.541 0.016 0.018 0.128 0.532 0.128 0.548 0.142 0.548 0.142 0.532
4 0.72 0.946 0.02 0.02 0.714 0.936 0.712 0.938 0.71 0.938 0.71 0.948 0.714 0.952 0.72 0.952 0.722 0.954 0.726 0.954 0.728 0.952 0.728 0.936
4 0.746 0.991 0.024 0.018 0.738 0.982 0.734 0.986 0.734 0.994 0.736 0.996 0.736 0.998 0.756 0.998 0.756 0.982
3 0.211 0.542 0.034 0.044 0.198 0.52 0.196 0.522 0.196 0.528 0.194 0.53 0.194 0.552 0.196 0.554 0.196 0.56 0.198 0.562 0.222 0.562 0.226 0.558 0.226 0.53 0.224 0.528 0.224 0.524 0.222 0.522 0.216 0.522 0.214 0.52
4 0.073 0.426 0.018 0.02 0.066 0.416 0.064 0.418 0.064 0.428 0.066 0.43 0.066 0.432 0.068 0.434 0.078 0.434 0.08 0.432 0.08 0.418 0.078 0.418 0.076 0.416
4 0.601 0.41 0.014 0.024 0.598 0.398 0.596 0.4 0.594 0.4 0.594 0.416 0.596 0.418 0.596 0.42 0.604 0.42 0.606 0.418 0.606 0.4 0.602 0.4 0.6 0.398
4 0.516 0.407 0.012 0.022 0.512 0.396 0.51 0.398 0.51 0.412 0.512 0.414 0.512 0.416 0.518 0.416 0.52 0.414 0.52 0.396
4 0.387 0.409 0.018 0.018 0.382 0.4 0.378 0.404 0.378 0.41 0.38 0.412 0.38 0.414 0.382 0.416 0.39 0.416 0.392 0.414 0.392 0.412 0.394 0.41 0.394 0.404 0.39 0.4
3 0.273 0.538 0.034 0.04 0.27 0.518 0.268 0.52 0.26 0.52 0.256 0.524 0.256 0.552 0.26 0.556 0.284 0.556 0.286 0.554 0.286 0.552 0.288 0.55 0.288 0.53 0.286 0.528 0.286 0.522 0.284 0.52 0.282 0.52 0.28 0.518
4 0.566 0.014 0.028 0.02 0.556 0.004 0.552 0.008 0.552 0.018 0.554 0.02 0.554 0.022 0.576 0.022 0.578 0.02 0.578 0.006 0.574 0.006 0.572 0.004 0.57 0.004 0.568 0.006 0.566 0.004
5 0.104 0.455 0.02 0.022 0.098 0.444 0.094 0.448 0.094 0.46 0.098 0.464 0.106 0.464 0.108 0.462 0.11 0.462 0.112 0.46 0.112 0.448 0.108 0.444
5 0.633 0.477 0.018 0.014 0.626 0.47 0.624 0.472 0.624 0.482 0.638 0.482 0.64 0.48 0.64 0.472 0.638 0.47
4 0.342 0.535 0.02 0.022 0.338 0.524 0.336 0.526 0.334 0.526 0.332 0.528 0.332 0.542 0.334 0.544 0.348 0.544 0.35 0.542 0.35 0.528 0.346 0.524
4 0.398 0.532 0.02 0.024 0.392 0.52 0.388 0.524 0.388 0.53 0.39 0.532 0.39 0.538 0.392 0.54 0.392 0.542 0.402 0.542 0.406 0.538 0.406 0.524 0.402 0.52
4 0.082 0.543 0.016 0.022 0.074 0.532 0.074 0.552 0.08 0.552 0.082 0.55 0.088 0.55 0.088 0.532
5 0.489 0.443 0.018 0.022 0.49 0.432 0.488 0.434 0.48 0.434 0.48 0.45 0.482 0.452 0.494 0.452 0.496 0.45 0.496 0.434 0.494 0.434 0.492 0.432
5 0.361 0.445 0.018 0.022 0.354 0.434 0.352 0.436 0.352 0.452 0.354 0.454 0.368 0.454 0.368 0.438 0.366 0.436 0.362 0.436 0.36 0.434
5 0.235 0.451 0.018 0.022 0.232 0.44 0.23 0.442 0.226 0.442 0.226 0.458 0.23 0.458 0.232 0.46 0.234 0.458 0.242 0.458 0.242 0.442 0.24 0.442 0.238 0.44
1 0.655 0.538 0.098 0.108 0.658 0.484 0.656 0.486 0.61 0.486 0.606 0.49 0.606 0.544 0.608 0.546 0.608 0.584 0.61 0.586 0.61 0.588 0.612 0.59 0.624 0.59 0.626 0.588 0.65 0.588 0.652 0.586 0.682 0.586 0.684 0.584 0.698 0.584 0.7 0.582 0.7 0.578 0.702 0.576 0.702 0.57 0.7 0.568 0.702 0.566 0.702 0.516 0.7 0.514 0.7 0.488 0.696 0.484
1 0.112 0.526 0.124 0.088 0.098 0.482 0.096 0.484 0.064 0.484 0.064 0.488 0.062 0.49 0.062 0.492 0.06 0.494 0.058 0.494 0.056 0.496 0.05 0.496 0.05 0.56 0.052 0.562 0.052 0.566 0.064 0.566 0.066 0.568 0.068 0.568 0.07 0.566 0.072 0.568 0.124 0.568 0.126 0.566 0.144 0.566 0.148 0.562 0.148 0.556 0.15 0.554 0.166 0.554 0.168 0.552 0.17 0.552 0.17 0.55 0.172 0.548 0.172 0.53 0.17 0.528 0.17 0.496 0.164 0.49 0.164 0.486 0.162 0.484 0.162 0.482
3 0.118 0.423 0.064 0.058 0.124 0.394 0.122 0.396 0.096 0.396 0.094 0.398 0.088 0.398 0.086 0.4 0.086 0.412 0.088 0.414 0.088 0.416 0.09 0.418 0.09 0.42 0.098 0.428 0.098 0.43 0.102 0.434 0.102 0.436 0.108 0.442 0.11 0.442 0.114 0.446 0.114 0.448 0.116 0.45 0.12 0.45 0.122 0.448 0.124 0.448 0.134 0.438 0.136 0.438 0.144 0.43 0.146 0.43 0.146 0.428 0.148 0.426 0.148 0.41 0.146 0.408 0.146 0.4 0.144 0.398 0.144 0.396 0.14 0.396 0.138 0.394
7 0.295 0.413 0.01 0.01 0.292 0.408 0.29 0.41 0.29 0.414 0.292 0.414 0.294 0.416 0.296 0.416 0.298 0.414 0.298 0.41 0.296 0.408
3 0.626 0.976 0.08 0.048 0.614 0.952 0.612 0.954 0.59 0.954 0.588 0.956 0.586 0.956 0.586 0.984 0.588 0.986 0.588 0.998 0.612 0.998 0.612 0.974 0.614 0.972 0.622 0.972 0.624 0.97 0.642 0.97 0.644 0.972 0.644 0.998 0.662 0.998 0.662 0.992 0.664 0.99 0.664 0.978 0.662 0.976 0.662 0.962 0.654 0.954 0.65 0.954 0.648 0.952
4 0.472 0.533 0.036 0.038 0.456 0.514 0.454 0.516 0.454 0.546 0.456 0.548 0.456 0.55 0.486 0.55 0.488 0.548 0.488 0.518 0.486 0.516 0.486 0.514
0 0.63 0.986 0.032 0.028 0.624 0.972 0.622 0.974 0.614 0.974 0.614 0.998 0.642 0.998 0.642 0.972
4 0.472 0.405 0.016 0.018 0.464 0.396 0.464 0.404 0.466 0.406 0.466 0.408 0.468 0.41 0.468 0.412 0.474 0.412 0.478 0.408 0.478 0.406 0.476 0.404 0.476 0.4 0.474 0.398 0.474 0.396
4 0.26 0.413 0.016 0.018 0.256 0.404 0.254 0.406 0.254 0.408 0.252 0.41 0.252 0.414 0.254 0.416 0.254 0.418 0.256 0.42 0.264 0.42 0.264 0.416 0.266 0.414 0.266 0.408 0.262 0.404
4 0.531 0.532 0.038 0.04 0.514 0.512 0.512 0.514 0.512 0.546 0.514 0.548 0.516 0.548 0.518 0.55 0.536 0.55 0.538 0.548 0.546 0.548 0.546 0.542 0.548 0.54 0.546 0.538 0.546 0.518 0.54 0.512
4 0.335 0.41 0.018 0.024 0.328 0.398 0.326 0.4 0.326 0.416 0.328 0.418 0.33 0.418 0.332 0.42 0.338 0.42 0.342 0.416 0.342 0.404 0.34 0.402 0.34 0.4 0.336 0.4 0.334 0.398
