4 0.249 0.42 0.034 0.028 0.252 0.406 0.248 0.41 0.246 0.41 0.242 0.414 0.24 0.414 0.234 0.42 0.234 0.422 0.232 0.424 0.232 0.43 0.234 0.432 0.236 0.432 0.238 0.43 0.24 0.43 0.246 0.424 0.248 0.424 0.25 0.422 0.254 0.422 0.256 0.42 0.258 0.42 0.26 0.418 0.262 0.418 0.264 0.416 0.264 0.41 0.26 0.406
7 0.73 0.28 0.032 0.02 0.72 0.27 0.718 0.272 0.716 0.272 0.714 0.274 0.714 0.282 0.718 0.286 0.722 0.286 0.724 0.288 0.744 0.288 0.744 0.276 0.74 0.272 0.734 0.272 0.732 0.27
7 0.191 0.243 0.01 0.01 0.186 0.238 0.186 0.244 0.188 0.246 0.192 0.246 0.194 0.244 0.194 0.242 0.19 0.238
5 0.117 0.391 0.018 0.018 0.11 0.382 0.108 0.384 0.108 0.392 0.11 0.394 0.11 0.396 0.112 0.398 0.124 0.398 0.124 0.386 0.12 0.382
5 0.079 0.302 0.018 0.016 0.076 0.294 0.074 0.296 0.072 0.296 0.07 0.298 0.07 0.304 0.072 0.306 0.074 0.306 0.076 0.308 0.078 0.306 0.082 0.306 0.086 0.302 0.086 0.298 0.082 0.294
4 0.225 0.368 0.026 0.02 0.226 0.358 0.224 0.36 0.222 0.36 0.218 0.364 0.216 0.364 0.212 0.368 0.212 0.374 0.214 0.376 0.22 0.376 0.224 0.372 0.226 0.372 0.228 0.37 0.23 0.37 0.232 0.368 0.234 0.368 0.234 0.366 0.236 0.364 0.236 0.362 0.232 0.358
4 0.19 0.315 0.028 0.026 0.188 0.302 0.186 0.304 0.184 0.304 0.182 0.306 0.18 0.306 0.176 0.31 0.176 0.312 0.178 0.314 0.178 0.318 0.182 0.322 0.182 0.324 0.184 0.326 0.188 0.326 0.192 0.322 0.194 0.322 0.198 0.318 0.2 0.318 0.2 0.316 0.202 0.314 0.202 0.31 0.2 0.308 0.2 0.304 0.198 0.302
4 0.004 0.315 0.008 0.034 0.0 0.298 0.0 0.33 0.002 0.328 0.004 0.328 0.004 0.324 0.006 0.322 0.006 0.308 0.004 0.306 0.004 0.302
7 0.237 0.429 0.01 0.01 0.232 0.424 0.232 0.43 0.234 0.432 0.236 0.432 0.238 0.43 0.24 0.43 0.24 0.426 0.238 0.426 0.236 0.424
7 0.112 0.33 0.012 0.016 0.108 0.322 0.106 0.324 0.106 0.33 0.108 0.332 0.108 0.334 0.11 0.336 0.114 0.336 0.116 0.334 0.116 0.33 0.114 0.328 0.114 0.326 0.11 0.322
7 0.743 0.307 0.018 0.01 0.742 0.302 0.74 0.304 0.736 0.304 0.734 0.306 0.734 0.308 0.736 0.31 0.746 0.31 0.75 0.306 0.75 0.302
4 0.054 0.43 0.028 0.028 0.046 0.416 0.044 0.418 0.042 0.418 0.04 0.42 0.04 0.428 0.044 0.432 0.044 0.434 0.046 0.436 0.046 0.438 0.05 0.442 0.054 0.442 0.056 0.44 0.058 0.44 0.06 0.438 0.062 0.438 0.066 0.434 0.066 0.426 0.062 0.422 0.062 0.42 0.058 0.416
7 0.217 0.434 0.018 0.024 0.216 0.422 0.214 0.424 0.212 0.424 0.21 0.426 0.208 0.426 0.208 0.436 0.212 0.44 0.212 0.442 0.214 0.444 0.22 0.444 0.222 0.442 0.222 0.44 0.224 0.438 0.224 0.43 0.222 0.428 0.222 0.426 0.22 0.424 0.218 0.424
