4 0.445 0.282 0.018 0.028 0.438 0.268 0.436 0.27 0.436 0.294 0.45 0.294 0.45 0.29 0.452 0.288 0.452 0.27 0.45 0.268
5 0.292 0.381 0.016 0.022 0.284 0.37 0.284 0.39 0.298 0.39 0.298 0.37
4 0.005 0.051 0.01 0.018 0.0 0.042 0.0 0.058 0.002 0.058 0.008 0.052 0.008 0.048 0.004 0.044 0.002 0.044
5 0.048 0.018 0.04 0.036 0.042 0.0 0.028 0.014 0.028 0.018 0.032 0.022 0.032 0.024 0.036 0.028 0.036 0.03 0.04 0.034 0.044 0.034 0.046 0.032 0.048 0.032 0.048 0.03 0.05 0.028 0.052 0.028 0.052 0.026 0.064 0.014 0.064 0.012 0.066 0.01 0.064 0.008 0.064 0.006 0.058 0.0
3 0.371 0.761 0.11 0.114 0.356 0.704 0.354 0.706 0.352 0.706 0.35 0.708 0.326 0.708 0.324 0.71 0.322 0.71 0.32 0.712 0.32 0.718 0.318 0.72 0.318 0.732 0.316 0.734 0.316 0.778 0.318 0.78 0.318 0.804 0.316 0.806 0.316 0.808 0.318 0.81 0.318 0.812 0.322 0.812 0.324 0.814 0.338 0.814 0.34 0.816 0.394 0.816 0.394 0.814 0.396 0.812 0.396 0.794 0.402 0.788 0.404 0.788 0.406 0.786 0.418 0.786 0.42 0.784 0.422 0.784 0.424 0.782 0.424 0.742 0.4 0.742 0.396 0.738 0.396 0.73 0.398 0.728 0.398 0.708 0.396 0.706 0.396 0.704
3 0.757 0.635 0.07 0.042 0.724 0.614 0.724 0.626 0.722 0.628 0.722 0.652 0.724 0.652 0.726 0.654 0.738 0.654 0.74 0.652 0.776 0.652 0.778 0.65 0.788 0.65 0.79 0.648 0.79 0.622 0.788 0.62 0.784 0.62 0.782 0.618 0.774 0.618 0.772 0.616 0.758 0.616 0.756 0.614
3 0.754 0.579 0.06 0.038 0.728 0.56 0.728 0.562 0.726 0.564 0.726 0.582 0.724 0.584 0.724 0.592 0.728 0.596 0.774 0.596 0.776 0.594 0.778 0.594 0.78 0.592 0.78 0.588 0.782 0.586 0.782 0.564 0.78 0.562 0.74 0.562 0.738 0.56
3 0.756 0.442 0.064 0.04 0.73 0.422 0.728 0.424 0.728 0.426 0.726 0.428 0.726 0.436 0.724 0.438 0.724 0.458 0.738 0.458 0.74 0.46 0.78 0.46 0.782 0.458 0.786 0.458 0.786 0.432 0.784 0.43 0.782 0.43 0.78 0.428 0.776 0.428 0.774 0.426 0.76 0.426 0.758 0.424 0.734 0.424 0.732 0.422
3 0.969 0.322 0.038 0.032 0.964 0.306 0.962 0.308 0.954 0.308 0.952 0.31 0.95 0.31 0.95 0.314 0.952 0.316 0.952 0.32 0.954 0.322 0.954 0.324 0.956 0.326 0.956 0.33 0.958 0.332 0.958 0.334 0.976 0.334 0.978 0.336 0.984 0.336 0.984 0.334 0.986 0.332 0.986 0.328 0.984 0.326 0.984 0.308 0.982 0.306
3 0.652 0.24 0.044 0.04 0.644 0.22 0.642 0.222 0.634 0.222 0.63 0.226 0.63 0.25 0.632 0.252 0.632 0.256 0.634 0.256 0.636 0.258 0.646 0.258 0.648 0.256 0.648 0.254 0.65 0.252 0.652 0.252 0.654 0.25 0.666 0.25 0.67 0.246 0.67 0.244 0.672 0.242 0.672 0.236 0.67 0.234 0.67 0.228 0.668 0.226 0.666 0.226 0.66 0.22
3 0.601 0.241 0.046 0.038 0.584 0.222 0.582 0.224 0.58 0.224 0.58 0.226 0.578 0.228 0.58 0.23 0.58 0.252 0.582 0.254 0.582 0.256 0.584 0.256 0.586 0.258 0.614 0.258 0.616 0.256 0.618 0.256 0.62 0.254 0.62 0.246 0.622 0.244 0.622 0.242 0.62 0.24 0.62 0.232 0.618 0.23 0.618 0.228 0.616 0.226 0.616 0.224 0.614 0.224 0.612 0.222
3 0.447 0.234 0.034 0.024 0.432 0.222 0.432 0.226 0.43 0.228 0.43 0.242 0.432 0.244 0.46 0.244 0.46 0.238 0.462 0.236 0.462 0.224 0.46 0.222
3 0.978 0.095 0.044 0.05 0.98 0.07 0.976 0.074 0.972 0.074 0.97 0.076 0.968 0.076 0.962 0.082 0.962 0.084 0.96 0.086 0.958 0.086 0.958 0.088 0.956 0.09 0.956 0.094 0.958 0.096 0.958 0.098 0.96 0.1 0.96 0.104 0.964 0.108 0.964 0.11 0.966 0.112 0.968 0.112 0.97 0.114 0.986 0.114 0.988 0.116 0.99 0.116 0.992 0.118 0.998 0.118 0.998 0.072 0.992 0.072 0.99 0.07
4 0.275 0.711 0.022 0.034 0.274 0.694 0.27 0.698 0.27 0.7 0.268 0.702 0.268 0.708 0.266 0.71 0.266 0.72 0.264 0.722 0.264 0.724 0.266 0.726 0.278 0.726 0.28 0.724 0.282 0.724 0.282 0.72 0.284 0.718 0.284 0.712 0.282 0.71 0.282 0.696 0.28 0.694
4 0.971 0.726 0.014 0.036 0.968 0.708 0.966 0.71 0.964 0.71 0.964 0.736 0.968 0.74 0.97 0.74 0.972 0.742 0.974 0.742 0.976 0.74 0.976 0.71 0.974 0.708
4 0.966 0.926 0.012 0.016 0.966 0.918 0.964 0.92 0.962 0.92 0.96 0.922 0.96 0.928 0.964 0.932 0.97 0.932 0.97 0.922
4 0.271 0.666 0.022 0.032 0.266 0.65 0.264 0.652 0.264 0.654 0.26 0.658 0.26 0.674 0.262 0.676 0.264 0.676 0.266 0.678 0.27 0.678 0.272 0.68 0.278 0.68 0.28 0.678 0.28 0.652 0.278 0.65
3 0.761 0.03 0.062 0.06 0.73 0.0 0.73 0.02 0.732 0.022 0.732 0.044 0.742 0.054 0.752 0.054 0.754 0.056 0.776 0.056 0.778 0.058 0.788 0.058 0.788 0.03 0.79 0.028 0.79 0.0
4 0.855 0.308 0.018 0.028 0.85 0.294 0.846 0.298 0.846 0.306 0.848 0.308 0.848 0.314 0.85 0.316 0.85 0.318 0.852 0.32 0.86 0.32 0.862 0.318 0.862 0.298 0.858 0.294
4 0.617 0.318 0.022 0.024 0.61 0.306 0.608 0.308 0.608 0.316 0.606 0.318 0.606 0.324 0.61 0.328 0.62 0.328 0.622 0.326 0.624 0.326 0.624 0.324 0.626 0.322 0.626 0.314 0.624 0.312 0.624 0.308 0.622 0.306
4 0.965 0.97 0.014 0.012 0.96 0.964 0.96 0.966 0.958 0.968 0.958 0.97 0.962 0.974 0.964 0.974 0.966 0.972 0.97 0.972 0.97 0.97 0.968 0.968 0.968 0.964
4 0.964 0.987 0.012 0.014 0.958 0.98 0.958 0.99 0.96 0.992 0.968 0.992 0.968 0.98
3 0.415 0.515 0.046 0.034 0.416 0.498 0.414 0.5 0.392 0.5 0.392 0.528 0.412 0.528 0.414 0.53 0.434 0.53 0.434 0.514 0.436 0.512 0.436 0.498
3 0.127 0.433 0.038 0.05 0.108 0.408 0.108 0.456 0.144 0.456 0.144 0.408
3 0.236 0.441 0.06 0.054 0.208 0.414 0.208 0.44 0.206 0.442 0.206 0.466 0.26 0.466 0.26 0.454 0.262 0.452 0.262 0.428 0.264 0.426 0.264 0.416 0.236 0.416 0.234 0.414
7 0.408 0.037 0.064 0.054 0.378 0.01 0.376 0.012 0.376 0.058 0.378 0.06 0.388 0.06 0.39 0.062 0.434 0.062 0.434 0.052 0.436 0.05 0.436 0.024 0.438 0.022 0.438 0.018 0.436 0.016 0.436 0.014 0.418 0.014 0.416 0.012 0.396 0.012 0.394 0.01
5 0.434 0.387 0.016 0.026 0.434 0.374 0.432 0.376 0.426 0.376 0.426 0.384 0.428 0.386 0.428 0.396 0.434 0.396 0.436 0.398 0.44 0.398 0.44 0.388 0.438 0.386 0.438 0.374
5 0.556 0.389 0.016 0.042 0.548 0.368 0.548 0.386 0.55 0.388 0.55 0.408 0.56 0.408 0.56 0.388 0.562 0.386 0.562 0.368
4 0.963 0.238 0.014 0.032 0.956 0.222 0.956 0.252 0.968 0.252 0.968 0.222
4 0.964 0.162 0.016 0.032 0.956 0.146 0.956 0.17 0.96 0.174 0.962 0.174 0.964 0.176 0.966 0.176 0.968 0.174 0.97 0.174 0.97 0.15 0.968 0.15 0.966 0.148 0.96 0.148 0.958 0.146
3 0.941 0.208 0.106 0.152 0.98 0.132 0.978 0.134 0.968 0.134 0.964 0.138 0.964 0.14 0.962 0.142 0.962 0.144 0.96 0.146 0.966 0.146 0.968 0.148 0.97 0.148 0.972 0.15 0.972 0.174 0.97 0.176 0.968 0.176 0.966 0.178 0.964 0.178 0.962 0.176 0.96 0.176 0.954 0.17 0.954 0.152 0.954 0.158 0.952 0.16 0.95 0.158 0.948 0.16 0.948 0.162 0.942 0.168 0.942 0.17 0.938 0.174 0.936 0.174 0.936 0.178 0.93 0.184 0.926 0.184 0.924 0.186 0.922 0.186 0.92 0.188 0.916 0.188 0.914 0.19 0.91 0.19 0.908 0.192 0.906 0.192 0.904 0.194 0.9 0.194 0.898 0.196 0.896 0.196 0.894 0.198 0.89 0.198 0.888 0.2 0.89 0.202 0.89 0.204 0.892 0.204 0.894 0.206 0.898 0.206 0.9 0.208 0.904 0.208 0.906 0.21 0.912 0.21 0.914 0.212 0.918 0.212 0.92 0.214 0.924 0.214 0.926 0.216 0.928 0.216 0.932 0.22 0.932 0.222 0.934 0.224 0.934 0.226 0.936 0.228 0.936 0.23 0.938 0.232 0.938 0.234 0.94 0.236 0.94 0.238 0.942 0.24 0.942 0.242 0.944 0.244 0.944 0.25 0.948 0.254 0.948 0.256 0.95 0.258 0.95 0.26 0.952 0.262 0.952 0.264 0.954 0.266 0.954 0.268 0.956 0.27 0.956 0.272 0.958 0.274 0.958 0.276 0.96 0.278 0.96 0.28 0.962 0.282 0.99 0.282 0.99 0.208 0.988 0.206 0.988 0.186 0.992 0.182 0.992 0.162 0.99 0.16 0.99 0.148 0.988 0.146 0.988 0.132
4 0.899 0.309 0.022 0.022 0.888 0.298 0.888 0.318 0.906 0.318 0.908 0.316 0.908 0.3 0.906 0.298
3 0.757 0.099 0.062 0.078 0.726 0.06 0.726 0.128 0.732 0.128 0.734 0.13 0.748 0.13 0.75 0.132 0.762 0.132 0.764 0.134 0.778 0.134 0.78 0.136 0.786 0.136 0.786 0.068 0.78 0.068 0.778 0.066 0.764 0.066 0.762 0.064 0.75 0.064 0.748 0.062 0.734 0.062 0.732 0.06
7 0.759 0.172 0.026 0.032 0.752 0.156 0.75 0.158 0.748 0.158 0.748 0.16 0.746 0.162 0.746 0.178 0.748 0.18 0.748 0.182 0.75 0.182 0.754 0.186 0.762 0.186 0.764 0.184 0.766 0.184 0.768 0.182 0.768 0.18 0.77 0.178 0.77 0.162 0.764 0.156
4 0.401 0.119 0.034 0.03 0.388 0.104 0.386 0.106 0.384 0.106 0.384 0.128 0.386 0.13 0.39 0.13 0.392 0.132 0.414 0.132 0.414 0.13 0.416 0.128 0.416 0.11 0.412 0.106 0.41 0.106 0.408 0.104
5 0.36 0.898 0.016 0.016 0.356 0.89 0.354 0.892 0.354 0.894 0.352 0.896 0.352 0.902 0.354 0.904 0.364 0.904 0.364 0.902 0.366 0.9 0.366 0.892 0.364 0.89
5 0.33 0.719 0.016 0.018 0.322 0.71 0.322 0.722 0.324 0.724 0.328 0.724 0.33 0.726 0.334 0.726 0.336 0.724 0.336 0.71
5 0.873 0.657 0.05 0.022 0.85 0.646 0.848 0.648 0.848 0.662 0.85 0.664 0.866 0.664 0.868 0.666 0.87 0.666 0.872 0.664 0.892 0.664 0.896 0.66 0.894 0.658 0.894 0.648 0.892 0.646
5 0.806 0.598 0.024 0.024 0.796 0.586 0.794 0.588 0.794 0.592 0.796 0.594 0.796 0.606 0.798 0.606 0.8 0.608 0.81 0.608 0.812 0.606 0.814 0.606 0.814 0.604 0.816 0.602 0.816 0.598 0.814 0.596 0.814 0.592 0.812 0.59 0.808 0.59 0.806 0.588 0.804 0.588 0.802 0.586
4 0.473 0.061 0.03 0.022 0.46 0.05 0.46 0.058 0.458 0.06 0.458 0.064 0.46 0.066 0.46 0.068 0.462 0.07 0.484 0.07 0.484 0.066 0.486 0.064 0.486 0.052 0.484 0.052 0.482 0.05
4 0.169 0.433 0.026 0.022 0.162 0.422 0.16 0.424 0.158 0.424 0.156 0.426 0.156 0.44 0.158 0.442 0.178 0.442 0.178 0.44 0.18 0.438 0.18 0.424 0.178 0.422
4 0.28 0.431 0.02 0.022 0.274 0.42 0.272 0.422 0.272 0.424 0.27 0.426 0.27 0.438 0.272 0.44 0.286 0.44 0.288 0.438 0.288 0.422 0.284 0.422 0.282 0.42
7 0.635 0.443 0.018 0.026 0.63 0.43 0.626 0.434 0.626 0.45 0.628 0.452 0.63 0.452 0.632 0.454 0.638 0.454 0.642 0.45 0.642 0.434 0.64 0.432 0.636 0.432 0.634 0.43
5 0.882 0.513 0.016 0.042 0.882 0.492 0.88 0.494 0.878 0.494 0.876 0.496 0.876 0.516 0.874 0.518 0.874 0.528 0.878 0.532 0.886 0.532 0.888 0.53 0.888 0.498 0.886 0.496 0.886 0.494 0.884 0.492
5 0.835 0.704 0.014 0.028 0.83 0.69 0.828 0.692 0.828 0.714 0.83 0.716 0.838 0.716 0.838 0.714 0.84 0.712 0.84 0.692 0.838 0.69
5 0.868 0.695 0.028 0.018 0.856 0.686 0.856 0.688 0.854 0.69 0.854 0.7 0.856 0.702 0.878 0.702 0.88 0.7 0.88 0.688 0.878 0.686
4 0.751 0.336 0.022 0.024 0.746 0.324 0.744 0.326 0.742 0.326 0.742 0.332 0.74 0.334 0.74 0.344 0.742 0.346 0.758 0.346 0.76 0.344 0.76 0.328 0.758 0.326 0.752 0.326 0.75 0.324
4 0.906 0.435 0.012 0.014 0.904 0.428 0.902 0.43 0.9 0.43 0.9 0.44 0.908 0.44 0.91 0.438 0.91 0.432 0.908 0.43 0.906 0.43
4 0.77 0.51 0.02 0.016 0.76 0.502 0.76 0.512 0.762 0.514 0.768 0.514 0.77 0.516 0.776 0.516 0.776 0.514 0.778 0.512 0.778 0.504 0.776 0.502
3 0.309 0.506 0.046 0.032 0.286 0.49 0.286 0.504 0.288 0.506 0.288 0.52 0.296 0.52 0.298 0.518 0.318 0.518 0.32 0.516 0.33 0.516 0.33 0.514 0.328 0.512 0.328 0.504 0.326 0.502 0.326 0.494 0.324 0.492 0.324 0.49
3 0.306 0.572 0.04 0.032 0.288 0.556 0.288 0.57 0.286 0.572 0.286 0.584 0.304 0.584 0.306 0.586 0.322 0.586 0.322 0.572 0.324 0.57 0.324 0.556
4 0.383 0.278 0.018 0.024 0.384 0.266 0.382 0.268 0.378 0.268 0.374 0.272 0.374 0.288 0.388 0.288 0.388 0.284 0.39 0.282 0.39 0.268 0.388 0.268 0.386 0.266
2 0.438 0.762 0.028 0.096 0.426 0.714 0.424 0.716 0.424 0.728 0.428 0.732 0.428 0.782 0.426 0.784 0.426 0.786 0.424 0.788 0.424 0.802 0.426 0.804 0.426 0.806 0.432 0.806 0.434 0.808 0.446 0.808 0.448 0.806 0.448 0.804 0.45 0.802 0.45 0.79 0.448 0.788 0.448 0.78 0.45 0.778 0.448 0.776 0.448 0.72 0.446 0.718 0.446 0.716 0.444 0.714
4 0.417 0.462 0.014 0.016 0.41 0.454 0.41 0.468 0.422 0.468 0.422 0.454
7 0.879 0.857 0.05 0.034 0.854 0.84 0.854 0.858 0.856 0.858 0.858 0.86 0.862 0.86 0.864 0.862 0.87 0.862 0.872 0.864 0.876 0.864 0.878 0.866 0.882 0.866 0.884 0.868 0.89 0.868 0.892 0.87 0.896 0.87 0.898 0.872 0.9 0.872 0.9 0.858 0.902 0.856 0.902 0.842 0.878 0.842 0.876 0.84
7 0.81 0.707 0.012 0.01 0.806 0.702 0.804 0.704 0.804 0.708 0.806 0.71 0.812 0.71 0.814 0.708 0.814 0.706 0.812 0.704 0.812 0.702
5 0.347 0.72 0.014 0.016 0.344 0.712 0.34 0.716 0.34 0.718 0.342 0.72 0.342 0.724 0.344 0.726 0.35 0.726 0.35 0.724 0.352 0.722 0.352 0.716 0.35 0.714 0.346 0.714
5 0.328 0.798 0.016 0.016 0.322 0.79 0.32 0.792 0.32 0.802 0.322 0.804 0.332 0.804 0.334 0.802 0.334 0.798 0.332 0.796 0.332 0.792 0.33 0.79
5 0.344 0.8 0.012 0.016 0.342 0.792 0.34 0.794 0.338 0.794 0.338 0.802 0.342 0.806 0.346 0.806 0.348 0.804 0.348 0.794 0.346 0.792
5 0.829 0.85 0.014 0.016 0.826 0.842 0.824 0.844 0.824 0.846 0.822 0.848 0.822 0.852 0.824 0.854 0.824 0.856 0.832 0.856 0.834 0.854 0.834 0.846 0.83 0.842
5 0.799 0.864 0.014 0.016 0.796 0.856 0.792 0.86 0.792 0.866 0.794 0.868 0.794 0.87 0.802 0.87 0.804 0.868 0.804 0.862 0.802 0.86 0.802 0.858 0.8 0.858 0.798 0.856
5 0.798 0.894 0.012 0.016 0.796 0.886 0.792 0.89 0.792 0.898 0.794 0.9 0.8 0.9 0.802 0.898 0.802 0.888 0.8 0.888 0.798 0.886
2 0.766 0.183 0.068 0.102 0.74 0.132 0.736 0.136 0.736 0.17 0.734 0.172 0.734 0.198 0.732 0.2 0.734 0.202 0.734 0.214 0.732 0.216 0.732 0.222 0.734 0.224 0.734 0.232 0.794 0.232 0.794 0.23 0.796 0.228 0.796 0.186 0.798 0.184 0.798 0.176 0.796 0.174 0.792 0.174 0.79 0.172 0.79 0.158 0.788 0.156 0.788 0.144 0.786 0.142 0.782 0.142 0.78 0.14 0.772 0.14 0.77 0.138 0.766 0.138 0.764 0.136 0.758 0.136 0.756 0.134 0.746 0.134 0.744 0.132
5 0.088 0.383 0.016 0.018 0.088 0.374 0.086 0.376 0.082 0.376 0.08 0.378 0.08 0.39 0.092 0.39 0.094 0.388 0.094 0.382 0.092 0.38 0.092 0.376 0.09 0.374
2 0.544 0.469 0.172 0.03 0.458 0.454 0.458 0.464 0.46 0.466 0.46 0.47 0.478 0.47 0.48 0.472 0.486 0.472 0.488 0.474 0.486 0.476 0.484 0.476 0.484 0.478 0.486 0.478 0.486 0.476 0.488 0.474 0.49 0.474 0.492 0.476 0.508 0.476 0.51 0.478 0.518 0.478 0.52 0.48 0.522 0.478 0.526 0.478 0.528 0.48 0.53 0.48 0.532 0.478 0.538 0.478 0.54 0.48 0.546 0.48 0.548 0.478 0.556 0.478 0.56 0.482 0.562 0.48 0.6 0.48 0.602 0.478 0.604 0.478 0.606 0.48 0.61 0.476 0.612 0.478 0.616 0.478 0.618 0.476 0.62 0.476 0.622 0.474 0.624 0.476 0.626 0.476 0.628 0.474 0.628 0.472 0.626 0.47 0.628 0.468 0.628 0.462 0.622 0.462 0.62 0.46 0.608 0.46 0.606 0.458 0.602 0.458 0.6 0.46 0.596 0.46 0.594 0.458 0.588 0.458 0.586 0.46 0.584 0.46 0.582 0.458 0.564 0.458 0.562 0.46 0.55 0.46 0.548 0.458 0.516 0.458 0.514 0.456 0.512 0.456 0.51 0.458 0.488 0.458 0.486 0.456 0.48 0.456 0.478 0.454
4 0.906 0.158 0.02 0.02 0.898 0.148 0.896 0.15 0.896 0.166 0.912 0.166 0.912 0.158 0.914 0.156 0.914 0.154 0.912 0.152 0.912 0.15 0.91 0.148
4 0.507 0.282 0.018 0.02 0.504 0.272 0.502 0.274 0.5 0.274 0.498 0.276 0.498 0.29 0.512 0.29 0.512 0.288 0.514 0.286 0.514 0.278 0.51 0.274 0.508 0.274 0.506 0.272
3 0.415 0.58 0.046 0.048 0.414 0.556 0.412 0.558 0.392 0.558 0.392 0.578 0.394 0.58 0.394 0.602 0.414 0.602 0.416 0.6 0.436 0.6 0.436 0.58 0.434 0.578 0.434 0.556
2 0.35 0.992 0.156 0.016 0.272 0.984 0.272 0.998 0.426 0.998 0.426 0.99 0.424 0.99 0.422 0.988 0.416 0.988 0.414 0.986 0.408 0.986 0.406 0.984
2 0.095 0.118 0.046 0.04 0.102 0.098 0.074 0.126 0.074 0.128 0.082 0.136 0.084 0.136 0.086 0.134 0.09 0.134 0.092 0.132 0.094 0.132 0.114 0.112 0.114 0.11
2 0.989 0.513 0.022 0.106 0.988 0.462 0.988 0.468 0.986 0.47 0.986 0.49 0.984 0.492 0.984 0.512 0.982 0.514 0.982 0.532 0.98 0.534 0.98 0.554 0.978 0.556 0.978 0.562 0.996 0.544 0.996 0.51 0.998 0.508 0.998 0.472
7 0.859 0.784 0.014 0.016 0.852 0.776 0.852 0.784 0.854 0.786 0.854 0.79 0.862 0.79 0.864 0.788 0.864 0.778 0.862 0.776
4 0.907 0.088 0.022 0.02 0.896 0.078 0.896 0.094 0.898 0.096 0.914 0.096 0.916 0.094 0.916 0.078
4 0.471 0.103 0.026 0.022 0.458 0.092 0.458 0.096 0.46 0.098 0.46 0.108 0.462 0.11 0.466 0.11 0.468 0.112 0.482 0.112 0.482 0.096 0.48 0.094 0.478 0.094 0.476 0.092
2 0.745 0.702 0.038 0.056 0.734 0.674 0.732 0.676 0.73 0.676 0.728 0.678 0.728 0.68 0.726 0.682 0.726 0.712 0.73 0.716 0.73 0.726 0.732 0.728 0.742 0.728 0.744 0.726 0.748 0.726 0.75 0.724 0.758 0.724 0.76 0.722 0.76 0.688 0.762 0.686 0.762 0.678 0.758 0.674
2 0.237 0.923 0.042 0.154 0.248 0.846 0.246 0.848 0.244 0.848 0.242 0.85 0.234 0.85 0.232 0.848 0.224 0.848 0.22 0.852 0.22 0.872 0.218 0.874 0.218 0.89 0.22 0.892 0.22 0.902 0.218 0.904 0.218 0.944 0.216 0.946 0.218 0.948 0.218 0.958 0.216 0.96 0.216 0.998 0.254 0.998 0.254 0.96 0.256 0.958 0.256 0.952 0.254 0.95 0.254 0.946 0.252 0.944 0.252 0.91 0.254 0.908 0.254 0.906 0.252 0.904 0.254 0.902 0.254 0.848 0.252 0.846
4 0.096 0.059 0.036 0.034 0.092 0.042 0.09 0.044 0.088 0.044 0.078 0.054 0.078 0.056 0.086 0.064 0.086 0.066 0.094 0.074 0.1 0.074 0.112 0.062 0.112 0.056 0.098 0.042
3 0.079 0.085 0.05 0.054 0.068 0.058 0.062 0.064 0.06 0.064 0.056 0.068 0.056 0.07 0.054 0.072 0.054 0.076 0.068 0.09 0.068 0.092 0.072 0.096 0.072 0.098 0.084 0.11 0.088 0.11 0.098 0.1 0.098 0.098 0.102 0.094 0.102 0.088 0.1 0.086 0.1 0.084 0.074 0.058
4 0.383 0.175 0.022 0.026 0.374 0.162 0.372 0.164 0.372 0.168 0.374 0.17 0.374 0.182 0.376 0.184 0.378 0.184 0.38 0.186 0.384 0.186 0.386 0.184 0.39 0.184 0.392 0.182 0.392 0.162
4 0.842 0.189 0.024 0.022 0.832 0.178 0.832 0.182 0.83 0.184 0.832 0.186 0.832 0.194 0.834 0.196 0.836 0.196 0.838 0.198 0.842 0.198 0.844 0.196 0.848 0.196 0.85 0.194 0.85 0.19 0.852 0.188 0.852 0.184 0.85 0.182 0.85 0.18 0.848 0.18 0.846 0.178
5 0.4 0.542 0.04 0.028 0.384 0.53 0.384 0.532 0.382 0.534 0.382 0.54 0.38 0.542 0.38 0.55 0.382 0.552 0.382 0.554 0.414 0.554 0.416 0.552 0.416 0.544 0.418 0.542 0.418 0.532 0.414 0.532 0.412 0.53
5 0.316 0.54 0.032 0.032 0.302 0.524 0.3 0.526 0.3 0.544 0.302 0.546 0.302 0.55 0.306 0.554 0.326 0.554 0.33 0.55 0.33 0.526 0.318 0.526 0.316 0.524
5 0.814 0.416 0.036 0.028 0.798 0.402 0.796 0.404 0.798 0.406 0.798 0.424 0.802 0.428 0.816 0.428 0.818 0.426 0.824 0.426 0.826 0.424 0.828 0.424 0.83 0.422 0.83 0.416 0.828 0.414 0.828 0.412 0.822 0.406 0.818 0.406 0.816 0.404 0.812 0.404 0.81 0.402
5 0.16 0.381 0.02 0.042 0.162 0.36 0.16 0.362 0.152 0.362 0.15 0.364 0.15 0.396 0.152 0.398 0.154 0.398 0.156 0.4 0.162 0.4 0.164 0.398 0.166 0.398 0.168 0.396 0.168 0.372 0.166 0.37 0.166 0.362 0.164 0.36
5 0.676 0.358 0.032 0.024 0.666 0.346 0.662 0.35 0.662 0.354 0.66 0.356 0.662 0.358 0.662 0.36 0.664 0.362 0.664 0.364 0.668 0.368 0.682 0.368 0.684 0.366 0.69 0.366 0.69 0.352 0.688 0.35 0.688 0.348 0.686 0.348 0.684 0.346 0.68 0.346 0.678 0.348 0.676 0.348 0.674 0.346
5 0.868 0.353 0.032 0.026 0.854 0.34 0.854 0.342 0.852 0.344 0.852 0.36 0.856 0.364 0.866 0.364 0.868 0.362 0.87 0.364 0.872 0.364 0.874 0.362 0.878 0.362 0.88 0.36 0.88 0.354 0.882 0.352 0.882 0.348 0.88 0.346 0.88 0.342 0.878 0.34
5 0.626 0.345 0.044 0.022 0.604 0.334 0.604 0.352 0.606 0.354 0.644 0.354 0.644 0.352 0.646 0.35 0.646 0.336 0.644 0.336 0.642 0.334
5 0.801 0.309 0.026 0.046 0.794 0.286 0.794 0.294 0.792 0.296 0.792 0.306 0.79 0.308 0.79 0.31 0.788 0.312 0.788 0.32 0.79 0.322 0.79 0.324 0.794 0.328 0.8 0.328 0.802 0.33 0.808 0.33 0.81 0.328 0.81 0.32 0.812 0.318 0.812 0.288 0.81 0.286
3 0.509 0.237 0.034 0.026 0.496 0.224 0.492 0.228 0.492 0.242 0.494 0.244 0.494 0.246 0.504 0.246 0.506 0.248 0.52 0.248 0.522 0.246 0.524 0.246 0.524 0.226 0.506 0.226 0.504 0.224
3 0.384 0.232 0.032 0.024 0.372 0.22 0.37 0.222 0.37 0.224 0.368 0.226 0.368 0.24 0.37 0.242 0.398 0.242 0.398 0.222 0.396 0.22
3 0.322 0.23 0.032 0.024 0.308 0.218 0.306 0.22 0.306 0.236 0.308 0.238 0.318 0.238 0.32 0.24 0.332 0.24 0.334 0.238 0.336 0.238 0.336 0.22 0.334 0.218
5 0.867 0.186 0.022 0.04 0.86 0.166 0.858 0.168 0.858 0.192 0.856 0.194 0.856 0.196 0.858 0.198 0.858 0.202 0.86 0.202 0.862 0.204 0.874 0.204 0.876 0.202 0.876 0.168 0.874 0.168 0.872 0.166
5 0.805 0.1 0.03 0.024 0.792 0.088 0.79 0.09 0.79 0.104 0.792 0.106 0.792 0.108 0.794 0.108 0.796 0.11 0.816 0.11 0.816 0.108 0.818 0.106 0.818 0.092 0.816 0.09 0.802 0.09 0.8 0.088
5 0.848 0.013 0.06 0.026 0.818 0.0 0.818 0.01 0.82 0.012 0.824 0.012 0.826 0.014 0.83 0.014 0.832 0.016 0.838 0.016 0.84 0.018 0.846 0.018 0.848 0.02 0.854 0.02 0.856 0.022 0.864 0.022 0.866 0.024 0.872 0.024 0.874 0.022 0.874 0.016 0.876 0.014 0.876 0.004 0.874 0.004 0.872 0.002 0.866 0.002 0.864 0.0
4 0.814 0.758 0.02 0.032 0.814 0.742 0.812 0.744 0.81 0.744 0.806 0.748 0.808 0.75 0.808 0.752 0.806 0.754 0.806 0.76 0.804 0.762 0.804 0.768 0.808 0.772 0.816 0.772 0.818 0.77 0.82 0.77 0.822 0.768 0.822 0.762 0.82 0.76 0.82 0.744 0.818 0.744 0.816 0.742
4 0.908 0.589 0.012 0.014 0.902 0.582 0.902 0.592 0.904 0.594 0.908 0.594 0.91 0.592 0.912 0.592 0.912 0.582
4 0.746 0.552 0.024 0.016 0.736 0.544 0.734 0.546 0.734 0.556 0.736 0.556 0.738 0.558 0.748 0.558 0.75 0.556 0.756 0.556 0.756 0.55 0.752 0.546 0.746 0.546 0.744 0.544
4 0.901 0.237 0.022 0.022 0.894 0.226 0.89 0.23 0.89 0.24 0.892 0.242 0.892 0.246 0.908 0.246 0.91 0.244 0.91 0.228 0.908 0.226
3 0.054 0.106 0.052 0.056 0.046 0.078 0.04 0.084 0.038 0.084 0.028 0.094 0.028 0.098 0.04 0.11 0.04 0.112 0.05 0.122 0.05 0.124 0.056 0.13 0.056 0.132 0.06 0.132 0.07 0.122 0.072 0.122 0.078 0.116 0.078 0.11 0.068 0.1 0.066 0.1 0.064 0.098 0.064 0.096 0.056 0.088 0.056 0.086 0.054 0.084 0.054 0.082 0.052 0.08 0.052 0.078
3 0.028 0.127 0.056 0.058 0.016 0.098 0.014 0.1 0.012 0.1 0.01 0.102 0.008 0.102 0.0 0.11 0.0 0.116 0.034 0.15 0.034 0.152 0.036 0.154 0.038 0.154 0.042 0.15 0.042 0.148 0.052 0.138 0.052 0.136 0.054 0.134 0.052 0.132 0.052 0.13 0.028 0.106 0.028 0.104 0.022 0.098
4 0.433 0.884 0.018 0.032 0.424 0.868 0.424 0.872 0.426 0.874 0.426 0.89 0.428 0.892 0.428 0.896 0.43 0.898 0.438 0.898 0.44 0.896 0.44 0.87 0.438 0.868
2 0.211 0.013 0.046 0.026 0.198 0.0 0.19 0.008 0.19 0.01 0.196 0.016 0.198 0.016 0.206 0.024 0.208 0.024 0.22 0.012 0.222 0.012 0.23 0.004 0.23 0.002 0.228 0.0
