6 0.592 0.766 0.128 0.112 0.56 0.71 0.556 0.714 0.556 0.716 0.55 0.722 0.55 0.724 0.546 0.728 0.546 0.73 0.542 0.734 0.542 0.736 0.538 0.74 0.538 0.742 0.532 0.748 0.532 0.75 0.528 0.754 0.532 0.758 0.534 0.758 0.538 0.762 0.54 0.762 0.544 0.766 0.546 0.766 0.55 0.77 0.552 0.77 0.556 0.774 0.558 0.774 0.562 0.778 0.564 0.778 0.568 0.782 0.57 0.782 0.574 0.786 0.576 0.786 0.578 0.788 0.58 0.788 0.584 0.792 0.586 0.792 0.59 0.796 0.592 0.796 0.596 0.8 0.598 0.8 0.602 0.804 0.604 0.804 0.608 0.808 0.61 0.808 0.614 0.812 0.616 0.812 0.62 0.816 0.622 0.816 0.626 0.82 0.628 0.818 0.628 0.816 0.632 0.812 0.632 0.81 0.634 0.808 0.634 0.806 0.638 0.802 0.638 0.8 0.64 0.798 0.64 0.796 0.642 0.794 0.642 0.792 0.646 0.788 0.646 0.786 0.648 0.784 0.648 0.782 0.652 0.778 0.652 0.776 0.654 0.774 0.65 0.77 0.648 0.77 0.644 0.766 0.642 0.766 0.638 0.762 0.636 0.762 0.632 0.758 0.63 0.758 0.626 0.754 0.624 0.754 0.62 0.75 0.618 0.75 0.614 0.746 0.612 0.746 0.608 0.742 0.606 0.742 0.602 0.738 0.6 0.738 0.596 0.734 0.594 0.734 0.59 0.73 0.588 0.73 0.584 0.726 0.582 0.726 0.578 0.722 0.576 0.722 0.572 0.718 0.57 0.718 0.566 0.714 0.564 0.714
5 0.096 0.77 0.024 0.024 0.094 0.758 0.092 0.76 0.09 0.76 0.084 0.766 0.084 0.77 0.086 0.772 0.086 0.774 0.09 0.778 0.092 0.778 0.094 0.78 0.1 0.78 0.104 0.776 0.104 0.774 0.106 0.772 0.106 0.766 0.102 0.762 0.1 0.762 0.098 0.76 0.096 0.76
4 0.559 0.429 0.014 0.01 0.552 0.424 0.552 0.43 0.554 0.432 0.562 0.432 0.564 0.43 0.562 0.428 0.562 0.426 0.56 0.424
4 0.649 0.487 0.01 0.014 0.646 0.48 0.644 0.482 0.644 0.49 0.646 0.49 0.648 0.492 0.65 0.492 0.652 0.49 0.652 0.484 0.65 0.482 0.648 0.482
4 0.742 0.55 0.012 0.012 0.74 0.544 0.736 0.548 0.736 0.552 0.738 0.554 0.742 0.554 0.744 0.552 0.744 0.55 0.746 0.548 0.742 0.544
5 0.673 0.647 0.022 0.022 0.67 0.636 0.666 0.64 0.666 0.642 0.662 0.646 0.662 0.65 0.664 0.652 0.666 0.652 0.668 0.654 0.67 0.654 0.672 0.656 0.674 0.654 0.676 0.654 0.678 0.652 0.68 0.652 0.68 0.65 0.682 0.648 0.682 0.642 0.678 0.638 0.676 0.638 0.674 0.636
7 0.225 0.839 0.01 0.01 0.22 0.834 0.22 0.842 0.228 0.842 0.228 0.834
7 0.172 0.872 0.02 0.02 0.17 0.862 0.162 0.87 0.162 0.874 0.166 0.878 0.168 0.878 0.17 0.88 0.172 0.88 0.174 0.878 0.176 0.878 0.178 0.876 0.178 0.874 0.18 0.872 0.18 0.864 0.178 0.864 0.176 0.862
0 0.223 0.908 0.062 0.052 0.204 0.882 0.198 0.888 0.198 0.89 0.196 0.892 0.196 0.894 0.194 0.896 0.194 0.898 0.192 0.9 0.194 0.902 0.194 0.904 0.196 0.906 0.198 0.906 0.202 0.91 0.204 0.91 0.208 0.914 0.21 0.914 0.214 0.918 0.216 0.918 0.22 0.922 0.222 0.922 0.226 0.926 0.228 0.926 0.232 0.93 0.236 0.93 0.238 0.932 0.24 0.932 0.248 0.924 0.248 0.922 0.252 0.918 0.252 0.912 0.248 0.908 0.246 0.908 0.242 0.904 0.24 0.904 0.234 0.898 0.232 0.898 0.228 0.894 0.226 0.894 0.222 0.89 0.22 0.89 0.216 0.886 0.214 0.886 0.212 0.884 0.21 0.884 0.208 0.882
1 0.069 0.293 0.138 0.146 0.024 0.22 0.02 0.224 0.02 0.226 0.016 0.23 0.016 0.232 0.006 0.242 0.006 0.244 0.002 0.248 0.002 0.25 0.0 0.252 0.0 0.31 0.002 0.31 0.008 0.316 0.01 0.316 0.012 0.318 0.014 0.318 0.018 0.322 0.02 0.322 0.022 0.324 0.024 0.324 0.028 0.328 0.03 0.328 0.034 0.332 0.036 0.332 0.038 0.334 0.04 0.334 0.044 0.338 0.046 0.338 0.05 0.342 0.052 0.342 0.054 0.344 0.056 0.344 0.062 0.35 0.064 0.35 0.066 0.352 0.068 0.352 0.072 0.356 0.074 0.356 0.076 0.358 0.078 0.358 0.08 0.36 0.082 0.36 0.086 0.364 0.092 0.364 0.098 0.358 0.098 0.356 0.1 0.354 0.1 0.352 0.104 0.348 0.104 0.346 0.108 0.342 0.108 0.34 0.112 0.336 0.112 0.334 0.116 0.33 0.116 0.328 0.12 0.324 0.12 0.322 0.122 0.32 0.122 0.318 0.126 0.314 0.126 0.312 0.13 0.308 0.13 0.306 0.134 0.302 0.134 0.3 0.136 0.298 0.136 0.292 0.132 0.288 0.13 0.288 0.126 0.284 0.124 0.284 0.122 0.282 0.12 0.282 0.116 0.278 0.114 0.278 0.11 0.274 0.108 0.274 0.104 0.27 0.102 0.27 0.098 0.266 0.096 0.266 0.092 0.262 0.09 0.262 0.086 0.258 0.084 0.258 0.08 0.254 0.078 0.254 0.074 0.25 0.072 0.25 0.068 0.246 0.066 0.246 0.064 0.244 0.062 0.244 0.056 0.238 0.054 0.238 0.05 0.234 0.048 0.234 0.046 0.232 0.044 0.232 0.04 0.228 0.038 0.228 0.034 0.224 0.032 0.224 0.03 0.222 0.028 0.222 0.026 0.22
1 0.236 0.323 0.152 0.134 0.212 0.256 0.202 0.266 0.2 0.266 0.2 0.268 0.198 0.27 0.196 0.27 0.19 0.276 0.19 0.278 0.188 0.28 0.188 0.282 0.184 0.286 0.184 0.288 0.18 0.292 0.18 0.294 0.174 0.3 0.174 0.302 0.172 0.304 0.172 0.306 0.166 0.312 0.166 0.314 0.162 0.318 0.162 0.32 0.16 0.322 0.16 0.326 0.162 0.328 0.164 0.328 0.168 0.332 0.17 0.332 0.176 0.338 0.178 0.338 0.18 0.34 0.182 0.34 0.184 0.342 0.186 0.342 0.19 0.346 0.192 0.346 0.196 0.35 0.198 0.35 0.204 0.356 0.208 0.356 0.212 0.36 0.214 0.36 0.218 0.364 0.22 0.364 0.222 0.366 0.224 0.366 0.228 0.37 0.23 0.37 0.232 0.372 0.234 0.372 0.24 0.378 0.242 0.378 0.244 0.38 0.246 0.38 0.25 0.384 0.252 0.384 0.254 0.386 0.256 0.386 0.258 0.388 0.262 0.388 0.264 0.386 0.264 0.384 0.272 0.376 0.272 0.374 0.278 0.368 0.278 0.366 0.28 0.364 0.28 0.362 0.284 0.358 0.284 0.356 0.288 0.352 0.288 0.35 0.292 0.346 0.292 0.344 0.294 0.342 0.294 0.34 0.298 0.336 0.298 0.334 0.302 0.33 0.302 0.328 0.304 0.326 0.304 0.324 0.308 0.32 0.308 0.316 0.31 0.314 0.304 0.308 0.302 0.308 0.3 0.306 0.298 0.306 0.296 0.304 0.294 0.304 0.29 0.3 0.288 0.3 0.286 0.298 0.284 0.298 0.28 0.294 0.278 0.294 0.274 0.29 0.272 0.29 0.27 0.288 0.268 0.288 0.264 0.284 0.262 0.284 0.26 0.282 0.258 0.282 0.254 0.278 0.252 0.278 0.248 0.274 0.246 0.274 0.244 0.272 0.242 0.272 0.238 0.268 0.236 0.268 0.232 0.264 0.23 0.264 0.224 0.258 0.22 0.258 0.218 0.256
5 0.588 0.593 0.028 0.03 0.58 0.578 0.574 0.584 0.574 0.594 0.582 0.602 0.584 0.602 0.588 0.606 0.592 0.602 0.596 0.602 0.6 0.598 0.6 0.588 0.598 0.586 0.598 0.584 0.594 0.58 0.592 0.58 0.59 0.578
7 0.101 0.753 0.01 0.014 0.1 0.746 0.096 0.75 0.096 0.756 0.098 0.758 0.104 0.758 0.104 0.746
3 0.084 0.129 0.056 0.054 0.074 0.102 0.068 0.108 0.068 0.11 0.064 0.114 0.064 0.116 0.06 0.12 0.06 0.122 0.058 0.124 0.058 0.126 0.056 0.128 0.056 0.134 0.058 0.136 0.058 0.138 0.06 0.14 0.06 0.144 0.062 0.146 0.062 0.15 0.066 0.154 0.088 0.154 0.092 0.15 0.094 0.15 0.098 0.146 0.098 0.144 0.102 0.14 0.102 0.138 0.106 0.134 0.106 0.132 0.108 0.13 0.108 0.128 0.11 0.126 0.11 0.124 0.102 0.116 0.1 0.116 0.094 0.11 0.092 0.11 0.086 0.104 0.084 0.104 0.082 0.102
5 0.217 0.854 0.022 0.024 0.212 0.842 0.206 0.848 0.206 0.858 0.208 0.86 0.21 0.86 0.212 0.862 0.214 0.862 0.216 0.864 0.218 0.864 0.226 0.856 0.226 0.85 0.224 0.848 0.224 0.846 0.222 0.846 0.22 0.844 0.218 0.844 0.216 0.842
6 0.036 0.355 0.072 0.074 0.0 0.318 0.0 0.364 0.002 0.366 0.004 0.366 0.008 0.37 0.01 0.37 0.014 0.374 0.016 0.374 0.02 0.378 0.022 0.378 0.026 0.382 0.028 0.382 0.03 0.384 0.032 0.384 0.036 0.388 0.04 0.388 0.042 0.39 0.048 0.39 0.052 0.386 0.054 0.386 0.062 0.378 0.062 0.376 0.068 0.37 0.068 0.368 0.07 0.366 0.07 0.362 0.068 0.36 0.066 0.36 0.064 0.358 0.062 0.358 0.058 0.354 0.056 0.354 0.052 0.35 0.05 0.35 0.046 0.346 0.044 0.346 0.04 0.342 0.038 0.342 0.034 0.338 0.032 0.338 0.028 0.334 0.026 0.334 0.024 0.332 0.022 0.332 0.018 0.328 0.016 0.328 0.012 0.324 0.01 0.324 0.006 0.32 0.004 0.32 0.002 0.318
5 0.489 0.526 0.026 0.02 0.482 0.516 0.476 0.522 0.476 0.528 0.482 0.534 0.492 0.534 0.498 0.528 0.498 0.526 0.5 0.524 0.498 0.522 0.498 0.52 0.496 0.518 0.494 0.518 0.492 0.516
5 0.052 0.209 0.024 0.026 0.054 0.196 0.052 0.198 0.048 0.198 0.042 0.204 0.042 0.21 0.04 0.212 0.04 0.216 0.042 0.218 0.044 0.218 0.046 0.22 0.048 0.22 0.05 0.218 0.054 0.218 0.062 0.21 0.062 0.204 0.058 0.2 0.058 0.198 0.056 0.196
4 0.233 0.783 0.022 0.026 0.232 0.77 0.222 0.78 0.222 0.784 0.224 0.786 0.224 0.788 0.228 0.792 0.232 0.792 0.234 0.794 0.236 0.792 0.238 0.792 0.238 0.79 0.24 0.788 0.24 0.784 0.242 0.782 0.242 0.774 0.238 0.77
4 0.159 0.729 0.022 0.026 0.16 0.716 0.158 0.718 0.156 0.718 0.152 0.722 0.152 0.724 0.15 0.726 0.148 0.726 0.148 0.734 0.152 0.738 0.154 0.738 0.156 0.74 0.16 0.74 0.166 0.734 0.166 0.73 0.168 0.728 0.168 0.72 0.166 0.718 0.164 0.718 0.162 0.716
4 0.628 0.71 0.048 0.044 0.616 0.688 0.614 0.69 0.612 0.69 0.61 0.692 0.61 0.694 0.606 0.698 0.606 0.7 0.604 0.702 0.604 0.71 0.606 0.712 0.608 0.712 0.61 0.714 0.612 0.714 0.614 0.716 0.616 0.716 0.618 0.718 0.62 0.718 0.628 0.726 0.63 0.726 0.632 0.728 0.634 0.728 0.636 0.73 0.638 0.73 0.648 0.72 0.648 0.718 0.65 0.716 0.65 0.71 0.644 0.704 0.642 0.704 0.64 0.702 0.636 0.702 0.624 0.69 0.62 0.69 0.618 0.688
4 0.536 0.647 0.044 0.038 0.524 0.628 0.52 0.632 0.52 0.634 0.518 0.636 0.518 0.638 0.516 0.64 0.516 0.642 0.514 0.644 0.514 0.646 0.52 0.652 0.524 0.652 0.526 0.654 0.528 0.654 0.536 0.662 0.538 0.662 0.54 0.664 0.546 0.664 0.548 0.662 0.55 0.662 0.554 0.658 0.554 0.656 0.556 0.654 0.556 0.648 0.554 0.646 0.552 0.646 0.548 0.642 0.546 0.642 0.544 0.64 0.542 0.64 0.534 0.632 0.532 0.632 0.528 0.628
4 0.445 0.59 0.05 0.044 0.43 0.568 0.424 0.574 0.424 0.576 0.42 0.58 0.42 0.588 0.426 0.594 0.428 0.594 0.43 0.596 0.432 0.596 0.434 0.598 0.438 0.598 0.44 0.6 0.44 0.602 0.444 0.606 0.446 0.606 0.448 0.608 0.452 0.608 0.454 0.61 0.458 0.606 0.46 0.606 0.46 0.604 0.464 0.6 0.464 0.598 0.466 0.596 0.466 0.594 0.468 0.592 0.468 0.59 0.46 0.582 0.458 0.582 0.456 0.58 0.452 0.58 0.442 0.57 0.44 0.57 0.438 0.568
3 0.19 0.949 0.04 0.046 0.198 0.926 0.196 0.928 0.192 0.928 0.19 0.93 0.188 0.93 0.186 0.932 0.186 0.934 0.18 0.94 0.18 0.942 0.174 0.948 0.174 0.95 0.172 0.952 0.172 0.954 0.17 0.956 0.17 0.96 0.172 0.962 0.172 0.964 0.174 0.964 0.176 0.966 0.178 0.966 0.18 0.968 0.182 0.968 0.184 0.97 0.19 0.97 0.192 0.968 0.194 0.968 0.2 0.962 0.2 0.96 0.202 0.958 0.202 0.956 0.204 0.954 0.204 0.952 0.206 0.95 0.206 0.944 0.208 0.942 0.208 0.93 0.204 0.926
3 0.131 0.91 0.046 0.048 0.138 0.886 0.136 0.888 0.132 0.888 0.13 0.89 0.128 0.89 0.12 0.898 0.12 0.9 0.114 0.906 0.114 0.908 0.112 0.91 0.112 0.912 0.11 0.914 0.11 0.916 0.112 0.918 0.112 0.92 0.122 0.93 0.13 0.93 0.132 0.932 0.14 0.932 0.142 0.93 0.142 0.928 0.146 0.924 0.146 0.922 0.148 0.92 0.148 0.916 0.15 0.914 0.15 0.908 0.152 0.906 0.152 0.896 0.15 0.894 0.15 0.892 0.146 0.888 0.144 0.888 0.142 0.886
3 0.074 0.872 0.044 0.048 0.076 0.848 0.074 0.85 0.072 0.85 0.06 0.862 0.06 0.864 0.056 0.868 0.056 0.87 0.052 0.874 0.056 0.878 0.056 0.88 0.058 0.88 0.062 0.884 0.064 0.884 0.07 0.89 0.072 0.89 0.074 0.892 0.074 0.894 0.08 0.894 0.082 0.892 0.084 0.892 0.086 0.89 0.086 0.888 0.088 0.886 0.088 0.884 0.09 0.882 0.09 0.878 0.092 0.876 0.092 0.868 0.094 0.866 0.094 0.858 0.092 0.856 0.092 0.852 0.09 0.85 0.09 0.848
3 0.019 0.83 0.038 0.044 0.022 0.808 0.02 0.81 0.016 0.81 0.014 0.812 0.012 0.812 0.008 0.816 0.008 0.818 0.004 0.822 0.004 0.824 0.0 0.828 0.0 0.84 0.002 0.842 0.004 0.842 0.012 0.85 0.02 0.85 0.022 0.848 0.024 0.848 0.026 0.846 0.028 0.846 0.032 0.842 0.032 0.838 0.034 0.836 0.034 0.83 0.036 0.828 0.036 0.818 0.034 0.816 0.034 0.81 0.032 0.808
3 0.136 0.162 0.056 0.056 0.124 0.134 0.12 0.138 0.12 0.14 0.118 0.142 0.118 0.144 0.116 0.146 0.116 0.148 0.112 0.152 0.112 0.154 0.11 0.156 0.11 0.158 0.108 0.16 0.108 0.17 0.11 0.172 0.11 0.176 0.112 0.178 0.112 0.186 0.114 0.188 0.124 0.188 0.126 0.186 0.138 0.186 0.14 0.184 0.142 0.184 0.144 0.182 0.146 0.182 0.152 0.176 0.152 0.174 0.158 0.168 0.158 0.166 0.162 0.162 0.162 0.156 0.16 0.154 0.158 0.154 0.154 0.15 0.152 0.15 0.148 0.146 0.146 0.146 0.138 0.138 0.134 0.138 0.132 0.136 0.13 0.136 0.128 0.134
3 0.024 0.087 0.048 0.058 0.006 0.058 0.004 0.06 0.004 0.062 0.002 0.064 0.002 0.066 0.0 0.068 0.0 0.114 0.004 0.114 0.006 0.112 0.016 0.112 0.018 0.11 0.022 0.11 0.024 0.108 0.026 0.108 0.04 0.094 0.04 0.092 0.046 0.086 0.046 0.08 0.042 0.076 0.04 0.076 0.036 0.072 0.034 0.072 0.028 0.066 0.026 0.066 0.022 0.062 0.02 0.062 0.018 0.06 0.016 0.06 0.014 0.058
