4 0.453 0.569 0.018 0.022 0.446 0.558 0.444 0.56 0.444 0.576 0.446 0.578 0.456 0.578 0.458 0.576 0.46 0.576 0.46 0.56 0.458 0.56 0.456 0.558
7 0.064 0.41 0.028 0.028 0.056 0.396 0.054 0.398 0.052 0.398 0.05 0.4 0.05 0.418 0.052 0.42 0.058 0.42 0.06 0.422 0.07 0.422 0.074 0.418 0.074 0.41 0.076 0.408 0.076 0.402 0.072 0.398 0.058 0.398
7 0.107 0.329 0.03 0.022 0.098 0.318 0.092 0.324 0.092 0.334 0.094 0.336 0.096 0.336 0.098 0.338 0.116 0.338 0.118 0.336 0.118 0.334 0.12 0.332 0.12 0.32 0.114 0.32 0.112 0.318
4 0.352 0.097 0.344 0.11 0.18 0.042 0.18 0.062 0.184 0.066 0.184 0.068 0.188 0.072 0.188 0.074 0.19 0.076 0.19 0.078 0.194 0.082 0.194 0.084 0.198 0.088 0.198 0.09 0.202 0.094 0.202 0.096 0.206 0.1 0.206 0.102 0.21 0.106 0.21 0.108 0.212 0.11 0.212 0.112 0.216 0.116 0.216 0.118 0.22 0.122 0.226 0.122 0.228 0.124 0.244 0.124 0.246 0.126 0.262 0.126 0.264 0.128 0.28 0.128 0.282 0.13 0.298 0.13 0.3 0.132 0.314 0.132 0.316 0.134 0.332 0.134 0.334 0.136 0.35 0.136 0.352 0.138 0.368 0.138 0.37 0.14 0.386 0.14 0.388 0.142 0.402 0.142 0.404 0.144 0.42 0.144 0.422 0.146 0.438 0.146 0.44 0.148 0.456 0.148 0.458 0.15 0.464 0.15 0.472 0.142 0.472 0.14 0.48 0.132 0.48 0.13 0.488 0.122 0.488 0.12 0.498 0.11 0.498 0.108 0.506 0.1 0.506 0.098 0.514 0.09 0.514 0.088 0.522 0.08 0.514 0.08 0.512 0.078 0.496 0.078 0.494 0.076 0.478 0.076 0.476 0.074 0.46 0.074 0.458 0.072 0.442 0.072 0.44 0.07 0.424 0.07 0.422 0.068 0.406 0.068 0.404 0.066 0.388 0.066 0.386 0.064 0.37 0.064 0.368 0.062 0.352 0.062 0.35 0.06 0.334 0.06 0.332 0.058 0.316 0.058 0.314 0.056 0.298 0.056 0.296 0.054 0.28 0.054 0.278 0.052 0.262 0.052 0.26 0.05 0.244 0.05 0.242 0.048 0.226 0.048 0.224 0.046 0.208 0.046 0.206 0.044 0.188 0.044 0.186 0.042
5 0.366 0.179 0.02 0.022 0.358 0.168 0.356 0.17 0.356 0.184 0.36 0.188 0.37 0.188 0.372 0.186 0.372 0.184 0.374 0.182 0.374 0.17 0.372 0.17 0.37 0.168
5 0.015 0.321 0.022 0.022 0.01 0.31 0.008 0.312 0.006 0.312 0.006 0.314 0.004 0.316 0.004 0.324 0.006 0.326 0.008 0.326 0.01 0.328 0.014 0.328 0.016 0.33 0.018 0.328 0.02 0.328 0.022 0.326 0.022 0.324 0.024 0.322 0.024 0.316 0.022 0.314 0.022 0.312 0.02 0.31
7 0.141 0.074 0.01 0.008 0.136 0.07 0.136 0.074 0.138 0.076 0.14 0.076 0.144 0.072 0.142 0.07
7 0.484 0.345 0.008 0.01 0.482 0.34 0.48 0.342 0.48 0.346 0.482 0.348 0.484 0.346 0.486 0.346 0.486 0.342 0.484 0.342
7 0.526 0.377 0.028 0.022 0.524 0.366 0.522 0.368 0.516 0.368 0.514 0.37 0.514 0.376 0.512 0.378 0.512 0.382 0.516 0.386 0.534 0.386 0.536 0.384 0.536 0.378 0.538 0.376 0.538 0.37 0.536 0.368 0.534 0.368 0.532 0.366 0.53 0.366 0.528 0.368 0.526 0.366
4 0.56 0.316 0.02 0.02 0.552 0.306 0.552 0.308 0.55 0.31 0.552 0.312 0.552 0.322 0.554 0.322 0.556 0.324 0.568 0.324 0.568 0.308 0.566 0.308 0.564 0.306
7 0.18 0.175 0.016 0.018 0.178 0.166 0.176 0.168 0.174 0.168 0.174 0.17 0.172 0.172 0.172 0.18 0.174 0.182 0.18 0.182 0.186 0.176 0.186 0.168 0.184 0.166
7 0.063 0.203 0.03 0.022 0.074 0.192 0.072 0.194 0.056 0.194 0.054 0.196 0.054 0.2 0.048 0.206 0.048 0.21 0.052 0.21 0.054 0.212 0.07 0.212 0.072 0.21 0.072 0.206 0.074 0.204 0.074 0.2 0.076 0.198 0.076 0.194
7 0.49 0.211 0.016 0.018 0.486 0.202 0.484 0.204 0.484 0.21 0.482 0.212 0.482 0.214 0.484 0.216 0.484 0.218 0.492 0.218 0.492 0.216 0.494 0.214 0.494 0.212 0.496 0.21 0.496 0.206 0.492 0.202
4 0.421 0.177 0.026 0.022 0.412 0.166 0.41 0.168 0.41 0.17 0.408 0.172 0.408 0.182 0.41 0.184 0.412 0.184 0.414 0.186 0.43 0.186 0.43 0.184 0.432 0.182 0.432 0.168 0.43 0.168 0.428 0.166
4 0.289 0.165 0.026 0.03 0.282 0.15 0.278 0.154 0.278 0.166 0.276 0.168 0.276 0.174 0.28 0.178 0.292 0.178 0.296 0.174 0.296 0.172 0.298 0.17 0.298 0.168 0.3 0.166 0.3 0.154 0.298 0.154 0.296 0.152 0.288 0.152 0.286 0.15
4 0.025 0.053 0.05 0.03 0.0 0.038 0.0 0.062 0.008 0.062 0.01 0.064 0.032 0.064 0.034 0.066 0.046 0.066 0.046 0.064 0.048 0.062 0.048 0.044 0.046 0.044 0.044 0.042 0.03 0.042 0.028 0.04 0.018 0.04 0.016 0.038
7 0.51 0.535 0.016 0.014 0.508 0.528 0.506 0.53 0.504 0.53 0.504 0.534 0.502 0.536 0.504 0.538 0.504 0.54 0.512 0.54 0.512 0.538 0.514 0.536 0.514 0.534 0.516 0.532 0.512 0.528
