7 0.834 0.823 0.028 0.026 0.826 0.81 0.824 0.812 0.822 0.812 0.822 0.814 0.82 0.816 0.82 0.828 0.822 0.83 0.822 0.832 0.824 0.832 0.826 0.834 0.84 0.834 0.842 0.832 0.844 0.832 0.846 0.83 0.846 0.816 0.844 0.814 0.844 0.812 0.842 0.81
5 0.789 0.815 0.118 0.042 0.736 0.794 0.732 0.798 0.732 0.8 0.73 0.802 0.73 0.812 0.736 0.818 0.738 0.818 0.74 0.82 0.746 0.82 0.748 0.822 0.756 0.822 0.758 0.824 0.766 0.824 0.768 0.826 0.778 0.826 0.78 0.828 0.784 0.828 0.786 0.83 0.794 0.83 0.796 0.832 0.804 0.832 0.806 0.834 0.838 0.834 0.84 0.832 0.844 0.832 0.846 0.83 0.846 0.816 0.844 0.814 0.844 0.812 0.842 0.81 0.82 0.81 0.818 0.808 0.816 0.808 0.814 0.806 0.806 0.806 0.804 0.804 0.798 0.804 0.796 0.802 0.788 0.802 0.786 0.8 0.78 0.8 0.778 0.798 0.77 0.798 0.768 0.796 0.76 0.796 0.758 0.794
7 0.842 0.035 0.036 0.042 0.848 0.014 0.846 0.016 0.832 0.016 0.83 0.018 0.824 0.018 0.824 0.052 0.826 0.054 0.856 0.054 0.858 0.052 0.858 0.046 0.856 0.044 0.856 0.022 0.854 0.02 0.854 0.018 0.85 0.014
7 0.492 0.949 0.048 0.046 0.486 0.926 0.484 0.928 0.478 0.928 0.474 0.932 0.474 0.934 0.472 0.936 0.472 0.94 0.47 0.942 0.47 0.944 0.468 0.946 0.468 0.96 0.47 0.962 0.47 0.966 0.474 0.966 0.476 0.968 0.482 0.968 0.484 0.97 0.488 0.97 0.492 0.966 0.5 0.966 0.502 0.964 0.51 0.964 0.512 0.962 0.514 0.962 0.514 0.946 0.512 0.944 0.512 0.93 0.508 0.926
7 0.664 0.952 0.076 0.052 0.684 0.926 0.682 0.928 0.672 0.928 0.67 0.93 0.652 0.93 0.65 0.932 0.638 0.932 0.636 0.934 0.634 0.934 0.632 0.936 0.63 0.936 0.628 0.938 0.628 0.94 0.626 0.942 0.626 0.956 0.628 0.958 0.628 0.97 0.63 0.972 0.63 0.974 0.632 0.976 0.658 0.976 0.66 0.974 0.674 0.974 0.676 0.972 0.684 0.972 0.686 0.97 0.696 0.97 0.7 0.966 0.7 0.946 0.698 0.944 0.698 0.938 0.696 0.936 0.696 0.928 0.694 0.928 0.692 0.926
7 0.719 0.926 0.014 0.024 0.712 0.914 0.712 0.926 0.714 0.928 0.714 0.934 0.716 0.936 0.722 0.936 0.724 0.934 0.724 0.924 0.722 0.922 0.722 0.918 0.718 0.914
7 0.448 0.979 0.044 0.042 0.456 0.958 0.454 0.96 0.446 0.96 0.444 0.962 0.44 0.962 0.438 0.964 0.432 0.964 0.43 0.966 0.428 0.966 0.426 0.968 0.426 0.978 0.428 0.98 0.428 0.994 0.43 0.996 0.43 0.998 0.468 0.998 0.468 0.976 0.466 0.974 0.466 0.966 0.464 0.964 0.464 0.96 0.462 0.958
5 0.592 0.839 0.116 0.046 0.54 0.816 0.534 0.822 0.534 0.838 0.536 0.84 0.536 0.842 0.538 0.844 0.54 0.844 0.542 0.846 0.548 0.846 0.55 0.848 0.556 0.848 0.558 0.85 0.566 0.85 0.568 0.852 0.572 0.852 0.574 0.854 0.582 0.854 0.584 0.856 0.592 0.856 0.594 0.858 0.604 0.858 0.606 0.86 0.636 0.86 0.648 0.848 0.648 0.844 0.646 0.842 0.646 0.838 0.644 0.836 0.64 0.836 0.638 0.834 0.614 0.834 0.612 0.832 0.604 0.832 0.602 0.83 0.59 0.83 0.588 0.828 0.582 0.828 0.58 0.826 0.574 0.826 0.572 0.824 0.568 0.824 0.566 0.822 0.562 0.822 0.56 0.82 0.556 0.82 0.554 0.818 0.546 0.818 0.544 0.816
7 0.631 0.848 0.038 0.028 0.62 0.834 0.616 0.838 0.616 0.84 0.614 0.842 0.614 0.846 0.612 0.848 0.614 0.85 0.614 0.856 0.618 0.86 0.636 0.86 0.638 0.858 0.64 0.858 0.64 0.856 0.648 0.848 0.648 0.844 0.646 0.842 0.646 0.84 0.642 0.836 0.64 0.836 0.638 0.834
5 0.382 0.869 0.124 0.046 0.338 0.846 0.336 0.848 0.336 0.85 0.334 0.852 0.33 0.852 0.328 0.854 0.324 0.854 0.322 0.856 0.32 0.856 0.32 0.868 0.326 0.874 0.33 0.874 0.332 0.876 0.334 0.876 0.336 0.878 0.35 0.878 0.352 0.876 0.354 0.878 0.362 0.878 0.364 0.88 0.37 0.88 0.372 0.882 0.382 0.882 0.384 0.884 0.392 0.884 0.394 0.886 0.4 0.886 0.402 0.888 0.422 0.888 0.424 0.89 0.436 0.89 0.442 0.884 0.442 0.874 0.44 0.872 0.44 0.868 0.438 0.866 0.436 0.866 0.434 0.864 0.424 0.864 0.422 0.862 0.414 0.862 0.412 0.86 0.406 0.86 0.404 0.858 0.396 0.858 0.394 0.856 0.388 0.856 0.386 0.854 0.376 0.854 0.374 0.852 0.368 0.852 0.366 0.85 0.36 0.85 0.358 0.848 0.354 0.848 0.352 0.846
