3 0.971 0.404 0.038 0.04 0.976 0.384 0.974 0.386 0.966 0.386 0.964 0.388 0.962 0.388 0.96 0.39 0.958 0.39 0.956 0.392 0.956 0.394 0.954 0.396 0.954 0.402 0.952 0.404 0.952 0.42 0.954 0.42 0.956 0.422 0.986 0.422 0.986 0.42 0.988 0.418 0.988 0.394 0.986 0.392 0.986 0.386 0.984 0.384
3 0.119 0.624 0.086 0.1 0.122 0.574 0.12 0.576 0.116 0.576 0.114 0.578 0.108 0.578 0.106 0.58 0.1 0.58 0.098 0.582 0.094 0.582 0.092 0.584 0.086 0.584 0.084 0.586 0.08 0.586 0.078 0.588 0.076 0.588 0.076 0.59 0.078 0.592 0.078 0.596 0.08 0.598 0.08 0.604 0.082 0.606 0.082 0.61 0.084 0.612 0.084 0.618 0.086 0.62 0.086 0.624 0.088 0.626 0.088 0.632 0.09 0.634 0.09 0.638 0.092 0.64 0.092 0.646 0.094 0.648 0.094 0.652 0.096 0.654 0.096 0.66 0.098 0.662 0.098 0.666 0.1 0.668 0.1 0.67 0.102 0.67 0.104 0.668 0.108 0.668 0.11 0.666 0.114 0.666 0.116 0.664 0.12 0.664 0.122 0.662 0.126 0.662 0.128 0.66 0.134 0.66 0.136 0.658 0.14 0.658 0.142 0.656 0.146 0.656 0.148 0.654 0.152 0.654 0.154 0.652 0.156 0.652 0.156 0.646 0.158 0.644 0.158 0.632 0.152 0.632 0.148 0.628 0.148 0.622 0.152 0.618 0.16 0.618 0.148 0.606 0.148 0.604 0.142 0.598 0.142 0.596 0.136 0.59 0.136 0.588 0.13 0.582 0.13 0.58 0.124 0.574
3 0.819 0.449 0.038 0.042 0.812 0.428 0.81 0.43 0.806 0.43 0.804 0.432 0.802 0.432 0.8 0.434 0.8 0.446 0.802 0.448 0.802 0.456 0.804 0.458 0.804 0.462 0.806 0.464 0.806 0.466 0.808 0.468 0.814 0.468 0.816 0.466 0.822 0.466 0.824 0.464 0.828 0.464 0.83 0.462 0.834 0.462 0.834 0.46 0.836 0.458 0.834 0.456 0.834 0.452 0.832 0.45 0.832 0.444 0.83 0.442 0.83 0.44 0.828 0.438 0.828 0.432 0.826 0.43 0.826 0.428
5 0.944 0.414 0.012 0.02 0.94 0.404 0.94 0.406 0.938 0.408 0.938 0.418 0.94 0.42 0.94 0.422 0.948 0.422 0.948 0.408 0.944 0.404
3 0.563 0.498 0.09 0.112 0.582 0.442 0.58 0.444 0.576 0.444 0.574 0.446 0.57 0.446 0.568 0.448 0.564 0.448 0.562 0.45 0.558 0.45 0.556 0.452 0.552 0.452 0.55 0.454 0.546 0.454 0.544 0.456 0.54 0.456 0.538 0.458 0.534 0.458 0.532 0.46 0.53 0.46 0.53 0.464 0.528 0.466 0.528 0.474 0.526 0.476 0.526 0.484 0.524 0.486 0.524 0.494 0.522 0.496 0.522 0.504 0.52 0.506 0.52 0.514 0.518 0.516 0.518 0.518 0.552 0.552 0.554 0.55 0.556 0.55 0.558 0.548 0.562 0.548 0.564 0.546 0.566 0.546 0.568 0.544 0.57 0.544 0.572 0.542 0.576 0.542 0.578 0.54 0.58 0.54 0.582 0.538 0.584 0.538 0.586 0.536 0.59 0.536 0.592 0.534 0.594 0.534 0.596 0.532 0.598 0.532 0.6 0.53 0.604 0.53 0.606 0.528 0.606 0.526 0.604 0.524 0.604 0.52 0.602 0.518 0.602 0.512 0.6 0.51 0.6 0.504 0.598 0.502 0.598 0.498 0.596 0.496 0.596 0.49 0.594 0.488 0.594 0.482 0.592 0.48 0.592 0.476 0.59 0.474 0.59 0.468 0.588 0.466 0.588 0.46 0.586 0.458 0.586 0.454 0.584 0.452 0.584 0.446 0.582 0.444
4 0.461 0.488 0.022 0.016 0.464 0.48 0.462 0.482 0.452 0.482 0.45 0.484 0.45 0.486 0.452 0.488 0.452 0.49 0.456 0.494 0.47 0.494 0.47 0.484 0.468 0.482 0.468 0.48
5 0.864 0.453 0.016 0.022 0.858 0.442 0.856 0.444 0.856 0.454 0.864 0.462 0.868 0.462 0.87 0.46 0.87 0.446 0.868 0.444 0.868 0.442
7 0.52 0.54 0.02 0.028 0.524 0.526 0.522 0.528 0.52 0.528 0.518 0.53 0.516 0.53 0.51 0.536 0.51 0.542 0.512 0.544 0.514 0.544 0.516 0.546 0.516 0.548 0.52 0.552 0.524 0.552 0.528 0.548 0.528 0.53
3 0.882 0.375 0.052 0.05 0.886 0.35 0.884 0.352 0.88 0.352 0.878 0.354 0.872 0.354 0.87 0.356 0.866 0.356 0.864 0.358 0.858 0.358 0.856 0.36 0.856 0.366 0.858 0.368 0.858 0.372 0.86 0.374 0.86 0.378 0.862 0.38 0.862 0.384 0.864 0.386 0.864 0.39 0.87 0.396 0.874 0.396 0.876 0.398 0.878 0.396 0.884 0.396 0.886 0.394 0.89 0.394 0.892 0.392 0.896 0.392 0.898 0.39 0.904 0.39 0.906 0.388 0.906 0.38 0.904 0.378 0.904 0.374 0.902 0.372 0.902 0.368 0.9 0.366 0.9 0.362 0.898 0.36 0.898 0.356 0.896 0.354 0.896 0.352 0.894 0.35
3 0.908 0.479 0.048 0.042 0.914 0.458 0.912 0.46 0.906 0.46 0.904 0.462 0.898 0.462 0.896 0.464 0.894 0.464 0.892 0.466 0.89 0.466 0.888 0.468 0.886 0.468 0.886 0.47 0.884 0.472 0.884 0.476 0.886 0.478 0.886 0.48 0.888 0.482 0.888 0.484 0.89 0.486 0.892 0.486 0.9 0.494 0.9 0.496 0.902 0.496 0.904 0.498 0.914 0.498 0.916 0.496 0.922 0.496 0.924 0.494 0.926 0.494 0.928 0.492 0.928 0.49 0.93 0.488 0.93 0.468 0.928 0.466 0.928 0.462 0.924 0.458
4 0.487 0.582 0.018 0.016 0.48 0.574 0.478 0.576 0.478 0.58 0.48 0.582 0.48 0.584 0.482 0.586 0.484 0.586 0.486 0.588 0.488 0.586 0.492 0.586 0.494 0.584 0.494 0.576 0.492 0.574
5 0.157 0.626 0.014 0.012 0.152 0.62 0.15 0.622 0.15 0.628 0.152 0.63 0.16 0.63 0.162 0.628 0.162 0.622 0.16 0.62
