7 0.262 0.994 0.024 0.012 0.26 0.988 0.258 0.99 0.254 0.99 0.252 0.992 0.252 0.994 0.25 0.996 0.25 0.998 0.272 0.998 0.272 0.992 0.27 0.99 0.268 0.99 0.266 0.988
7 0.197 0.997 0.014 0.006 0.192 0.994 0.19 0.996 0.19 0.998 0.202 0.998 0.2 0.996 0.2 0.994
7 0.478 0.086 0.008 0.008 0.474 0.082 0.474 0.086 0.476 0.088 0.478 0.088 0.48 0.086 0.48 0.082
5 0.45 0.255 0.02 0.018 0.442 0.246 0.44 0.248 0.44 0.254 0.444 0.258 0.452 0.258 0.454 0.26 0.454 0.262 0.458 0.262 0.458 0.254 0.456 0.252 0.456 0.25 0.454 0.248 0.452 0.248 0.45 0.246
3 0.556 0.261 0.108 0.158 0.574 0.182 0.552 0.204 0.55 0.204 0.526 0.228 0.524 0.228 0.502 0.25 0.512 0.26 0.512 0.262 0.52 0.27 0.52 0.272 0.53 0.282 0.53 0.284 0.54 0.294 0.54 0.296 0.548 0.304 0.548 0.306 0.558 0.316 0.558 0.318 0.566 0.326 0.566 0.328 0.576 0.338 0.602 0.338 0.602 0.314 0.604 0.312 0.604 0.262 0.606 0.26 0.606 0.21 0.608 0.208 0.608 0.184 0.592 0.184 0.59 0.182
5 0.042 0.185 0.012 0.026 0.038 0.172 0.036 0.174 0.036 0.194 0.038 0.196 0.044 0.196 0.046 0.194 0.046 0.174 0.044 0.172
5 0.466 0.322 0.02 0.024 0.46 0.31 0.458 0.312 0.458 0.316 0.456 0.318 0.456 0.326 0.462 0.332 0.472 0.332 0.474 0.33 0.474 0.314 0.47 0.31
5 0.257 0.209 0.018 0.014 0.248 0.202 0.248 0.212 0.254 0.212 0.256 0.214 0.258 0.214 0.26 0.212 0.264 0.212 0.264 0.204 0.258 0.204 0.256 0.202
5 0.189 0.206 0.018 0.012 0.184 0.2 0.18 0.204 0.18 0.206 0.182 0.208 0.182 0.21 0.194 0.21 0.196 0.208 0.196 0.206 0.192 0.202 0.188 0.202 0.186 0.2
5 0.407 0.195 0.018 0.018 0.4 0.186 0.398 0.188 0.398 0.196 0.402 0.2 0.408 0.2 0.41 0.202 0.412 0.202 0.414 0.2 0.414 0.188 0.412 0.188 0.41 0.186
5 0.17 0.169 0.032 0.022 0.16 0.158 0.158 0.16 0.154 0.16 0.154 0.174 0.158 0.178 0.18 0.178 0.184 0.174 0.184 0.17 0.182 0.168 0.182 0.164 0.176 0.158
5 0.314 0.169 0.028 0.022 0.312 0.158 0.31 0.16 0.308 0.16 0.302 0.166 0.302 0.17 0.3 0.172 0.3 0.176 0.302 0.178 0.32 0.178 0.322 0.176 0.324 0.176 0.326 0.174 0.326 0.164 0.324 0.162 0.324 0.16 0.322 0.158
5 0.139 0.168 0.03 0.024 0.134 0.156 0.132 0.158 0.128 0.158 0.126 0.16 0.124 0.16 0.124 0.174 0.126 0.176 0.128 0.176 0.13 0.178 0.148 0.178 0.152 0.174 0.152 0.168 0.15 0.166 0.15 0.16 0.148 0.158 0.146 0.158 0.144 0.156 0.142 0.158 0.14 0.156
5 0.497 0.134 0.018 0.02 0.49 0.124 0.488 0.126 0.488 0.134 0.49 0.136 0.49 0.138 0.494 0.142 0.504 0.142 0.504 0.126 0.502 0.124
5 0.417 0.13 0.018 0.024 0.416 0.118 0.414 0.12 0.41 0.12 0.41 0.122 0.408 0.124 0.408 0.136 0.412 0.14 0.422 0.14 0.424 0.138 0.424 0.122 0.422 0.12 0.418 0.12
7 0.225 0.202 0.022 0.024 0.216 0.19 0.214 0.192 0.214 0.21 0.216 0.212 0.23 0.212 0.234 0.208 0.234 0.192 0.232 0.192 0.23 0.19
7 0.309 0.228 0.014 0.016 0.306 0.22 0.302 0.224 0.302 0.232 0.304 0.234 0.31 0.234 0.314 0.23 0.314 0.22
7 0.401 0.31 0.014 0.012 0.398 0.304 0.396 0.306 0.396 0.308 0.394 0.31 0.396 0.312 0.396 0.314 0.404 0.314 0.406 0.312 0.406 0.308 0.402 0.304
7 0.427 0.312 0.022 0.02 0.416 0.302 0.416 0.318 0.418 0.318 0.42 0.32 0.434 0.32 0.436 0.318 0.436 0.302
7 0.206 0.895 0.032 0.034 0.196 0.878 0.194 0.88 0.192 0.88 0.192 0.882 0.19 0.884 0.19 0.906 0.192 0.908 0.194 0.908 0.196 0.91 0.218 0.91 0.22 0.908 0.22 0.88 0.218 0.878
3 0.219 0.088 0.106 0.092 0.214 0.042 0.212 0.044 0.196 0.044 0.194 0.046 0.18 0.046 0.178 0.048 0.172 0.048 0.17 0.05 0.168 0.05 0.166 0.052 0.166 0.086 0.168 0.088 0.168 0.09 0.17 0.092 0.17 0.094 0.172 0.094 0.182 0.104 0.184 0.104 0.19 0.11 0.192 0.11 0.202 0.12 0.204 0.12 0.212 0.128 0.214 0.128 0.218 0.132 0.22 0.132 0.226 0.126 0.228 0.126 0.234 0.12 0.236 0.12 0.244 0.112 0.244 0.11 0.25 0.104 0.252 0.104 0.256 0.1 0.258 0.1 0.26 0.098 0.262 0.098 0.264 0.096 0.266 0.096 0.27 0.092 0.27 0.05 0.268 0.05 0.266 0.048 0.238 0.048 0.236 0.046 0.23 0.046 0.228 0.044 0.226 0.044 0.224 0.046 0.22 0.042
