3 0.569 0.075 0.026 0.022 0.56 0.064 0.558 0.066 0.558 0.068 0.556 0.07 0.556 0.072 0.558 0.074 0.558 0.076 0.56 0.076 0.564 0.08 0.566 0.08 0.57 0.084 0.576 0.084 0.58 0.08 0.58 0.076 0.572 0.068 0.57 0.068 0.568 0.066 0.566 0.066 0.564 0.064
7 0.487 0.075 0.01 0.01 0.484 0.07 0.482 0.072 0.482 0.078 0.49 0.078 0.49 0.072 0.488 0.072 0.486 0.07
3 0.161 0.014 0.042 0.028 0.14 0.0 0.14 0.006 0.142 0.008 0.144 0.008 0.148 0.012 0.15 0.012 0.154 0.016 0.156 0.016 0.16 0.02 0.162 0.02 0.166 0.024 0.168 0.024 0.17 0.026 0.172 0.026 0.174 0.024 0.176 0.024 0.176 0.022 0.178 0.02 0.178 0.018 0.18 0.016 0.18 0.01 0.176 0.006 0.176 0.004 0.172 0.0
3 0.519 0.04 0.046 0.036 0.5 0.022 0.496 0.026 0.496 0.03 0.502 0.036 0.504 0.036 0.51 0.042 0.512 0.042 0.516 0.046 0.518 0.046 0.522 0.05 0.524 0.05 0.528 0.054 0.53 0.054 0.532 0.056 0.538 0.056 0.538 0.054 0.54 0.052 0.54 0.048 0.534 0.042 0.532 0.042 0.528 0.038 0.526 0.038 0.522 0.034 0.52 0.034 0.516 0.03 0.514 0.03 0.508 0.024 0.506 0.024 0.504 0.022
2 0.486 0.312 0.044 0.048 0.482 0.288 0.476 0.294 0.476 0.296 0.472 0.3 0.472 0.302 0.47 0.304 0.47 0.306 0.468 0.308 0.468 0.31 0.466 0.312 0.466 0.316 0.464 0.318 0.464 0.326 0.466 0.326 0.468 0.328 0.47 0.328 0.472 0.33 0.476 0.33 0.478 0.332 0.48 0.332 0.482 0.334 0.488 0.334 0.49 0.332 0.49 0.33 0.492 0.328 0.492 0.324 0.496 0.32 0.496 0.318 0.498 0.316 0.498 0.314 0.5 0.312 0.5 0.31 0.502 0.308 0.502 0.306 0.506 0.302 0.506 0.298 0.502 0.294 0.5 0.294 0.498 0.292 0.496 0.292 0.494 0.29 0.49 0.29 0.488 0.288
4 0.434 0.04 0.024 0.024 0.428 0.028 0.422 0.034 0.422 0.042 0.426 0.046 0.428 0.046 0.43 0.048 0.432 0.048 0.434 0.05 0.436 0.048 0.438 0.048 0.442 0.044 0.442 0.042 0.444 0.04 0.444 0.038 0.436 0.03 0.434 0.03 0.432 0.028
2 0.285 0.118 0.054 0.04 0.262 0.098 0.258 0.102 0.258 0.106 0.26 0.106 0.266 0.112 0.268 0.112 0.276 0.12 0.278 0.12 0.28 0.122 0.282 0.122 0.284 0.124 0.286 0.124 0.292 0.13 0.294 0.13 0.3 0.136 0.304 0.136 0.308 0.132 0.308 0.13 0.31 0.128 0.31 0.126 0.3 0.116 0.298 0.116 0.296 0.114 0.294 0.114 0.292 0.112 0.29 0.112 0.288 0.11 0.286 0.11 0.284 0.108 0.282 0.108 0.28 0.106 0.278 0.106 0.276 0.104 0.274 0.104 0.272 0.102 0.27 0.102 0.268 0.1 0.266 0.1 0.264 0.098
7 0.383 0.658 0.018 0.016 0.378 0.65 0.374 0.654 0.374 0.658 0.376 0.66 0.376 0.662 0.378 0.662 0.38 0.664 0.382 0.664 0.384 0.662 0.386 0.662 0.388 0.66 0.388 0.656 0.39 0.654 0.386 0.65
3 0.477 0.009 0.042 0.018 0.458 0.0 0.458 0.002 0.456 0.004 0.456 0.006 0.46 0.01 0.462 0.01 0.464 0.012 0.468 0.012 0.47 0.014 0.474 0.014 0.476 0.016 0.482 0.016 0.484 0.014 0.488 0.014 0.496 0.006 0.496 0.004 0.494 0.002 0.494 0.0
5 0.409 0.082 0.026 0.028 0.414 0.068 0.406 0.076 0.406 0.078 0.396 0.088 0.4 0.092 0.402 0.092 0.41 0.084 0.41 0.082 0.42 0.072 0.418 0.07 0.416 0.07
4 0.45 0.237 0.028 0.026 0.442 0.224 0.44 0.226 0.438 0.226 0.436 0.228 0.436 0.238 0.438 0.238 0.442 0.242 0.444 0.242 0.446 0.244 0.448 0.244 0.45 0.246 0.454 0.246 0.456 0.248 0.46 0.248 0.462 0.246 0.462 0.244 0.46 0.242 0.46 0.238 0.454 0.232 0.452 0.232 0.446 0.226 0.444 0.226
7 0.519 0.553 0.03 0.03 0.516 0.538 0.514 0.54 0.512 0.54 0.508 0.544 0.508 0.546 0.506 0.548 0.506 0.55 0.504 0.552 0.504 0.56 0.506 0.562 0.508 0.562 0.51 0.564 0.514 0.564 0.516 0.566 0.522 0.566 0.526 0.562 0.526 0.56 0.53 0.556 0.53 0.554 0.532 0.552 0.532 0.548 0.528 0.544 0.526 0.544 0.522 0.54 0.518 0.54
7 0.468 0.543 0.024 0.03 0.46 0.528 0.458 0.53 0.458 0.532 0.456 0.534 0.456 0.548 0.46 0.552 0.462 0.552 0.466 0.556 0.472 0.556 0.472 0.554 0.476 0.55 0.476 0.546 0.478 0.544 0.478 0.54 0.47 0.532 0.468 0.532 0.466 0.53 0.464 0.53 0.462 0.528
2 0.683 0.417 0.05 0.062 0.678 0.386 0.674 0.39 0.674 0.392 0.672 0.394 0.672 0.396 0.67 0.398 0.67 0.4 0.668 0.402 0.668 0.404 0.664 0.408 0.664 0.41 0.662 0.412 0.662 0.414 0.66 0.416 0.66 0.418 0.658 0.42 0.658 0.43 0.666 0.438 0.668 0.438 0.67 0.44 0.672 0.44 0.674 0.442 0.676 0.442 0.68 0.446 0.684 0.446 0.686 0.444 0.688 0.444 0.688 0.442 0.694 0.436 0.694 0.434 0.696 0.432 0.696 0.43 0.698 0.428 0.698 0.426 0.7 0.424 0.7 0.422 0.702 0.42 0.702 0.418 0.704 0.416 0.704 0.412 0.706 0.41 0.706 0.4 0.704 0.4 0.698 0.394 0.696 0.394 0.692 0.39 0.688 0.39 0.684 0.386
7 0.499 0.5 0.014 0.012 0.494 0.494 0.492 0.496 0.492 0.5 0.496 0.504 0.5 0.504 0.504 0.5 0.504 0.496 0.502 0.494
7 0.538 0.418 0.024 0.024 0.532 0.406 0.528 0.41 0.528 0.412 0.526 0.414 0.526 0.42 0.528 0.422 0.528 0.424 0.53 0.424 0.532 0.426 0.534 0.426 0.536 0.428 0.54 0.428 0.542 0.426 0.544 0.426 0.548 0.422 0.548 0.414 0.542 0.408 0.54 0.408 0.538 0.406
7 0.534 0.238 0.024 0.02 0.532 0.228 0.526 0.234 0.526 0.236 0.522 0.24 0.522 0.242 0.524 0.244 0.526 0.244 0.528 0.246 0.538 0.246 0.544 0.24 0.544 0.234 0.542 0.232 0.54 0.232 0.538 0.23 0.536 0.23 0.534 0.228
7 0.609 0.229 0.03 0.03 0.6 0.214 0.598 0.216 0.598 0.218 0.596 0.22 0.596 0.222 0.594 0.224 0.594 0.234 0.598 0.238 0.6 0.238 0.602 0.24 0.604 0.24 0.606 0.242 0.612 0.242 0.618 0.236 0.618 0.234 0.62 0.232 0.62 0.228 0.622 0.226 0.622 0.224 0.62 0.222 0.62 0.22 0.618 0.218 0.616 0.218 0.614 0.216 0.612 0.216 0.61 0.214
2 0.205 0.093 0.062 0.062 0.186 0.062 0.186 0.064 0.18 0.07 0.18 0.072 0.174 0.078 0.174 0.084 0.176 0.086 0.178 0.086 0.184 0.092 0.186 0.092 0.19 0.096 0.192 0.096 0.196 0.1 0.198 0.1 0.202 0.104 0.204 0.104 0.208 0.108 0.21 0.108 0.214 0.112 0.216 0.112 0.22 0.116 0.222 0.116 0.226 0.12 0.228 0.12 0.23 0.122 0.232 0.122 0.234 0.12 0.234 0.114 0.226 0.106 0.226 0.104 0.224 0.102 0.226 0.1 0.226 0.092 0.224 0.09 0.222 0.09 0.218 0.086 0.216 0.086 0.208 0.078 0.208 0.076 0.206 0.076 0.192 0.062
7 0.385 0.006 0.01 0.012 0.38 0.0 0.38 0.008 0.382 0.008 0.384 0.01 0.386 0.008 0.388 0.008 0.388 0.0
5 0.559 0.215 0.026 0.026 0.556 0.202 0.55 0.208 0.55 0.21 0.546 0.214 0.546 0.218 0.55 0.222 0.552 0.222 0.554 0.224 0.556 0.224 0.558 0.226 0.564 0.226 0.564 0.224 0.566 0.222 0.566 0.22 0.568 0.218 0.568 0.216 0.57 0.214 0.57 0.206 0.566 0.202
2 0.39 0.189 0.076 0.058 0.352 0.16 0.352 0.166 0.356 0.17 0.356 0.172 0.358 0.174 0.36 0.174 0.366 0.18 0.368 0.18 0.374 0.186 0.376 0.186 0.38 0.19 0.382 0.19 0.386 0.194 0.388 0.194 0.392 0.198 0.394 0.198 0.398 0.202 0.4 0.202 0.404 0.206 0.406 0.206 0.41 0.21 0.412 0.21 0.418 0.216 0.424 0.216 0.424 0.214 0.426 0.212 0.426 0.208 0.42 0.202 0.418 0.202 0.414 0.198 0.412 0.198 0.408 0.194 0.406 0.194 0.402 0.19 0.4 0.19 0.396 0.186 0.394 0.186 0.388 0.18 0.386 0.18 0.38 0.174 0.378 0.174 0.376 0.172 0.374 0.172 0.366 0.164 0.364 0.164 0.362 0.162 0.36 0.162 0.358 0.16
7 0.385 0.101 0.03 0.026 0.382 0.088 0.38 0.09 0.378 0.09 0.374 0.094 0.374 0.096 0.37 0.1 0.37 0.106 0.374 0.11 0.376 0.11 0.378 0.112 0.388 0.112 0.396 0.104 0.396 0.102 0.398 0.1 0.398 0.098 0.396 0.096 0.396 0.094 0.394 0.092 0.392 0.092 0.388 0.088
