5 0.214 0.694 0.02 0.02 0.204 0.684 0.204 0.686 0.206 0.688 0.206 0.69 0.208 0.692 0.208 0.694 0.21 0.696 0.21 0.698 0.214 0.702 0.216 0.702 0.218 0.7 0.22 0.7 0.22 0.698 0.222 0.696 0.22 0.696 0.218 0.694 0.218 0.692 0.216 0.69 0.216 0.688 0.214 0.688 0.21 0.684
5 0.518 0.434 0.02 0.02 0.514 0.424 0.512 0.426 0.51 0.426 0.508 0.428 0.508 0.436 0.514 0.442 0.52 0.442 0.524 0.438 0.524 0.436 0.526 0.434 0.526 0.43 0.524 0.43 0.52 0.426 0.518 0.426 0.516 0.424
5 0.11 0.652 0.024 0.028 0.106 0.638 0.104 0.64 0.102 0.64 0.1 0.642 0.098 0.642 0.098 0.648 0.1 0.65 0.1 0.654 0.102 0.656 0.102 0.658 0.108 0.664 0.112 0.664 0.12 0.656 0.12 0.65 0.112 0.642 0.112 0.64 0.11 0.638
7 0.319 0.599 0.01 0.01 0.316 0.594 0.314 0.596 0.314 0.602 0.32 0.602 0.32 0.6 0.322 0.598 0.32 0.596 0.32 0.594
5 0.041 0.745 0.018 0.022 0.032 0.734 0.032 0.746 0.034 0.748 0.034 0.75 0.038 0.754 0.042 0.754 0.042 0.746 0.044 0.744 0.046 0.744 0.048 0.742 0.048 0.74 0.042 0.734
5 0.135 0.722 0.022 0.02 0.136 0.712 0.134 0.714 0.132 0.714 0.13 0.716 0.128 0.716 0.124 0.72 0.124 0.724 0.126 0.726 0.126 0.728 0.128 0.728 0.13 0.73 0.136 0.724 0.138 0.724 0.142 0.72 0.144 0.72 0.144 0.718 0.138 0.712
5 0.179 0.712 0.03 0.032 0.172 0.696 0.17 0.698 0.168 0.698 0.164 0.702 0.164 0.704 0.166 0.706 0.166 0.708 0.174 0.716 0.174 0.718 0.182 0.726 0.188 0.726 0.19 0.724 0.19 0.722 0.192 0.72 0.192 0.716 0.184 0.708 0.184 0.706 0.18 0.702 0.18 0.7 0.178 0.698 0.178 0.696
7 0.171 0.649 0.03 0.03 0.172 0.634 0.17 0.636 0.168 0.636 0.166 0.638 0.164 0.638 0.156 0.646 0.156 0.65 0.158 0.652 0.158 0.654 0.16 0.656 0.16 0.658 0.164 0.662 0.172 0.662 0.176 0.658 0.178 0.658 0.182 0.654 0.182 0.652 0.184 0.65 0.184 0.644 0.182 0.642 0.182 0.64 0.176 0.634
5 0.587 0.385 0.022 0.022 0.584 0.374 0.582 0.376 0.58 0.376 0.576 0.38 0.576 0.388 0.582 0.394 0.59 0.394 0.594 0.39 0.594 0.388 0.596 0.386 0.596 0.384 0.594 0.382 0.594 0.38 0.592 0.378 0.592 0.376 0.59 0.376 0.588 0.374
7 0.015 0.807 0.014 0.014 0.012 0.8 0.01 0.802 0.01 0.804 0.008 0.806 0.01 0.808 0.01 0.81 0.012 0.81 0.014 0.812 0.02 0.812 0.02 0.806 0.018 0.804 0.018 0.802 0.016 0.8
5 0.554 0.463 0.02 0.018 0.548 0.454 0.544 0.458 0.544 0.464 0.546 0.466 0.546 0.468 0.548 0.47 0.554 0.47 0.554 0.468 0.562 0.46 0.56 0.458 0.56 0.454
5 0.41 0.509 0.024 0.022 0.406 0.498 0.404 0.5 0.402 0.5 0.398 0.504 0.4 0.506 0.4 0.51 0.404 0.514 0.404 0.516 0.406 0.518 0.412 0.518 0.414 0.516 0.416 0.516 0.416 0.514 0.42 0.51 0.42 0.506 0.416 0.502 0.416 0.5 0.414 0.498
5 0.325 0.542 0.022 0.02 0.322 0.532 0.32 0.534 0.316 0.534 0.314 0.536 0.314 0.54 0.324 0.55 0.328 0.55 0.334 0.544 0.33 0.54 0.33 0.538 0.324 0.532
5 0.424 0.554 0.02 0.02 0.426 0.544 0.424 0.546 0.42 0.546 0.418 0.548 0.416 0.548 0.416 0.55 0.414 0.552 0.414 0.556 0.416 0.558 0.416 0.56 0.42 0.56 0.422 0.562 0.432 0.552 0.432 0.548 0.43 0.546 0.428 0.546
5 0.349 0.558 0.034 0.036 0.346 0.54 0.344 0.542 0.342 0.542 0.34 0.544 0.336 0.544 0.332 0.548 0.332 0.55 0.336 0.554 0.336 0.556 0.34 0.56 0.34 0.562 0.346 0.568 0.346 0.57 0.35 0.574 0.354 0.574 0.356 0.572 0.358 0.572 0.358 0.57 0.362 0.566 0.362 0.564 0.358 0.56 0.358 0.558 0.352 0.552 0.352 0.55 0.35 0.548 0.35 0.544
5 0.215 0.576 0.026 0.028 0.216 0.562 0.214 0.564 0.212 0.564 0.208 0.568 0.206 0.568 0.202 0.572 0.204 0.574 0.204 0.576 0.206 0.578 0.206 0.58 0.21 0.584 0.21 0.586 0.212 0.588 0.218 0.588 0.226 0.58 0.224 0.578 0.224 0.576 0.222 0.574 0.222 0.572 0.218 0.568 0.218 0.566 0.216 0.564
5 0.268 0.609 0.024 0.022 0.268 0.598 0.266 0.6 0.262 0.6 0.26 0.602 0.256 0.602 0.256 0.606 0.262 0.612 0.262 0.614 0.266 0.618 0.272 0.618 0.276 0.614 0.276 0.612 0.278 0.61 0.272 0.604 0.272 0.602 0.27 0.6 0.27 0.598
