4 0.688 0.113 0.016 0.018 0.682 0.104 0.68 0.106 0.68 0.118 0.682 0.118 0.684 0.12 0.688 0.12 0.69 0.118 0.692 0.118 0.692 0.116 0.694 0.114 0.694 0.112 0.692 0.11 0.692 0.108 0.688 0.104
3 0.773 0.03 0.042 0.052 0.756 0.004 0.754 0.006 0.754 0.01 0.752 0.012 0.752 0.046 0.754 0.048 0.756 0.048 0.758 0.05 0.762 0.05 0.764 0.052 0.766 0.052 0.768 0.054 0.772 0.054 0.774 0.052 0.78 0.052 0.782 0.05 0.786 0.05 0.79 0.046 0.79 0.026 0.792 0.024 0.792 0.006 0.79 0.004
5 0.291 0.099 0.014 0.01 0.286 0.094 0.284 0.096 0.284 0.102 0.296 0.102 0.296 0.096 0.294 0.094
5 0.232 0.093 0.016 0.014 0.226 0.086 0.226 0.088 0.224 0.09 0.224 0.094 0.228 0.098 0.232 0.098 0.234 0.096 0.236 0.096 0.238 0.094 0.238 0.088 0.236 0.086
4 0.401 0.036 0.01 0.012 0.396 0.03 0.396 0.036 0.4 0.04 0.402 0.04 0.404 0.038 0.404 0.032 0.402 0.03
5 0.118 0.046 0.02 0.028 0.112 0.032 0.108 0.036 0.108 0.052 0.114 0.052 0.116 0.054 0.118 0.054 0.12 0.056 0.124 0.056 0.124 0.052 0.126 0.05 0.126 0.038 0.122 0.034 0.12 0.034 0.118 0.032
4 0.853 0.193 0.022 0.022 0.85 0.182 0.848 0.184 0.846 0.184 0.844 0.186 0.844 0.19 0.842 0.192 0.842 0.2 0.844 0.202 0.858 0.202 0.86 0.2 0.86 0.192 0.862 0.19 0.862 0.186 0.86 0.184 0.854 0.184 0.852 0.182
2 0.99 0.201 0.02 0.042 0.988 0.18 0.986 0.182 0.986 0.188 0.984 0.19 0.984 0.194 0.982 0.196 0.982 0.206 0.98 0.208 0.98 0.212 0.982 0.214 0.982 0.218 0.992 0.218 0.994 0.22 0.998 0.22 0.998 0.18
2 0.751 0.225 0.07 0.038 0.72 0.206 0.72 0.212 0.718 0.214 0.718 0.226 0.716 0.228 0.716 0.232 0.72 0.232 0.722 0.234 0.734 0.234 0.736 0.236 0.748 0.236 0.75 0.238 0.76 0.238 0.762 0.24 0.774 0.24 0.776 0.242 0.78 0.242 0.78 0.236 0.782 0.234 0.782 0.22 0.784 0.218 0.784 0.212 0.774 0.212 0.772 0.21 0.752 0.21 0.75 0.208 0.73 0.208 0.728 0.206
4 0.956 0.023 0.028 0.026 0.944 0.01 0.942 0.012 0.942 0.026 0.944 0.028 0.944 0.03 0.946 0.032 0.95 0.032 0.952 0.034 0.962 0.034 0.964 0.032 0.966 0.032 0.968 0.03 0.968 0.012 0.966 0.01
3 0.885 0.189 0.042 0.078 0.874 0.15 0.872 0.152 0.872 0.158 0.87 0.16 0.87 0.168 0.868 0.17 0.868 0.18 0.866 0.182 0.866 0.202 0.864 0.204 0.866 0.206 0.866 0.22 0.868 0.222 0.878 0.222 0.88 0.224 0.89 0.224 0.892 0.226 0.898 0.226 0.9 0.224 0.9 0.222 0.902 0.22 0.902 0.174 0.904 0.172 0.904 0.154 0.9 0.15
3 0.769 0.17 0.062 0.072 0.75 0.134 0.746 0.138 0.746 0.142 0.744 0.144 0.744 0.148 0.742 0.15 0.742 0.158 0.74 0.16 0.74 0.17 0.738 0.172 0.738 0.192 0.74 0.194 0.74 0.2 0.742 0.2 0.744 0.202 0.754 0.202 0.756 0.204 0.792 0.204 0.794 0.202 0.794 0.2 0.796 0.198 0.796 0.182 0.798 0.18 0.798 0.14 0.796 0.138 0.786 0.138 0.784 0.136 0.772 0.136 0.77 0.134
3 0.635 0.165 0.054 0.074 0.632 0.128 0.63 0.13 0.626 0.13 0.624 0.132 0.62 0.132 0.618 0.134 0.616 0.134 0.612 0.138 0.612 0.142 0.61 0.144 0.61 0.154 0.608 0.156 0.608 0.196 0.61 0.198 0.626 0.198 0.628 0.2 0.646 0.2 0.648 0.198 0.65 0.198 0.652 0.196 0.652 0.194 0.654 0.192 0.654 0.184 0.656 0.182 0.656 0.166 0.658 0.164 0.658 0.144 0.66 0.142 0.66 0.132 0.658 0.13 0.654 0.13 0.652 0.128
3 0.398 0.143 0.068 0.046 0.37 0.12 0.368 0.122 0.368 0.128 0.366 0.13 0.366 0.138 0.364 0.14 0.364 0.15 0.366 0.152 0.366 0.156 0.368 0.158 0.368 0.16 0.37 0.162 0.376 0.162 0.378 0.164 0.416 0.164 0.418 0.162 0.426 0.162 0.43 0.158 0.43 0.14 0.428 0.138 0.428 0.126 0.426 0.124 0.426 0.122 0.424 0.12
3 0.233 0.13 0.058 0.052 0.22 0.104 0.218 0.106 0.212 0.106 0.21 0.108 0.208 0.108 0.208 0.11 0.206 0.112 0.206 0.118 0.204 0.12 0.204 0.142 0.206 0.144 0.206 0.148 0.21 0.152 0.218 0.152 0.22 0.154 0.258 0.154 0.258 0.152 0.26 0.15 0.26 0.108 0.258 0.106 0.232 0.106 0.23 0.104
5 0.392 0.096 0.012 0.016 0.39 0.088 0.386 0.092 0.386 0.098 0.388 0.1 0.388 0.102 0.394 0.102 0.394 0.1 0.396 0.098 0.396 0.088
3 0.698 0.027 0.068 0.046 0.672 0.004 0.67 0.006 0.666 0.006 0.666 0.02 0.664 0.022 0.664 0.038 0.666 0.04 0.668 0.04 0.67 0.042 0.676 0.042 0.678 0.044 0.686 0.044 0.688 0.046 0.692 0.046 0.694 0.048 0.7 0.048 0.702 0.046 0.716 0.046 0.718 0.044 0.722 0.044 0.724 0.042 0.726 0.042 0.726 0.04 0.728 0.038 0.728 0.01 0.73 0.008 0.73 0.006 0.728 0.004
3 0.896 0.031 0.056 0.05 0.872 0.006 0.87 0.008 0.87 0.022 0.868 0.024 0.868 0.034 0.87 0.036 0.87 0.038 0.872 0.038 0.874 0.04 0.878 0.04 0.888 0.05 0.89 0.05 0.894 0.054 0.898 0.054 0.902 0.05 0.904 0.05 0.908 0.046 0.91 0.046 0.916 0.04 0.918 0.04 0.92 0.038 0.92 0.036 0.922 0.034 0.922 0.006
3 0.268 0.024 0.076 0.048 0.236 0.0 0.234 0.002 0.232 0.002 0.232 0.004 0.23 0.006 0.23 0.012 0.236 0.018 0.236 0.02 0.238 0.022 0.238 0.024 0.24 0.026 0.24 0.032 0.242 0.034 0.242 0.036 0.244 0.038 0.244 0.046 0.254 0.046 0.256 0.044 0.258 0.044 0.264 0.038 0.266 0.038 0.274 0.03 0.276 0.03 0.28 0.026 0.282 0.026 0.292 0.016 0.294 0.016 0.296 0.014 0.298 0.014 0.304 0.008 0.304 0.006 0.302 0.004 0.302 0.002 0.3 0.0
5 0.84 0.097 0.024 0.014 0.836 0.09 0.834 0.092 0.832 0.092 0.828 0.096 0.828 0.1 0.83 0.1 0.832 0.102 0.848 0.102 0.848 0.1 0.85 0.098 0.848 0.096 0.848 0.092 0.846 0.09
5 0.343 0.126 0.014 0.012 0.338 0.12 0.336 0.122 0.336 0.128 0.338 0.13 0.346 0.13 0.348 0.128 0.348 0.12
7 0.111 0.469 0.022 0.022 0.102 0.458 0.1 0.46 0.1 0.476 0.104 0.476 0.106 0.478 0.114 0.478 0.118 0.474 0.118 0.472 0.12 0.47 0.12 0.462 0.118 0.46 0.118 0.458
0 0.079 0.1 0.11 0.08 0.03 0.06 0.026 0.064 0.026 0.09 0.024 0.092 0.024 0.13 0.032 0.13 0.034 0.132 0.048 0.132 0.05 0.134 0.056 0.134 0.058 0.136 0.074 0.136 0.076 0.138 0.118 0.138 0.12 0.136 0.124 0.136 0.124 0.122 0.126 0.12 0.126 0.114 0.128 0.112 0.128 0.098 0.13 0.096 0.13 0.082 0.132 0.08 0.132 0.07 0.114 0.07 0.112 0.068 0.104 0.068 0.102 0.066 0.082 0.066 0.08 0.064 0.058 0.064 0.056 0.062 0.038 0.062 0.036 0.06
5 0.353 0.064 0.01 0.012 0.348 0.058 0.348 0.066 0.352 0.066 0.354 0.068 0.356 0.068 0.356 0.058
5 0.197 0.046 0.018 0.016 0.188 0.038 0.188 0.05 0.196 0.05 0.198 0.052 0.204 0.052 0.204 0.04 0.196 0.04 0.194 0.038
5 0.617 0.089 0.022 0.042 0.616 0.068 0.61 0.074 0.61 0.08 0.608 0.082 0.608 0.086 0.606 0.088 0.606 0.104 0.61 0.108 0.618 0.108 0.622 0.104 0.622 0.088 0.624 0.086 0.624 0.082 0.626 0.08 0.626 0.072 0.622 0.068
5 0.718 0.127 0.016 0.01 0.71 0.122 0.71 0.13 0.724 0.13 0.724 0.124 0.718 0.124 0.716 0.122
7 0.151 0.166 0.026 0.024 0.142 0.154 0.14 0.156 0.14 0.158 0.138 0.16 0.138 0.172 0.14 0.174 0.148 0.174 0.15 0.176 0.158 0.176 0.16 0.174 0.16 0.17 0.162 0.168 0.162 0.158 0.16 0.156 0.148 0.156 0.146 0.154
7 0.111 0.164 0.026 0.02 0.1 0.154 0.1 0.156 0.098 0.158 0.098 0.168 0.102 0.172 0.112 0.172 0.114 0.17 0.12 0.17 0.122 0.168 0.122 0.154
