4 0.01 0.919 0.02 0.034 0.0 0.902 0.0 0.934 0.004 0.934 0.006 0.932 0.008 0.932 0.01 0.93 0.016 0.93 0.018 0.928 0.018 0.918 0.016 0.916 0.016 0.914 0.006 0.904 0.002 0.904
5 0.668 0.591 0.024 0.018 0.668 0.582 0.662 0.588 0.66 0.588 0.658 0.59 0.658 0.592 0.664 0.598 0.666 0.596 0.668 0.596 0.67 0.594 0.672 0.594 0.674 0.592 0.676 0.592 0.676 0.59
4 0.11 0.823 0.02 0.018 0.106 0.814 0.1 0.82 0.1 0.824 0.104 0.828 0.106 0.828 0.108 0.83 0.11 0.83 0.112 0.828 0.114 0.828 0.118 0.824 0.118 0.82 0.116 0.818 0.116 0.814
4 0.31 0.369 0.024 0.026 0.308 0.356 0.306 0.358 0.302 0.358 0.298 0.362 0.298 0.372 0.3 0.374 0.3 0.376 0.302 0.378 0.304 0.378 0.306 0.38 0.31 0.38 0.314 0.376 0.316 0.376 0.316 0.374 0.318 0.372 0.318 0.368 0.32 0.366 0.318 0.364 0.318 0.36 0.314 0.356
4 0.451 0.352 0.022 0.024 0.45 0.34 0.448 0.342 0.444 0.342 0.44 0.346 0.44 0.352 0.442 0.354 0.442 0.356 0.444 0.358 0.444 0.36 0.446 0.362 0.454 0.362 0.456 0.36 0.458 0.36 0.46 0.358 0.46 0.35 0.458 0.348 0.458 0.344 0.456 0.342 0.452 0.342
4 0.484 0.337 0.024 0.026 0.482 0.324 0.48 0.326 0.476 0.326 0.472 0.33 0.472 0.336 0.478 0.342 0.478 0.344 0.48 0.346 0.482 0.346 0.484 0.348 0.486 0.348 0.488 0.346 0.49 0.346 0.494 0.342 0.494 0.332 0.492 0.33 0.492 0.328 0.488 0.324
5 0.299 0.288 0.022 0.028 0.302 0.274 0.3 0.276 0.296 0.276 0.294 0.278 0.292 0.278 0.288 0.282 0.288 0.286 0.29 0.288 0.29 0.292 0.292 0.294 0.292 0.298 0.294 0.3 0.298 0.3 0.302 0.296 0.304 0.296 0.306 0.294 0.308 0.294 0.308 0.284 0.306 0.282 0.306 0.278
4 0.633 0.594 0.022 0.024 0.632 0.582 0.63 0.584 0.628 0.584 0.622 0.59 0.622 0.594 0.624 0.596 0.624 0.6 0.626 0.602 0.628 0.602 0.63 0.604 0.632 0.602 0.634 0.602 0.642 0.594 0.642 0.59 0.64 0.588 0.64 0.586 0.638 0.584 0.636 0.584 0.634 0.582
5 0.077 0.939 0.026 0.03 0.072 0.924 0.07 0.926 0.066 0.926 0.064 0.928 0.064 0.934 0.066 0.936 0.066 0.938 0.07 0.942 0.07 0.944 0.072 0.946 0.072 0.95 0.074 0.95 0.076 0.952 0.08 0.952 0.082 0.95 0.084 0.95 0.088 0.946 0.088 0.944 0.086 0.942 0.086 0.938 0.084 0.936 0.084 0.934 0.082 0.932 0.082 0.93 0.076 0.924
4 0.651 0.638 0.022 0.024 0.652 0.626 0.65 0.628 0.648 0.628 0.646 0.63 0.642 0.63 0.64 0.632 0.64 0.642 0.646 0.648 0.648 0.648 0.65 0.646 0.654 0.646 0.656 0.644 0.658 0.644 0.66 0.642 0.66 0.634 0.658 0.632 0.658 0.63 0.654 0.626
2 0.593 0.668 0.05 0.072 0.594 0.632 0.592 0.634 0.588 0.634 0.586 0.636 0.584 0.636 0.58 0.64 0.578 0.64 0.576 0.642 0.568 0.642 0.568 0.648 0.57 0.65 0.57 0.652 0.572 0.654 0.572 0.658 0.576 0.662 0.576 0.664 0.578 0.666 0.578 0.67 0.58 0.672 0.58 0.674 0.582 0.676 0.582 0.678 0.584 0.68 0.584 0.682 0.586 0.684 0.586 0.686 0.588 0.688 0.588 0.692 0.59 0.694 0.59 0.696 0.592 0.698 0.592 0.7 0.594 0.702 0.598 0.702 0.602 0.698 0.604 0.698 0.606 0.696 0.608 0.696 0.61 0.694 0.612 0.694 0.614 0.692 0.616 0.692 0.616 0.686 0.614 0.684 0.614 0.68 0.612 0.678 0.612 0.676 0.61 0.674 0.61 0.67 0.608 0.668 0.608 0.664 0.606 0.662 0.606 0.66 0.604 0.658 0.604 0.654 0.602 0.652 0.602 0.648 0.6 0.646 0.6 0.642 0.598 0.64 0.598 0.636 0.596 0.634 0.596 0.632
3 0.884 0.852 0.104 0.112 0.902 0.796 0.9 0.798 0.896 0.798 0.894 0.8 0.892 0.8 0.89 0.802 0.886 0.802 0.884 0.804 0.88 0.804 0.878 0.806 0.876 0.806 0.874 0.808 0.87 0.808 0.868 0.81 0.866 0.81 0.864 0.812 0.86 0.812 0.858 0.814 0.856 0.814 0.854 0.816 0.85 0.816 0.848 0.818 0.844 0.818 0.842 0.82 0.84 0.82 0.838 0.822 0.834 0.822 0.832 0.824 0.834 0.826 0.834 0.828 0.836 0.83 0.836 0.832 0.838 0.834 0.838 0.836 0.84 0.838 0.84 0.84 0.842 0.842 0.842 0.846 0.844 0.848 0.844 0.85 0.846 0.852 0.846 0.854 0.848 0.856 0.848 0.858 0.85 0.86 0.85 0.862 0.852 0.864 0.852 0.866 0.854 0.868 0.854 0.87 0.856 0.872 0.856 0.874 0.858 0.876 0.858 0.878 0.86 0.88 0.86 0.882 0.862 0.884 0.862 0.888 0.864 0.89 0.864 0.892 0.866 0.894 0.866 0.896 0.868 0.898 0.868 0.9 0.87 0.902 0.87 0.904 0.872 0.906 0.874 0.904 0.876 0.904 0.878 0.902 0.88 0.902 0.882 0.9 0.884 0.9 0.886 0.898 0.888 0.898 0.89 0.896 0.892 0.896 0.894 0.894 0.896 0.894 0.898 0.892 0.9 0.892 0.902 0.89 0.904 0.89 0.906 0.888 0.908 0.888 0.91 0.886 0.912 0.886 0.914 0.884 0.916 0.884 0.918 0.882 0.92 0.882 0.922 0.88 0.924 0.88 0.926 0.878 0.928 0.878 0.93 0.876 0.932 0.876 0.934 0.874 0.932 0.872 0.932 0.868 0.93 0.866 0.93 0.864 0.928 0.862 0.928 0.858 0.926 0.856 0.926 0.854 0.924 0.852 0.924 0.848 0.922 0.846 0.922 0.844 0.92 0.842 0.92 0.838 0.918 0.836 0.918 0.834 0.916 0.832 0.916 0.828 0.914 0.826 0.914 0.824 0.912 0.822 0.912 0.818 0.91 0.816 0.91 0.814 0.908 0.812 0.908 0.808 0.906 0.806 0.906 0.804 0.904 0.802 0.904 0.798
5 0.832 0.878 0.024 0.02 0.822 0.868 0.822 0.876 0.82 0.878 0.82 0.886 0.83 0.886 0.832 0.884 0.842 0.884 0.842 0.878 0.84 0.876 0.84 0.868
5 0.409 0.282 0.022 0.024 0.408 0.27 0.406 0.272 0.404 0.272 0.398 0.278 0.4 0.28 0.4 0.288 0.402 0.29 0.402 0.292 0.406 0.292 0.408 0.29 0.41 0.29 0.414 0.286 0.416 0.286 0.416 0.284 0.418 0.282 0.418 0.28 0.416 0.278 0.416 0.274 0.412 0.27
7 0.836 0.922 0.02 0.012 0.83 0.916 0.826 0.92 0.83 0.924 0.832 0.924 0.834 0.926 0.842 0.926 0.844 0.924 0.844 0.918 0.842 0.916
7 0.803 0.842 0.01 0.008 0.798 0.838 0.798 0.842 0.8 0.844 0.804 0.844 0.806 0.842 0.806 0.838
7 0.394 0.295 0.012 0.014 0.392 0.288 0.388 0.292 0.388 0.294 0.39 0.296 0.39 0.298 0.392 0.3 0.394 0.298 0.396 0.298 0.398 0.296 0.398 0.29 0.396 0.29 0.394 0.288
