4 0.682 0.995 0.02 0.01 0.676 0.99 0.674 0.992 0.674 0.994 0.672 0.996 0.672 0.998 0.69 0.998 0.688 0.996 0.688 0.994 0.686 0.992 0.684 0.992 0.682 0.99
3 0.159 0.852 0.086 0.076 0.176 0.814 0.174 0.816 0.166 0.816 0.164 0.818 0.156 0.818 0.154 0.82 0.148 0.82 0.146 0.822 0.138 0.822 0.136 0.824 0.128 0.824 0.126 0.826 0.126 0.83 0.124 0.832 0.124 0.834 0.122 0.836 0.122 0.84 0.12 0.842 0.12 0.846 0.118 0.848 0.118 0.854 0.116 0.856 0.116 0.86 0.118 0.86 0.12 0.862 0.12 0.864 0.122 0.864 0.13 0.872 0.132 0.872 0.134 0.874 0.136 0.874 0.138 0.876 0.142 0.876 0.144 0.878 0.146 0.878 0.148 0.88 0.15 0.88 0.152 0.882 0.154 0.882 0.156 0.884 0.158 0.884 0.16 0.886 0.17 0.886 0.172 0.888 0.174 0.888 0.176 0.886 0.178 0.888 0.182 0.888 0.188 0.882 0.188 0.88 0.192 0.876 0.192 0.874 0.196 0.87 0.196 0.866 0.198 0.864 0.198 0.86 0.2 0.858 0.2 0.85 0.198 0.848 0.198 0.846 0.196 0.844 0.196 0.842 0.194 0.84 0.194 0.838 0.192 0.836 0.192 0.834 0.19 0.832 0.19 0.83 0.188 0.828 0.188 0.826 0.184 0.822 0.184 0.818 0.18 0.814
5 0.831 0.249 0.022 0.026 0.828 0.236 0.826 0.238 0.826 0.24 0.824 0.242 0.824 0.246 0.822 0.248 0.822 0.252 0.82 0.254 0.82 0.256 0.822 0.258 0.828 0.258 0.83 0.26 0.832 0.26 0.834 0.258 0.836 0.258 0.838 0.256 0.838 0.254 0.84 0.252 0.84 0.24 0.838 0.238 0.834 0.238 0.832 0.236
5 0.187 0.749 0.022 0.03 0.186 0.734 0.182 0.738 0.182 0.742 0.18 0.744 0.18 0.746 0.178 0.748 0.178 0.75 0.176 0.752 0.176 0.758 0.18 0.762 0.188 0.762 0.19 0.76 0.19 0.758 0.192 0.756 0.192 0.752 0.194 0.75 0.194 0.746 0.196 0.744 0.196 0.738 0.194 0.736 0.192 0.736 0.19 0.734
5 0.719 0.906 0.022 0.028 0.72 0.892 0.718 0.894 0.714 0.894 0.712 0.896 0.712 0.898 0.71 0.9 0.71 0.902 0.708 0.904 0.708 0.912 0.714 0.918 0.72 0.918 0.724 0.914 0.724 0.91 0.726 0.908 0.726 0.904 0.728 0.902 0.728 0.896 0.726 0.894 0.722 0.894
6 0.081 0.828 0.09 0.068 0.05 0.794 0.046 0.798 0.046 0.8 0.044 0.802 0.044 0.804 0.042 0.806 0.042 0.81 0.04 0.812 0.04 0.814 0.038 0.816 0.038 0.82 0.036 0.822 0.036 0.828 0.038 0.83 0.04 0.83 0.042 0.832 0.046 0.832 0.048 0.834 0.05 0.834 0.052 0.836 0.054 0.836 0.056 0.838 0.06 0.838 0.062 0.84 0.066 0.84 0.068 0.842 0.07 0.842 0.072 0.844 0.074 0.844 0.076 0.846 0.08 0.846 0.082 0.848 0.086 0.848 0.09 0.852 0.094 0.852 0.096 0.854 0.1 0.854 0.102 0.856 0.104 0.856 0.106 0.858 0.108 0.858 0.11 0.86 0.112 0.858 0.114 0.858 0.114 0.854 0.116 0.852 0.116 0.846 0.118 0.844 0.118 0.842 0.12 0.84 0.12 0.836 0.122 0.834 0.122 0.828 0.124 0.826 0.12 0.822 0.118 0.822 0.116 0.82 0.112 0.82 0.11 0.818 0.108 0.818 0.106 0.816 0.102 0.816 0.1 0.814 0.098 0.814 0.096 0.812 0.094 0.812 0.092 0.81 0.088 0.81 0.086 0.808 0.084 0.808 0.082 0.806 0.08 0.806 0.078 0.804 0.074 0.804 0.072 0.802 0.07 0.802 0.068 0.8 0.066 0.8 0.064 0.798 0.06 0.798 0.058 0.796 0.054 0.796 0.052 0.794
7 0.748 0.222 0.024 0.024 0.742 0.21 0.742 0.212 0.74 0.214 0.738 0.214 0.736 0.216 0.736 0.22 0.738 0.222 0.738 0.226 0.74 0.228 0.74 0.23 0.742 0.232 0.752 0.232 0.752 0.23 0.756 0.226 0.756 0.224 0.758 0.222 0.758 0.214 0.756 0.212 0.754 0.212 0.752 0.21
7 0.772 0.31 0.04 0.032 0.754 0.294 0.754 0.296 0.752 0.298 0.752 0.3 0.76 0.308 0.762 0.308 0.764 0.31 0.766 0.31 0.768 0.312 0.77 0.312 0.772 0.314 0.772 0.32 0.776 0.324 0.784 0.324 0.79 0.318 0.79 0.314 0.786 0.31 0.782 0.31 0.78 0.308 0.778 0.308 0.77 0.3 0.768 0.3 0.766 0.298 0.764 0.298 0.762 0.296 0.758 0.296 0.756 0.294
7 0.782 0.319 0.02 0.018 0.78 0.31 0.778 0.312 0.774 0.312 0.772 0.314 0.772 0.32 0.776 0.324 0.778 0.324 0.78 0.326 0.782 0.326 0.79 0.318 0.79 0.314 0.788 0.312 0.784 0.312 0.782 0.31
7 0.182 0.806 0.016 0.016 0.174 0.798 0.174 0.806 0.176 0.808 0.176 0.81 0.178 0.812 0.184 0.812 0.184 0.808 0.186 0.806 0.186 0.804 0.188 0.802 0.188 0.8 0.186 0.798
5 0.304 0.478 0.024 0.028 0.304 0.464 0.302 0.466 0.302 0.468 0.3 0.47 0.3 0.472 0.296 0.476 0.296 0.478 0.294 0.48 0.294 0.482 0.292 0.484 0.298 0.49 0.302 0.486 0.302 0.484 0.306 0.48 0.306 0.478 0.31 0.474 0.31 0.472 0.314 0.468 0.312 0.466 0.31 0.466 0.308 0.464
4 0.641 0.986 0.026 0.024 0.632 0.974 0.63 0.976 0.63 0.978 0.628 0.98 0.628 0.99 0.632 0.994 0.634 0.994 0.636 0.996 0.644 0.996 0.648 0.992 0.648 0.99 0.65 0.988 0.65 0.986 0.652 0.984 0.652 0.98 0.648 0.976 0.646 0.976 0.644 0.974
4 0.763 0.895 0.022 0.018 0.754 0.886 0.754 0.888 0.752 0.89 0.752 0.896 0.756 0.9 0.758 0.9 0.76 0.902 0.766 0.902 0.77 0.898 0.77 0.896 0.772 0.894 0.772 0.892 0.766 0.886
4 0.715 0.874 0.022 0.02 0.71 0.864 0.708 0.866 0.706 0.866 0.706 0.868 0.704 0.87 0.704 0.876 0.708 0.88 0.714 0.88 0.716 0.882 0.718 0.882 0.72 0.88 0.722 0.88 0.722 0.878 0.724 0.876 0.724 0.872 0.722 0.87 0.722 0.868 0.72 0.868 0.718 0.866 0.714 0.866 0.712 0.864
4 0.215 0.724 0.018 0.016 0.208 0.716 0.206 0.718 0.206 0.724 0.208 0.726 0.208 0.728 0.212 0.728 0.214 0.73 0.22 0.73 0.222 0.728 0.222 0.72 0.22 0.72 0.218 0.718 0.214 0.718 0.212 0.716
