1 0.683 0.55 0.194 0.104 0.616 0.498 0.616 0.5 0.612 0.504 0.602 0.504 0.6 0.502 0.598 0.502 0.594 0.506 0.594 0.508 0.592 0.51 0.592 0.53 0.59 0.532 0.59 0.554 0.588 0.556 0.588 0.574 0.586 0.576 0.586 0.584 0.588 0.586 0.592 0.586 0.594 0.588 0.608 0.588 0.61 0.59 0.63 0.59 0.632 0.592 0.648 0.592 0.65 0.594 0.672 0.594 0.674 0.596 0.69 0.596 0.692 0.598 0.708 0.598 0.71 0.6 0.73 0.6 0.73 0.56 0.732 0.558 0.732 0.546 0.734 0.544 0.734 0.528 0.74 0.522 0.77 0.522 0.772 0.524 0.776 0.524 0.778 0.522 0.778 0.516 0.774 0.512 0.754 0.512 0.75 0.508 0.724 0.508 0.722 0.506 0.694 0.506 0.692 0.504 0.676 0.504 0.674 0.502 0.656 0.502 0.654 0.5 0.632 0.5 0.63 0.498
1 0.569 0.538 0.034 0.088 0.562 0.494 0.562 0.496 0.56 0.498 0.56 0.508 0.558 0.51 0.558 0.526 0.556 0.528 0.556 0.544 0.554 0.546 0.554 0.56 0.552 0.562 0.552 0.576 0.554 0.578 0.556 0.578 0.558 0.58 0.57 0.58 0.57 0.578 0.572 0.576 0.572 0.568 0.574 0.566 0.574 0.554 0.576 0.552 0.576 0.542 0.578 0.54 0.578 0.534 0.58 0.532 0.58 0.516 0.582 0.514 0.582 0.506 0.584 0.504 0.584 0.496 0.58 0.496 0.578 0.494
5 0.705 0.904 0.018 0.016 0.7 0.896 0.696 0.9 0.696 0.906 0.7 0.91 0.706 0.91 0.708 0.908 0.71 0.908 0.71 0.906 0.712 0.904 0.712 0.902 0.71 0.9 0.71 0.898 0.708 0.898 0.706 0.896
3 0.66 0.92 0.072 0.048 0.628 0.896 0.628 0.906 0.626 0.908 0.626 0.928 0.624 0.93 0.624 0.938 0.64 0.938 0.642 0.94 0.674 0.94 0.676 0.942 0.692 0.942 0.692 0.924 0.694 0.922 0.694 0.904 0.688 0.904 0.686 0.902 0.67 0.902 0.668 0.9 0.654 0.9 0.652 0.898 0.636 0.898 0.634 0.896
7 0.605 0.493 0.018 0.026 0.598 0.48 0.596 0.482 0.596 0.502 0.598 0.5 0.6 0.5 0.602 0.502 0.61 0.502 0.612 0.5 0.612 0.488 0.608 0.484 0.608 0.482 0.606 0.48
0 0.047 0.478 0.042 0.044 0.028 0.456 0.028 0.47 0.026 0.472 0.026 0.494 0.028 0.496 0.052 0.496 0.054 0.498 0.058 0.498 0.06 0.496 0.066 0.496 0.066 0.458 0.064 0.458 0.062 0.456
7 0.651 0.95 0.022 0.016 0.644 0.942 0.64 0.946 0.64 0.952 0.642 0.954 0.644 0.954 0.646 0.956 0.656 0.956 0.658 0.954 0.66 0.954 0.66 0.948 0.656 0.944 0.654 0.944 0.652 0.942
7 0.703 0.887 0.014 0.014 0.7 0.88 0.698 0.882 0.696 0.882 0.696 0.89 0.698 0.892 0.708 0.892 0.708 0.882 0.706 0.882 0.704 0.88
7 0.604 0.471 0.024 0.014 0.598 0.464 0.596 0.466 0.594 0.466 0.592 0.468 0.592 0.472 0.594 0.474 0.594 0.476 0.61 0.476 0.612 0.474 0.612 0.472 0.614 0.47 0.614 0.468 0.612 0.466 0.604 0.466 0.602 0.464
7 0.064 0.401 0.02 0.018 0.056 0.392 0.054 0.394 0.054 0.404 0.056 0.406 0.056 0.408 0.06 0.408 0.062 0.406 0.064 0.406 0.066 0.404 0.07 0.404 0.072 0.402 0.072 0.394 0.07 0.392
7 0.034 0.367 0.012 0.01 0.03 0.362 0.028 0.364 0.03 0.366 0.03 0.37 0.036 0.37 0.038 0.368 0.038 0.366 0.036 0.364 0.036 0.362
5 0.581 0.484 0.026 0.024 0.574 0.472 0.572 0.474 0.57 0.474 0.57 0.476 0.568 0.478 0.568 0.49 0.57 0.49 0.572 0.492 0.582 0.492 0.584 0.494 0.59 0.494 0.59 0.492 0.592 0.49 0.592 0.48 0.586 0.474 0.58 0.474 0.578 0.472
5 0.039 0.398 0.022 0.024 0.034 0.386 0.028 0.392 0.028 0.398 0.03 0.4 0.03 0.402 0.034 0.406 0.038 0.406 0.04 0.408 0.042 0.408 0.044 0.406 0.046 0.406 0.048 0.404 0.048 0.392 0.044 0.388 0.042 0.388 0.04 0.386
4 0.728 0.942 0.016 0.02 0.722 0.932 0.72 0.934 0.72 0.948 0.722 0.95 0.732 0.95 0.734 0.948 0.734 0.934 0.732 0.932
3 0.683 0.432 0.182 0.084 0.614 0.39 0.612 0.392 0.608 0.392 0.606 0.394 0.604 0.394 0.602 0.396 0.598 0.396 0.596 0.398 0.594 0.398 0.592 0.4 0.592 0.424 0.594 0.426 0.594 0.438 0.596 0.44 0.596 0.446 0.598 0.448 0.598 0.454 0.6 0.456 0.6 0.458 0.602 0.46 0.608 0.46 0.61 0.462 0.65 0.462 0.652 0.464 0.682 0.464 0.684 0.466 0.696 0.466 0.698 0.468 0.716 0.468 0.718 0.47 0.738 0.47 0.74 0.472 0.754 0.472 0.756 0.47 0.756 0.468 0.758 0.466 0.758 0.462 0.76 0.46 0.76 0.456 0.762 0.454 0.762 0.448 0.764 0.446 0.764 0.442 0.766 0.44 0.766 0.438 0.768 0.436 0.768 0.432 0.77 0.43 0.77 0.426 0.772 0.424 0.772 0.412 0.77 0.41 0.77 0.408 0.768 0.408 0.766 0.406 0.764 0.406 0.762 0.404 0.76 0.404 0.758 0.402 0.756 0.402 0.754 0.4 0.732 0.4 0.73 0.398 0.716 0.398 0.714 0.396 0.662 0.396 0.66 0.394 0.652 0.394 0.65 0.392 0.64 0.392 0.638 0.39
2 0.507 0.481 0.094 0.174 0.47 0.394 0.47 0.396 0.468 0.398 0.468 0.426 0.466 0.428 0.466 0.432 0.468 0.434 0.466 0.436 0.466 0.452 0.464 0.454 0.464 0.478 0.462 0.48 0.462 0.482 0.464 0.484 0.464 0.488 0.462 0.49 0.462 0.52 0.46 0.522 0.46 0.56 0.466 0.56 0.468 0.562 0.488 0.562 0.49 0.564 0.508 0.564 0.51 0.566 0.532 0.566 0.534 0.564 0.534 0.556 0.536 0.554 0.536 0.546 0.538 0.544 0.538 0.526 0.54 0.524 0.54 0.516 0.542 0.514 0.542 0.502 0.544 0.5 0.544 0.478 0.542 0.476 0.542 0.474 0.54 0.472 0.54 0.47 0.538 0.468 0.538 0.464 0.544 0.458 0.544 0.456 0.546 0.454 0.546 0.45 0.548 0.448 0.548 0.44 0.55 0.438 0.55 0.43 0.552 0.428 0.552 0.408 0.55 0.406 0.55 0.404 0.548 0.402 0.546 0.402 0.544 0.4 0.524 0.4 0.522 0.398 0.506 0.398 0.504 0.396 0.492 0.396 0.49 0.394
1 0.656 0.643 0.196 0.058 0.566 0.614 0.562 0.618 0.562 0.624 0.56 0.626 0.56 0.648 0.558 0.65 0.56 0.652 0.56 0.654 0.57 0.654 0.572 0.656 0.586 0.656 0.588 0.658 0.608 0.658 0.61 0.66 0.63 0.66 0.632 0.662 0.652 0.662 0.654 0.664 0.668 0.664 0.67 0.666 0.698 0.666 0.7 0.668 0.734 0.668 0.736 0.67 0.75 0.67 0.75 0.668 0.752 0.666 0.752 0.636 0.75 0.634 0.732 0.634 0.73 0.632 0.716 0.632 0.714 0.63 0.696 0.63 0.694 0.628 0.676 0.628 0.674 0.626 0.654 0.626 0.652 0.624 0.632 0.624 0.63 0.622 0.614 0.622 0.612 0.62 0.602 0.62 0.6 0.618 0.59 0.618 0.588 0.616 0.572 0.616 0.57 0.614
1 0.617 0.607 0.322 0.054 0.458 0.58 0.456 0.582 0.456 0.594 0.458 0.594 0.46 0.596 0.474 0.596 0.476 0.598 0.486 0.598 0.488 0.6 0.516 0.6 0.518 0.602 0.534 0.602 0.536 0.604 0.54 0.604 0.542 0.606 0.548 0.606 0.55 0.608 0.556 0.608 0.558 0.61 0.568 0.61 0.57 0.612 0.586 0.612 0.588 0.614 0.598 0.614 0.6 0.616 0.612 0.616 0.614 0.618 0.626 0.618 0.628 0.62 0.646 0.62 0.648 0.622 0.662 0.622 0.664 0.624 0.688 0.624 0.69 0.626 0.708 0.626 0.71 0.628 0.722 0.628 0.724 0.63 0.746 0.63 0.748 0.632 0.752 0.632 0.754 0.63 0.774 0.63 0.776 0.628 0.776 0.614 0.774 0.612 0.772 0.612 0.77 0.61 0.756 0.61 0.754 0.608 0.74 0.608 0.738 0.606 0.722 0.606 0.72 0.604 0.704 0.604 0.702 0.602 0.682 0.602 0.68 0.6 0.658 0.6 0.656 0.598 0.64 0.598 0.638 0.596 0.622 0.596 0.62 0.594 0.6 0.594 0.598 0.592 0.582 0.592 0.58 0.59 0.56 0.59 0.558 0.588 0.542 0.588 0.54 0.586 0.52 0.586 0.518 0.584 0.5 0.584 0.498 0.582 0.478 0.582 0.476 0.58
