1 0.942 0.148 0.1 0.156 0.962 0.07 0.96 0.072 0.958 0.072 0.956 0.074 0.954 0.074 0.954 0.076 0.95 0.08 0.948 0.08 0.942 0.086 0.94 0.086 0.932 0.094 0.93 0.094 0.93 0.096 0.926 0.1 0.924 0.1 0.922 0.102 0.922 0.104 0.912 0.114 0.91 0.114 0.892 0.132 0.892 0.134 0.894 0.136 0.894 0.138 0.902 0.146 0.904 0.146 0.914 0.156 0.916 0.156 0.962 0.202 0.964 0.202 0.98 0.218 0.982 0.218 0.986 0.222 0.986 0.224 0.99 0.224 0.99 0.16 0.988 0.158 0.99 0.156 0.99 0.134 0.988 0.132 0.988 0.116 0.986 0.114 0.986 0.11 0.988 0.108 0.988 0.098 0.982 0.092 0.982 0.086 0.978 0.086
4 0.525 0.485 0.026 0.03 0.524 0.47 0.518 0.476 0.518 0.478 0.516 0.48 0.516 0.482 0.514 0.484 0.514 0.486 0.512 0.488 0.518 0.494 0.52 0.494 0.524 0.498 0.526 0.496 0.528 0.496 0.532 0.492 0.532 0.488 0.534 0.486 0.534 0.482 0.536 0.48 0.536 0.478 0.534 0.476 0.534 0.474 0.53 0.47
6 0.647 0.387 0.102 0.098 0.62 0.338 0.596 0.362 0.596 0.368 0.62 0.392 0.622 0.392 0.638 0.408 0.64 0.408 0.664 0.432 0.666 0.432 0.668 0.434 0.672 0.434 0.686 0.42 0.686 0.418 0.694 0.41 0.694 0.408 0.696 0.406 0.696 0.402 0.692 0.398 0.69 0.398 0.688 0.396 0.688 0.394 0.684 0.39 0.682 0.39 0.676 0.384 0.672 0.384 0.664 0.376 0.662 0.376 0.656 0.37 0.654 0.37 0.644 0.36 0.642 0.36 0.64 0.358 0.638 0.358 0.636 0.356 0.636 0.354 0.63 0.348 0.63 0.346 0.626 0.342 0.626 0.34 0.624 0.338
0 0.745 0.43 0.042 0.04 0.738 0.41 0.732 0.416 0.73 0.416 0.726 0.42 0.726 0.422 0.738 0.434 0.74 0.434 0.754 0.448 0.758 0.444 0.758 0.442 0.76 0.44 0.76 0.438 0.764 0.434 0.74 0.41
3 0.831 0.85 0.086 0.088 0.812 0.806 0.792 0.826 0.792 0.828 0.788 0.832 0.788 0.838 0.79 0.84 0.79 0.842 0.798 0.85 0.798 0.852 0.806 0.86 0.808 0.86 0.81 0.862 0.81 0.864 0.812 0.864 0.828 0.88 0.828 0.882 0.838 0.892 0.842 0.892 0.854 0.88 0.854 0.878 0.87 0.862 0.87 0.86 0.872 0.858 0.87 0.856 0.87 0.852 0.868 0.85 0.868 0.846 0.866 0.844 0.866 0.838 0.864 0.836 0.864 0.832 0.862 0.83 0.862 0.826 0.86 0.824 0.86 0.818 0.856 0.814 0.848 0.814 0.846 0.812 0.84 0.812 0.838 0.81 0.834 0.81 0.832 0.808 0.822 0.808 0.82 0.806
4 0.861 0.778 0.026 0.024 0.854 0.766 0.852 0.768 0.852 0.77 0.85 0.772 0.85 0.776 0.848 0.778 0.848 0.78 0.854 0.786 0.856 0.786 0.858 0.788 0.86 0.788 0.862 0.786 0.866 0.786 0.87 0.782 0.87 0.78 0.872 0.778 0.872 0.77 0.87 0.768 0.87 0.766
5 0.274 0.18 0.024 0.024 0.272 0.168 0.264 0.176 0.262 0.176 0.262 0.18 0.27 0.188 0.272 0.188 0.274 0.19 0.276 0.188 0.278 0.188 0.282 0.184 0.282 0.182 0.284 0.18 0.284 0.176 0.276 0.168
5 0.873 0.754 0.018 0.02 0.87 0.744 0.866 0.748 0.866 0.75 0.864 0.752 0.864 0.758 0.866 0.76 0.868 0.76 0.87 0.762 0.878 0.762 0.88 0.76 0.88 0.746 0.878 0.744
4 0.547 0.503 0.026 0.03 0.546 0.488 0.536 0.498 0.536 0.502 0.534 0.504 0.536 0.506 0.536 0.51 0.542 0.516 0.544 0.516 0.546 0.514 0.548 0.514 0.548 0.512 0.556 0.504 0.556 0.502 0.558 0.5 0.558 0.494 0.556 0.492 0.556 0.49 0.554 0.488
5 0.507 0.651 0.022 0.022 0.504 0.64 0.496 0.648 0.496 0.652 0.502 0.658 0.504 0.658 0.506 0.66 0.508 0.66 0.514 0.654 0.514 0.652 0.516 0.65 0.516 0.646 0.512 0.642 0.51 0.642 0.508 0.64
4 0.509 0.467 0.026 0.03 0.508 0.452 0.506 0.454 0.504 0.454 0.502 0.456 0.502 0.458 0.498 0.462 0.498 0.464 0.496 0.466 0.496 0.474 0.502 0.48 0.508 0.48 0.518 0.47 0.518 0.468 0.52 0.466 0.518 0.464 0.518 0.46 0.514 0.456 0.512 0.456
4 0.238 0.32 0.02 0.02 0.236 0.31 0.234 0.312 0.232 0.312 0.228 0.316 0.228 0.324 0.23 0.326 0.232 0.326 0.234 0.328 0.238 0.328 0.24 0.326 0.242 0.326 0.246 0.322 0.246 0.316 0.242 0.312 0.24 0.312 0.238 0.31
4 0.313 0.24 0.018 0.016 0.308 0.232 0.304 0.236 0.304 0.244 0.306 0.246 0.314 0.246 0.32 0.24 0.32 0.236 0.316 0.232
4 0.132 0.221 0.02 0.026 0.128 0.208 0.126 0.21 0.124 0.21 0.124 0.212 0.122 0.214 0.122 0.218 0.124 0.22 0.124 0.222 0.128 0.226 0.128 0.228 0.132 0.232 0.138 0.232 0.14 0.23 0.14 0.22 0.138 0.218 0.138 0.216 0.132 0.21 0.132 0.208
4 0.249 0.179 0.026 0.03 0.252 0.164 0.244 0.172 0.242 0.172 0.24 0.174 0.24 0.176 0.236 0.18 0.236 0.188 0.24 0.192 0.246 0.192 0.248 0.19 0.25 0.19 0.254 0.186 0.256 0.186 0.258 0.184 0.258 0.182 0.26 0.18 0.26 0.172 0.256 0.168 0.256 0.166 0.254 0.164
4 0.21 0.141 0.024 0.03 0.204 0.126 0.202 0.128 0.2 0.128 0.2 0.13 0.198 0.132 0.198 0.14 0.2 0.142 0.2 0.144 0.202 0.144 0.204 0.146 0.204 0.148 0.21 0.154 0.216 0.154 0.22 0.15 0.22 0.14 0.216 0.136 0.216 0.134 0.214 0.132 0.214 0.13 0.212 0.13 0.208 0.126
7 0.301 0.198 0.01 0.012 0.3 0.192 0.296 0.196 0.296 0.202 0.302 0.202 0.304 0.2 0.304 0.192
7 0.889 0.783 0.022 0.014 0.886 0.776 0.884 0.778 0.88 0.778 0.878 0.78 0.878 0.786 0.88 0.788 0.892 0.788 0.894 0.786 0.896 0.786 0.898 0.784 0.898 0.778 0.896 0.778 0.894 0.776
7 0.46 0.539 0.028 0.034 0.448 0.522 0.446 0.524 0.446 0.53 0.448 0.532 0.448 0.534 0.45 0.536 0.45 0.538 0.452 0.54 0.452 0.542 0.454 0.544 0.454 0.548 0.456 0.55 0.456 0.552 0.458 0.552 0.46 0.554 0.47 0.554 0.47 0.552 0.472 0.55 0.472 0.544 0.47 0.542 0.47 0.54 0.468 0.538 0.468 0.536 0.456 0.524 0.454 0.524 0.452 0.522
