4 0.545 0.36 0.022 0.024 0.538 0.348 0.536 0.35 0.536 0.354 0.534 0.356 0.534 0.364 0.536 0.366 0.536 0.368 0.54 0.368 0.542 0.37 0.548 0.37 0.55 0.368 0.552 0.368 0.552 0.362 0.554 0.36 0.554 0.352 0.55 0.348
4 0.491 0.351 0.022 0.026 0.484 0.338 0.482 0.34 0.482 0.342 0.48 0.344 0.48 0.358 0.482 0.36 0.486 0.36 0.488 0.362 0.494 0.362 0.498 0.358 0.498 0.356 0.5 0.354 0.5 0.342 0.496 0.338
4 0.389 0.966 0.026 0.024 0.384 0.954 0.382 0.956 0.378 0.956 0.378 0.958 0.376 0.96 0.376 0.976 0.384 0.976 0.386 0.974 0.388 0.974 0.39 0.972 0.392 0.972 0.394 0.97 0.396 0.97 0.4 0.966 0.4 0.956 0.398 0.956 0.396 0.954
5 0.434 0.941 0.02 0.014 0.424 0.934 0.424 0.942 0.426 0.944 0.432 0.944 0.434 0.946 0.438 0.946 0.44 0.944 0.442 0.944 0.442 0.938 0.438 0.934
5 0.5 0.263 0.02 0.014 0.492 0.256 0.492 0.258 0.49 0.26 0.492 0.262 0.492 0.266 0.5 0.266 0.502 0.268 0.508 0.268 0.508 0.26 0.506 0.258 0.504 0.258 0.502 0.256
5 0.485 0.605 0.022 0.014 0.474 0.598 0.474 0.606 0.476 0.608 0.488 0.608 0.49 0.61 0.494 0.606 0.494 0.602 0.49 0.598
7 0.509 0.6 0.022 0.012 0.5 0.594 0.5 0.598 0.498 0.6 0.498 0.602 0.5 0.604 0.516 0.604 0.518 0.602 0.518 0.598 0.516 0.596 0.514 0.596 0.512 0.594
1 0.597 0.023 0.138 0.046 0.53 0.0 0.53 0.01 0.528 0.012 0.528 0.024 0.532 0.024 0.534 0.026 0.546 0.026 0.548 0.028 0.552 0.028 0.554 0.03 0.562 0.03 0.564 0.032 0.578 0.032 0.58 0.034 0.588 0.034 0.59 0.036 0.6 0.036 0.602 0.038 0.614 0.038 0.616 0.04 0.632 0.04 0.634 0.042 0.646 0.042 0.648 0.044 0.656 0.044 0.658 0.042 0.66 0.042 0.662 0.04 0.662 0.024 0.664 0.022 0.664 0.0
4 0.554 0.306 0.02 0.024 0.554 0.294 0.552 0.296 0.548 0.296 0.546 0.298 0.546 0.302 0.544 0.304 0.544 0.312 0.548 0.316 0.558 0.316 0.562 0.312 0.562 0.298 0.56 0.296 0.556 0.296
3 0.543 0.208 0.102 0.044 0.492 0.186 0.492 0.212 0.508 0.212 0.512 0.216 0.518 0.216 0.52 0.218 0.528 0.218 0.53 0.22 0.534 0.22 0.536 0.222 0.544 0.222 0.546 0.224 0.564 0.224 0.566 0.226 0.568 0.226 0.57 0.228 0.576 0.228 0.578 0.226 0.58 0.226 0.582 0.224 0.584 0.224 0.586 0.222 0.586 0.22 0.588 0.218 0.588 0.214 0.59 0.212 0.59 0.21 0.592 0.208 0.59 0.208 0.588 0.206 0.58 0.206 0.578 0.204 0.57 0.204 0.568 0.202 0.562 0.202 0.56 0.2 0.552 0.2 0.55 0.198 0.542 0.198 0.54 0.196 0.534 0.196 0.532 0.194 0.524 0.194 0.522 0.192 0.516 0.192 0.514 0.19 0.506 0.19 0.504 0.188 0.496 0.188 0.494 0.186
0 0.449 0.298 0.106 0.052 0.404 0.272 0.404 0.274 0.402 0.276 0.402 0.282 0.4 0.284 0.4 0.292 0.398 0.294 0.398 0.3 0.396 0.302 0.396 0.304 0.4 0.304 0.402 0.306 0.41 0.306 0.412 0.308 0.422 0.308 0.424 0.31 0.432 0.31 0.434 0.312 0.444 0.312 0.446 0.314 0.456 0.314 0.458 0.316 0.466 0.316 0.468 0.318 0.478 0.318 0.48 0.32 0.488 0.32 0.49 0.322 0.494 0.322 0.494 0.318 0.496 0.316 0.496 0.306 0.498 0.304 0.498 0.296 0.5 0.294 0.5 0.29 0.496 0.29 0.494 0.288 0.486 0.288 0.484 0.286 0.474 0.286 0.472 0.284 0.464 0.284 0.462 0.282 0.452 0.282 0.45 0.28 0.442 0.28 0.44 0.278 0.432 0.278 0.43 0.276 0.42 0.276 0.418 0.274 0.41 0.274 0.408 0.272
3 0.455 0.893 0.022 0.022 0.446 0.882 0.446 0.89 0.444 0.892 0.444 0.9 0.452 0.9 0.454 0.902 0.462 0.902 0.462 0.894 0.464 0.892 0.464 0.884 0.456 0.884 0.454 0.882
4 0.444 0.242 0.02 0.024 0.442 0.23 0.438 0.234 0.438 0.236 0.436 0.238 0.436 0.242 0.434 0.244 0.434 0.248 0.436 0.25 0.438 0.25 0.44 0.252 0.45 0.252 0.452 0.25 0.452 0.238 0.45 0.236 0.45 0.234 0.446 0.23
4 0.45 0.2 0.02 0.016 0.44 0.192 0.44 0.204 0.446 0.204 0.448 0.206 0.454 0.206 0.458 0.202 0.458 0.198 0.456 0.196 0.456 0.194 0.454 0.194 0.452 0.192
