5 0.94 0.056 0.028 0.028 0.93 0.042 0.928 0.044 0.928 0.048 0.926 0.05 0.926 0.058 0.936 0.068 0.946 0.068 0.948 0.066 0.948 0.064 0.952 0.06 0.952 0.056 0.946 0.05 0.944 0.05 0.936 0.042
2 0.784 0.186 0.148 0.14 0.802 0.116 0.798 0.12 0.796 0.12 0.786 0.13 0.784 0.13 0.778 0.136 0.776 0.136 0.768 0.144 0.766 0.144 0.758 0.152 0.756 0.152 0.748 0.16 0.746 0.16 0.74 0.166 0.738 0.166 0.732 0.172 0.73 0.172 0.72 0.182 0.718 0.182 0.716 0.184 0.714 0.184 0.71 0.188 0.714 0.192 0.714 0.194 0.722 0.202 0.722 0.204 0.73 0.212 0.73 0.214 0.74 0.224 0.74 0.226 0.748 0.234 0.748 0.236 0.754 0.242 0.754 0.244 0.762 0.252 0.762 0.254 0.768 0.254 0.772 0.25 0.774 0.25 0.782 0.242 0.784 0.242 0.794 0.232 0.796 0.232 0.802 0.226 0.804 0.226 0.812 0.218 0.814 0.218 0.822 0.21 0.824 0.21 0.832 0.202 0.834 0.202 0.842 0.194 0.844 0.194 0.85 0.188 0.852 0.188 0.856 0.184 0.856 0.18 0.852 0.176 0.852 0.174 0.846 0.168 0.846 0.166 0.838 0.158 0.838 0.156 0.83 0.148 0.83 0.146 0.824 0.14 0.824 0.138 0.812 0.126 0.812 0.124 0.804 0.116
5 0.922 0.074 0.024 0.024 0.916 0.062 0.91 0.068 0.91 0.076 0.916 0.082 0.918 0.082 0.92 0.084 0.926 0.084 0.928 0.082 0.93 0.082 0.932 0.08 0.932 0.072 0.922 0.062
5 0.85 0.123 0.036 0.034 0.84 0.106 0.836 0.11 0.834 0.11 0.832 0.112 0.832 0.12 0.84 0.128 0.842 0.128 0.852 0.138 0.86 0.138 0.862 0.136 0.862 0.134 0.866 0.13 0.866 0.124 0.862 0.12 0.86 0.12 0.858 0.118 0.858 0.116 0.848 0.106
7 0.917 0.106 0.134 0.092 0.96 0.098 0.958 0.1 0.956 0.1 0.954 0.102 0.952 0.102 0.948 0.106 0.946 0.106 0.938 0.114 0.936 0.114 0.918 0.132 0.918 0.14 0.92 0.142 0.926 0.142 0.928 0.144 0.928 0.146 0.932 0.15 0.942 0.15 0.95 0.142 0.952 0.142 0.954 0.14 0.956 0.14 0.966 0.13 0.968 0.13 0.972 0.126 0.974 0.126 0.982 0.118 0.982 0.108 0.978 0.104 0.976 0.104 0.972 0.1 0.97 0.1 0.968 0.098
7 0.95 0.25 0.1 0.136 0.914 0.182 0.91 0.186 0.908 0.186 0.9 0.194 0.9 0.2 0.902 0.202 0.906 0.202 0.908 0.204 0.91 0.204 0.92 0.214 0.92 0.216 0.922 0.218 0.922 0.22 0.924 0.222 0.924 0.224 0.926 0.226 0.926 0.228 0.928 0.23 0.928 0.232 0.93 0.234 0.932 0.234 0.934 0.236 0.934 0.24 0.94 0.246 0.94 0.248 0.944 0.252 0.944 0.256 0.95 0.262 0.95 0.264 0.954 0.268 0.954 0.27 0.956 0.272 0.956 0.274 0.972 0.29 0.972 0.292 0.976 0.296 0.976 0.298 0.98 0.302 0.98 0.304 0.982 0.306 0.984 0.306 0.988 0.31 0.988 0.312 0.992 0.316 0.998 0.316 0.998 0.284 0.992 0.278 0.992 0.276 0.986 0.27 0.986 0.268 0.982 0.264 0.982 0.262 0.976 0.256 0.976 0.254 0.974 0.252 0.974 0.25 0.97 0.246 0.97 0.244 0.966 0.24 0.966 0.238 0.96 0.232 0.96 0.23 0.956 0.226 0.956 0.224 0.95 0.218 0.95 0.216 0.948 0.214 0.946 0.214 0.944 0.212 0.944 0.21 0.94 0.206 0.94 0.204 0.936 0.2 0.936 0.198 0.924 0.186 0.924 0.184 0.922 0.182
7 0.861 0.255 0.078 0.062 0.828 0.27 0.826 0.272 0.824 0.272 0.822 0.274 0.822 0.282 0.824 0.284 0.83 0.284 0.832 0.282 0.834 0.282 0.838 0.278 0.838 0.272 0.836 0.27
7 0.94 0.291 0.016 0.014 0.936 0.284 0.932 0.288 0.932 0.294 0.934 0.296 0.942 0.296 0.946 0.292 0.946 0.286 0.944 0.284
7 0.519 0.441 0.074 0.078 0.516 0.402 0.514 0.404 0.512 0.404 0.51 0.406 0.508 0.406 0.502 0.412 0.5 0.412 0.492 0.42 0.49 0.42 0.482 0.428 0.482 0.432 0.484 0.434 0.484 0.436 0.488 0.44 0.488 0.442 0.496 0.45 0.496 0.452 0.504 0.46 0.504 0.462 0.512 0.47 0.512 0.472 0.518 0.478 0.524 0.478 0.528 0.474 0.53 0.474 0.538 0.466 0.54 0.466 0.548 0.458 0.55 0.458 0.554 0.454 0.554 0.45 0.552 0.448 0.552 0.446 0.544 0.438 0.544 0.436 0.536 0.428 0.536 0.426 0.532 0.422 0.532 0.42 0.524 0.412 0.524 0.41
7 0.454 0.346 0.164 0.128 0.488 0.282 0.484 0.286 0.482 0.286 0.478 0.29 0.476 0.29 0.472 0.294 0.47 0.294 0.468 0.296 0.466 0.296 0.462 0.3 0.46 0.3 0.454 0.306 0.452 0.306 0.446 0.312 0.444 0.312 0.43 0.326 0.428 0.326 0.424 0.33 0.422 0.33 0.416 0.336 0.414 0.336 0.41 0.34 0.408 0.34 0.406 0.342 0.404 0.342 0.394 0.352 0.392 0.352 0.384 0.36 0.382 0.36 0.382 0.362 0.38 0.364 0.378 0.364 0.374 0.368 0.372 0.368 0.372 0.378 0.374 0.38 0.374 0.382 0.386 0.394 0.386 0.396 0.388 0.396 0.4 0.408 0.406 0.408 0.408 0.406 0.41 0.406 0.414 0.402 0.416 0.402 0.428 0.39 0.43 0.39 0.434 0.386 0.436 0.386 0.44 0.382 0.44 0.374 0.442 0.372 0.442 0.37 0.446 0.366 0.446 0.364 0.448 0.362 0.448 0.36 0.458 0.35 0.46 0.35 0.464 0.346 0.466 0.346 0.47 0.342 0.476 0.342 0.478 0.34 0.48 0.34 0.482 0.338 0.482 0.336 0.49 0.328 0.492 0.328 0.494 0.326 0.51 0.326 0.512 0.324 0.516 0.324 0.518 0.322 0.52 0.322 0.524 0.318 0.522 0.316 0.522 0.314 0.52 0.312 0.52 0.31 0.514 0.304 0.514 0.302 0.51 0.298 0.51 0.296 0.506 0.292 0.506 0.29 0.498 0.282
7 0.517 0.351 0.062 0.058 0.522 0.322 0.52 0.324 0.518 0.324 0.516 0.326 0.514 0.326 0.512 0.328 0.51 0.328 0.508 0.33 0.506 0.33 0.496 0.34 0.494 0.34 0.486 0.348 0.488 0.35 0.488 0.354 0.49 0.356 0.49 0.358 0.5 0.368 0.5 0.37 0.504 0.374 0.506 0.374 0.508 0.376 0.51 0.376 0.512 0.378 0.514 0.376 0.516 0.376 0.518 0.374 0.52 0.374 0.528 0.366 0.53 0.366 0.536 0.36 0.538 0.36 0.54 0.358 0.542 0.358 0.546 0.354 0.546 0.352 0.544 0.35 0.544 0.344 0.542 0.342 0.542 0.34 0.54 0.338 0.54 0.336 0.538 0.334 0.538 0.332 0.536 0.33 0.536 0.328 0.53 0.322
5 0.481 0.381 0.042 0.038 0.486 0.362 0.48 0.368 0.478 0.368 0.472 0.374 0.47 0.374 0.466 0.378 0.464 0.378 0.462 0.38 0.462 0.382 0.46 0.384 0.462 0.386 0.462 0.39 0.47 0.398 0.48 0.398 0.492 0.386 0.494 0.386 0.5 0.38 0.5 0.374 0.49 0.364 0.488 0.364
7 0.984 0.472 0.012 0.016 0.98 0.464 0.978 0.466 0.978 0.474 0.982 0.478 0.986 0.478 0.988 0.476 0.988 0.468 0.984 0.464
7 0.987 0.352 0.018 0.016 0.984 0.344 0.978 0.35 0.978 0.356 0.98 0.358 0.986 0.358 0.988 0.356 0.99 0.356 0.994 0.352 0.994 0.346 0.992 0.344
7 0.905 0.37 0.014 0.012 0.9 0.364 0.898 0.366 0.898 0.372 0.9 0.374 0.908 0.374 0.91 0.372 0.91 0.366 0.908 0.364
2 0.704 0.563 0.148 0.126 0.752 0.5 0.752 0.502 0.738 0.516 0.736 0.516 0.728 0.524 0.726 0.524 0.726 0.526 0.724 0.528 0.722 0.528 0.702 0.548 0.7 0.548 0.696 0.552 0.694 0.552 0.684 0.562 0.682 0.562 0.668 0.576 0.666 0.576 0.66 0.582 0.658 0.582 0.654 0.586 0.652 0.586 0.65 0.588 0.648 0.588 0.644 0.592 0.642 0.592 0.636 0.598 0.632 0.598 0.63 0.6 0.63 0.602 0.64 0.612 0.64 0.614 0.644 0.618 0.644 0.62 0.646 0.62 0.65 0.624 0.656 0.624 0.658 0.622 0.66 0.622 0.664 0.618 0.666 0.618 0.672 0.612 0.674 0.612 0.68 0.606 0.682 0.606 0.688 0.6 0.69 0.6 0.7 0.59 0.702 0.59 0.702 0.588 0.704 0.586 0.706 0.586 0.708 0.584 0.71 0.584 0.71 0.582 0.712 0.58 0.714 0.58 0.718 0.576 0.72 0.576 0.722 0.574 0.722 0.572 0.724 0.57 0.726 0.57 0.73 0.566 0.732 0.566 0.74 0.558 0.742 0.558 0.754 0.546 0.756 0.546 0.766 0.536 0.768 0.536 0.776 0.528 0.776 0.526 0.772 0.522 0.772 0.52 0.764 0.512 0.764 0.51 0.758 0.504 0.758 0.502 0.756 0.502 0.754 0.5
2 0.484 0.693 0.184 0.186 0.504 0.6 0.502 0.602 0.5 0.602 0.496 0.606 0.494 0.606 0.49 0.61 0.488 0.61 0.482 0.616 0.48 0.616 0.474 0.622 0.472 0.622 0.464 0.63 0.462 0.63 0.456 0.636 0.454 0.636 0.45 0.64 0.448 0.64 0.438 0.65 0.436 0.65 0.426 0.66 0.424 0.66 0.422 0.662 0.42 0.662 0.416 0.666 0.414 0.666 0.41 0.67 0.408 0.67 0.402 0.676 0.402 0.678 0.4 0.68 0.4 0.682 0.396 0.686 0.394 0.686 0.392 0.688 0.392 0.694 0.396 0.698 0.396 0.7 0.398 0.702 0.398 0.706 0.4 0.708 0.4 0.71 0.402 0.712 0.402 0.714 0.406 0.718 0.406 0.72 0.41 0.724 0.41 0.726 0.42 0.736 0.42 0.738 0.424 0.742 0.424 0.744 0.426 0.746 0.426 0.752 0.428 0.754 0.428 0.758 0.43 0.76 0.43 0.762 0.432 0.764 0.432 0.766 0.438 0.772 0.44 0.772 0.442 0.774 0.444 0.774 0.45 0.78 0.45 0.782 0.452 0.784 0.46 0.784 0.47 0.774 0.472 0.774 0.474 0.772 0.476 0.772 0.484 0.764 0.486 0.764 0.49 0.76 0.492 0.76 0.496 0.756 0.498 0.756 0.504 0.75 0.506 0.75 0.51 0.746 0.512 0.746 0.528 0.73 0.53 0.73 0.54 0.72 0.542 0.72 0.546 0.716 0.548 0.716 0.56 0.704 0.56 0.702 0.564 0.698 0.572 0.698 0.574 0.696 0.574 0.682 0.572 0.68 0.568 0.68 0.564 0.676 0.564 0.672 0.562 0.67 0.562 0.668 0.56 0.666 0.56 0.664 0.552 0.656 0.55 0.656 0.548 0.654 0.548 0.652 0.544 0.648 0.544 0.646 0.536 0.638 0.536 0.636 0.53 0.63 0.53 0.628 0.528 0.626 0.528 0.624 0.526 0.622 0.526 0.62 0.522 0.616 0.522 0.614 0.508 0.6
7 0.558 0.389 0.024 0.026 0.548 0.376 0.548 0.378 0.546 0.38 0.548 0.382 0.548 0.384 0.554 0.39 0.554 0.392 0.558 0.396 0.558 0.398 0.562 0.398 0.564 0.4 0.568 0.396 0.568 0.39 0.566 0.388 0.566 0.386 0.564 0.384 0.56 0.384 0.552 0.376
7 0.183 0.824 0.018 0.02 0.18 0.814 0.178 0.816 0.176 0.816 0.174 0.818 0.174 0.82 0.176 0.822 0.176 0.826 0.18 0.83 0.182 0.83 0.184 0.832 0.186 0.83 0.188 0.83 0.19 0.828 0.19 0.818 0.188 0.816 0.182 0.816
7 0.163 0.843 0.014 0.014 0.16 0.836 0.156 0.84 0.158 0.842 0.158 0.846 0.16 0.846 0.162 0.848 0.164 0.848 0.166 0.846 0.168 0.846 0.168 0.84 0.166 0.838 0.164 0.838 0.162 0.836
7 0.138 0.874 0.016 0.02 0.13 0.864 0.13 0.872 0.132 0.874 0.132 0.876 0.134 0.878 0.134 0.88 0.136 0.88 0.138 0.882 0.14 0.882 0.142 0.88 0.144 0.88 0.144 0.87 0.138 0.864
7 0.139 0.875 0.014 0.018 0.136 0.866 0.134 0.868 0.132 0.868 0.132 0.876 0.138 0.882 0.14 0.88 0.142 0.88 0.144 0.878 0.144 0.87 0.142 0.868 0.14 0.868 0.138 0.866
7 0.11 0.901 0.02 0.022 0.102 0.89 0.1 0.892 0.1 0.896 0.102 0.898 0.102 0.902 0.104 0.904 0.104 0.906 0.108 0.91 0.112 0.91 0.114 0.908 0.116 0.908 0.118 0.906 0.118 0.9 0.112 0.894 0.11 0.894 0.108 0.892 0.106 0.892 0.104 0.89
7 0.112 0.903 0.016 0.018 0.104 0.894 0.104 0.906 0.106 0.908 0.108 0.908 0.11 0.91 0.112 0.908 0.114 0.908 0.118 0.904 0.118 0.902 0.116 0.9 0.116 0.898 0.112 0.894
7 0.15 0.915 0.024 0.026 0.144 0.902 0.142 0.904 0.14 0.904 0.14 0.906 0.138 0.908 0.138 0.914 0.14 0.916 0.14 0.92 0.144 0.924 0.146 0.924 0.148 0.926 0.15 0.926 0.152 0.924 0.154 0.924 0.158 0.92 0.158 0.918 0.16 0.916 0.16 0.912 0.158 0.91 0.158 0.908 0.152 0.902
7 0.177 0.908 0.014 0.016 0.172 0.9 0.17 0.902 0.17 0.912 0.172 0.914 0.18 0.914 0.18 0.912 0.182 0.91 0.182 0.906 0.18 0.904 0.18 0.902 0.178 0.902 0.176 0.9
