6 0.365 0.73 0.094 0.12 0.38 0.67 0.378 0.672 0.37 0.672 0.368 0.674 0.36 0.674 0.358 0.676 0.352 0.676 0.35 0.678 0.34 0.678 0.338 0.68 0.334 0.68 0.332 0.682 0.32 0.682 0.318 0.684 0.318 0.69 0.32 0.692 0.32 0.696 0.322 0.698 0.322 0.702 0.324 0.704 0.324 0.718 0.326 0.72 0.326 0.726 0.328 0.728 0.328 0.742 0.33 0.744 0.33 0.75 0.332 0.752 0.332 0.762 0.334 0.764 0.334 0.768 0.336 0.77 0.336 0.78 0.338 0.782 0.338 0.784 0.342 0.788 0.348 0.788 0.35 0.786 0.358 0.786 0.36 0.784 0.366 0.784 0.368 0.782 0.38 0.782 0.382 0.78 0.388 0.78 0.39 0.778 0.398 0.778 0.4 0.776 0.408 0.776 0.41 0.774 0.41 0.764 0.408 0.762 0.408 0.752 0.406 0.75 0.406 0.738 0.404 0.736 0.404 0.73 0.402 0.728 0.402 0.72 0.4 0.718 0.4 0.712 0.398 0.71 0.398 0.702 0.396 0.7 0.396 0.694 0.394 0.692 0.394 0.686 0.392 0.684 0.392 0.676 0.39 0.674 0.39 0.672 0.388 0.67
7 0.412 0.358 0.012 0.012 0.408 0.352 0.406 0.354 0.406 0.36 0.408 0.362 0.414 0.362 0.416 0.36 0.416 0.356 0.414 0.354 0.414 0.352
7 0.396 0.321 0.012 0.018 0.396 0.312 0.394 0.314 0.392 0.314 0.39 0.316 0.39 0.322 0.392 0.324 0.392 0.326 0.394 0.326 0.396 0.328 0.398 0.326 0.398 0.324 0.4 0.322 0.4 0.318 0.398 0.316 0.398 0.314
5 0.559 0.696 0.026 0.024 0.558 0.684 0.556 0.686 0.552 0.686 0.55 0.688 0.548 0.688 0.548 0.69 0.546 0.692 0.546 0.706 0.552 0.706 0.554 0.704 0.562 0.704 0.564 0.702 0.568 0.702 0.57 0.7 0.57 0.694 0.568 0.692 0.568 0.686 0.566 0.684
7 0.399 0.021 0.014 0.014 0.394 0.014 0.392 0.016 0.394 0.018 0.394 0.022 0.396 0.024 0.396 0.026 0.402 0.026 0.404 0.024 0.404 0.018 0.4 0.014
3 0.531 0.769 0.058 0.062 0.538 0.738 0.536 0.74 0.524 0.74 0.522 0.742 0.51 0.742 0.508 0.744 0.502 0.744 0.502 0.748 0.504 0.75 0.504 0.758 0.506 0.76 0.506 0.77 0.508 0.772 0.508 0.782 0.51 0.784 0.51 0.792 0.512 0.794 0.512 0.798 0.516 0.798 0.518 0.796 0.528 0.796 0.53 0.794 0.54 0.794 0.542 0.792 0.552 0.792 0.554 0.79 0.558 0.79 0.558 0.788 0.556 0.786 0.556 0.78 0.554 0.778 0.554 0.772 0.552 0.77 0.552 0.766 0.55 0.764 0.55 0.758 0.548 0.756 0.548 0.75 0.546 0.748 0.546 0.742 0.544 0.74 0.544 0.738
7 0.552 0.718 0.016 0.016 0.546 0.71 0.544 0.712 0.544 0.724 0.55 0.724 0.552 0.722 0.556 0.722 0.556 0.718 0.558 0.716 0.556 0.714 0.556 0.71
5 0.427 0.02 0.014 0.012 0.422 0.014 0.42 0.016 0.42 0.02 0.424 0.024 0.428 0.024 0.43 0.022 0.432 0.022 0.432 0.014
5 0.979 0.285 0.018 0.03 0.982 0.27 0.98 0.272 0.978 0.272 0.976 0.274 0.974 0.274 0.972 0.276 0.972 0.278 0.97 0.28 0.97 0.286 0.972 0.288 0.972 0.296 0.974 0.298 0.982 0.298 0.984 0.296 0.984 0.29 0.986 0.288 0.986 0.274 0.984 0.272 0.984 0.27
4 0.375 0.108 0.018 0.016 0.37 0.1 0.368 0.102 0.366 0.102 0.366 0.112 0.368 0.114 0.37 0.112 0.376 0.112 0.378 0.11 0.38 0.11 0.38 0.106 0.382 0.104 0.382 0.102 0.38 0.1
3 0.455 0.676 0.078 0.06 0.472 0.646 0.47 0.648 0.464 0.648 0.462 0.65 0.452 0.65 0.45 0.652 0.444 0.652 0.442 0.654 0.436 0.654 0.434 0.656 0.432 0.656 0.428 0.66 0.424 0.66 0.422 0.662 0.418 0.662 0.416 0.664 0.416 0.68 0.422 0.686 0.424 0.686 0.426 0.688 0.43 0.688 0.432 0.69 0.434 0.69 0.436 0.692 0.44 0.692 0.442 0.694 0.444 0.694 0.446 0.696 0.448 0.696 0.45 0.698 0.454 0.698 0.456 0.7 0.458 0.7 0.46 0.702 0.462 0.702 0.464 0.704 0.468 0.704 0.47 0.702 0.47 0.7 0.472 0.698 0.472 0.696 0.474 0.694 0.474 0.692 0.476 0.69 0.476 0.686 0.478 0.684 0.478 0.68 0.48 0.678 0.48 0.676 0.482 0.674 0.482 0.672 0.484 0.67 0.484 0.668 0.486 0.666 0.486 0.664 0.488 0.662 0.488 0.658 0.49 0.656 0.49 0.652 0.492 0.65 0.492 0.648 0.49 0.646
5 0.466 0.366 0.024 0.028 0.47 0.352 0.468 0.354 0.46 0.354 0.458 0.356 0.456 0.356 0.456 0.36 0.454 0.362 0.454 0.372 0.456 0.374 0.456 0.378 0.474 0.378 0.476 0.376 0.476 0.36 0.474 0.358 0.474 0.356
5 0.532 0.702 0.024 0.02 0.534 0.692 0.532 0.694 0.52 0.694 0.52 0.706 0.522 0.708 0.522 0.71 0.532 0.71 0.534 0.708 0.538 0.708 0.54 0.706 0.54 0.7 0.542 0.698 0.542 0.692
6 0.958 0.117 0.072 0.094 0.972 0.07 0.97 0.072 0.962 0.072 0.96 0.074 0.954 0.074 0.952 0.076 0.94 0.076 0.938 0.078 0.924 0.078 0.922 0.08 0.922 0.088 0.924 0.09 0.924 0.102 0.926 0.104 0.926 0.114 0.928 0.116 0.928 0.132 0.93 0.134 0.93 0.14 0.932 0.142 0.932 0.152 0.934 0.154 0.934 0.158 0.938 0.162 0.938 0.16 0.94 0.158 0.94 0.152 0.946 0.146 0.948 0.146 0.952 0.142 0.954 0.142 0.956 0.14 0.96 0.14 0.962 0.138 0.968 0.138 0.97 0.136 0.98 0.136 0.982 0.134 0.988 0.134 0.992 0.13 0.992 0.114 0.99 0.112 0.99 0.07
