4 0.692 0.77 0.02 0.02 0.684 0.76 0.682 0.762 0.682 0.772 0.684 0.774 0.684 0.776 0.686 0.778 0.698 0.778 0.7 0.776 0.7 0.764 0.696 0.76
4 0.558 0.632 0.02 0.024 0.556 0.62 0.554 0.622 0.55 0.622 0.548 0.624 0.548 0.628 0.552 0.632 0.552 0.638 0.556 0.642 0.558 0.64 0.564 0.64 0.566 0.638 0.566 0.628 0.564 0.626 0.564 0.622 0.562 0.62
4 0.538 0.821 0.024 0.022 0.534 0.81 0.532 0.812 0.53 0.812 0.526 0.816 0.526 0.818 0.528 0.82 0.528 0.824 0.534 0.83 0.536 0.83 0.538 0.828 0.544 0.828 0.548 0.824 0.548 0.818 0.546 0.816 0.546 0.812 0.544 0.81
4 0.565 0.9 0.026 0.024 0.556 0.888 0.552 0.892 0.552 0.894 0.554 0.896 0.554 0.902 0.556 0.904 0.556 0.908 0.558 0.91 0.57 0.91 0.574 0.906 0.574 0.902 0.576 0.9 0.576 0.894 0.574 0.892 0.574 0.89 0.572 0.888
4 0.667 0.697 0.018 0.022 0.664 0.686 0.662 0.688 0.66 0.688 0.658 0.69 0.658 0.692 0.66 0.694 0.66 0.696 0.662 0.698 0.662 0.704 0.664 0.706 0.672 0.706 0.674 0.704 0.674 0.698 0.672 0.696 0.672 0.688 0.67 0.686
4 0.626 0.699 0.024 0.018 0.624 0.69 0.622 0.692 0.618 0.692 0.614 0.696 0.614 0.698 0.618 0.702 0.622 0.702 0.626 0.706 0.634 0.706 0.636 0.704 0.634 0.702 0.634 0.696 0.632 0.694 0.632 0.69
4 0.635 0.595 0.018 0.014 0.63 0.588 0.626 0.592 0.628 0.594 0.628 0.596 0.63 0.598 0.63 0.6 0.638 0.6 0.64 0.598 0.64 0.596 0.642 0.594 0.642 0.59 0.64 0.588
3 0.504 0.699 0.092 0.142 0.512 0.628 0.51 0.63 0.506 0.63 0.504 0.632 0.5 0.632 0.498 0.634 0.494 0.634 0.492 0.636 0.49 0.636 0.488 0.638 0.484 0.638 0.482 0.64 0.478 0.64 0.476 0.642 0.472 0.642 0.47 0.644 0.466 0.644 0.464 0.646 0.46 0.646 0.458 0.644 0.458 0.652 0.46 0.654 0.46 0.66 0.462 0.662 0.462 0.664 0.464 0.666 0.464 0.672 0.466 0.674 0.466 0.678 0.468 0.68 0.468 0.684 0.47 0.686 0.47 0.69 0.472 0.692 0.472 0.698 0.474 0.7 0.474 0.704 0.476 0.706 0.476 0.71 0.478 0.712 0.478 0.716 0.48 0.718 0.48 0.722 0.482 0.724 0.482 0.728 0.484 0.73 0.484 0.736 0.486 0.738 0.486 0.744 0.488 0.746 0.488 0.75 0.49 0.752 0.494 0.752 0.5 0.758 0.5 0.76 0.502 0.762 0.502 0.764 0.506 0.768 0.508 0.768 0.516 0.76 0.516 0.758 0.524 0.75 0.524 0.748 0.546 0.726 0.548 0.726 0.548 0.72 0.546 0.718 0.546 0.714 0.544 0.712 0.544 0.706 0.542 0.704 0.542 0.7 0.54 0.698 0.54 0.694 0.538 0.692 0.538 0.688 0.536 0.686 0.536 0.684 0.534 0.682 0.534 0.678 0.532 0.676 0.532 0.672 0.53 0.67 0.53 0.666 0.528 0.664 0.528 0.654 0.526 0.652 0.526 0.648 0.524 0.646 0.524 0.642 0.522 0.64 0.522 0.636 0.52 0.634 0.52 0.632 0.518 0.63 0.518 0.628
4 0.54 0.831 0.028 0.042 0.532 0.81 0.53 0.812 0.528 0.812 0.526 0.814 0.526 0.82 0.528 0.822 0.528 0.824 0.53 0.826 0.53 0.828 0.532 0.83 0.532 0.836 0.534 0.838 0.534 0.844 0.536 0.846 0.536 0.848 0.538 0.85 0.544 0.85 0.546 0.848 0.548 0.848 0.552 0.844 0.552 0.832 0.55 0.83 0.55 0.826 0.548 0.824 0.548 0.816 0.546 0.814 0.546 0.812 0.544 0.81
5 0.267 0.371 0.014 0.014 0.262 0.364 0.26 0.366 0.26 0.374 0.262 0.376 0.268 0.376 0.272 0.372 0.272 0.368 0.268 0.364
4 0.721 0.85 0.018 0.024 0.712 0.838 0.712 0.85 0.714 0.852 0.714 0.854 0.718 0.858 0.72 0.858 0.722 0.86 0.724 0.86 0.726 0.858 0.726 0.856 0.728 0.854 0.728 0.85 0.726 0.848 0.726 0.846 0.724 0.844 0.724 0.842 0.72 0.838
5 0.562 0.655 0.024 0.026 0.562 0.642 0.56 0.644 0.556 0.644 0.554 0.646 0.552 0.646 0.552 0.648 0.55 0.65 0.55 0.652 0.552 0.654 0.552 0.664 0.554 0.666 0.556 0.666 0.558 0.664 0.562 0.664 0.564 0.662 0.566 0.662 0.568 0.66 0.57 0.66 0.572 0.658 0.572 0.65 0.57 0.648 0.57 0.646 0.568 0.644 0.568 0.642
5 0.618 0.751 0.024 0.026 0.612 0.738 0.606 0.744 0.606 0.748 0.608 0.75 0.608 0.754 0.61 0.756 0.61 0.758 0.612 0.76 0.614 0.76 0.616 0.762 0.628 0.762 0.628 0.754 0.624 0.75 0.624 0.748 0.622 0.746 0.622 0.742 0.618 0.738
7 0.344 0.407 0.016 0.014 0.34 0.4 0.336 0.404 0.336 0.408 0.338 0.41 0.34 0.41 0.342 0.412 0.344 0.41 0.348 0.41 0.35 0.408 0.35 0.406 0.346 0.402 0.344 0.402 0.342 0.4
