5 0.057 0.912 0.054 0.056 0.034 0.884 0.034 0.888 0.032 0.89 0.032 0.892 0.03 0.894 0.032 0.896 0.032 0.898 0.034 0.9 0.036 0.9 0.038 0.902 0.038 0.904 0.06 0.926 0.062 0.926 0.074 0.938 0.076 0.938 0.076 0.934 0.078 0.932 0.078 0.93 0.08 0.928 0.082 0.928 0.082 0.926 0.08 0.924 0.08 0.922 0.078 0.92 0.078 0.918 0.07 0.91 0.07 0.908 0.052 0.89 0.046 0.89 0.044 0.888 0.042 0.888 0.038 0.884
4 0.455 0.642 0.018 0.016 0.45 0.634 0.446 0.638 0.446 0.644 0.45 0.648 0.458 0.648 0.462 0.644 0.462 0.638 0.458 0.634
7 0.485 0.358 0.014 0.012 0.482 0.352 0.478 0.356 0.48 0.358 0.48 0.36 0.482 0.362 0.488 0.362 0.49 0.36 0.49 0.356 0.488 0.354 0.484 0.354
7 0.628 0.401 0.012 0.014 0.626 0.394 0.622 0.398 0.622 0.406 0.626 0.406 0.628 0.404 0.63 0.404 0.632 0.402 0.632 0.394
7 0.461 0.415 0.01 0.01 0.458 0.41 0.456 0.412 0.456 0.416 0.458 0.416 0.46 0.418 0.462 0.418 0.464 0.416 0.464 0.412 0.462 0.41
7 0.627 0.401 0.014 0.014 0.63 0.394 0.628 0.396 0.624 0.396 0.622 0.398 0.622 0.4 0.62 0.402 0.62 0.404 0.622 0.406 0.626 0.406 0.63 0.402 0.63 0.4 0.632 0.398 0.63 0.396
7 0.431 0.432 0.014 0.012 0.434 0.426 0.432 0.428 0.428 0.428 0.426 0.43 0.426 0.432 0.424 0.434 0.426 0.436 0.428 0.436 0.434 0.43 0.434 0.428 0.436 0.426
7 0.435 0.479 0.014 0.014 0.43 0.472 0.428 0.474 0.428 0.482 0.43 0.484 0.436 0.484 0.44 0.48 0.44 0.474 0.438 0.472
7 0.389 0.531 0.01 0.01 0.386 0.526 0.384 0.528 0.384 0.532 0.386 0.534 0.392 0.534 0.392 0.53 0.388 0.526
7 0.498 0.582 0.012 0.012 0.494 0.576 0.492 0.578 0.492 0.582 0.496 0.586 0.5 0.586 0.502 0.584 0.502 0.578 0.5 0.576
7 0.166 0.682 0.012 0.012 0.162 0.676 0.16 0.678 0.16 0.684 0.162 0.686 0.164 0.686 0.17 0.68 0.17 0.676
7 0.155 0.78 0.01 0.008 0.152 0.776 0.15 0.778 0.15 0.782 0.154 0.782 0.158 0.778 0.158 0.776
7 0.038 0.805 0.008 0.01 0.036 0.8 0.034 0.802 0.034 0.808 0.036 0.808 0.038 0.806 0.038 0.804 0.04 0.802 0.038 0.8
7 0.107 0.827 0.014 0.01 0.106 0.822 0.104 0.824 0.102 0.824 0.1 0.826 0.1 0.828 0.102 0.83 0.11 0.83 0.11 0.828 0.112 0.826 0.11 0.824 0.11 0.822
5 0.124 0.852 0.016 0.016 0.118 0.846 0.116 0.848 0.116 0.856 0.118 0.858 0.124 0.858 0.126 0.856 0.126 0.854 0.13 0.85 0.128 0.85 0.124 0.846
4 0.302 0.539 0.076 0.078 0.31 0.5 0.27 0.54 0.27 0.542 0.264 0.548 0.264 0.552 0.276 0.564 0.276 0.566 0.286 0.576 0.29 0.576 0.294 0.572 0.296 0.572 0.314 0.554 0.314 0.552 0.32 0.546 0.322 0.546 0.322 0.544 0.334 0.532 0.334 0.53 0.338 0.526 0.338 0.522 0.336 0.52 0.336 0.518 0.334 0.516 0.332 0.516 0.316 0.5
2 0.472 0.681 0.072 0.07 0.49 0.646 0.484 0.652 0.482 0.652 0.47 0.664 0.47 0.666 0.44 0.696 0.44 0.698 0.436 0.702 0.436 0.704 0.438 0.706 0.438 0.708 0.44 0.71 0.444 0.71 0.446 0.712 0.448 0.712 0.45 0.714 0.452 0.712 0.454 0.712 0.482 0.684 0.482 0.682 0.5 0.664 0.502 0.664 0.502 0.662 0.506 0.658 0.506 0.652 0.502 0.648 0.5 0.648 0.498 0.646
2 0.211 0.951 0.07 0.066 0.232 0.918 0.222 0.928 0.22 0.928 0.202 0.946 0.202 0.948 0.19 0.96 0.188 0.96 0.188 0.962 0.178 0.972 0.178 0.974 0.176 0.976 0.176 0.978 0.18 0.982 0.19 0.982 0.192 0.98 0.194 0.98 0.2 0.974 0.2 0.972 0.242 0.93 0.242 0.928 0.244 0.926 0.244 0.924 0.24 0.92 0.24 0.918
3 0.559 0.564 0.102 0.112 0.606 0.508 0.604 0.51 0.6 0.51 0.598 0.512 0.594 0.512 0.592 0.514 0.59 0.514 0.588 0.516 0.584 0.516 0.582 0.518 0.58 0.518 0.578 0.52 0.574 0.52 0.572 0.522 0.568 0.522 0.566 0.524 0.564 0.524 0.562 0.526 0.56 0.526 0.558 0.528 0.554 0.528 0.552 0.53 0.55 0.53 0.548 0.532 0.542 0.532 0.538 0.536 0.536 0.536 0.53 0.542 0.528 0.542 0.528 0.544 0.524 0.548 0.524 0.554 0.522 0.556 0.522 0.562 0.52 0.564 0.52 0.57 0.518 0.572 0.518 0.58 0.516 0.582 0.516 0.592 0.514 0.594 0.514 0.598 0.512 0.6 0.512 0.602 0.508 0.606 0.508 0.608 0.51 0.61 0.51 0.616 0.512 0.618 0.514 0.618 0.518 0.614 0.52 0.614 0.55 0.584 0.552 0.584 0.554 0.582 0.554 0.58 0.562 0.572 0.562 0.568 0.564 0.566 0.566 0.566 0.59 0.542 0.59 0.54 0.602 0.528 0.602 0.526 0.608 0.52 0.608 0.51
3 0.081 0.605 0.09 0.086 0.036 0.592 0.036 0.596 0.038 0.596 0.038 0.594
4 0.489 0.438 0.034 0.032 0.486 0.422 0.474 0.434 0.474 0.436 0.472 0.438 0.474 0.44 0.474 0.442 0.482 0.45 0.484 0.45 0.486 0.452 0.49 0.452 0.504 0.438 0.504 0.434 0.502 0.432 0.502 0.43 0.5 0.428 0.498 0.428 0.494 0.424 0.492 0.424 0.49 0.422
4 0.349 0.493 0.034 0.034 0.344 0.476 0.342 0.478 0.34 0.478 0.332 0.486 0.332 0.494 0.334 0.496 0.336 0.496 0.338 0.498 0.34 0.498 0.348 0.506 0.35 0.506 0.352 0.508 0.354 0.506 0.356 0.506 0.362 0.5 0.362 0.498 0.364 0.496 0.364 0.488 0.356 0.48 0.354 0.48 0.352 0.478 0.348 0.478 0.346 0.476
4 0.176 0.557 0.036 0.03 0.172 0.542 0.17 0.544 0.164 0.544 0.162 0.546 0.16 0.546 0.158 0.548 0.162 0.552 0.162 0.554 0.168 0.56 0.17 0.56 0.172 0.562 0.174 0.562 0.176 0.564 0.178 0.564 0.184 0.57 0.188 0.57 0.192 0.566 0.192 0.562 0.19 0.56 0.19 0.554 0.188 0.552 0.188 0.548 0.186 0.546 0.186 0.544 0.184 0.542
4 0.094 0.6 0.028 0.028 0.09 0.586 0.088 0.588 0.086 0.588 0.084 0.59 0.082 0.59 0.082 0.592 0.08 0.594 0.08 0.6 0.09 0.61 0.092 0.61 0.094 0.612 0.098 0.612 0.1 0.61 0.102 0.61 0.106 0.606 0.106 0.598 0.104 0.596 0.104 0.594 0.1 0.59 0.098 0.59 0.096 0.588 0.094 0.588 0.092 0.586
4 0.073 0.795 0.022 0.018 0.07 0.786 0.068 0.788 0.064 0.788 0.062 0.79 0.062 0.794 0.066 0.798 0.068 0.798 0.07 0.8 0.072 0.8 0.074 0.802 0.076 0.802 0.078 0.8 0.08 0.8 0.082 0.798 0.082 0.792 0.078 0.788 0.076 0.788 0.074 0.786
4 0.188 0.813 0.028 0.03 0.184 0.798 0.174 0.808 0.174 0.814 0.176 0.816 0.176 0.818 0.184 0.826 0.188 0.826 0.2 0.814 0.2 0.806 0.194 0.8 0.192 0.8 0.19 0.798
4 0.915 0.994 0.026 0.012 0.914 0.988 0.912 0.99 0.91 0.99 0.906 0.994 0.904 0.994 0.902 0.996 0.902 0.998 0.926 0.998 0.926 0.996 0.924 0.994 0.924 0.992 0.922 0.99 0.92 0.99 0.918 0.988
5 0.645 0.32 0.018 0.012 0.638 0.314 0.638 0.316 0.636 0.318 0.636 0.324 0.64 0.324 0.642 0.322 0.644 0.322 0.646 0.32 0.648 0.32 0.65 0.318 0.65 0.316 0.652 0.314
5 0.602 0.35 0.012 0.012 0.6 0.344 0.596 0.348 0.596 0.352 0.598 0.354 0.604 0.354 0.604 0.35 0.606 0.348 0.606 0.344
5 0.525 0.431 0.026 0.022 0.528 0.42 0.526 0.422 0.524 0.422 0.52 0.426 0.518 0.426 0.518 0.428 0.512 0.434 0.512 0.436 0.516 0.44 0.52 0.44 0.522 0.438 0.524 0.438 0.524 0.436 0.536 0.424 0.536 0.422 0.53 0.422
4 0.923 0.93 0.042 0.04 0.928 0.91 0.916 0.922 0.914 0.922 0.902 0.934 0.916 0.948 0.94 0.924 0.94 0.922
4 0.459 0.336 0.018 0.016 0.454 0.328 0.45 0.332 0.45 0.338 0.454 0.342 0.462 0.342 0.466 0.338 0.466 0.332 0.462 0.328
5 0.56 0.309 0.016 0.01 0.562 0.304 0.56 0.306 0.556 0.306 0.554 0.308 0.558 0.312 0.56 0.312 0.562 0.31 0.566 0.31 0.566 0.308 0.564 0.306 0.564 0.304
2 0.668 0.48 0.048 0.044 0.674 0.458 0.672 0.46 0.67 0.46 0.644 0.486 0.644 0.49 0.648 0.494 0.648 0.496 0.652 0.5 0.658 0.5 0.66 0.498 0.662 0.498 0.666 0.494 0.666 0.492 0.688 0.47 0.688 0.468 0.69 0.466 0.69 0.462 0.688 0.46 0.68 0.46 0.678 0.458
4 0.598 0.488 0.016 0.016 0.596 0.48 0.594 0.482 0.592 0.482 0.592 0.484 0.59 0.486 0.59 0.488 0.592 0.49 0.592 0.492 0.594 0.492 0.596 0.494 0.598 0.494 0.6 0.492 0.602 0.492 0.602 0.49 0.604 0.488 0.604 0.486 0.602 0.484 0.602 0.482 0.6 0.482 0.598 0.48
4 0.644 0.446 0.016 0.016 0.64 0.438 0.636 0.442 0.636 0.448 0.64 0.452 0.646 0.452 0.65 0.448 0.65 0.442 0.646 0.438
4 0.694 0.392 0.016 0.016 0.692 0.384 0.69 0.386 0.688 0.386 0.688 0.388 0.686 0.39 0.686 0.392 0.688 0.394 0.688 0.396 0.69 0.396 0.692 0.398 0.694 0.398 0.696 0.396 0.698 0.396 0.698 0.394 0.7 0.392 0.7 0.39 0.698 0.388 0.698 0.386 0.696 0.386 0.694 0.384
5 0.231 0.741 0.014 0.018 0.228 0.734 0.228 0.736 0.224 0.74 0.23 0.746 0.232 0.746 0.232 0.744 0.236 0.74 0.23 0.734
2 0.373 0.786 0.042 0.044 0.378 0.764 0.372 0.77 0.372 0.772 0.368 0.776 0.368 0.778 0.356 0.79 0.354 0.79 0.354 0.792 0.352 0.794 0.352 0.8 0.358 0.806 0.362 0.806 0.376 0.792 0.378 0.792 0.384 0.786 0.384 0.784 0.386 0.782 0.386 0.78 0.392 0.774 0.392 0.768 0.39 0.768 0.386 0.764
3 0.295 0.845 0.134 0.138 0.342 0.776 0.34 0.778 0.338 0.778 0.336 0.78 0.334 0.78 0.332 0.782 0.33 0.782 0.328 0.784 0.326 0.784 0.324 0.786 0.322 0.786 0.32 0.788 0.318 0.788 0.316 0.79 0.312 0.79 0.31 0.792 0.308 0.792 0.306 0.794 0.304 0.794 0.302 0.796 0.3 0.796 0.298 0.798 0.296 0.798 0.294 0.8 0.292 0.8 0.29 0.802 0.288 0.802 0.286 0.804 0.284 0.804 0.282 0.806 0.28 0.806 0.278 0.808 0.274 0.808 0.27 0.812 0.27 0.816 0.268 0.818 0.268 0.82 0.266 0.822 0.266 0.824 0.264 0.826 0.264 0.828 0.262 0.83 0.262 0.834 0.26 0.836 0.26 0.838 0.258 0.84 0.258 0.842 0.256 0.844 0.256 0.848 0.254 0.85 0.254 0.852 0.252 0.854 0.252 0.856 0.25 0.858 0.25 0.862 0.248 0.864 0.248 0.866 0.246 0.868 0.246 0.87 0.244 0.872 0.244 0.876 0.242 0.878 0.242 0.88 0.24 0.882 0.24 0.884 0.236 0.888 0.236 0.89 0.232 0.894 0.232 0.896 0.228 0.9 0.23 0.902 0.23 0.904 0.236 0.91 0.238 0.91 0.256 0.892 0.256 0.89 0.276 0.87 0.276 0.868 0.298 0.846 0.298 0.844 0.318 0.824 0.318 0.822 0.338 0.802 0.338 0.8 0.36 0.778 0.352 0.778 0.35 0.776
4 0.17 0.938 0.02 0.02 0.17 0.928 0.162 0.936 0.162 0.938 0.168 0.944 0.17 0.944 0.178 0.936
5 0.506 0.514 0.028 0.028 0.5 0.5 0.498 0.502 0.496 0.502 0.492 0.506 0.492 0.51 0.494 0.512 0.494 0.514 0.496 0.516 0.496 0.518 0.502 0.524 0.504 0.524 0.506 0.526 0.51 0.526 0.518 0.518 0.518 0.512 0.508 0.502 0.506 0.502 0.504 0.5
5 0.379 0.583 0.022 0.022 0.38 0.572 0.368 0.584 0.368 0.59 0.37 0.59 0.372 0.592 0.374 0.59 0.376 0.59 0.386 0.58 0.386 0.578 0.388 0.576 0.384 0.572
5 0.301 0.612 0.026 0.032 0.298 0.596 0.298 0.598 0.296 0.6 0.296 0.602 0.288 0.61 0.29 0.612 0.29 0.614 0.298 0.622 0.3 0.622 0.302 0.624 0.304 0.624 0.306 0.626 0.308 0.624 0.31 0.624 0.312 0.622 0.312 0.612 0.308 0.608 0.308 0.606 0.306 0.604 0.306 0.602 0.302 0.598 0.3 0.598
5 0.322 0.639 0.036 0.034 0.31 0.622 0.308 0.624 0.306 0.624 0.304 0.626 0.304 0.628 0.306 0.63 0.306 0.632 0.31 0.636 0.31 0.638 0.322 0.65 0.33 0.65 0.334 0.654 0.334 0.646 0.336 0.644 0.338 0.644 0.338 0.634 0.336 0.634 0.334 0.632 0.326 0.632 0.324 0.63 0.322 0.63 0.314 0.622
5 0.274 0.697 0.016 0.018 0.274 0.688 0.266 0.696 0.266 0.702 0.268 0.702 0.27 0.704 0.278 0.696 0.278 0.694 0.28 0.692 0.28 0.688
5 0.155 0.749 0.03 0.03 0.144 0.734 0.144 0.736 0.14 0.74 0.14 0.746 0.154 0.76 0.156 0.76 0.158 0.762 0.158 0.76 0.162 0.756 0.164 0.756 0.166 0.754 0.168 0.754 0.168 0.75 0.166 0.748 0.164 0.748 0.152 0.736 0.152 0.734
5 0.119 0.787 0.034 0.034 0.114 0.77 0.11 0.774 0.108 0.774 0.104 0.778 0.104 0.782 0.102 0.784 0.102 0.786 0.104 0.786 0.11 0.792 0.11 0.794 0.112 0.794 0.118 0.8 0.12 0.8 0.122 0.802 0.13 0.802 0.134 0.798 0.134 0.792 0.128 0.786 0.124 0.786 0.116 0.778 0.116 0.774 0.114 0.772
5 0.244 0.779 0.02 0.018 0.238 0.77 0.236 0.772 0.236 0.776 0.234 0.778 0.236 0.78 0.236 0.784 0.238 0.784 0.24 0.786 0.248 0.786 0.252 0.782 0.252 0.778 0.25 0.776 0.25 0.774 0.248 0.772 0.246 0.772 0.244 0.77
4 0.354 0.752 0.02 0.016 0.354 0.744 0.346 0.752 0.346 0.754 0.348 0.754 0.352 0.758 0.36 0.75 0.36 0.748 0.356 0.744
