5 0.076 0.617 0.02 0.034 0.068 0.6 0.066 0.602 0.066 0.61 0.068 0.612 0.068 0.616 0.07 0.618 0.07 0.622 0.072 0.624 0.072 0.628 0.074 0.63 0.074 0.632 0.08 0.632 0.084 0.628 0.084 0.624 0.082 0.622 0.082 0.62 0.08 0.618 0.08 0.61 0.078 0.608 0.078 0.602 0.076 0.6
2 0.459 0.654 0.05 0.024 0.476 0.642 0.474 0.644 0.47 0.644 0.468 0.646 0.464 0.646 0.462 0.648 0.458 0.648 0.456 0.65 0.45 0.65 0.448 0.652 0.444 0.652 0.442 0.654 0.438 0.654 0.436 0.656 0.434 0.656 0.434 0.658 0.436 0.66 0.436 0.664 0.438 0.664 0.44 0.662 0.444 0.662 0.446 0.66 0.452 0.66 0.454 0.658 0.458 0.658 0.46 0.656 0.464 0.656 0.466 0.654 0.472 0.654 0.474 0.652 0.478 0.652 0.48 0.65 0.482 0.65 0.48 0.648 0.48 0.644 0.478 0.642
2 0.628 0.597 0.044 0.022 0.64 0.586 0.638 0.588 0.634 0.588 0.632 0.59 0.628 0.59 0.626 0.592 0.622 0.592 0.62 0.594 0.616 0.594 0.614 0.596 0.61 0.596 0.608 0.598 0.606 0.598 0.608 0.6 0.608 0.604 0.61 0.606 0.612 0.606 0.614 0.604 0.618 0.604 0.62 0.602 0.624 0.602 0.626 0.6 0.632 0.6 0.634 0.598 0.638 0.598 0.64 0.596 0.644 0.596 0.646 0.594 0.648 0.594 0.644 0.59 0.644 0.588 0.642 0.586
4 0.389 0.429 0.022 0.026 0.392 0.416 0.39 0.418 0.386 0.418 0.384 0.42 0.38 0.42 0.378 0.422 0.38 0.424 0.38 0.428 0.382 0.43 0.382 0.432 0.384 0.434 0.384 0.438 0.386 0.44 0.388 0.438 0.39 0.438 0.392 0.436 0.396 0.436 0.398 0.434 0.398 0.432 0.396 0.43 0.396 0.426 0.394 0.424 0.394 0.42 0.392 0.418
4 0.004 0.758 0.008 0.028 0.0 0.744 0.0 0.77 0.002 0.77 0.006 0.766 0.006 0.748 0.004 0.746 0.004 0.744
4 0.033 0.747 0.018 0.03 0.028 0.732 0.026 0.734 0.024 0.734 0.024 0.742 0.026 0.744 0.026 0.75 0.028 0.752 0.028 0.756 0.03 0.758 0.03 0.76 0.036 0.76 0.038 0.758 0.038 0.756 0.04 0.754 0.04 0.75 0.038 0.748 0.038 0.736 0.034 0.732
4 0.078 0.738 0.028 0.032 0.078 0.722 0.076 0.724 0.07 0.724 0.068 0.726 0.066 0.726 0.064 0.728 0.064 0.736 0.066 0.738 0.066 0.742 0.068 0.744 0.068 0.748 0.07 0.75 0.07 0.752 0.08 0.752 0.082 0.75 0.084 0.75 0.086 0.748 0.088 0.748 0.088 0.746 0.09 0.744 0.09 0.74 0.088 0.738 0.088 0.736 0.086 0.734 0.086 0.732 0.084 0.73 0.084 0.728 0.082 0.726 0.082 0.724 0.08 0.722
4 0.119 0.72 0.022 0.028 0.118 0.706 0.116 0.708 0.112 0.708 0.108 0.712 0.108 0.72 0.11 0.722 0.11 0.726 0.112 0.728 0.112 0.73 0.114 0.732 0.124 0.732 0.126 0.73 0.126 0.728 0.128 0.726 0.128 0.714 0.126 0.712 0.126 0.708 0.124 0.708 0.122 0.706
4 0.235 0.679 0.018 0.022 0.234 0.668 0.232 0.67 0.23 0.67 0.226 0.674 0.226 0.682 0.228 0.684 0.228 0.686 0.23 0.688 0.24 0.688 0.242 0.686 0.242 0.674 0.24 0.672 0.24 0.67 0.238 0.668
5 0.591 0.404 0.022 0.032 0.582 0.388 0.58 0.39 0.58 0.396 0.582 0.398 0.582 0.402 0.584 0.404 0.584 0.406 0.586 0.408 0.586 0.41 0.588 0.412 0.588 0.414 0.59 0.416 0.59 0.418 0.598 0.418 0.6 0.416 0.6 0.408 0.598 0.406 0.598 0.404 0.596 0.402 0.596 0.398 0.594 0.396 0.594 0.392 0.59 0.388
5 0.455 0.444 0.03 0.044 0.448 0.422 0.446 0.424 0.444 0.424 0.442 0.426 0.44 0.426 0.44 0.434 0.442 0.436 0.442 0.438 0.444 0.44 0.444 0.444 0.446 0.446 0.446 0.448 0.448 0.45 0.448 0.452 0.45 0.454 0.45 0.456 0.452 0.458 0.452 0.46 0.456 0.464 0.462 0.464 0.464 0.462 0.466 0.462 0.468 0.46 0.468 0.452 0.466 0.45 0.466 0.448 0.46 0.442 0.46 0.44 0.458 0.438 0.458 0.434 0.456 0.432 0.456 0.424 0.454 0.422
5 0.603 0.439 0.03 0.026 0.606 0.428 0.604 0.43 0.6 0.43 0.598 0.432 0.594 0.432 0.59 0.436 0.588 0.436 0.588 0.444 0.59 0.446 0.59 0.448 0.592 0.448 0.594 0.45 0.596 0.448 0.602 0.448 0.604 0.446 0.606 0.446 0.608 0.444 0.61 0.444 0.616 0.438 0.616 0.432 0.614 0.43 0.614 0.428
5 0.448 0.494 0.036 0.016 0.446 0.486 0.444 0.488 0.44 0.488 0.438 0.49 0.434 0.49 0.432 0.492 0.432 0.496 0.43 0.498 0.43 0.5 0.45 0.5 0.452 0.498 0.454 0.498 0.456 0.496 0.458 0.496 0.46 0.494 0.462 0.494 0.464 0.492 0.464 0.488 0.462 0.486
5 0.359 0.528 0.022 0.02 0.35 0.518 0.348 0.52 0.348 0.524 0.35 0.526 0.35 0.528 0.352 0.53 0.352 0.532 0.354 0.532 0.356 0.534 0.356 0.536 0.356 0.534 0.36 0.53 0.366 0.53 0.368 0.532 0.368 0.528 0.366 0.526 0.364 0.526 0.362 0.524 0.362 0.522 0.36 0.52 0.36 0.518
4 0.176 0.697 0.02 0.018 0.172 0.688 0.168 0.692 0.168 0.694 0.166 0.696 0.166 0.7 0.17 0.704 0.18 0.704 0.18 0.7 0.184 0.696 0.184 0.692 0.18 0.688
7 0.927 0.208 0.018 0.02 0.92 0.198 0.918 0.2 0.918 0.208 0.926 0.216 0.93 0.216 0.934 0.212 0.932 0.21 0.932 0.206 0.93 0.204 0.93 0.2 0.928 0.198
5 0.905 0.24 0.054 0.028 0.914 0.226 0.912 0.228 0.906 0.228 0.904 0.23 0.898 0.23 0.896 0.232 0.894 0.232 0.892 0.234 0.89 0.234 0.888 0.236 0.886 0.236 0.884 0.238 0.882 0.238 0.88 0.24 0.878 0.24 0.878 0.246 0.88 0.248 0.88 0.252 0.882 0.252 0.884 0.25 0.888 0.25 0.89 0.248 0.894 0.248 0.896 0.246 0.902 0.246 0.904 0.244 0.91 0.244 0.912 0.242 0.92 0.242 0.924 0.238 0.926 0.238 0.928 0.236 0.93 0.236 0.93 0.232 0.928 0.23 0.928 0.226
7 0.922 0.302 0.048 0.044 0.916 0.28 0.914 0.282 0.91 0.282 0.908 0.284 0.904 0.284 0.9 0.288 0.9 0.29 0.898 0.292 0.898 0.304 0.9 0.306 0.9 0.308 0.904 0.312 0.904 0.314 0.906 0.314 0.908 0.316 0.908 0.318 0.91 0.32 0.912 0.32 0.914 0.322 0.926 0.322 0.928 0.32 0.93 0.32 0.932 0.318 0.934 0.318 0.944 0.308 0.944 0.298 0.942 0.296 0.942 0.29 0.94 0.288 0.94 0.286 0.934 0.28
7 0.836 0.298 0.012 0.012 0.83 0.292 0.83 0.298 0.832 0.3 0.832 0.302 0.84 0.302 0.84 0.294 0.838 0.292
7 0.839 0.299 0.018 0.018 0.832 0.29 0.83 0.292 0.83 0.298 0.832 0.3 0.832 0.304 0.834 0.304 0.836 0.306 0.842 0.306 0.844 0.304 0.846 0.304 0.846 0.298 0.844 0.296 0.844 0.294 0.842 0.292 0.836 0.292 0.834 0.29
7 0.389 0.368 0.058 0.032 0.406 0.352 0.404 0.354 0.4 0.354 0.398 0.356 0.396 0.356 0.394 0.358 0.39 0.358 0.388 0.36 0.382 0.36 0.38 0.362 0.376 0.362 0.374 0.364 0.37 0.364 0.368 0.366 0.364 0.366 0.36 0.37 0.36 0.376 0.362 0.378 0.362 0.38 0.364 0.382 0.368 0.382 0.37 0.38 0.37 0.378 0.372 0.376 0.374 0.376 0.376 0.374 0.38 0.374 0.382 0.372 0.386 0.372 0.388 0.37 0.392 0.37 0.394 0.368 0.396 0.368 0.398 0.366 0.402 0.366 0.404 0.364 0.406 0.364 0.408 0.362 0.412 0.362 0.416 0.358 0.416 0.354 0.414 0.352
5 0.965 0.366 0.042 0.024 0.978 0.354 0.976 0.356 0.972 0.356 0.97 0.358 0.966 0.358 0.964 0.36 0.96 0.36 0.958 0.362 0.954 0.362 0.952 0.364 0.95 0.364 0.948 0.366 0.946 0.366 0.944 0.368 0.944 0.374 0.946 0.376 0.96 0.376 0.962 0.374 0.968 0.374 0.97 0.372 0.974 0.372 0.976 0.37 0.982 0.37 0.984 0.368 0.984 0.362 0.982 0.36 0.982 0.356 0.98 0.356
5 0.191 0.589 0.022 0.022 0.196 0.578 0.194 0.58 0.19 0.58 0.188 0.582 0.186 0.582 0.182 0.586 0.182 0.588 0.18 0.59 0.182 0.592 0.182 0.594 0.184 0.596 0.184 0.598 0.192 0.598 0.194 0.596 0.196 0.596 0.2 0.592 0.2 0.584 0.198 0.582 0.198 0.58
7 0.258 0.057 0.044 0.042 0.266 0.036 0.264 0.038 0.258 0.038 0.256 0.04 0.252 0.04 0.25 0.042 0.244 0.042 0.242 0.044 0.238 0.044 0.236 0.046 0.236 0.056 0.238 0.058 0.238 0.06 0.24 0.062 0.24 0.068 0.242 0.07 0.242 0.072 0.244 0.074 0.244 0.076 0.256 0.076 0.258 0.074 0.264 0.074 0.266 0.072 0.27 0.072 0.272 0.07 0.276 0.07 0.278 0.068 0.278 0.058 0.276 0.056 0.276 0.052 0.274 0.05 0.274 0.046 0.272 0.044 0.272 0.038 0.27 0.036
7 0.282 0.129 0.044 0.042 0.286 0.108 0.284 0.11 0.28 0.11 0.278 0.112 0.274 0.112 0.272 0.114 0.266 0.114 0.264 0.116 0.262 0.116 0.26 0.118 0.26 0.126 0.262 0.128 0.262 0.13 0.264 0.132 0.264 0.138 0.266 0.14 0.266 0.144 0.268 0.146 0.268 0.148 0.278 0.148 0.28 0.146 0.284 0.146 0.286 0.144 0.29 0.144 0.292 0.142 0.296 0.142 0.298 0.14 0.3 0.14 0.3 0.138 0.302 0.136 0.302 0.134 0.3 0.132 0.3 0.126 0.298 0.124 0.298 0.12 0.296 0.118 0.296 0.112 0.292 0.108
7 0.306 0.201 0.044 0.042 0.308 0.18 0.306 0.182 0.302 0.182 0.3 0.184 0.296 0.184 0.294 0.186 0.286 0.186 0.284 0.188 0.284 0.198 0.286 0.2 0.286 0.206 0.288 0.208 0.288 0.212 0.29 0.214 0.29 0.216 0.294 0.22 0.298 0.22 0.3 0.218 0.308 0.218 0.31 0.216 0.314 0.216 0.316 0.214 0.32 0.214 0.322 0.212 0.324 0.212 0.324 0.21 0.326 0.208 0.326 0.202 0.324 0.2 0.324 0.196 0.322 0.194 0.322 0.19 0.32 0.188 0.32 0.184 0.318 0.182 0.318 0.18
4 0.581 0.358 0.018 0.02 0.574 0.348 0.572 0.35 0.572 0.356 0.574 0.358 0.574 0.362 0.578 0.366 0.584 0.366 0.586 0.364 0.586 0.362 0.588 0.36 0.588 0.358 0.586 0.356 0.586 0.352 0.584 0.35 0.584 0.348
4 0.528 0.449 0.02 0.026 0.526 0.438 0.524 0.44 0.522 0.44 0.518 0.444 0.518 0.456 0.522 0.46 0.526 0.46 0.528 0.458 0.53 0.458 0.536 0.452 0.536 0.448 0.534 0.446 0.534 0.444 0.528 0.438
4 0.194 0.482 0.024 0.028 0.192 0.468 0.188 0.472 0.184 0.472 0.182 0.474 0.182 0.48 0.184 0.482 0.184 0.488 0.19 0.494 0.198 0.494 0.204 0.488 0.204 0.484 0.202 0.482 0.202 0.478 0.2 0.476 0.2 0.474 0.198 0.474
4 0.154 0.497 0.016 0.022 0.148 0.486 0.148 0.49 0.146 0.492 0.146 0.494 0.148 0.496 0.148 0.5 0.15 0.502 0.15 0.504 0.152 0.504 0.154 0.506 0.16 0.5 0.16 0.49 0.158 0.488 0.156 0.488 0.154 0.486
4 0.008 0.505 0.016 0.034 0.0 0.488 0.0 0.52 0.002 0.518 0.006 0.518 0.008 0.516 0.012 0.516 0.014 0.514 0.014 0.506 0.012 0.504 0.012 0.5 0.01 0.498 0.01 0.496 0.002 0.488
4 0.114 0.51 0.028 0.028 0.108 0.496 0.106 0.498 0.102 0.498 0.1 0.5 0.1 0.51 0.102 0.512 0.102 0.516 0.108 0.522 0.118 0.522 0.12 0.52 0.122 0.52 0.126 0.516 0.126 0.504 0.124 0.502 0.124 0.5 0.12 0.496
4 0.057 0.527 0.018 0.022 0.056 0.516 0.054 0.518 0.052 0.518 0.048 0.522 0.048 0.532 0.05 0.534 0.054 0.534 0.056 0.536 0.058 0.534 0.06 0.534 0.064 0.53 0.064 0.522 0.06 0.518 0.058 0.518
4 0.358 0.639 0.016 0.022 0.356 0.628 0.354 0.63 0.352 0.63 0.35 0.632 0.35 0.642 0.352 0.644 0.352 0.646 0.354 0.648 0.362 0.648 0.364 0.646 0.364 0.634 0.362 0.632 0.362 0.63 0.36 0.63 0.358 0.628
4 0.296 0.66 0.02 0.024 0.29 0.648 0.288 0.65 0.286 0.65 0.286 0.662 0.288 0.664 0.288 0.666 0.292 0.67 0.296 0.67 0.3 0.666 0.302 0.666 0.302 0.664 0.304 0.662 0.304 0.66 0.302 0.658 0.302 0.652 0.298 0.648
