4 0.432 0.441 0.016 0.018 0.426 0.432 0.424 0.434 0.424 0.446 0.426 0.446 0.428 0.448 0.434 0.448 0.436 0.446 0.436 0.444 0.438 0.442 0.438 0.436 0.436 0.434 0.436 0.432
3 0.87 0.786 0.032 0.084 0.854 0.744 0.854 0.784 0.856 0.786 0.856 0.826 0.882 0.8 0.882 0.782 0.884 0.78 0.884 0.762 0.882 0.76 0.88 0.76 0.876 0.756 0.874 0.756 0.872 0.754 0.87 0.754 0.868 0.752 0.866 0.752 0.864 0.75 0.862 0.75 0.858 0.746 0.856 0.746
3 0.948 0.885 0.04 0.162 0.966 0.804 0.956 0.814 0.954 0.814 0.942 0.826 0.94 0.826 0.93 0.836 0.93 0.882 0.928 0.884 0.928 0.93 0.938 0.94 0.938 0.942 0.948 0.952 0.948 0.954 0.956 0.962 0.956 0.95 0.958 0.948 0.958 0.918 0.96 0.916 0.96 0.884 0.962 0.882 0.962 0.852 0.964 0.85 0.964 0.82 0.966 0.818
5 0.917 0.743 0.018 0.03 0.912 0.728 0.912 0.73 0.91 0.732 0.91 0.74 0.908 0.742 0.908 0.752 0.91 0.754 0.912 0.754 0.914 0.756 0.92 0.756 0.922 0.754 0.924 0.754 0.924 0.73 0.922 0.73 0.92 0.728
5 0.139 0.613 0.014 0.018 0.134 0.604 0.132 0.606 0.132 0.618 0.134 0.62 0.142 0.62 0.144 0.618 0.144 0.606 0.138 0.606 0.136 0.604
5 0.359 0.323 0.014 0.018 0.352 0.314 0.352 0.328 0.354 0.33 0.362 0.33 0.364 0.328 0.364 0.316 0.362 0.314
5 0.91 0.994 0.016 0.012 0.904 0.988 0.902 0.99 0.902 0.998 0.916 0.998 0.916 0.99 0.914 0.988
5 0.138 0.665 0.016 0.018 0.132 0.656 0.132 0.662 0.13 0.664 0.13 0.666 0.132 0.668 0.132 0.67 0.134 0.672 0.14 0.672 0.144 0.668 0.144 0.658 0.142 0.656
4 0.585 0.65 0.018 0.02 0.578 0.64 0.576 0.642 0.576 0.656 0.578 0.656 0.58 0.658 0.582 0.656 0.59 0.656 0.592 0.654 0.592 0.642 0.59 0.64
3 0.857 0.966 0.03 0.068 0.844 0.932 0.844 0.966 0.842 0.968 0.842 0.998 0.848 0.998 0.85 0.996 0.852 0.996 0.856 0.992 0.858 0.992 0.86 0.99 0.862 0.99 0.866 0.986 0.868 0.986 0.87 0.984 0.87 0.95 0.866 0.946 0.864 0.946 0.86 0.942 0.858 0.942 0.856 0.94 0.854 0.94 0.85 0.936 0.848 0.936
5 0.54 0.621 0.02 0.026 0.534 0.608 0.532 0.61 0.53 0.61 0.53 0.63 0.532 0.63 0.534 0.632 0.546 0.632 0.548 0.63 0.548 0.61 0.546 0.61 0.544 0.608
3 0.49 0.655 0.04 0.05 0.472 0.63 0.472 0.668 0.47 0.67 0.472 0.672 0.472 0.678 0.506 0.678 0.508 0.676 0.508 0.636 0.506 0.634 0.502 0.634 0.5 0.632 0.496 0.632 0.494 0.63
3 0.087 0.645 0.042 0.098 0.068 0.596 0.068 0.644 0.066 0.646 0.066 0.692 0.07 0.692 0.072 0.69 0.082 0.69 0.084 0.688 0.088 0.688 0.106 0.67 0.106 0.634 0.098 0.626 0.098 0.624 0.092 0.618 0.092 0.616 0.084 0.608 0.084 0.606 0.078 0.6 0.076 0.6 0.074 0.598 0.07 0.598
