5 0.456 0.781 0.012 0.018 0.456 0.772 0.454 0.774 0.45 0.774 0.45 0.78 0.452 0.782 0.452 0.788 0.454 0.788 0.456 0.786 0.46 0.786 0.46 0.78 0.458 0.778 0.458 0.772
5 0.348 0.679 0.016 0.014 0.34 0.672 0.34 0.684 0.354 0.684 0.354 0.672
7 0.572 0.851 0.076 0.114 0.58 0.794 0.58 0.796 0.578 0.798 0.578 0.8 0.576 0.802 0.576 0.804 0.572 0.808 0.572 0.81 0.57 0.812 0.57 0.816 0.568 0.818 0.568 0.82 0.564 0.824 0.564 0.826 0.562 0.828 0.562 0.83 0.56 0.832 0.56 0.834 0.558 0.836 0.558 0.838 0.554 0.842 0.554 0.844 0.552 0.846 0.552 0.85 0.55 0.852 0.55 0.854 0.548 0.856 0.548 0.858 0.546 0.86 0.546 0.862 0.544 0.864 0.544 0.866 0.542 0.868 0.542 0.87 0.536 0.876 0.536 0.878 0.534 0.88 0.534 0.888 0.538 0.892 0.538 0.894 0.54 0.896 0.542 0.896 0.546 0.9 0.548 0.9 0.552 0.904 0.554 0.904 0.556 0.906 0.564 0.906 0.566 0.904 0.566 0.902 0.568 0.9 0.568 0.898 0.57 0.896 0.57 0.894 0.572 0.892 0.572 0.888 0.574 0.886 0.574 0.884 0.578 0.88 0.578 0.876 0.58 0.874 0.58 0.872 0.582 0.87 0.582 0.868 0.584 0.866 0.584 0.864 0.586 0.862 0.586 0.86 0.588 0.858 0.588 0.856 0.59 0.854 0.59 0.852 0.592 0.85 0.592 0.848 0.596 0.844 0.596 0.84 0.6 0.836 0.6 0.834 0.602 0.832 0.602 0.828 0.604 0.826 0.604 0.824 0.606 0.822 0.606 0.816 0.608 0.814 0.608 0.81 0.602 0.804 0.6 0.804 0.596 0.8 0.594 0.8 0.592 0.798 0.59 0.798 0.588 0.796 0.586 0.796 0.584 0.794
7 0.631 0.13 0.018 0.02 0.622 0.12 0.622 0.13 0.628 0.136 0.63 0.136 0.632 0.138 0.634 0.138 0.636 0.136 0.636 0.132 0.638 0.13 0.632 0.124 0.63 0.124 0.626 0.12
5 0.464 0.855 0.02 0.018 0.462 0.846 0.454 0.854 0.456 0.856 0.456 0.858 0.458 0.86 0.46 0.86 0.462 0.862 0.468 0.862 0.472 0.858 0.472 0.85 0.468 0.846
5 0.315 0.841 0.022 0.022 0.31 0.83 0.308 0.832 0.308 0.834 0.306 0.836 0.306 0.838 0.304 0.84 0.312 0.848 0.314 0.848 0.316 0.85 0.324 0.85 0.324 0.84 0.322 0.838 0.32 0.838 0.318 0.836 0.316 0.836
5 0.883 0.458 0.014 0.012 0.882 0.452 0.88 0.454 0.88 0.456 0.878 0.458 0.88 0.458 0.882 0.46 0.886 0.46 0.888 0.462 0.888 0.454 0.886 0.452
4 0.949 0.482 0.034 0.032 0.942 0.466 0.94 0.468 0.938 0.468 0.936 0.47 0.936 0.472 0.932 0.476 0.932 0.482 0.936 0.486 0.938 0.486 0.944 0.492 0.946 0.492 0.948 0.494 0.95 0.494 0.952 0.496 0.954 0.496 0.96 0.49 0.96 0.488 0.964 0.484 0.964 0.48 0.962 0.478 0.96 0.478 0.958 0.476 0.956 0.476 0.952 0.472 0.95 0.472 0.946 0.468 0.944 0.468
4 0.833 0.407 0.034 0.026 0.822 0.394 0.818 0.398 0.818 0.4 0.816 0.402 0.816 0.408 0.818 0.41 0.82 0.41 0.824 0.414 0.826 0.414 0.828 0.416 0.832 0.416 0.834 0.418 0.838 0.418 0.84 0.416 0.842 0.416 0.848 0.41 0.848 0.408 0.844 0.404 0.842 0.404 0.838 0.4 0.836 0.4 0.832 0.396 0.83 0.396 0.828 0.394
4 0.593 0.115 0.022 0.026 0.588 0.102 0.584 0.106 0.584 0.11 0.582 0.112 0.582 0.122 0.586 0.126 0.594 0.126 0.598 0.122 0.598 0.12 0.602 0.116 0.602 0.108 0.598 0.104 0.596 0.104 0.594 0.102
