4 0.872 0.559 0.016 0.022 0.868 0.548 0.864 0.552 0.864 0.566 0.868 0.566 0.87 0.568 0.876 0.568 0.876 0.564 0.878 0.562 0.878 0.552 0.876 0.55 0.874 0.55 0.872 0.548
5 0.098 0.449 0.036 0.026 0.094 0.436 0.092 0.438 0.082 0.438 0.08 0.44 0.08 0.456 0.084 0.46 0.108 0.46 0.11 0.458 0.112 0.458 0.112 0.456 0.114 0.454 0.114 0.44 0.11 0.436
5 0.828 0.488 0.012 0.016 0.826 0.48 0.824 0.482 0.824 0.486 0.822 0.488 0.822 0.492 0.824 0.494 0.83 0.494 0.832 0.492 0.832 0.482 0.828 0.482
5 0.828 0.489 0.012 0.014 0.826 0.482 0.824 0.484 0.824 0.486 0.822 0.488 0.822 0.492 0.824 0.494 0.83 0.494 0.832 0.492 0.832 0.488 0.83 0.486 0.83 0.484 0.828 0.484
6 0.899 0.37 0.074 0.08 0.864 0.33 0.864 0.338 0.862 0.34 0.862 0.4 0.864 0.402 0.866 0.402 0.868 0.404 0.884 0.404 0.886 0.406 0.894 0.406 0.896 0.408 0.928 0.408 0.928 0.398 0.93 0.396 0.93 0.376 0.932 0.374 0.932 0.352 0.934 0.35 0.934 0.342 0.932 0.34 0.932 0.336 0.926 0.336 0.924 0.334 0.896 0.334 0.894 0.332 0.878 0.332 0.876 0.33
4 0.074 0.505 0.02 0.026 0.068 0.492 0.064 0.496 0.064 0.498 0.066 0.5 0.066 0.506 0.064 0.508 0.064 0.512 0.066 0.514 0.076 0.514 0.078 0.516 0.08 0.516 0.082 0.514 0.082 0.496 0.078 0.492
4 0.92 0.434 0.02 0.02 0.912 0.424 0.912 0.426 0.91 0.428 0.91 0.438 0.914 0.442 0.924 0.442 0.928 0.438 0.928 0.426 0.926 0.424
4 0.879 0.43 0.018 0.024 0.872 0.418 0.87 0.42 0.87 0.44 0.884 0.44 0.886 0.438 0.886 0.42 0.884 0.418
7 0.852 0.483 0.02 0.014 0.846 0.476 0.842 0.48 0.842 0.482 0.844 0.484 0.844 0.486 0.846 0.486 0.848 0.488 0.856 0.488 0.858 0.486 0.86 0.486 0.86 0.476
5 0.483 0.433 0.01 0.01 0.478 0.428 0.478 0.436 0.486 0.436 0.486 0.428
5 0.481 0.495 0.006 0.01 0.478 0.49 0.478 0.498 0.482 0.498 0.482 0.49
7 0.485 0.462 0.01 0.04 0.48 0.442 0.48 0.48 0.488 0.48 0.488 0.442
4 0.208 0.51 0.02 0.028 0.2 0.496 0.198 0.498 0.198 0.52 0.2 0.52 0.202 0.522 0.214 0.522 0.216 0.52 0.216 0.502 0.212 0.498 0.204 0.498 0.202 0.496
