7 0.969 0.963 0.018 0.014 0.966 0.956 0.964 0.958 0.96 0.958 0.96 0.966 0.962 0.968 0.964 0.968 0.966 0.966 0.968 0.968 0.97 0.966 0.974 0.966 0.974 0.964 0.976 0.962 0.976 0.96 0.974 0.958 0.974 0.956
6 0.653 0.475 0.07 0.162 0.67 0.394 0.668 0.396 0.636 0.396 0.634 0.398 0.618 0.398 0.618 0.416 0.62 0.418 0.62 0.456 0.622 0.458 0.622 0.494 0.624 0.496 0.624 0.534 0.626 0.536 0.626 0.554 0.654 0.554 0.656 0.552 0.686 0.552 0.686 0.394
1 0.421 0.564 0.074 0.092 0.4 0.518 0.398 0.52 0.394 0.52 0.39 0.524 0.39 0.534 0.388 0.536 0.388 0.552 0.386 0.554 0.386 0.556 0.384 0.558 0.384 0.564 0.386 0.566 0.386 0.57 0.384 0.572 0.384 0.582 0.386 0.584 0.384 0.586 0.384 0.592 0.386 0.594 0.386 0.602 0.39 0.606 0.394 0.606 0.396 0.608 0.418 0.608 0.42 0.606 0.43 0.606 0.432 0.604 0.454 0.604 0.456 0.602 0.456 0.568 0.454 0.566 0.454 0.548 0.45 0.544 0.428 0.544 0.426 0.542 0.426 0.53 0.424 0.528 0.424 0.52 0.422 0.52 0.42 0.518
1 0.506 0.563 0.068 0.082 0.476 0.522 0.474 0.524 0.474 0.526 0.472 0.528 0.472 0.598 0.476 0.602 0.512 0.602 0.514 0.6 0.518 0.6 0.52 0.598 0.522 0.6 0.524 0.6 0.526 0.598 0.532 0.598 0.534 0.596 0.534 0.586 0.536 0.584 0.536 0.574 0.538 0.572 0.538 0.57 0.536 0.568 0.536 0.536 0.534 0.534 0.534 0.526 0.532 0.524 0.528 0.524 0.526 0.522
1 0.583 0.569 0.07 0.066 0.576 0.536 0.574 0.538 0.562 0.538 0.56 0.54 0.55 0.54 0.548 0.542 0.548 0.56 0.55 0.562 0.55 0.586 0.552 0.588 0.552 0.594 0.554 0.596 0.554 0.598 0.56 0.598 0.562 0.6 0.566 0.6 0.568 0.598 0.57 0.598 0.572 0.596 0.596 0.596 0.598 0.594 0.606 0.594 0.608 0.592 0.614 0.592 0.616 0.59 0.616 0.584 0.614 0.582 0.614 0.57 0.612 0.568 0.612 0.546 0.61 0.544 0.61 0.538 0.608 0.538 0.606 0.536
4 0.488 0.422 0.02 0.024 0.482 0.41 0.48 0.412 0.48 0.414 0.478 0.416 0.478 0.43 0.482 0.43 0.484 0.432 0.49 0.432 0.492 0.43 0.496 0.43 0.496 0.414 0.494 0.412 0.494 0.41
4 0.573 0.519 0.014 0.022 0.57 0.508 0.568 0.51 0.566 0.51 0.566 0.526 0.568 0.528 0.574 0.528 0.576 0.526 0.578 0.526 0.578 0.512 0.574 0.508
7 0.601 0.516 0.018 0.012 0.592 0.51 0.592 0.518 0.594 0.52 0.604 0.52 0.608 0.516 0.608 0.51
4 0.442 0.53 0.016 0.02 0.438 0.52 0.436 0.522 0.434 0.522 0.434 0.534 0.436 0.536 0.438 0.536 0.44 0.538 0.442 0.536 0.446 0.536 0.448 0.534 0.448 0.522 0.446 0.522 0.444 0.52
4 0.078 0.819 0.016 0.018 0.074 0.81 0.072 0.812 0.07 0.812 0.07 0.824 0.072 0.826 0.076 0.826 0.078 0.824 0.08 0.824 0.084 0.82 0.084 0.81
5 0.538 0.497 0.024 0.022 0.536 0.486 0.534 0.488 0.528 0.488 0.526 0.49 0.526 0.502 0.53 0.506 0.54 0.506 0.542 0.504 0.548 0.504 0.548 0.49 0.546 0.488 0.544 0.488 0.542 0.486
5 0.893 0.971 0.014 0.018 0.886 0.962 0.886 0.976 0.888 0.978 0.894 0.978 0.898 0.974 0.898 0.97 0.896 0.968 0.896 0.962
7 0.142 0.781 0.012 0.014 0.14 0.774 0.138 0.776 0.138 0.778 0.136 0.78 0.136 0.786 0.142 0.786 0.146 0.782 0.146 0.774
7 0.963 0.925 0.014 0.014 0.956 0.918 0.956 0.928 0.958 0.93 0.962 0.93 0.964 0.928 0.966 0.928 0.968 0.926 0.968 0.92 0.966 0.918
6 0.972 0.824 0.056 0.08 0.944 0.784 0.944 0.8 0.946 0.802 0.946 0.838 0.948 0.84 0.948 0.858 0.958 0.858 0.96 0.86 0.984 0.86 0.986 0.862 0.996 0.862 0.996 0.824 0.998 0.822 0.998 0.786 0.972 0.786 0.97 0.784
5 0.218 0.763 0.032 0.014 0.204 0.756 0.204 0.76 0.202 0.762 0.202 0.764 0.208 0.764 0.21 0.766 0.222 0.766 0.224 0.768 0.23 0.768 0.23 0.764 0.232 0.762 0.232 0.758 0.218 0.758 0.216 0.756
6 0.147 0.721 0.142 0.066 0.08 0.688 0.08 0.702 0.078 0.704 0.078 0.734 0.076 0.736 0.076 0.75 0.144 0.75 0.146 0.752 0.212 0.752 0.212 0.738 0.214 0.736 0.214 0.708 0.216 0.706 0.216 0.694 0.194 0.694 0.192 0.692 0.148 0.692 0.146 0.69 0.102 0.69 0.1 0.688
