4 0.421 0.342 0.03 0.032 0.422 0.326 0.42 0.328 0.418 0.328 0.406 0.34 0.406 0.344 0.414 0.352 0.414 0.354 0.416 0.354 0.416 0.352 0.43 0.338 0.43 0.336 0.432 0.334 0.432 0.332 0.426 0.326
4 0.62 0.513 0.028 0.026 0.622 0.5 0.62 0.502 0.618 0.502 0.614 0.506 0.612 0.506 0.608 0.51 0.608 0.512 0.606 0.514 0.608 0.516 0.608 0.518 0.61 0.52 0.61 0.522 0.612 0.522 0.614 0.524 0.618 0.524 0.62 0.522 0.622 0.522 0.632 0.512 0.632 0.506 0.63 0.504 0.63 0.502 0.628 0.502 0.626 0.5
4 0.278 0.329 0.024 0.026 0.276 0.316 0.274 0.318 0.272 0.318 0.268 0.322 0.268 0.324 0.266 0.326 0.266 0.328 0.272 0.334 0.272 0.336 0.274 0.338 0.274 0.34 0.276 0.338 0.278 0.338 0.28 0.336 0.282 0.336 0.286 0.332 0.286 0.33 0.288 0.328 0.286 0.326 0.286 0.324 0.282 0.32 0.282 0.318 0.28 0.316
4 0.494 0.369 0.028 0.026 0.494 0.356 0.49 0.36 0.488 0.36 0.48 0.368 0.48 0.374 0.484 0.378 0.486 0.378 0.488 0.38 0.49 0.38 0.492 0.378 0.494 0.378 0.504 0.368 0.504 0.366 0.506 0.364 0.504 0.362 0.504 0.36 0.502 0.358 0.5 0.358 0.498 0.356
4 0.327 0.389 0.03 0.03 0.33 0.374 0.328 0.376 0.326 0.376 0.314 0.388 0.314 0.39 0.312 0.392 0.316 0.396 0.316 0.398 0.32 0.402 0.326 0.402 0.328 0.4 0.33 0.4 0.334 0.396 0.336 0.396 0.34 0.392 0.34 0.384 0.338 0.382 0.338 0.38 0.332 0.374
4 0.53 0.411 0.028 0.026 0.53 0.398 0.526 0.402 0.524 0.402 0.518 0.408 0.518 0.41 0.516 0.412 0.518 0.414 0.518 0.416 0.522 0.42 0.524 0.42 0.526 0.422 0.528 0.42 0.53 0.42 0.542 0.408 0.542 0.402 0.538 0.398
4 0.566 0.457 0.032 0.022 0.566 0.446 0.564 0.448 0.562 0.448 0.56 0.45 0.558 0.45 0.556 0.452 0.554 0.452 0.552 0.454 0.55 0.454 0.55 0.462 0.552 0.464 0.554 0.464 0.556 0.466 0.568 0.466 0.57 0.464 0.572 0.464 0.578 0.458 0.578 0.456 0.58 0.454 0.58 0.45 0.576 0.446
4 0.372 0.477 0.032 0.03 0.372 0.462 0.37 0.464 0.368 0.464 0.356 0.476 0.356 0.484 0.362 0.49 0.37 0.49 0.386 0.474 0.386 0.468 0.38 0.462
4 0.399 0.501 0.034 0.03 0.4 0.486 0.398 0.488 0.396 0.488 0.382 0.502 0.382 0.506 0.384 0.508 0.384 0.51 0.388 0.514 0.398 0.514 0.406 0.506 0.408 0.506 0.412 0.502 0.412 0.5 0.414 0.498 0.41 0.494 0.41 0.492 0.408 0.49 0.406 0.49 0.404 0.488 0.402 0.488
3 0.445 0.557 0.114 0.118 0.432 0.498 0.41 0.52 0.408 0.52 0.388 0.54 0.398 0.55 0.398 0.552 0.41 0.564 0.41 0.566 0.42 0.576 0.42 0.578 0.43 0.588 0.43 0.59 0.442 0.602 0.442 0.604 0.452 0.614 0.476 0.59 0.478 0.59 0.5 0.568 0.5 0.508 0.496 0.508 0.494 0.506 0.482 0.506 0.48 0.504 0.468 0.504 0.466 0.502 0.454 0.502 0.452 0.5 0.44 0.5 0.438 0.498
7 0.518 0.502 0.088 0.104 0.478 0.45 0.478 0.452 0.476 0.454 0.476 0.458 0.482 0.464 0.482 0.466 0.486 0.47 0.486 0.472 0.496 0.482 0.496 0.484 0.504 0.492 0.504 0.494 0.51 0.5 0.512 0.5 0.514 0.502 0.514 0.504 0.544 0.534 0.544 0.536 0.55 0.542 0.55 0.544 0.552 0.546 0.552 0.55 0.554 0.552 0.556 0.552 0.56 0.548 0.56 0.542 0.556 0.538 0.556 0.536 0.53 0.51 0.53 0.508 0.512 0.49 0.512 0.488 0.51 0.486 0.508 0.486 0.502 0.48 0.502 0.478 0.492 0.468 0.492 0.466 0.478 0.452
7 0.317 0.277 0.114 0.126 0.322 0.274 0.318 0.278 0.316 0.278 0.314 0.28 0.32 0.286 0.32 0.288 0.33 0.298 0.33 0.3 0.342 0.312 0.342 0.314 0.36 0.332 0.36 0.334 0.362 0.336 0.364 0.336 0.366 0.338 0.372 0.338 0.372 0.334 0.37 0.332 0.37 0.33 0.368 0.328 0.368 0.326 0.35 0.308 0.35 0.306 0.336 0.292 0.336 0.29 0.324 0.278 0.324 0.276
5 0.466 0.445 0.024 0.026 0.46 0.432 0.456 0.436 0.456 0.44 0.454 0.442 0.456 0.444 0.456 0.446 0.458 0.448 0.458 0.452 0.462 0.456 0.468 0.456 0.47 0.454 0.472 0.454 0.474 0.452 0.474 0.45 0.476 0.448 0.474 0.446 0.474 0.442 0.464 0.432
5 0.313 0.267 0.022 0.022 0.316 0.256 0.314 0.258 0.312 0.258 0.31 0.26 0.306 0.26 0.304 0.262 0.304 0.264 0.302 0.266 0.308 0.272 0.308 0.274 0.31 0.276 0.318 0.276 0.32 0.274 0.32 0.268 0.322 0.266 0.322 0.264 0.32 0.262 0.32 0.258 0.318 0.256
4 0.5 0.621 0.032 0.03 0.5 0.606 0.494 0.612 0.492 0.612 0.484 0.62 0.484 0.628 0.49 0.634 0.498 0.634 0.504 0.628 0.506 0.628 0.512 0.622 0.512 0.62 0.514 0.618 0.514 0.616 0.512 0.614 0.512 0.612 0.506 0.606
