3 0.883 0.172 0.098 0.104 0.91 0.12 0.908 0.122 0.902 0.122 0.9 0.124 0.896 0.124 0.894 0.126 0.888 0.126 0.886 0.128 0.884 0.128 0.882 0.13 0.88 0.13 0.878 0.132 0.876 0.132 0.874 0.134 0.872 0.134 0.87 0.136 0.868 0.136 0.866 0.138 0.862 0.138 0.86 0.14 0.856 0.14 0.854 0.142 0.852 0.142 0.85 0.144 0.848 0.144 0.846 0.146 0.842 0.146 0.84 0.148 0.838 0.148 0.834 0.152 0.834 0.154 0.836 0.156 0.836 0.17 0.838 0.172 0.838 0.178 0.84 0.18 0.84 0.184 0.842 0.186 0.842 0.19 0.844 0.192 0.844 0.198 0.846 0.2 0.846 0.202 0.848 0.202 0.852 0.206 0.854 0.206 0.856 0.208 0.858 0.208 0.86 0.21 0.864 0.21 0.866 0.212 0.868 0.212 0.87 0.214 0.876 0.214 0.878 0.216 0.882 0.216 0.884 0.218 0.886 0.218 0.888 0.22 0.894 0.22 0.896 0.222 0.898 0.222 0.9 0.22 0.902 0.22 0.904 0.218 0.906 0.218 0.908 0.216 0.912 0.216 0.914 0.214 0.914 0.206 0.916 0.204 0.916 0.2 0.918 0.198 0.918 0.196 0.92 0.194 0.92 0.192 0.924 0.188 0.924 0.186 0.926 0.184 0.926 0.182 0.928 0.18 0.928 0.178 0.93 0.176 0.93 0.17 0.928 0.168 0.928 0.164 0.926 0.162 0.926 0.158 0.924 0.156 0.924 0.152 0.922 0.15 0.922 0.146 0.92 0.144 0.92 0.142 0.918 0.14 0.918 0.136 0.916 0.134 0.916 0.13 0.914 0.128 0.914 0.122 0.912 0.12
4 0.932 0.291 0.056 0.046 0.942 0.268 0.94 0.27 0.936 0.27 0.934 0.272 0.932 0.272 0.928 0.276 0.924 0.276 0.922 0.278 0.918 0.278 0.916 0.28 0.914 0.28 0.912 0.282 0.908 0.282 0.906 0.284 0.904 0.284 0.904 0.298 0.906 0.3 0.906 0.302 0.908 0.304 0.908 0.308 0.912 0.312 0.916 0.312 0.918 0.31 0.922 0.31 0.924 0.308 0.928 0.308 0.93 0.306 0.932 0.306 0.934 0.304 0.938 0.304 0.94 0.302 0.944 0.302 0.946 0.3 0.95 0.3 0.952 0.298 0.956 0.298 0.958 0.296 0.958 0.29 0.956 0.288 0.956 0.284 0.954 0.282 0.954 0.28 0.952 0.278 0.952 0.274 0.95 0.272 0.95 0.27 0.948 0.268
4 0.882 0.271 0.028 0.03 0.884 0.256 0.882 0.258 0.878 0.258 0.876 0.26 0.874 0.26 0.872 0.262 0.87 0.262 0.87 0.264 0.868 0.266 0.868 0.27 0.87 0.272 0.87 0.274 0.872 0.276 0.872 0.278 0.874 0.28 0.874 0.282 0.876 0.282 0.878 0.284 0.88 0.284 0.882 0.282 0.886 0.282 0.894 0.274 0.894 0.262 0.892 0.26 0.892 0.258 0.888 0.258 0.886 0.256
4 0.864 0.318 0.024 0.024 0.856 0.306 0.852 0.31 0.852 0.316 0.854 0.318 0.854 0.324 0.856 0.326 0.858 0.326 0.86 0.328 0.862 0.326 0.866 0.326 0.868 0.324 0.87 0.324 0.872 0.322 0.874 0.322 0.874 0.316 0.872 0.314 0.872 0.312 0.87 0.31 0.87 0.308 0.868 0.306
4 0.825 0.195 0.034 0.026 0.826 0.182 0.824 0.184 0.82 0.184 0.818 0.186 0.816 0.186 0.814 0.188 0.812 0.188 0.808 0.192 0.808 0.198 0.81 0.2 0.81 0.202 0.814 0.206 0.822 0.206 0.824 0.204 0.826 0.204 0.828 0.202 0.83 0.202 0.832 0.2 0.834 0.2 0.836 0.198 0.838 0.198 0.84 0.196 0.84 0.192 0.836 0.188 0.836 0.186 0.832 0.182
3 0.166 0.574 0.092 0.06 0.152 0.544 0.148 0.548 0.146 0.548 0.126 0.568 0.124 0.568 0.122 0.57 0.122 0.572 0.12 0.574 0.12 0.584 0.122 0.586 0.122 0.592 0.124 0.594 0.124 0.596 0.126 0.598 0.126 0.6 0.128 0.602 0.134 0.602 0.136 0.6 0.138 0.6 0.14 0.598 0.142 0.598 0.144 0.596 0.148 0.596 0.15 0.594 0.152 0.594 0.154 0.592 0.158 0.592 0.162 0.588 0.166 0.588 0.168 0.586 0.172 0.586 0.174 0.584 0.176 0.584 0.178 0.582 0.182 0.582 0.184 0.58 0.186 0.58 0.188 0.578 0.192 0.578 0.194 0.576 0.198 0.576 0.2 0.574 0.202 0.574 0.206 0.57 0.208 0.57 0.21 0.568 0.21 0.564 0.208 0.562 0.208 0.556 0.206 0.554 0.206 0.552 0.204 0.55 0.204 0.548 0.2 0.544
5 0.501 0.406 0.03 0.036 0.496 0.388 0.494 0.39 0.49 0.39 0.488 0.392 0.488 0.394 0.486 0.396 0.486 0.402 0.488 0.404 0.488 0.406 0.49 0.408 0.49 0.41 0.492 0.412 0.492 0.414 0.494 0.416 0.494 0.418 0.496 0.42 0.498 0.42 0.5 0.422 0.502 0.42 0.506 0.42 0.508 0.418 0.51 0.418 0.514 0.414 0.514 0.408 0.512 0.406 0.512 0.404 0.508 0.4 0.508 0.398 0.504 0.394 0.504 0.392 0.5 0.388
5 0.177 0.481 0.026 0.014 0.168 0.476 0.164 0.48 0.168 0.484 0.168 0.486 0.17 0.486 0.172 0.484 0.174 0.484 0.176 0.486 0.178 0.484 0.178 0.482 0.18 0.48 0.18 0.476 0.176 0.476 0.174 0.478 0.172 0.478 0.17 0.476
3 0.128 0.423 0.096 0.11 0.174 0.368 0.172 0.37 0.168 0.37 0.166 0.372 0.164 0.372 0.162 0.374 0.158 0.374 0.156 0.376 0.154 0.376 0.152 0.378 0.148 0.378 0.146 0.38 0.144 0.38 0.142 0.382 0.138 0.382 0.136 0.384 0.134 0.384 0.132 0.386 0.128 0.386 0.126 0.388 0.122 0.388 0.12 0.39 0.118 0.39 0.116 0.392 0.112 0.392 0.11 0.394 0.108 0.394 0.106 0.396 0.102 0.396 0.1 0.398 0.098 0.398 0.096 0.4 0.092 0.4 0.09 0.402 0.088 0.402 0.086 0.404 0.082 0.404 0.082 0.406 0.098 0.422 0.1 0.422 0.118 0.44 0.12 0.44 0.138 0.458 0.14 0.458 0.158 0.476 0.158 0.472 0.16 0.47 0.16 0.458 0.162 0.456 0.162 0.444 0.164 0.442 0.164 0.43 0.166 0.428 0.166 0.416 0.168 0.414 0.168 0.402 0.17 0.4 0.17 0.388 0.172 0.386 0.172 0.374 0.174 0.372
7 0.058 0.431 0.024 0.026 0.058 0.418 0.046 0.43 0.046 0.432 0.048 0.434 0.048 0.436 0.05 0.438 0.05 0.44 0.052 0.44 0.056 0.436 0.056 0.434 0.062 0.428 0.062 0.426 0.068 0.42 0.064 0.42 0.062 0.418
2 0.789 0.38 0.07 0.076 0.78 0.342 0.778 0.344 0.772 0.344 0.77 0.346 0.768 0.346 0.766 0.348 0.758 0.348 0.754 0.352 0.756 0.354 0.756 0.358 0.758 0.36 0.758 0.362 0.76 0.364 0.76 0.366 0.762 0.368 0.762 0.372 0.766 0.376 0.766 0.38 0.768 0.382 0.768 0.384 0.77 0.386 0.77 0.388 0.774 0.392 0.774 0.394 0.776 0.396 0.776 0.398 0.778 0.4 0.778 0.402 0.78 0.404 0.78 0.406 0.782 0.408 0.782 0.41 0.784 0.412 0.784 0.414 0.786 0.416 0.79 0.416 0.792 0.414 0.796 0.414 0.798 0.412 0.8 0.412 0.802 0.41 0.814 0.41 0.816 0.408 0.818 0.408 0.822 0.404 0.822 0.402 0.82 0.4 0.82 0.396 0.818 0.394 0.818 0.39 0.816 0.388 0.816 0.382 0.814 0.38 0.814 0.378 0.812 0.376 0.812 0.374 0.81 0.372 0.81 0.37 0.808 0.368 0.808 0.366 0.806 0.364 0.806 0.362 0.804 0.36 0.804 0.356 0.802 0.354 0.802 0.352 0.8 0.35 0.8 0.348 0.798 0.346 0.798 0.344 0.796 0.342
3 0.765 0.285 0.106 0.122 0.742 0.224 0.74 0.226 0.738 0.226 0.736 0.228 0.734 0.228 0.732 0.23 0.73 0.23 0.726 0.234 0.724 0.234 0.722 0.236 0.72 0.236 0.714 0.242 0.714 0.244 0.712 0.246 0.712 0.256 0.714 0.258 0.714 0.262 0.718 0.266 0.718 0.27 0.72 0.272 0.72 0.274 0.722 0.276 0.722 0.28 0.724 0.282 0.724 0.286 0.726 0.288 0.726 0.29 0.728 0.292 0.728 0.294 0.73 0.296 0.73 0.298 0.732 0.3 0.732 0.302 0.734 0.304 0.734 0.308 0.736 0.31 0.736 0.312 0.738 0.314 0.738 0.316 0.74 0.318 0.74 0.32 0.742 0.322 0.742 0.324 0.744 0.326 0.744 0.328 0.746 0.33 0.746 0.332 0.756 0.342 0.756 0.344 0.768 0.344 0.77 0.342 0.774 0.342 0.776 0.34 0.79 0.34 0.792 0.338 0.798 0.338 0.8 0.336 0.8 0.334 0.802 0.332 0.802 0.326 0.804 0.324 0.804 0.318 0.806 0.316 0.806 0.31 0.808 0.308 0.808 0.302 0.81 0.3 0.81 0.292 0.812 0.29 0.812 0.286 0.814 0.284 0.814 0.276 0.816 0.274 0.816 0.264 0.812 0.264 0.81 0.262 0.808 0.262 0.806 0.26 0.804 0.26 0.798 0.254 0.796 0.254 0.786 0.244 0.784 0.244 0.782 0.242 0.778 0.242 0.772 0.236 0.77 0.236 0.768 0.234 0.766 0.234 0.762 0.23 0.76 0.23 0.758 0.228 0.756 0.228 0.754 0.226 0.752 0.226 0.75 0.224
3 0.427 0.303 0.122 0.114 0.46 0.246 0.458 0.248 0.456 0.248 0.454 0.25 0.452 0.25 0.45 0.252 0.448 0.252 0.446 0.254 0.444 0.254 0.44 0.258 0.438 0.258 0.436 0.26 0.434 0.26 0.432 0.262 0.43 0.262 0.428 0.264 0.426 0.264 0.424 0.266 0.422 0.266 0.42 0.268 0.418 0.268 0.416 0.27 0.414 0.27 0.412 0.272 0.408 0.272 0.406 0.274 0.402 0.274 0.4 0.276 0.396 0.276 0.394 0.278 0.39 0.278 0.388 0.28 0.386 0.28 0.384 0.282 0.382 0.282 0.38 0.284 0.376 0.284 0.374 0.286 0.372 0.286 0.37 0.288 0.368 0.288 0.366 0.29 0.366 0.292 0.37 0.296 0.37 0.3 0.372 0.302 0.372 0.306 0.374 0.308 0.374 0.31 0.376 0.312 0.376 0.314 0.378 0.316 0.378 0.32 0.38 0.322 0.38 0.326 0.382 0.328 0.382 0.33 0.384 0.332 0.386 0.332 0.388 0.334 0.39 0.334 0.392 0.336 0.394 0.336 0.396 0.338 0.398 0.338 0.4 0.34 0.402 0.34 0.404 0.342 0.408 0.342 0.41 0.344 0.412 0.344 0.414 0.346 0.418 0.346 0.422 0.35 0.426 0.35 0.428 0.352 0.43 0.352 0.432 0.354 0.434 0.354 0.436 0.356 0.44 0.356 0.442 0.358 0.456 0.358 0.458 0.356 0.458 0.354 0.46 0.352 0.46 0.35 0.462 0.348 0.462 0.346 0.464 0.344 0.464 0.342 0.466 0.34 0.466 0.338 0.468 0.336 0.468 0.332 0.47 0.33 0.47 0.328 0.472 0.326 0.472 0.324 0.474 0.322 0.474 0.32 0.476 0.318 0.476 0.316 0.478 0.314 0.478 0.312 0.48 0.31 0.48 0.306 0.484 0.302 0.484 0.3 0.486 0.298 0.486 0.29 0.484 0.288 0.484 0.286 0.482 0.284 0.482 0.282 0.48 0.28 0.48 0.278 0.478 0.276 0.478 0.272 0.476 0.27 0.476 0.266 0.474 0.264 0.474 0.262 0.472 0.26 0.472 0.256 0.47 0.254 0.47 0.25 0.468 0.248 0.468 0.246
3 0.953 0.143 0.074 0.102 0.978 0.092 0.976 0.094 0.972 0.094 0.97 0.096 0.964 0.096 0.962 0.098 0.96 0.098 0.958 0.1 0.95 0.1 0.948 0.102 0.944 0.102 0.942 0.104 0.938 0.104 0.936 0.106 0.934 0.106 0.93 0.11 0.928 0.11 0.924 0.114 0.922 0.114 0.916 0.12 0.916 0.124 0.918 0.126 0.918 0.13 0.92 0.132 0.92 0.134 0.922 0.136 0.922 0.14 0.924 0.142 0.924 0.146 0.926 0.148 0.926 0.152 0.928 0.154 0.928 0.158 0.93 0.16 0.93 0.164 0.932 0.166 0.932 0.172 0.934 0.174 0.936 0.174 0.938 0.176 0.94 0.176 0.942 0.178 0.944 0.178 0.946 0.18 0.95 0.18 0.952 0.182 0.956 0.182 0.958 0.184 0.962 0.184 0.964 0.186 0.97 0.186 0.974 0.19 0.976 0.19 0.978 0.192 0.984 0.192 0.986 0.19 0.986 0.184 0.988 0.182 0.988 0.18 0.986 0.178 0.986 0.14 0.984 0.138 0.986 0.136 0.986 0.132 0.984 0.13 0.986 0.128 0.986 0.124 0.984 0.122 0.986 0.12 0.986 0.118 0.984 0.116 0.984 0.108 0.986 0.106 0.986 0.102 0.984 0.1 0.984 0.096 0.982 0.094 0.982 0.092
