2 0.273 0.489 0.018 0.054 0.264 0.462 0.264 0.512 0.266 0.514 0.27 0.514 0.272 0.512 0.274 0.512 0.276 0.51 0.278 0.51 0.278 0.508 0.28 0.506 0.28 0.496 0.278 0.494 0.278 0.488 0.28 0.486 0.28 0.484 0.278 0.482 0.278 0.48 0.28 0.478 0.278 0.476 0.278 0.466 0.274 0.462
3 0.351 0.914 0.07 0.172 0.324 0.828 0.324 0.83 0.322 0.832 0.322 0.836 0.32 0.838 0.32 0.844 0.318 0.846 0.318 0.85 0.316 0.852 0.316 0.862 0.318 0.864 0.318 0.876 0.32 0.878 0.32 0.89 0.322 0.892 0.322 0.906 0.324 0.908 0.324 0.92 0.326 0.922 0.326 0.936 0.328 0.938 0.328 0.95 0.33 0.952 0.33 0.964 0.332 0.966 0.332 0.98 0.334 0.982 0.334 0.994 0.336 0.996 0.336 0.998 0.384 0.998 0.384 0.992 0.382 0.99 0.382 0.974 0.38 0.972 0.38 0.956 0.378 0.954 0.378 0.938 0.376 0.936 0.376 0.922 0.374 0.92 0.374 0.904 0.372 0.902 0.372 0.886 0.37 0.884 0.37 0.868 0.368 0.866 0.368 0.86 0.364 0.856 0.362 0.856 0.356 0.85 0.354 0.85 0.35 0.846 0.348 0.846 0.344 0.842 0.342 0.842 0.338 0.838 0.336 0.838 0.33 0.832 0.328 0.832
5 0.44 0.344 0.012 0.008 0.434 0.34 0.434 0.346 0.444 0.346 0.444 0.34
5 0.517 0.299 0.01 0.034 0.512 0.282 0.512 0.314 0.52 0.314 0.52 0.282
3 0.306 0.611 0.068 0.162 0.272 0.532 0.272 0.544 0.274 0.546 0.274 0.576 0.276 0.578 0.276 0.608 0.278 0.61 0.278 0.642 0.28 0.644 0.28 0.674 0.282 0.676 0.282 0.688 0.284 0.686 0.284 0.684 0.288 0.68 0.288 0.678 0.292 0.674 0.292 0.672 0.296 0.668 0.296 0.666 0.3 0.662 0.3 0.66 0.304 0.656 0.304 0.654 0.308 0.65 0.308 0.648 0.31 0.646 0.31 0.644 0.314 0.64 0.314 0.638 0.318 0.634 0.318 0.632 0.322 0.628 0.322 0.626 0.326 0.622 0.326 0.62 0.33 0.616 0.33 0.614 0.334 0.61 0.334 0.608 0.338 0.604 0.338 0.602 0.316 0.58 0.316 0.578 0.292 0.554 0.292 0.552
5 0.424 0.768 0.044 0.012 0.424 0.762 0.422 0.764 0.402 0.764 0.406 0.768 0.406 0.77 0.408 0.772 0.416 0.772 0.418 0.77 0.434 0.77 0.436 0.768 0.444 0.768 0.444 0.762
5 0.786 0.847 0.02 0.054 0.78 0.82 0.78 0.83 0.778 0.832 0.778 0.854 0.776 0.856 0.776 0.866 0.778 0.866 0.78 0.868 0.784 0.868 0.786 0.87 0.79 0.87 0.792 0.872 0.792 0.848 0.794 0.846 0.794 0.822 0.788 0.822 0.786 0.82
5 0.726 0.989 0.044 0.018 0.74 0.98 0.738 0.982 0.73 0.982 0.728 0.984 0.72 0.984 0.718 0.986 0.71 0.986 0.708 0.988 0.704 0.988 0.706 0.99 0.706 0.994 0.708 0.996 0.71 0.996 0.712 0.994 0.716 0.994 0.718 0.992 0.722 0.992 0.724 0.99 0.73 0.99 0.732 0.988 0.736 0.988 0.738 0.986 0.742 0.986 0.744 0.984 0.746 0.984 0.742 0.98
5 0.428 0.925 0.016 0.046 0.428 0.902 0.426 0.904 0.422 0.904 0.422 0.906 0.42 0.908 0.42 0.918 0.422 0.92 0.422 0.936 0.424 0.938 0.424 0.946 0.428 0.946 0.43 0.944 0.434 0.944 0.434 0.924 0.432 0.922 0.432 0.902
2 0.715 0.557 0.03 0.094 0.71 0.51 0.708 0.512 0.706 0.512 0.704 0.514 0.704 0.518 0.702 0.52 0.702 0.544 0.7 0.546 0.7 0.572 0.702 0.574 0.702 0.588 0.704 0.59 0.704 0.596 0.708 0.6 0.71 0.6 0.712 0.602 0.726 0.602 0.726 0.6 0.728 0.598 0.728 0.542 0.726 0.54 0.726 0.514 0.724 0.512 0.724 0.51
2 0.652 0.195 0.032 0.086 0.642 0.152 0.642 0.154 0.64 0.156 0.64 0.158 0.638 0.16 0.638 0.172 0.636 0.174 0.636 0.216 0.638 0.218 0.638 0.23 0.64 0.232 0.64 0.234 0.642 0.236 0.664 0.236 0.664 0.234 0.666 0.232 0.666 0.23 0.664 0.228 0.664 0.224 0.666 0.222 0.666 0.214 0.664 0.212 0.664 0.16 0.662 0.158 0.662 0.154 0.66 0.152
2 0.233 0.198 0.018 0.06 0.226 0.168 0.226 0.17 0.224 0.172 0.224 0.22 0.226 0.222 0.226 0.224 0.228 0.226 0.232 0.226 0.234 0.224 0.238 0.224 0.238 0.222 0.24 0.22 0.24 0.202 0.238 0.2 0.238 0.186 0.236 0.184 0.236 0.178 0.234 0.176 0.234 0.172 0.232 0.17 0.232 0.168
2 0.243 0.283 0.022 0.05 0.234 0.258 0.232 0.26 0.232 0.296 0.234 0.298 0.234 0.3 0.236 0.302 0.236 0.304 0.238 0.306 0.246 0.306 0.248 0.304 0.25 0.304 0.25 0.302 0.252 0.3 0.252 0.278 0.25 0.276 0.25 0.262 0.248 0.26 0.248 0.258
5 0.34 0.252 0.008 0.036 0.336 0.234 0.336 0.268 0.342 0.268 0.342 0.234
2 0.299 0.706 0.026 0.04 0.29 0.686 0.288 0.688 0.286 0.688 0.286 0.698 0.288 0.7 0.288 0.706 0.29 0.708 0.29 0.716 0.292 0.718 0.292 0.722 0.294 0.724 0.304 0.724 0.308 0.72 0.308 0.706 0.31 0.704 0.31 0.696 0.308 0.694 0.308 0.692 0.306 0.69 0.3 0.69 0.298 0.688 0.292 0.688
2 0.316 0.788 0.02 0.032 0.314 0.772 0.312 0.774 0.306 0.774 0.306 0.784 0.308 0.786 0.308 0.796 0.31 0.798 0.31 0.802 0.322 0.802 0.324 0.8 0.324 0.784 0.322 0.782 0.322 0.774 0.32 0.772
5 0.58 0.285 0.032 0.01 0.58 0.28 0.578 0.282 0.564 0.282 0.564 0.288 0.594 0.288 0.594 0.28
2 0.893 0.25 0.074 0.072 0.88 0.214 0.878 0.216 0.876 0.216 0.876 0.22 0.868 0.228 0.866 0.228 0.86 0.234 0.858 0.234 0.858 0.236 0.856 0.238 0.858 0.24 0.858 0.242 0.864 0.248 0.864 0.25 0.874 0.26 0.874 0.262 0.882 0.27 0.882 0.272 0.894 0.284 0.896 0.284 0.902 0.278 0.904 0.278 0.91 0.272 0.912 0.272 0.92 0.264 0.922 0.264 0.928 0.258 0.928 0.256 0.906 0.234 0.904 0.234 0.9 0.23 0.898 0.23 0.896 0.228 0.894 0.228
4 0.41 0.23 0.084 0.08 0.422 0.19 0.42 0.192 0.412 0.192 0.41 0.194 0.396 0.194 0.394 0.196 0.388 0.196 0.386 0.198 0.374 0.198 0.372 0.2 0.368 0.2 0.368 0.214 0.37 0.216 0.37 0.224 0.372 0.226 0.372 0.24 0.374 0.242 0.374 0.248 0.376 0.25 0.376 0.26 0.378 0.262 0.378 0.266 0.38 0.268 0.386 0.268 0.388 0.266 0.4 0.266 0.402 0.264 0.418 0.264 0.42 0.262 0.434 0.262 0.436 0.26 0.444 0.26 0.446 0.258 0.448 0.258 0.448 0.256 0.45 0.254 0.448 0.252 0.448 0.234 0.446 0.232 0.446 0.222 0.444 0.22 0.444 0.212 0.442 0.21 0.442 0.202 0.44 0.2 0.44 0.192 0.438 0.19
4 0.431 0.574 0.082 0.084 0.444 0.532 0.442 0.534 0.434 0.534 0.432 0.536 0.422 0.536 0.42 0.538 0.412 0.538 0.41 0.54 0.396 0.54 0.392 0.544 0.392 0.546 0.39 0.548 0.392 0.55 0.392 0.556 0.394 0.558 0.394 0.57 0.396 0.572 0.396 0.58 0.398 0.582 0.398 0.59 0.4 0.592 0.4 0.6 0.402 0.602 0.402 0.606 0.404 0.608 0.404 0.614 0.414 0.614 0.416 0.612 0.424 0.612 0.426 0.61 0.44 0.61 0.442 0.608 0.456 0.608 0.458 0.606 0.466 0.606 0.47 0.602 0.468 0.6 0.468 0.584 0.466 0.582 0.466 0.574 0.464 0.572 0.464 0.552 0.462 0.55 0.462 0.54 0.454 0.532
5 0.517 0.168 0.018 0.028 0.516 0.154 0.512 0.158 0.512 0.168 0.508 0.172 0.51 0.174 0.51 0.176 0.514 0.18 0.524 0.18 0.524 0.16 0.52 0.156 0.518 0.156
7 0.289 0.127 0.018 0.026 0.284 0.114 0.28 0.118 0.28 0.13 0.282 0.132 0.282 0.134 0.284 0.134 0.286 0.136 0.288 0.136 0.29 0.138 0.292 0.138 0.292 0.134 0.294 0.132 0.294 0.128 0.296 0.126 0.296 0.118 0.294 0.116 0.292 0.116 0.29 0.114
7 0.448 0.138 0.02 0.02 0.444 0.128 0.442 0.13 0.438 0.13 0.438 0.142 0.44 0.144 0.44 0.146 0.452 0.146 0.456 0.142 0.456 0.13 0.454 0.128
7 0.425 0.176 0.022 0.02 0.418 0.166 0.414 0.17 0.414 0.176 0.416 0.178 0.416 0.18 0.418 0.182 0.418 0.184 0.432 0.184 0.434 0.182 0.434 0.18 0.432 0.178 0.432 0.17 0.43 0.168 0.428 0.168 0.426 0.166
7 0.497 0.2 0.018 0.02 0.49 0.19 0.488 0.192 0.488 0.204 0.492 0.208 0.5 0.208 0.502 0.206 0.504 0.206 0.504 0.194 0.5 0.19
7 0.345 0.294 0.018 0.02 0.338 0.284 0.336 0.286 0.336 0.294 0.338 0.296 0.338 0.298 0.342 0.302 0.35 0.302 0.352 0.3 0.352 0.288 0.348 0.284
7 0.472 0.312 0.024 0.02 0.462 0.302 0.46 0.304 0.46 0.312 0.462 0.314 0.462 0.318 0.464 0.32 0.478 0.32 0.48 0.318 0.48 0.316 0.482 0.314 0.482 0.308 0.48 0.306 0.48 0.304 0.478 0.302
7 0.37 0.355 0.012 0.014 0.366 0.348 0.364 0.35 0.364 0.356 0.368 0.36 0.37 0.36 0.374 0.356 0.374 0.354 0.372 0.352 0.372 0.35 0.37 0.35 0.368 0.348
7 0.61 0.586 0.028 0.024 0.598 0.574 0.596 0.576 0.598 0.578 0.598 0.58 0.612 0.594 0.614 0.594 0.616 0.596 0.62 0.596 0.622 0.594 0.62 0.592 0.62 0.59 0.604 0.574
7 0.506 0.861 0.024 0.026 0.5 0.848 0.498 0.85 0.496 0.85 0.494 0.852 0.494 0.86 0.496 0.862 0.496 0.866 0.5 0.87 0.502 0.87 0.504 0.872 0.51 0.872 0.512 0.87 0.514 0.87 0.516 0.868 0.516 0.852 0.514 0.85 0.512 0.85 0.51 0.848
7 0.521 0.92 0.098 0.1 0.544 0.87 0.542 0.872 0.532 0.872 0.53 0.874 0.514 0.874 0.512 0.876 0.504 0.876 0.502 0.878 0.492 0.878 0.49 0.88 0.482 0.88 0.48 0.882 0.474 0.882 0.472 0.884 0.472 0.896 0.474 0.898 0.474 0.902 0.476 0.904 0.476 0.906 0.482 0.912 0.482 0.928 0.478 0.932 0.478 0.95 0.48 0.952 0.48 0.964 0.482 0.966 0.482 0.968 0.498 0.968 0.5 0.966 0.504 0.966 0.506 0.964 0.516 0.964 0.518 0.962 0.526 0.962 0.528 0.96 0.536 0.96 0.538 0.958 0.544 0.958 0.546 0.956 0.556 0.956 0.558 0.954 0.566 0.954 0.566 0.952 0.568 0.95 0.568 0.938 0.566 0.936 0.566 0.926 0.564 0.924 0.564 0.904 0.562 0.902 0.562 0.894 0.56 0.892 0.56 0.882 0.558 0.88 0.558 0.872 0.556 0.87
2 0.199 0.062 0.054 0.064 0.174 0.03 0.172 0.032 0.174 0.034 0.174 0.054 0.176 0.056 0.176 0.07 0.178 0.072 0.178 0.086 0.18 0.088 0.18 0.092 0.19 0.092 0.192 0.09 0.208 0.09 0.21 0.088 0.216 0.088 0.218 0.086 0.22 0.086 0.224 0.082 0.222 0.08 0.222 0.06 0.22 0.058 0.22 0.046 0.218 0.044 0.218 0.036 0.216 0.034 0.216 0.032 0.214 0.03 0.204 0.03 0.202 0.032 0.178 0.032 0.176 0.03
5 0.99 0.216 0.012 0.02 0.99 0.206 0.988 0.208 0.988 0.212 0.986 0.214 0.986 0.216 0.984 0.218 0.988 0.222 0.99 0.222 0.992 0.22 0.992 0.214 0.994 0.212 0.994 0.206
7 0.915 0.084 0.03 0.028 0.908 0.07 0.906 0.072 0.904 0.072 0.904 0.074 0.902 0.076 0.902 0.08 0.9 0.082 0.9 0.084 0.902 0.086 0.902 0.09 0.906 0.094 0.914 0.094 0.916 0.096 0.922 0.096 0.926 0.092 0.926 0.088 0.928 0.086 0.928 0.078 0.926 0.076 0.926 0.074 0.924 0.074 0.922 0.072 0.92 0.072 0.918 0.07
5 0.976 0.072 0.012 0.02 0.978 0.062 0.976 0.064 0.972 0.064 0.97 0.066 0.97 0.072 0.972 0.074 0.972 0.08 0.98 0.08 0.98 0.072 0.978 0.07
5 0.931 0.118 0.018 0.02 0.93 0.11 0.928 0.112 0.928 0.114 0.926 0.116 0.926 0.118 0.922 0.122 0.926 0.126 0.936 0.116 0.936 0.114 0.932 0.11
5 0.8 0.093 0.024 0.018 0.796 0.084 0.79 0.09 0.79 0.092 0.798 0.1 0.8 0.1 0.804 0.096 0.806 0.096 0.808 0.094 0.808 0.092 0.806 0.09 0.804 0.09 0.802 0.088 0.8 0.088
5 0.885 0.204 0.026 0.024 0.884 0.192 0.872 0.204 0.876 0.208 0.876 0.21 0.878 0.212 0.884 0.212 0.886 0.21 0.89 0.21 0.892 0.208 0.894 0.208 0.896 0.206 0.89 0.2 0.89 0.198
2 0.771 0.048 0.09 0.08 0.766 0.008 0.764 0.01 0.73 0.01 0.728 0.012 0.726 0.012 0.726 0.014 0.74 0.028 0.74 0.03 0.742 0.032 0.742 0.034 0.75 0.042 0.75 0.044 0.754 0.048 0.754 0.05 0.766 0.062 0.766 0.064 0.774 0.072 0.774 0.074 0.782 0.082 0.784 0.082 0.786 0.084 0.786 0.086 0.788 0.084 0.788 0.078 0.792 0.074 0.794 0.074 0.8 0.068 0.802 0.068 0.808 0.062 0.81 0.062 0.814 0.058 0.814 0.056 0.806 0.048 0.806 0.046 0.794 0.034 0.794 0.032 0.778 0.016 0.778 0.014 0.772 0.008
