7 0.181 0.478 0.022 0.024 0.174 0.466 0.17 0.47 0.17 0.486 0.172 0.488 0.188 0.488 0.19 0.486 0.19 0.468 0.188 0.466
7 0.221 0.479 0.018 0.022 0.212 0.468 0.212 0.488 0.226 0.488 0.226 0.486 0.228 0.484 0.228 0.472 0.226 0.47 0.226 0.468
2 0.123 0.453 0.226 0.41 0.22 0.344 0.22 0.348 0.222 0.346
7 0.205 0.419 0.022 0.022 0.196 0.408 0.194 0.41 0.194 0.422 0.196 0.424 0.196 0.426 0.198 0.426 0.2 0.428 0.204 0.428 0.206 0.426 0.212 0.426 0.214 0.424 0.214 0.41 0.212 0.408
7 0.776 0.455 0.044 0.214 0.758 0.348 0.754 0.352 0.754 0.4 0.756 0.402 0.756 0.498 0.754 0.5 0.754 0.552 0.756 0.554 0.756 0.556 0.758 0.558 0.766 0.558 0.768 0.56 0.774 0.56 0.776 0.558 0.778 0.56 0.79 0.56 0.792 0.558 0.794 0.558 0.794 0.556 0.796 0.554 0.796 0.35 0.782 0.35 0.78 0.348
7 0.222 0.386 0.016 0.02 0.216 0.376 0.214 0.378 0.214 0.39 0.216 0.392 0.218 0.392 0.22 0.394 0.226 0.394 0.228 0.392 0.228 0.38 0.224 0.376
7 0.207 0.368 0.022 0.02 0.198 0.358 0.196 0.36 0.196 0.374 0.198 0.376 0.212 0.376 0.216 0.372 0.216 0.358
7 0.414 0.453 0.036 0.214 0.402 0.346 0.398 0.35 0.398 0.362 0.396 0.364 0.398 0.366 0.398 0.372 0.396 0.374 0.396 0.42 0.398 0.422 0.398 0.424 0.396 0.426 0.396 0.554 0.4 0.558 0.428 0.558 0.428 0.556 0.43 0.554 0.43 0.494 0.428 0.492 0.428 0.48 0.43 0.478 0.428 0.476 0.428 0.472 0.43 0.47 0.43 0.446 0.428 0.444 0.428 0.422 0.426 0.42 0.428 0.418 0.428 0.394 0.43 0.392 0.43 0.352 0.426 0.348 0.414 0.348 0.412 0.346
5 0.593 0.477 0.042 0.062 0.6 0.446 0.598 0.448 0.598 0.46 0.596 0.462 0.596 0.466 0.594 0.468 0.594 0.47 0.592 0.472 0.592 0.474 0.586 0.48 0.586 0.482 0.582 0.486 0.582 0.488 0.572 0.498 0.572 0.502 0.576 0.506 0.58 0.506 0.584 0.502 0.586 0.502 0.588 0.5 0.588 0.498 0.594 0.492 0.594 0.49 0.602 0.482 0.602 0.48 0.604 0.478 0.604 0.476 0.608 0.472 0.608 0.47 0.61 0.468 0.61 0.466 0.612 0.464 0.612 0.456 0.61 0.454 0.61 0.448 0.608 0.446
5 0.13 0.427 0.024 0.038 0.122 0.408 0.12 0.41 0.12 0.426 0.118 0.428 0.118 0.438 0.12 0.44 0.12 0.442 0.122 0.444 0.138 0.444 0.138 0.442 0.14 0.44 0.14 0.414 0.136 0.41 0.132 0.41 0.13 0.408
7 0.121 0.71 0.186 0.04 0.148 0.69 0.146 0.692 0.1 0.692 0.098 0.694 0.096 0.692 0.094 0.692 0.092 0.694 0.038 0.694 0.036 0.696 0.03 0.696 0.028 0.698 0.028 0.702 0.032 0.706 0.034 0.706 0.036 0.708 0.038 0.708 0.04 0.71 0.046 0.71 0.048 0.712 0.054 0.712 0.056 0.714 0.062 0.714 0.064 0.716 0.07 0.716 0.072 0.718 0.078 0.718 0.082 0.722 0.086 0.722 0.088 0.724 0.096 0.724 0.098 0.726 0.104 0.726 0.106 0.728 0.112 0.728 0.114 0.726 0.114 0.722 0.112 0.72 0.114 0.718 0.116 0.718 0.118 0.72 0.12 0.72 0.122 0.722 0.122 0.724 0.124 0.724 0.126 0.722 0.128 0.722 0.128 0.72 0.13 0.718 0.132 0.72 0.136 0.72 0.138 0.718 0.14 0.72 0.14 0.722 0.148 0.722 0.15 0.724 0.154 0.724 0.158 0.72 0.206 0.72 0.208 0.722 0.212 0.722 0.212 0.718 0.21 0.716 0.21 0.714 0.206 0.71 0.206 0.708 0.208 0.706 0.208 0.702 0.206 0.7 0.204 0.7 0.202 0.698 0.2 0.698 0.198 0.696 0.184 0.696 0.182 0.694 0.18 0.694 0.178 0.696 0.168 0.696 0.166 0.694 0.164 0.694 0.162 0.692 0.158 0.692 0.156 0.69
7 0.661 0.454 0.042 0.212 0.642 0.348 0.64 0.35 0.64 0.43 0.642 0.432 0.642 0.492 0.64 0.494 0.64 0.554 0.642 0.556 0.646 0.556 0.648 0.558 0.678 0.558 0.68 0.556 0.68 0.352 0.678 0.35 0.668 0.35 0.666 0.348
7 0.286 0.453 0.04 0.214 0.268 0.346 0.266 0.348 0.266 0.364 0.268 0.366 0.266 0.368 0.268 0.37 0.268 0.372 0.266 0.374 0.266 0.378 0.268 0.38 0.268 0.48 0.266 0.482 0.268 0.484 0.268 0.486 0.266 0.488 0.266 0.552 0.268 0.554 0.268 0.556 0.27 0.556 0.272 0.558 0.302 0.558 0.304 0.556 0.304 0.35 0.302 0.348 0.294 0.348 0.292 0.346
7 0.538 0.69 0.028 0.024 0.534 0.678 0.53 0.682 0.53 0.684 0.528 0.686 0.528 0.688 0.524 0.692 0.524 0.696 0.526 0.698 0.528 0.698 0.53 0.7 0.54 0.7 0.542 0.698 0.542 0.696 0.544 0.694 0.544 0.692 0.548 0.688 0.548 0.684 0.55 0.682 0.55 0.68 0.548 0.678
7 0.672 0.695 0.06 0.038 0.664 0.676 0.662 0.678 0.662 0.68 0.66 0.682 0.66 0.684 0.65 0.694 0.644 0.694 0.642 0.696 0.642 0.698 0.644 0.7 0.646 0.7 0.648 0.702 0.652 0.702 0.654 0.704 0.658 0.704 0.66 0.706 0.662 0.706 0.664 0.708 0.666 0.708 0.668 0.71 0.674 0.71 0.676 0.712 0.696 0.712 0.698 0.71 0.698 0.702 0.7 0.7 0.7 0.696 0.698 0.694 0.698 0.69 0.696 0.688 0.696 0.686 0.694 0.684 0.694 0.682 0.692 0.68 0.692 0.678 0.69 0.678 0.688 0.676 0.686 0.678 0.684 0.678 0.68 0.682 0.68 0.684 0.674 0.69 0.67 0.69 0.668 0.688 0.668 0.684 0.67 0.682 0.67 0.68 0.668 0.678 0.668 0.676
7 0.432 0.7 0.06 0.044 0.436 0.678 0.428 0.686 0.428 0.688 0.422 0.694 0.406 0.694 0.404 0.696 0.402 0.696 0.402 0.7 0.404 0.702 0.406 0.702 0.408 0.704 0.412 0.704 0.414 0.706 0.416 0.706 0.418 0.708 0.42 0.708 0.422 0.71 0.426 0.71 0.428 0.712 0.43 0.712 0.432 0.714 0.438 0.714 0.44 0.716 0.442 0.716 0.444 0.718 0.454 0.718 0.456 0.72 0.458 0.72 0.46 0.718 0.46 0.706 0.458 0.704 0.458 0.696 0.454 0.692 0.452 0.692 0.45 0.69 0.45 0.68 0.448 0.678
7 0.809 0.695 0.042 0.038 0.806 0.676 0.804 0.678 0.796 0.678 0.796 0.68 0.79 0.686 0.79 0.688 0.788 0.69 0.788 0.696 0.794 0.702 0.796 0.702 0.8 0.706 0.808 0.706 0.81 0.708 0.812 0.708 0.814 0.71 0.816 0.71 0.818 0.712 0.828 0.712 0.828 0.702 0.824 0.698 0.816 0.698 0.81 0.692 0.812 0.69 0.812 0.684 0.814 0.682 0.814 0.678 0.812 0.676
7 0.875 0.506 0.034 0.052 0.858 0.48 0.858 0.528 0.86 0.528 0.862 0.53 0.886 0.53 0.888 0.528 0.888 0.492 0.89 0.49 0.89 0.486 0.888 0.484 0.888 0.482 0.88 0.482 0.878 0.48
