5 0.587 0.064 0.022 0.028 0.582 0.05 0.58 0.052 0.58 0.054 0.578 0.056 0.578 0.062 0.576 0.064 0.576 0.07 0.578 0.072 0.578 0.074 0.58 0.074 0.582 0.076 0.59 0.076 0.594 0.072 0.594 0.064 0.596 0.062 0.596 0.06 0.594 0.058 0.594 0.056 0.59 0.052 0.584 0.052
4 0.859 0.423 0.026 0.026 0.862 0.41 0.86 0.412 0.846 0.412 0.846 0.422 0.85 0.426 0.852 0.426 0.854 0.428 0.856 0.428 0.858 0.43 0.86 0.43 0.862 0.432 0.862 0.434 0.868 0.434 0.868 0.432 0.87 0.43 0.87 0.422 0.868 0.42 0.868 0.418 0.864 0.414 0.864 0.412
4 0.259 0.797 0.022 0.014 0.248 0.79 0.248 0.802 0.266 0.802 0.268 0.8 0.268 0.79
5 0.013 0.811 0.026 0.022 0.008 0.8 0.006 0.802 0.006 0.804 0.004 0.806 0.004 0.808 0.0 0.812 0.0 0.816 0.002 0.816 0.004 0.818 0.01 0.818 0.012 0.82 0.016 0.82 0.018 0.818 0.02 0.818 0.022 0.816 0.022 0.812 0.024 0.81 0.024 0.808 0.022 0.806 0.022 0.804 0.02 0.804 0.018 0.802 0.014 0.802 0.012 0.8
3 0.689 0.074 0.062 0.048 0.664 0.05 0.66 0.054 0.66 0.056 0.658 0.058 0.658 0.074 0.66 0.076 0.662 0.076 0.666 0.08 0.67 0.08 0.672 0.082 0.674 0.082 0.676 0.084 0.678 0.084 0.68 0.086 0.682 0.086 0.684 0.088 0.686 0.088 0.688 0.09 0.692 0.09 0.694 0.092 0.696 0.092 0.698 0.094 0.704 0.094 0.706 0.096 0.714 0.096 0.714 0.088 0.716 0.086 0.714 0.084 0.714 0.082 0.716 0.08 0.718 0.08 0.718 0.072 0.716 0.07 0.714 0.07 0.712 0.068 0.712 0.064 0.708 0.06 0.706 0.06 0.704 0.058 0.7 0.058 0.698 0.056 0.694 0.056 0.692 0.054 0.684 0.054 0.682 0.052 0.676 0.052 0.674 0.05
7 0.605 0.074 0.018 0.02 0.6 0.064 0.6 0.066 0.598 0.068 0.598 0.072 0.596 0.074 0.596 0.08 0.598 0.082 0.606 0.082 0.61 0.078 0.61 0.074 0.612 0.072 0.612 0.068 0.608 0.064
0 0.399 0.81 0.062 0.136 0.386 0.742 0.386 0.756 0.384 0.758 0.384 0.768 0.382 0.77 0.382 0.78 0.38 0.782 0.38 0.792 0.378 0.794 0.378 0.806 0.376 0.808 0.376 0.82 0.374 0.822 0.374 0.828 0.372 0.83 0.372 0.844 0.37 0.846 0.37 0.858 0.368 0.86 0.37 0.862 0.37 0.864 0.372 0.866 0.376 0.866 0.378 0.868 0.38 0.868 0.382 0.87 0.388 0.87 0.39 0.872 0.394 0.872 0.396 0.874 0.4 0.874 0.402 0.876 0.408 0.876 0.408 0.866 0.41 0.864 0.41 0.856 0.412 0.854 0.412 0.842 0.414 0.84 0.414 0.83 0.416 0.828 0.416 0.818 0.418 0.816 0.418 0.806 0.42 0.804 0.42 0.792 0.422 0.79 0.422 0.782 0.424 0.78 0.424 0.772 0.426 0.77 0.426 0.76 0.428 0.758 0.428 0.754 0.426 0.752 0.422 0.752 0.42 0.75 0.414 0.75 0.412 0.748 0.408 0.748 0.406 0.746 0.402 0.746 0.4 0.744 0.394 0.744 0.392 0.742
3 0.007 0.15 0.014 0.068 0.0 0.116 0.0 0.182 0.002 0.182 0.004 0.18 0.004 0.166 0.006 0.164 0.006 0.156 0.008 0.154 0.008 0.146 0.01 0.144 0.01 0.138 0.012 0.136 0.012 0.12 0.01 0.118 0.002 0.118
3 0.016 0.758 0.032 0.096 0.01 0.71 0.008 0.712 0.0 0.712 0.0 0.804 0.002 0.802 0.004 0.802 0.008 0.798 0.016 0.798 0.018 0.796 0.018 0.79 0.02 0.788 0.02 0.776 0.022 0.774 0.022 0.758 0.024 0.756 0.024 0.746 0.026 0.744 0.026 0.732 0.028 0.73 0.028 0.724 0.03 0.722 0.03 0.712 0.026 0.712 0.024 0.71
3 0.082 0.82 0.056 0.068 0.06 0.786 0.058 0.788 0.058 0.814 0.056 0.816 0.056 0.83 0.054 0.832 0.054 0.834 0.056 0.836 0.056 0.842 0.058 0.842 0.06 0.844 0.064 0.844 0.066 0.846 0.072 0.846 0.074 0.848 0.078 0.848 0.08 0.85 0.09 0.85 0.092 0.852 0.098 0.852 0.1 0.85 0.1 0.848 0.102 0.846 0.102 0.838 0.104 0.836 0.104 0.818 0.106 0.816 0.106 0.804 0.108 0.802 0.108 0.796 0.104 0.792 0.096 0.792 0.094 0.79 0.084 0.79 0.082 0.788 0.072 0.788 0.07 0.786
4 0.895 0.246 0.03 0.028 0.882 0.232 0.882 0.234 0.88 0.236 0.88 0.246 0.884 0.25 0.886 0.25 0.888 0.252 0.89 0.252 0.894 0.256 0.896 0.256 0.898 0.258 0.906 0.258 0.906 0.25 0.908 0.248 0.908 0.242 0.906 0.24 0.904 0.24 0.902 0.238 0.9 0.238 0.898 0.236 0.894 0.236 0.892 0.234 0.89 0.234 0.888 0.232
3 0.92 0.377 0.128 0.11 0.866 0.322 0.864 0.324 0.864 0.33 0.876 0.342 0.876 0.344 0.878 0.346 0.88 0.346 0.886 0.352 0.886 0.354 0.892 0.36 0.894 0.36 0.898 0.364 0.898 0.366 0.906 0.374 0.906 0.376 0.908 0.376 0.92 0.388 0.92 0.39 0.934 0.404 0.934 0.406 0.946 0.418 0.946 0.42 0.95 0.424 0.952 0.424 0.954 0.426 0.954 0.428 0.956 0.428 0.958 0.43 0.962 0.43 0.964 0.428 0.964 0.424 0.966 0.422 0.964 0.42 0.964 0.35 0.966 0.348 0.966 0.346 0.982 0.33 0.982 0.324 0.886 0.324 0.884 0.326 0.874 0.326 0.872 0.324 0.87 0.324 0.868 0.322
3 0.017 0.878 0.034 0.08 0.0 0.838 0.0 0.914 0.01 0.914 0.012 0.916 0.026 0.916 0.026 0.908 0.028 0.906 0.028 0.886 0.03 0.884 0.03 0.87 0.032 0.868 0.032 0.84 0.026 0.84 0.024 0.842 0.016 0.842 0.014 0.84 0.01 0.84 0.008 0.838
3 0.785 0.323 0.078 0.158 0.778 0.244 0.776 0.246 0.776 0.252 0.774 0.254 0.774 0.26 0.772 0.262 0.772 0.272 0.77 0.274 0.77 0.278 0.768 0.28 0.768 0.286 0.766 0.288 0.766 0.296 0.764 0.298 0.764 0.308 0.762 0.31 0.762 0.318 0.76 0.32 0.76 0.328 0.758 0.33 0.758 0.336 0.756 0.338 0.756 0.35 0.754 0.352 0.754 0.356 0.752 0.358 0.752 0.366 0.75 0.368 0.75 0.376 0.748 0.378 0.748 0.39 0.746 0.392 0.746 0.396 0.748 0.396 0.752 0.4 0.778 0.4 0.78 0.398 0.796 0.398 0.798 0.396 0.798 0.394 0.8 0.392 0.8 0.376 0.802 0.374 0.802 0.364 0.804 0.362 0.804 0.356 0.806 0.354 0.806 0.346 0.808 0.344 0.808 0.336 0.81 0.334 0.81 0.328 0.812 0.326 0.812 0.318 0.814 0.316 0.814 0.306 0.816 0.304 0.816 0.288 0.818 0.286 0.818 0.278 0.82 0.276 0.82 0.27 0.822 0.268 0.822 0.252 0.82 0.25 0.8 0.25 0.798 0.248 0.79 0.248 0.788 0.246 0.784 0.246 0.782 0.244
4 0.848 0.235 0.02 0.018 0.852 0.226 0.85 0.228 0.844 0.228 0.842 0.23 0.84 0.23 0.84 0.232 0.838 0.234 0.838 0.242 0.852 0.242 0.856 0.238 0.856 0.228 0.854 0.226
4 0.809 0.411 0.018 0.018 0.804 0.402 0.802 0.404 0.802 0.406 0.8 0.408 0.8 0.418 0.81 0.418 0.81 0.416 0.816 0.41 0.816 0.402
