5 0.057 0.316 0.014 0.012 0.05 0.31 0.05 0.32 0.056 0.32 0.058 0.318 0.06 0.318 0.062 0.316 0.062 0.312 0.06 0.31
7 0.063 0.866 0.022 0.024 0.054 0.854 0.052 0.856 0.052 0.874 0.054 0.876 0.062 0.876 0.064 0.874 0.07 0.874 0.072 0.872 0.072 0.858 0.07 0.856 0.07 0.854
7 0.057 0.827 0.026 0.026 0.056 0.814 0.054 0.816 0.048 0.816 0.046 0.818 0.046 0.82 0.044 0.822 0.044 0.832 0.046 0.834 0.046 0.836 0.048 0.838 0.062 0.838 0.064 0.836 0.066 0.836 0.066 0.834 0.068 0.832 0.068 0.826 0.066 0.824 0.066 0.818 0.064 0.816 0.062 0.816 0.06 0.814
7 0.053 0.791 0.026 0.026 0.048 0.778 0.046 0.78 0.044 0.78 0.042 0.782 0.042 0.784 0.04 0.786 0.04 0.788 0.042 0.79 0.042 0.792 0.04 0.794 0.042 0.796 0.042 0.8 0.044 0.802 0.056 0.802 0.058 0.8 0.062 0.8 0.064 0.798 0.064 0.794 0.062 0.792 0.062 0.788 0.06 0.786 0.06 0.78 0.058 0.778
4 0.448 0.574 0.04 0.032 0.446 0.558 0.444 0.56 0.44 0.56 0.438 0.562 0.432 0.562 0.43 0.564 0.428 0.564 0.428 0.574 0.43 0.576 0.43 0.582 0.432 0.584 0.432 0.586 0.434 0.586 0.436 0.588 0.454 0.588 0.466 0.576 0.46 0.57 0.46 0.568 0.458 0.566 0.458 0.564 0.456 0.562 0.456 0.56 0.454 0.558
4 0.519 0.556 0.038 0.036 0.52 0.538 0.518 0.54 0.514 0.54 0.512 0.542 0.504 0.542 0.502 0.544 0.502 0.546 0.5 0.548 0.502 0.55 0.502 0.552 0.504 0.554 0.504 0.556 0.506 0.558 0.506 0.56 0.508 0.562 0.508 0.566 0.51 0.568 0.51 0.57 0.512 0.572 0.524 0.572 0.526 0.57 0.53 0.57 0.532 0.568 0.534 0.568 0.536 0.566 0.536 0.564 0.534 0.562 0.534 0.56 0.532 0.558 0.532 0.554 0.53 0.552 0.53 0.548 0.528 0.546 0.528 0.54 0.526 0.538
4 0.451 0.463 0.022 0.026 0.444 0.45 0.442 0.452 0.44 0.452 0.44 0.47 0.444 0.474 0.45 0.474 0.452 0.472 0.454 0.472 0.456 0.47 0.458 0.47 0.46 0.468 0.46 0.466 0.458 0.464 0.458 0.462 0.456 0.46 0.456 0.452 0.454 0.45
4 0.499 0.443 0.014 0.026 0.496 0.43 0.492 0.434 0.492 0.438 0.494 0.44 0.494 0.446 0.496 0.448 0.496 0.452 0.498 0.454 0.5 0.454 0.502 0.452 0.504 0.452 0.504 0.432 0.502 0.43
5 0.099 0.124 0.018 0.02 0.098 0.114 0.096 0.116 0.094 0.116 0.092 0.118 0.09 0.118 0.09 0.12 0.092 0.122 0.092 0.128 0.094 0.13 0.094 0.132 0.1 0.132 0.102 0.13 0.104 0.13 0.106 0.128 0.106 0.122 0.104 0.12 0.104 0.116 0.102 0.114
4 0.065 0.088 0.014 0.016 0.06 0.08 0.058 0.082 0.058 0.086 0.06 0.088 0.06 0.09 0.064 0.094 0.068 0.094 0.07 0.092 0.07 0.084 0.066 0.08
2 0.074 0.347 0.052 0.042 0.086 0.326 0.084 0.328 0.082 0.328 0.08 0.33 0.074 0.33 0.072 0.332 0.068 0.332 0.066 0.334 0.062 0.334 0.054 0.342 0.052 0.342 0.05 0.344 0.048 0.344 0.048 0.354 0.05 0.356 0.05 0.362 0.052 0.364 0.052 0.366 0.056 0.366 0.058 0.364 0.062 0.364 0.064 0.362 0.068 0.362 0.07 0.36 0.074 0.36 0.076 0.358 0.078 0.358 0.08 0.356 0.082 0.356 0.084 0.354 0.088 0.354 0.09 0.352 0.092 0.352 0.094 0.35 0.096 0.35 0.098 0.348 0.098 0.34 0.096 0.338 0.096 0.336 0.094 0.334 0.094 0.332 0.09 0.328 0.09 0.326
7 0.068 0.902 0.024 0.024 0.064 0.89 0.062 0.892 0.058 0.892 0.056 0.894 0.056 0.906 0.058 0.908 0.058 0.91 0.06 0.912 0.064 0.912 0.066 0.91 0.074 0.91 0.076 0.908 0.078 0.908 0.078 0.904 0.076 0.902 0.076 0.892 0.074 0.89
7 0.04 0.336 0.012 0.012 0.036 0.33 0.034 0.332 0.034 0.336 0.036 0.338 0.036 0.34 0.042 0.34 0.042 0.338 0.044 0.336 0.044 0.33
5 0.489 0.495 0.022 0.026 0.488 0.482 0.486 0.484 0.482 0.484 0.478 0.488 0.478 0.494 0.48 0.496 0.48 0.502 0.482 0.504 0.482 0.506 0.488 0.506 0.49 0.504 0.496 0.504 0.498 0.502 0.498 0.496 0.496 0.494 0.496 0.484 0.494 0.482
4 0.132 0.269 0.016 0.018 0.124 0.26 0.124 0.27 0.126 0.272 0.126 0.274 0.128 0.276 0.134 0.276 0.138 0.272 0.138 0.27 0.136 0.268 0.136 0.264 0.132 0.26
4 0.077 0.288 0.018 0.024 0.07 0.276 0.068 0.278 0.068 0.28 0.07 0.282 0.07 0.284 0.072 0.286 0.072 0.288 0.074 0.29 0.074 0.292 0.076 0.294 0.076 0.296 0.078 0.298 0.08 0.298 0.082 0.296 0.084 0.296 0.084 0.288 0.082 0.286 0.082 0.282 0.08 0.28 0.08 0.278 0.078 0.276
