4 0.455 0.494 0.014 0.02 0.45 0.484 0.448 0.486 0.448 0.502 0.456 0.502 0.46 0.498 0.46 0.486 0.458 0.484
4 0.476 0.586 0.02 0.012 0.468 0.58 0.468 0.582 0.466 0.584 0.468 0.586 0.468 0.588 0.47 0.59 0.482 0.59 0.484 0.588 0.484 0.58
3 0.401 0.452 0.066 0.076 0.422 0.414 0.42 0.416 0.402 0.416 0.4 0.418 0.388 0.418 0.386 0.42 0.384 0.42 0.382 0.422 0.378 0.422 0.376 0.424 0.372 0.424 0.368 0.428 0.368 0.446 0.37 0.448 0.37 0.452 0.368 0.454 0.368 0.462 0.392 0.486 0.394 0.486 0.396 0.488 0.4 0.484 0.402 0.484 0.412 0.474 0.412 0.472 0.424 0.46 0.424 0.458 0.426 0.456 0.426 0.454 0.428 0.452 0.428 0.45 0.43 0.448 0.43 0.436 0.432 0.434 0.43 0.432 0.43 0.426 0.432 0.424 0.432 0.422 0.43 0.422 0.428 0.42 0.428 0.418 0.424 0.414
2 0.657 0.537 0.09 0.098 0.672 0.488 0.67 0.49 0.662 0.49 0.66 0.492 0.652 0.492 0.646 0.498 0.644 0.498 0.642 0.5 0.64 0.5 0.636 0.504 0.634 0.504 0.63 0.508 0.63 0.52 0.626 0.524 0.624 0.524 0.622 0.526 0.614 0.526 0.614 0.528 0.612 0.53 0.612 0.536 0.614 0.538 0.614 0.54 0.616 0.542 0.616 0.544 0.618 0.546 0.618 0.55 0.62 0.552 0.62 0.554 0.622 0.556 0.622 0.558 0.624 0.56 0.624 0.57 0.622 0.572 0.622 0.582 0.624 0.584 0.63 0.584 0.632 0.582 0.64 0.582 0.642 0.58 0.654 0.58 0.656 0.578 0.672 0.578 0.674 0.576 0.694 0.576 0.696 0.574 0.7 0.574 0.7 0.552 0.698 0.55 0.698 0.536 0.696 0.534 0.696 0.516 0.694 0.514 0.694 0.498 0.692 0.496 0.692 0.494 0.69 0.492 0.688 0.492 0.686 0.49 0.682 0.49 0.68 0.488
7 0.497 0.872 0.01 0.008 0.494 0.868 0.492 0.87 0.492 0.874 0.5 0.874 0.5 0.868
3 0.56 0.963 0.048 0.074 0.568 0.926 0.566 0.928 0.552 0.928 0.55 0.93 0.538 0.93 0.536 0.932 0.536 0.948 0.538 0.95 0.538 0.98 0.54 0.982 0.54 0.998 0.582 0.998 0.582 0.978 0.58 0.976 0.58 0.962 0.578 0.96 0.578 0.944 0.576 0.942 0.576 0.93 0.574 0.928 0.574 0.926
3 0.337 0.988 0.042 0.024 0.334 0.976 0.332 0.978 0.318 0.978 0.316 0.98 0.316 0.998 0.356 0.998 0.356 0.98 0.354 0.978 0.354 0.976
4 0.48 0.447 0.02 0.018 0.474 0.438 0.47 0.442 0.47 0.452 0.472 0.454 0.486 0.454 0.488 0.452 0.488 0.438
4 0.535 0.442 0.018 0.016 0.53 0.434 0.528 0.436 0.528 0.44 0.526 0.442 0.528 0.444 0.528 0.448 0.538 0.448 0.54 0.446 0.542 0.446 0.542 0.436 0.54 0.434
4 0.46 0.554 0.012 0.012 0.456 0.548 0.454 0.55 0.454 0.554 0.456 0.556 0.456 0.558 0.464 0.558 0.464 0.55 0.462 0.548
3 0.316 0.835 0.048 0.07 0.31 0.8 0.308 0.802 0.292 0.802 0.292 0.822 0.294 0.824 0.294 0.854 0.296 0.856 0.296 0.862 0.298 0.864 0.298 0.866 0.3 0.868 0.316 0.868 0.318 0.866 0.334 0.866 0.338 0.862 0.338 0.848 0.336 0.846 0.336 0.834 0.334 0.832 0.334 0.822 0.332 0.82 0.332 0.81 0.33 0.808 0.33 0.804 0.328 0.802 0.328 0.8
3 0.542 0.822 0.044 0.072 0.538 0.786 0.536 0.788 0.522 0.788 0.522 0.79 0.52 0.792 0.52 0.826 0.522 0.828 0.522 0.848 0.524 0.85 0.524 0.854 0.526 0.856 0.542 0.856 0.544 0.854 0.558 0.854 0.56 0.852 0.562 0.852 0.562 0.83 0.56 0.828 0.56 0.818 0.558 0.816 0.558 0.794 0.556 0.792 0.556 0.786
4 0.442 0.458 0.016 0.02 0.442 0.448 0.44 0.45 0.438 0.45 0.436 0.452 0.436 0.456 0.434 0.458 0.434 0.46 0.436 0.462 0.436 0.464 0.438 0.464 0.44 0.466 0.442 0.466 0.444 0.464 0.446 0.464 0.448 0.462 0.448 0.45 0.446 0.448
7 0.557 0.537 0.026 0.014 0.548 0.53 0.546 0.532 0.544 0.532 0.544 0.538 0.546 0.54 0.56 0.54 0.562 0.542 0.564 0.542 0.566 0.54 0.566 0.538 0.568 0.536 0.568 0.53
6 0.469 0.229 0.07 0.142 0.472 0.158 0.47 0.16 0.458 0.16 0.456 0.162 0.444 0.162 0.442 0.164 0.434 0.164 0.434 0.176 0.436 0.178 0.436 0.192 0.438 0.194 0.438 0.21 0.44 0.212 0.44 0.23 0.442 0.232 0.442 0.252 0.444 0.254 0.444 0.266 0.446 0.268 0.446 0.28 0.448 0.282 0.448 0.296 0.45 0.298 0.454 0.298 0.456 0.296 0.46 0.296 0.462 0.294 0.472 0.294 0.474 0.292 0.484 0.292 0.486 0.29 0.496 0.29 0.498 0.288 0.5 0.288 0.502 0.286 0.502 0.272 0.5 0.27 0.5 0.258 0.498 0.256 0.498 0.246 0.496 0.244 0.496 0.236 0.494 0.234 0.494 0.228 0.492 0.226 0.492 0.218 0.49 0.216 0.49 0.206 0.488 0.204 0.488 0.192 0.486 0.19 0.486 0.172 0.484 0.17 0.484 0.162 0.482 0.16 0.482 0.158
5 0.411 0.917 0.022 0.026 0.404 0.904 0.402 0.906 0.4 0.906 0.4 0.926 0.402 0.928 0.416 0.928 0.418 0.926 0.42 0.926 0.42 0.908 0.418 0.906 0.418 0.904
5 0.373 0.529 0.026 0.018 0.366 0.52 0.364 0.522 0.362 0.522 0.36 0.524 0.36 0.534 0.362 0.536 0.376 0.536 0.378 0.534 0.382 0.534 0.384 0.532 0.384 0.52
5 0.362 0.219 0.024 0.014 0.352 0.212 0.35 0.214 0.35 0.224 0.36 0.224 0.362 0.222 0.368 0.222 0.37 0.22 0.37 0.218 0.372 0.216 0.368 0.212 0.364 0.212 0.362 0.214 0.354 0.214
4 0.333 0.943 0.022 0.026 0.326 0.93 0.324 0.932 0.322 0.932 0.322 0.942 0.324 0.944 0.324 0.948 0.328 0.952 0.334 0.952 0.336 0.954 0.338 0.952 0.34 0.952 0.342 0.95 0.342 0.94 0.34 0.938 0.34 0.932 0.338 0.93
4 0.501 0.934 0.01 0.012 0.498 0.928 0.496 0.93 0.496 0.938 0.502 0.938 0.504 0.936 0.504 0.93 0.502 0.928
4 0.328 0.898 0.024 0.028 0.32 0.884 0.316 0.888 0.316 0.902 0.318 0.904 0.318 0.908 0.32 0.908 0.322 0.91 0.338 0.91 0.338 0.89 0.336 0.888 0.336 0.886 0.334 0.884
4 0.464 0.791 0.012 0.014 0.462 0.784 0.46 0.786 0.46 0.788 0.458 0.79 0.458 0.792 0.462 0.796 0.464 0.794 0.466 0.794 0.468 0.792 0.468 0.786 0.466 0.786 0.464 0.784
4 0.382 0.565 0.016 0.014 0.376 0.558 0.374 0.56 0.374 0.562 0.376 0.564 0.376 0.566 0.38 0.57 0.384 0.57 0.386 0.568 0.386 0.566 0.388 0.564 0.388 0.562 0.386 0.56 0.386 0.558
