7 0.644 0.461 0.012 0.01 0.638 0.456 0.638 0.464 0.644 0.464 0.646 0.462 0.648 0.462 0.646 0.46 0.646 0.458 0.644 0.456
3 0.099 0.9 0.094 0.08 0.124 0.86 0.12 0.864 0.118 0.864 0.116 0.866 0.114 0.866 0.112 0.868 0.11 0.868 0.108 0.87 0.106 0.87 0.104 0.872 0.102 0.872 0.1 0.874 0.098 0.874 0.094 0.878 0.09 0.878 0.088 0.88 0.086 0.88 0.082 0.884 0.08 0.884 0.078 0.886 0.076 0.886 0.072 0.89 0.07 0.89 0.068 0.892 0.066 0.892 0.062 0.896 0.06 0.896 0.056 0.9 0.054 0.9 0.052 0.902 0.052 0.908 0.054 0.91 0.054 0.912 0.056 0.914 0.056 0.916 0.06 0.92 0.06 0.922 0.07 0.932 0.07 0.934 0.074 0.938 0.08 0.938 0.086 0.932 0.088 0.932 0.09 0.93 0.092 0.93 0.094 0.928 0.096 0.928 0.098 0.926 0.1 0.926 0.102 0.924 0.104 0.924 0.108 0.92 0.11 0.92 0.114 0.916 0.116 0.916 0.118 0.914 0.12 0.914 0.126 0.908 0.128 0.908 0.136 0.9 0.14 0.9 0.142 0.898 0.144 0.9 0.144 0.896 0.142 0.894 0.142 0.89 0.14 0.888 0.14 0.886 0.138 0.884 0.138 0.878 0.136 0.876 0.136 0.874 0.134 0.872 0.134 0.87 0.132 0.868 0.132 0.866 0.13 0.864 0.13 0.862 0.128 0.86
4 0.441 0.699 0.054 0.042 0.458 0.678 0.45 0.686 0.448 0.686 0.44 0.694 0.438 0.694 0.43 0.702 0.428 0.702 0.418 0.712 0.418 0.714 0.414 0.718 0.416 0.716 0.418 0.716 0.42 0.714 0.422 0.714 0.424 0.712 0.426 0.712 0.428 0.71 0.43 0.71 0.432 0.708 0.434 0.708 0.436 0.706 0.438 0.706 0.44 0.704 0.444 0.704 0.446 0.702 0.448 0.702 0.45 0.7 0.452 0.7 0.454 0.698 0.456 0.698 0.458 0.696 0.46 0.696 0.462 0.694 0.464 0.694 0.466 0.692 0.464 0.69 0.464 0.688 0.462 0.686 0.462 0.684 0.46 0.682 0.46 0.68
5 0.946 0.394 0.02 0.02 0.942 0.384 0.936 0.39 0.942 0.396 0.942 0.398 0.946 0.402 0.95 0.398 0.952 0.398 0.954 0.396
6 0.439 0.747 0.118 0.098 0.464 0.698 0.462 0.7 0.46 0.7 0.458 0.702 0.456 0.702 0.454 0.704 0.45 0.704 0.448 0.706 0.446 0.706 0.444 0.708 0.442 0.708 0.44 0.71 0.438 0.71 0.436 0.712 0.434 0.712 0.432 0.714 0.43 0.714 0.428 0.716 0.426 0.716 0.424 0.718 0.42 0.718 0.418 0.72 0.416 0.72 0.414 0.722 0.412 0.722 0.41 0.724 0.408 0.724 0.406 0.726 0.404 0.726 0.402 0.728 0.4 0.728 0.398 0.73 0.396 0.73 0.394 0.732 0.39 0.732 0.388 0.734 0.386 0.734 0.384 0.736 0.382 0.736 0.38 0.738 0.382 0.74 0.382 0.742 0.384 0.744 0.384 0.746 0.388 0.75 0.388 0.752 0.39 0.754 0.39 0.756 0.392 0.758 0.392 0.76 0.394 0.762 0.394 0.764 0.398 0.768 0.398 0.77 0.4 0.772 0.4 0.774 0.402 0.776 0.402 0.778 0.404 0.78 0.404 0.782 0.408 0.786 0.408 0.788 0.41 0.79 0.41 0.792 0.412 0.794 0.414 0.792 0.416 0.792 0.418 0.79 0.42 0.79 0.422 0.788 0.424 0.788 0.426 0.786 0.428 0.786 0.43 0.784 0.432 0.784 0.434 0.782 0.436 0.782 0.438 0.78 0.44 0.78 0.442 0.778 0.444 0.778 0.446 0.776 0.448 0.776 0.45 0.774 0.452 0.774 0.456 0.77 0.458 0.77 0.46 0.768 0.462 0.768 0.464 0.766 0.466 0.766 0.468 0.764 0.47 0.764 0.472 0.762 0.474 0.762 0.476 0.76 0.478 0.76 0.48 0.758 0.482 0.758 0.484 0.756 0.486 0.756 0.488 0.754 0.49 0.754 0.492 0.752 0.494 0.752 0.496 0.75 0.494 0.748 0.494 0.746 0.49 0.742 0.49 0.74 0.488 0.738 0.488 0.736 0.486 0.734 0.486 0.732 0.482 0.728 0.482 0.726 0.48 0.724 0.48 0.722 0.476 0.718 0.476 0.716 0.474 0.714 0.474 0.712 0.472 0.71 0.472 0.708 0.468 0.704 0.468 0.702
5 0.139 0.82 0.022 0.024 0.136 0.808 0.13 0.814 0.13 0.816 0.128 0.818 0.13 0.82 0.13 0.822 0.132 0.824 0.132 0.826 0.136 0.83 0.142 0.83 0.148 0.824 0.148 0.816 0.144 0.812 0.144 0.81 0.142 0.81 0.14 0.808
7 0.061 0.803 0.01 0.014 0.058 0.796 0.056 0.798 0.056 0.804 0.06 0.808 0.062 0.808 0.064 0.806 0.064 0.798 0.062 0.796
4 0.424 0.635 0.016 0.018 0.418 0.626 0.416 0.628 0.416 0.636 0.422 0.642 0.424 0.642 0.426 0.64 0.428 0.64 0.428 0.636 0.43 0.634 0.43 0.63 0.428 0.628 0.428 0.626
5 0.314 0.564 0.02 0.024 0.306 0.552 0.304 0.554 0.304 0.556 0.306 0.558 0.306 0.566 0.308 0.568 0.308 0.572 0.31 0.572 0.312 0.574 0.314 0.574 0.316 0.572 0.32 0.572 0.322 0.57 0.322 0.562 0.318 0.558 0.316 0.558 0.314 0.556 0.312 0.556 0.31 0.554 0.308 0.554
7 0.619 0.418 0.014 0.016 0.612 0.41 0.612 0.42 0.616 0.424 0.622 0.424 0.624 0.422 0.624 0.414 0.62 0.41
4 0.958 0.309 0.02 0.022 0.956 0.298 0.954 0.3 0.952 0.3 0.948 0.304 0.948 0.314 0.952 0.318 0.96 0.318 0.964 0.314 0.964 0.312 0.966 0.31 0.966 0.308 0.964 0.306 0.964 0.304 0.962 0.302 0.962 0.3 0.96 0.298
3 0.903 0.293 0.038 0.03 0.91 0.278 0.906 0.282 0.904 0.282 0.902 0.284 0.9 0.284 0.898 0.286 0.896 0.286 0.894 0.288 0.892 0.288 0.888 0.292 0.886 0.292 0.884 0.294 0.884 0.302 0.886 0.304 0.886 0.306 0.896 0.306 0.898 0.304 0.9 0.304 0.904 0.3 0.906 0.3 0.908 0.298 0.91 0.298 0.912 0.296 0.914 0.296 0.92 0.29 0.92 0.288 0.918 0.286 0.918 0.284 0.916 0.282 0.916 0.28 0.914 0.28 0.912 0.278
5 0.035 0.805 0.026 0.026 0.036 0.792 0.034 0.794 0.028 0.794 0.022 0.8 0.022 0.808 0.024 0.81 0.024 0.812 0.026 0.814 0.026 0.816 0.04 0.816 0.044 0.812 0.044 0.81 0.046 0.808 0.046 0.804 0.044 0.802 0.044 0.8 0.04 0.796 0.04 0.794 0.038 0.794
5 0.653 0.477 0.018 0.018 0.646 0.468 0.644 0.47 0.644 0.476 0.646 0.478 0.646 0.48 0.65 0.484 0.652 0.484 0.654 0.482 0.656 0.482 0.66 0.478 0.66 0.476 0.658 0.474 0.658 0.472 0.656 0.47 0.654 0.47 0.652 0.468
5 0.625 0.453 0.014 0.014 0.62 0.446 0.618 0.448 0.618 0.454 0.622 0.458 0.63 0.458 0.63 0.45 0.626 0.446
4 0.013 0.974 0.026 0.028 0.01 0.96 0.006 0.964 0.004 0.964 0.002 0.966 0.0 0.966 0.0 0.986 0.008 0.986 0.01 0.984 0.012 0.984 0.014 0.982 0.016 0.982 0.018 0.98 0.02 0.98 0.024 0.976 0.024 0.972 0.022 0.97 0.022 0.968 0.014 0.96
4 0.968 0.414 0.024 0.02 0.964 0.404 0.956 0.412 0.956 0.418 0.96 0.422 0.972 0.422 0.976 0.418 0.976 0.416 0.978 0.414 0.976 0.412 0.976 0.408 0.972 0.404
3 0.135 0.756 0.05 0.064 0.114 0.724 0.11 0.728 0.11 0.73 0.112 0.732 0.112 0.744 0.114 0.746 0.114 0.75 0.116 0.752 0.116 0.754 0.118 0.756 0.118 0.758 0.12 0.76 0.12 0.762 0.122 0.764 0.122 0.766 0.126 0.77 0.126 0.772 0.128 0.774 0.128 0.776 0.13 0.778 0.13 0.78 0.136 0.786 0.144 0.786 0.146 0.784 0.148 0.784 0.15 0.782 0.152 0.782 0.156 0.778 0.156 0.776 0.158 0.774 0.158 0.768 0.156 0.766 0.156 0.764 0.154 0.762 0.154 0.76 0.152 0.758 0.152 0.756 0.15 0.754 0.15 0.752 0.146 0.748 0.146 0.746 0.144 0.744 0.144 0.742 0.14 0.738 0.14 0.736 0.138 0.734 0.138 0.732 0.134 0.728 0.134 0.726 0.132 0.724
3 0.023 0.717 0.046 0.042 0.032 0.696 0.03 0.698 0.028 0.698 0.026 0.7 0.024 0.7 0.02 0.704 0.018 0.704 0.016 0.706 0.014 0.706 0.012 0.708 0.008 0.708 0.004 0.712 0.002 0.712 0.0 0.714 0.0 0.736 0.004 0.732 0.006 0.732 0.008 0.73 0.01 0.73 0.012 0.728 0.014 0.728 0.018 0.724 0.02 0.724 0.022 0.722 0.024 0.722 0.026 0.72 0.028 0.72 0.03 0.718 0.032 0.718 0.038 0.712 0.04 0.712 0.044 0.708 0.044 0.704 0.036 0.696
