4 0.641 0.135 0.014 0.018 0.636 0.126 0.634 0.128 0.634 0.138 0.636 0.14 0.636 0.142 0.642 0.142 0.646 0.138 0.646 0.13 0.642 0.126
3 0.206 0.137 0.068 0.138 0.182 0.068 0.18 0.07 0.174 0.07 0.174 0.072 0.172 0.074 0.174 0.076 0.174 0.09 0.176 0.092 0.176 0.098 0.178 0.1 0.178 0.106 0.18 0.108 0.18 0.114 0.182 0.116 0.182 0.12 0.184 0.122 0.184 0.126 0.186 0.128 0.186 0.132 0.188 0.134 0.188 0.14 0.19 0.142 0.19 0.148 0.192 0.15 0.192 0.158 0.194 0.16 0.194 0.17 0.196 0.172 0.196 0.184 0.198 0.186 0.198 0.192 0.2 0.194 0.2 0.198 0.202 0.2 0.202 0.202 0.204 0.204 0.212 0.204 0.214 0.202 0.218 0.202 0.22 0.2 0.228 0.2 0.23 0.198 0.232 0.198 0.234 0.196 0.236 0.196 0.238 0.194 0.238 0.188 0.236 0.186 0.236 0.18 0.234 0.178 0.234 0.176 0.232 0.174 0.232 0.168 0.23 0.166 0.23 0.158 0.228 0.156 0.228 0.15 0.226 0.148 0.226 0.14 0.224 0.138 0.224 0.134 0.222 0.132 0.222 0.126 0.22 0.124 0.22 0.118 0.218 0.116 0.218 0.108 0.216 0.106 0.216 0.1 0.214 0.098 0.214 0.092 0.212 0.09 0.212 0.088 0.21 0.086 0.21 0.084 0.208 0.082 0.208 0.08 0.204 0.076 0.2 0.076 0.198 0.078 0.192 0.078 0.188 0.074 0.19 0.072 0.192 0.072 0.19 0.072 0.186 0.068
5 0.364 0.148 0.028 0.032 0.362 0.132 0.36 0.134 0.352 0.134 0.352 0.136 0.35 0.138 0.352 0.14 0.352 0.146 0.354 0.148 0.354 0.154 0.356 0.156 0.356 0.16 0.358 0.162 0.362 0.162 0.364 0.16 0.368 0.16 0.37 0.158 0.374 0.158 0.376 0.156 0.376 0.138 0.374 0.136 0.374 0.134 0.372 0.132
7 0.561 0.138 0.01 0.012 0.558 0.132 0.556 0.134 0.556 0.14 0.558 0.142 0.562 0.142 0.564 0.14 0.564 0.134 0.562 0.132
3 0.025 0.078 0.05 0.056 0.034 0.05 0.032 0.052 0.026 0.052 0.024 0.054 0.016 0.054 0.014 0.056 0.01 0.056 0.008 0.058 0.002 0.058 0.0 0.06 0.0 0.104 0.004 0.104 0.006 0.102 0.014 0.102 0.016 0.1 0.02 0.1 0.022 0.098 0.026 0.098 0.028 0.096 0.032 0.096 0.034 0.094 0.042 0.094 0.044 0.092 0.046 0.092 0.048 0.09 0.048 0.08 0.046 0.078 0.046 0.072 0.044 0.07 0.044 0.064 0.042 0.062 0.042 0.056 0.04 0.054 0.04 0.05
3 0.377 0.079 0.054 0.086 0.374 0.036 0.372 0.038 0.362 0.038 0.36 0.04 0.356 0.04 0.354 0.042 0.352 0.042 0.35 0.044 0.35 0.05 0.352 0.052 0.352 0.058 0.354 0.06 0.354 0.066 0.356 0.068 0.356 0.076 0.358 0.078 0.358 0.084 0.36 0.086 0.36 0.094 0.362 0.096 0.362 0.102 0.364 0.104 0.364 0.112 0.366 0.114 0.366 0.118 0.368 0.12 0.378 0.12 0.38 0.118 0.39 0.118 0.392 0.116 0.396 0.116 0.398 0.114 0.4 0.114 0.402 0.112 0.402 0.102 0.4 0.1 0.4 0.092 0.398 0.09 0.398 0.082 0.396 0.08 0.396 0.076 0.394 0.074 0.394 0.068 0.392 0.066 0.392 0.058 0.39 0.056 0.39 0.05 0.388 0.048 0.388 0.044 0.386 0.042 0.386 0.04 0.384 0.038 0.384 0.036
5 0.883 0.218 0.026 0.028 0.886 0.204 0.884 0.206 0.874 0.206 0.87 0.21 0.87 0.22 0.872 0.222 0.872 0.226 0.876 0.23 0.886 0.23 0.888 0.228 0.89 0.228 0.894 0.224 0.894 0.21 0.892 0.208 0.892 0.206 0.89 0.206 0.888 0.204
5 0.809 0.07 0.022 0.024 0.808 0.058 0.806 0.06 0.802 0.06 0.798 0.064 0.798 0.074 0.8 0.076 0.8 0.078 0.802 0.078 0.804 0.08 0.814 0.08 0.818 0.076 0.818 0.062 0.814 0.058
5 0.081 0.147 0.026 0.034 0.078 0.13 0.076 0.132 0.072 0.132 0.07 0.134 0.068 0.134 0.07 0.136 0.07 0.138 0.072 0.14 0.072 0.142 0.074 0.144 0.074 0.146 0.078 0.15 0.078 0.152 0.08 0.154 0.08 0.156 0.082 0.158 0.082 0.16 0.084 0.162 0.086 0.162 0.088 0.16 0.092 0.16 0.09 0.158 0.09 0.154 0.088 0.152 0.088 0.148 0.086 0.146 0.086 0.144 0.084 0.142 0.084 0.138 0.082 0.136 0.082 0.132 0.08 0.13
5 0.292 0.094 0.028 0.024 0.29 0.082 0.288 0.084 0.282 0.084 0.28 0.086 0.278 0.086 0.278 0.098 0.28 0.1 0.28 0.104 0.292 0.104 0.294 0.102 0.3 0.102 0.302 0.1 0.304 0.1 0.304 0.086 0.3 0.082
5 0.252 0.05 0.016 0.028 0.246 0.036 0.244 0.038 0.244 0.054 0.246 0.056 0.246 0.058 0.25 0.062 0.254 0.062 0.258 0.058 0.258 0.054 0.256 0.052 0.256 0.044 0.254 0.042 0.254 0.038 0.252 0.038 0.25 0.036
4 0.651 0.014 0.022 0.016 0.642 0.006 0.64 0.008 0.64 0.018 0.642 0.02 0.654 0.02 0.656 0.018 0.658 0.018 0.658 0.006
