2 0.556 0.106 0.036 0.072 0.538 0.07 0.538 0.086 0.54 0.088 0.54 0.102 0.542 0.104 0.542 0.114 0.544 0.116 0.544 0.134 0.546 0.136 0.546 0.138 0.548 0.138 0.55 0.14 0.556 0.14 0.558 0.138 0.572 0.138 0.572 0.106 0.57 0.104 0.57 0.08 0.568 0.078 0.568 0.072 0.566 0.072 0.564 0.07
4 0.271 0.648 0.03 0.024 0.26 0.636 0.258 0.638 0.258 0.642 0.256 0.644 0.256 0.652 0.26 0.656 0.264 0.656 0.266 0.658 0.278 0.658 0.28 0.656 0.28 0.652 0.284 0.648 0.284 0.642 0.282 0.642 0.28 0.64 0.278 0.64 0.276 0.638 0.274 0.638 0.272 0.636
7 0.815 0.407 0.014 0.034 0.81 0.39 0.808 0.392 0.808 0.394 0.81 0.396 0.81 0.4 0.812 0.402 0.812 0.422 0.82 0.422 0.82 0.402 0.818 0.4 0.818 0.398 0.816 0.396 0.816 0.394 0.814 0.392 0.812 0.392
7 0.887 0.369 0.01 0.014 0.884 0.362 0.882 0.364 0.882 0.37 0.884 0.372 0.886 0.372 0.888 0.374 0.89 0.372 0.89 0.366 0.886 0.362
3 0.61 0.808 0.08 0.1 0.602 0.758 0.598 0.762 0.598 0.766 0.596 0.768 0.596 0.772 0.594 0.774 0.594 0.778 0.592 0.78 0.592 0.784 0.59 0.786 0.59 0.792 0.588 0.794 0.588 0.8 0.586 0.802 0.586 0.804 0.584 0.806 0.584 0.812 0.582 0.814 0.582 0.818 0.58 0.82 0.58 0.824 0.578 0.826 0.578 0.83 0.576 0.832 0.576 0.834 0.574 0.836 0.574 0.84 0.572 0.842 0.572 0.85 0.57 0.852 0.57 0.854 0.572 0.856 0.576 0.856 0.58 0.852 0.582 0.852 0.584 0.85 0.586 0.85 0.588 0.848 0.59 0.848 0.592 0.846 0.594 0.846 0.596 0.844 0.6 0.844 0.602 0.842 0.606 0.842 0.608 0.84 0.61 0.84 0.614 0.836 0.614 0.834 0.616 0.832 0.616 0.83 0.618 0.828 0.618 0.824 0.62 0.822 0.62 0.818 0.624 0.814 0.63 0.814 0.632 0.816 0.64 0.816 0.64 0.814 0.642 0.812 0.642 0.806 0.644 0.804 0.644 0.796 0.646 0.794 0.646 0.786 0.648 0.784 0.648 0.778 0.646 0.776 0.644 0.776 0.642 0.774 0.638 0.774 0.636 0.772 0.634 0.772 0.632 0.77 0.63 0.77 0.626 0.766 0.624 0.766 0.622 0.764 0.62 0.764 0.618 0.762 0.612 0.762 0.61 0.76 0.606 0.76 0.604 0.758
7 0.863 0.419 0.022 0.018 0.852 0.41 0.852 0.424 0.854 0.426 0.87 0.426 0.872 0.424 0.872 0.416 0.87 0.414 0.87 0.412 0.868 0.41
4 0.696 0.107 0.02 0.026 0.688 0.094 0.686 0.096 0.686 0.11 0.688 0.112 0.688 0.116 0.69 0.118 0.694 0.118 0.696 0.116 0.7 0.116 0.704 0.112 0.704 0.096 0.702 0.094
4 0.422 0.693 0.024 0.022 0.412 0.682 0.41 0.684 0.41 0.69 0.418 0.698 0.418 0.7 0.42 0.7 0.422 0.702 0.426 0.702 0.428 0.7 0.428 0.698 0.432 0.694 0.432 0.69 0.426 0.684 0.424 0.684 0.422 0.682
4 0.64 0.67 0.016 0.012 0.632 0.664 0.632 0.668 0.634 0.67 0.634 0.672 0.636 0.672 0.638 0.674 0.646 0.674 0.646 0.668 0.642 0.664
7 0.744 0.061 0.008 0.006 0.74 0.058 0.74 0.062 0.744 0.062 0.746 0.06 0.744 0.058
4 0.247 0.705 0.038 0.03 0.234 0.69 0.234 0.692 0.232 0.694 0.232 0.698 0.23 0.7 0.23 0.704 0.228 0.706 0.228 0.708 0.232 0.712 0.238 0.712 0.24 0.714 0.246 0.714 0.248 0.716 0.252 0.716 0.254 0.718 0.26 0.712 0.26 0.708 0.262 0.706 0.262 0.704 0.264 0.702 0.264 0.7 0.262 0.698 0.262 0.696 0.258 0.696 0.256 0.694 0.252 0.694 0.25 0.692 0.246 0.692 0.244 0.69
1 0.373 0.734 0.126 0.176 0.368 0.646 0.364 0.65 0.364 0.652 0.362 0.654 0.362 0.656 0.36 0.658 0.36 0.66 0.358 0.662 0.358 0.664 0.356 0.666 0.356 0.668 0.354 0.67 0.354 0.672 0.352 0.674 0.352 0.676 0.35 0.678 0.35 0.682 0.348 0.684 0.348 0.686 0.346 0.688 0.346 0.69 0.344 0.692 0.344 0.696 0.342 0.698 0.342 0.7 0.34 0.702 0.34 0.704 0.336 0.708 0.336 0.712 0.332 0.716 0.332 0.72 0.33 0.722 0.33 0.724 0.328 0.726 0.328 0.73 0.326 0.732 0.326 0.734 0.324 0.736 0.324 0.738 0.322 0.74 0.322 0.742 0.32 0.744 0.32 0.746 0.318 0.748 0.318 0.75 0.316 0.752 0.316 0.756 0.314 0.758 0.314 0.76 0.312 0.762 0.312 0.768 0.31 0.77 0.312 0.772 0.312 0.774 0.314 0.776 0.316 0.776 0.32 0.78 0.322 0.78 0.326 0.784 0.328 0.784 0.332 0.788 0.334 0.788 0.336 0.79 0.336 0.792 0.338 0.794 0.34 0.794 0.346 0.8 0.348 0.8 0.35 0.802 0.352 0.802 0.354 0.804 0.356 0.804 0.358 0.806 0.36 0.806 0.362 0.808 0.364 0.808 0.368 0.812 0.37 0.812 0.372 0.814 0.374 0.814 0.378 0.818 0.38 0.818 0.382 0.82 0.394 0.82 0.396 0.818 0.396 0.816 0.398 0.814 0.398 0.812 0.4 0.81 0.4 0.808 0.402 0.806 0.402 0.804 0.404 0.802 0.404 0.798 0.406 0.796 0.406 0.792 0.408 0.79 0.408 0.788 0.41 0.786 0.41 0.784 0.412 0.782 0.412 0.78 0.414 0.778 0.414 0.776 0.416 0.774 0.416 0.772 0.418 0.77 0.418 0.768 0.42 0.766 0.42 0.762 0.422 0.76 0.422 0.758 0.426 0.754 0.426 0.75 0.428 0.748 0.428 0.746 0.43 0.744 0.43 0.742 0.432 0.74 0.432 0.738 0.434 0.736 0.434 0.728 0.43 0.724 0.428 0.724 0.426 0.722 0.42 0.722 0.418 0.72 0.416 0.72 0.414 0.718 0.412 0.718 0.41 0.716 0.408 0.716 0.406 0.714 0.4 0.714 0.396 0.71 0.394 0.71 0.392 0.708 0.392 0.698 0.394 0.696 0.394 0.694 0.396 0.692 0.396 0.69 0.4 0.686 0.4 0.68 0.402 0.678 0.402 0.676 0.404 0.674 0.404 0.666 0.4 0.662 0.4 0.66 0.398 0.66 0.396 0.658 0.394 0.658 0.392 0.656 0.39 0.656 0.388 0.654 0.386 0.654 0.38 0.648 0.378 0.648 0.376 0.646
4 0.23 0.382 0.02 0.02 0.224 0.372 0.22 0.376 0.22 0.382 0.228 0.39 0.232 0.39 0.234 0.388 0.234 0.386 0.238 0.382 0.238 0.376 0.236 0.374 0.234 0.374 0.232 0.372
7 0.841 0.418 0.01 0.016 0.836 0.41 0.836 0.422 0.838 0.424 0.842 0.424 0.844 0.422 0.844 0.41
7 0.646 0.099 0.012 0.01 0.644 0.094 0.64 0.098 0.64 0.1 0.642 0.102 0.648 0.102 0.65 0.1 0.65 0.098 0.648 0.096 0.648 0.094
3 0.098 0.309 0.08 0.114 0.11 0.252 0.108 0.254 0.106 0.254 0.106 0.256 0.104 0.258 0.104 0.26 0.102 0.262 0.102 0.264 0.1 0.266 0.1 0.268 0.098 0.27 0.098 0.272 0.096 0.274 0.096 0.276 0.094 0.278 0.094 0.28 0.092 0.282 0.092 0.284 0.09 0.286 0.09 0.288 0.088 0.29 0.088 0.292 0.086 0.294 0.086 0.296 0.084 0.298 0.084 0.3 0.082 0.302 0.082 0.304 0.08 0.306 0.08 0.308 0.078 0.31 0.078 0.312 0.076 0.314 0.076 0.316 0.074 0.318 0.074 0.32 0.072 0.322 0.072 0.324 0.07 0.326 0.07 0.328 0.068 0.33 0.068 0.332 0.066 0.334 0.066 0.336 0.064 0.338 0.064 0.34 0.062 0.342 0.062 0.344 0.06 0.346 0.06 0.348 0.058 0.35 0.058 0.352 0.06 0.354 0.062 0.354 0.064 0.356 0.068 0.356 0.072 0.36 0.074 0.36 0.076 0.362 0.08 0.362 0.082 0.364 0.088 0.364 0.094 0.358 0.094 0.356 0.096 0.354 0.096 0.352 0.098 0.35 0.098 0.348 0.102 0.344 0.102 0.342 0.104 0.34 0.104 0.338 0.106 0.336 0.106 0.334 0.108 0.332 0.108 0.33 0.11 0.328 0.11 0.326 0.112 0.324 0.112 0.322 0.116 0.318 0.116 0.316 0.118 0.314 0.118 0.312 0.12 0.31 0.12 0.306 0.124 0.302 0.124 0.3 0.126 0.298 0.126 0.294 0.128 0.292 0.128 0.29 0.13 0.288 0.13 0.286 0.134 0.282 0.134 0.278 0.136 0.276 0.136 0.266 0.132 0.262 0.13 0.262 0.128 0.26 0.126 0.26 0.124 0.258 0.122 0.258 0.12 0.256 0.118 0.256 0.116 0.254 0.114 0.254 0.112 0.252
7 0.565 0.379 0.034 0.034 0.56 0.362 0.558 0.364 0.558 0.366 0.556 0.368 0.556 0.37 0.554 0.372 0.554 0.374 0.55 0.378 0.55 0.382 0.548 0.384 0.55 0.386 0.552 0.386 0.554 0.388 0.556 0.388 0.558 0.39 0.562 0.39 0.564 0.392 0.566 0.392 0.568 0.394 0.572 0.394 0.574 0.392 0.574 0.388 0.578 0.384 0.578 0.38 0.58 0.378 0.58 0.37 0.576 0.366 0.572 0.366 0.57 0.364 0.568 0.364 0.566 0.362
7 0.745 0.027 0.018 0.014 0.738 0.02 0.736 0.022 0.736 0.03 0.738 0.032 0.744 0.032 0.746 0.03 0.75 0.03 0.752 0.028 0.752 0.024 0.748 0.02
5 0.723 0.034 0.022 0.028 0.718 0.02 0.716 0.022 0.714 0.022 0.712 0.024 0.712 0.044 0.714 0.046 0.718 0.046 0.72 0.044 0.726 0.044 0.73 0.04 0.73 0.036 0.732 0.034 0.732 0.024 0.73 0.022 0.73 0.02
5 0.188 0.31 0.02 0.024 0.184 0.298 0.18 0.302 0.18 0.304 0.178 0.306 0.178 0.314 0.184 0.32 0.188 0.32 0.192 0.316 0.192 0.314 0.194 0.312 0.194 0.308 0.196 0.306 0.188 0.298
5 0.652 0.858 0.028 0.024 0.644 0.846 0.642 0.848 0.642 0.852 0.64 0.854 0.64 0.856 0.638 0.858 0.638 0.862 0.64 0.862 0.642 0.864 0.646 0.864 0.648 0.866 0.65 0.866 0.652 0.868 0.658 0.868 0.66 0.866 0.66 0.864 0.662 0.862 0.662 0.86 0.664 0.858 0.664 0.854 0.662 0.852 0.662 0.85 0.66 0.85 0.658 0.848 0.656 0.848 0.654 0.846
6 0.317 0.836 0.118 0.112 0.286 0.78 0.282 0.784 0.282 0.786 0.28 0.788 0.28 0.792 0.278 0.794 0.278 0.796 0.276 0.798 0.276 0.8 0.274 0.802 0.274 0.804 0.272 0.806 0.272 0.808 0.27 0.81 0.27 0.812 0.268 0.814 0.268 0.816 0.266 0.818 0.266 0.82 0.264 0.822 0.264 0.826 0.262 0.828 0.262 0.838 0.26 0.84 0.26 0.846 0.258 0.848 0.258 0.852 0.262 0.856 0.264 0.856 0.266 0.858 0.268 0.858 0.27 0.86 0.272 0.86 0.274 0.862 0.278 0.862 0.28 0.864 0.282 0.864 0.284 0.866 0.288 0.866 0.29 0.868 0.292 0.868 0.296 0.872 0.298 0.872 0.3 0.874 0.302 0.874 0.306 0.878 0.308 0.878 0.31 0.88 0.312 0.88 0.314 0.882 0.316 0.882 0.318 0.884 0.32 0.884 0.322 0.886 0.324 0.886 0.326 0.888 0.33 0.888 0.332 0.89 0.342 0.89 0.344 0.888 0.344 0.884 0.348 0.88 0.348 0.878 0.35 0.876 0.35 0.874 0.352 0.872 0.352 0.868 0.354 0.866 0.354 0.864 0.356 0.862 0.356 0.858 0.358 0.856 0.358 0.854 0.36 0.852 0.36 0.85 0.362 0.848 0.362 0.846 0.364 0.844 0.364 0.84 0.366 0.838 0.366 0.836 0.37 0.832 0.37 0.83 0.372 0.828 0.372 0.826 0.374 0.824 0.374 0.82 0.372 0.818 0.37 0.818 0.364 0.812 0.362 0.812 0.36 0.81 0.356 0.81 0.354 0.808 0.352 0.808 0.35 0.806 0.348 0.806 0.346 0.804 0.344 0.804 0.342 0.802 0.34 0.802 0.338 0.8 0.336 0.8 0.334 0.798 0.33 0.798 0.328 0.796 0.324 0.796 0.322 0.794 0.32 0.794 0.318 0.792 0.316 0.792 0.314 0.79 0.31 0.79 0.308 0.788 0.306 0.788 0.304 0.786 0.302 0.786 0.3 0.784 0.296 0.784 0.294 0.782 0.288 0.782
0 0.399 0.63 0.042 0.056 0.396 0.602 0.394 0.604 0.394 0.606 0.392 0.608 0.392 0.61 0.39 0.612 0.39 0.616 0.388 0.618 0.388 0.62 0.386 0.622 0.386 0.624 0.384 0.626 0.384 0.63 0.382 0.632 0.382 0.634 0.38 0.636 0.38 0.638 0.378 0.64 0.378 0.646 0.38 0.646 0.384 0.65 0.386 0.65 0.388 0.652 0.39 0.652 0.394 0.656 0.402 0.656 0.402 0.652 0.406 0.648 0.406 0.644 0.408 0.642 0.408 0.638 0.41 0.636 0.41 0.634 0.414 0.63 0.414 0.626 0.416 0.624 0.416 0.62 0.418 0.618 0.416 0.616 0.416 0.614 0.414 0.614 0.412 0.612 0.41 0.612 0.406 0.608 0.404 0.608 0.4 0.604 0.398 0.604
1 0.199 0.356 0.102 0.164 0.216 0.274 0.214 0.276 0.214 0.278 0.21 0.282 0.21 0.284 0.208 0.286 0.208 0.288 0.206 0.29 0.206 0.292 0.204 0.294 0.204 0.296 0.202 0.298 0.202 0.3 0.2 0.302 0.2 0.304 0.198 0.306 0.198 0.308 0.196 0.31 0.196 0.312 0.194 0.314 0.194 0.316 0.19 0.32 0.19 0.324 0.188 0.326 0.188 0.328 0.186 0.33 0.186 0.332 0.184 0.334 0.184 0.336 0.182 0.338 0.182 0.34 0.18 0.342 0.18 0.344 0.178 0.346 0.178 0.348 0.176 0.35 0.176 0.352 0.174 0.354 0.174 0.356 0.172 0.358 0.172 0.36 0.17 0.362 0.17 0.364 0.168 0.366 0.168 0.368 0.166 0.37 0.166 0.372 0.164 0.374 0.164 0.376 0.16 0.38 0.16 0.384 0.158 0.386 0.158 0.388 0.154 0.392 0.154 0.394 0.152 0.396 0.152 0.4 0.15 0.402 0.15 0.404 0.148 0.406 0.148 0.412 0.152 0.416 0.154 0.416 0.162 0.424 0.164 0.424 0.17 0.43 0.172 0.43 0.176 0.434 0.178 0.434 0.18 0.436 0.182 0.434 0.182 0.432 0.184 0.43 0.184 0.428 0.186 0.426 0.186 0.424 0.188 0.422 0.188 0.42 0.19 0.418 0.19 0.416 0.192 0.414 0.192 0.412 0.194 0.41 0.194 0.408 0.196 0.406 0.196 0.404 0.198 0.402 0.198 0.4 0.2 0.398 0.2 0.396 0.202 0.394 0.202 0.392 0.204 0.39 0.204 0.388 0.208 0.384 0.208 0.382 0.21 0.38 0.21 0.378 0.212 0.376 0.212 0.372 0.216 0.368 0.216 0.364 0.218 0.362 0.218 0.36 0.222 0.356 0.222 0.354 0.224 0.352 0.224 0.35 0.226 0.348 0.226 0.346 0.228 0.344 0.228 0.342 0.23 0.34 0.23 0.338 0.232 0.336 0.232 0.334 0.234 0.332 0.234 0.33 0.236 0.328 0.236 0.326 0.238 0.324 0.238 0.322 0.24 0.32 0.24 0.318 0.244 0.314 0.244 0.31 0.246 0.308 0.246 0.306 0.248 0.304 0.248 0.296 0.246 0.294 0.244 0.294 0.236 0.286 0.234 0.286 0.228 0.28 0.226 0.28 0.22 0.274
