5 0.766 0.319 0.016 0.022 0.764 0.308 0.762 0.31 0.758 0.31 0.758 0.322 0.76 0.324 0.76 0.326 0.762 0.328 0.766 0.328 0.766 0.326 0.772 0.32 0.772 0.312 0.77 0.31 0.766 0.31
5 0.158 0.471 0.032 0.03 0.16 0.456 0.158 0.458 0.146 0.458 0.144 0.46 0.142 0.46 0.142 0.48 0.144 0.482 0.144 0.484 0.166 0.484 0.17 0.48 0.17 0.478 0.172 0.476 0.172 0.464 0.17 0.462 0.17 0.456
7 0.465 0.435 0.014 0.01 0.462 0.43 0.458 0.434 0.462 0.438 0.466 0.438 0.468 0.436 0.47 0.436 0.47 0.43
4 0.389 0.392 0.022 0.02 0.39 0.382 0.388 0.384 0.384 0.384 0.382 0.386 0.38 0.386 0.378 0.388 0.378 0.392 0.38 0.394 0.38 0.398 0.382 0.4 0.394 0.4 0.396 0.398 0.398 0.398 0.398 0.386 0.396 0.384 0.396 0.382
7 0.515 0.442 0.014 0.016 0.514 0.434 0.508 0.44 0.508 0.446 0.51 0.446 0.512 0.448 0.514 0.446 0.516 0.446 0.52 0.442 0.52 0.434
7 0.483 0.392 0.014 0.012 0.478 0.386 0.476 0.388 0.476 0.392 0.478 0.394 0.478 0.396 0.486 0.396 0.488 0.394 0.488 0.386
7 0.795 0.37 0.01 0.008 0.792 0.366 0.79 0.368 0.794 0.372 0.798 0.368 0.798 0.366
7 0.821 0.362 0.018 0.016 0.822 0.354 0.82 0.356 0.816 0.356 0.814 0.358 0.812 0.358 0.812 0.366 0.814 0.368 0.824 0.368 0.828 0.364 0.828 0.354
4 0.376 0.34 0.02 0.02 0.374 0.33 0.372 0.332 0.368 0.332 0.366 0.334 0.366 0.344 0.37 0.348 0.384 0.348 0.384 0.33
7 0.437 0.309 0.01 0.006 0.434 0.306 0.432 0.308 0.432 0.31 0.438 0.31 0.44 0.308 0.44 0.306
7 0.525 0.567 0.01 0.01 0.52 0.562 0.52 0.57 0.528 0.57 0.528 0.564 0.526 0.562
4 0.118 0.407 0.016 0.026 0.116 0.394 0.114 0.396 0.112 0.396 0.11 0.398 0.11 0.408 0.112 0.41 0.112 0.418 0.122 0.418 0.124 0.416 0.124 0.4 0.122 0.398 0.122 0.396 0.12 0.396 0.118 0.394
5 0.449 0.337 0.03 0.022 0.45 0.326 0.448 0.328 0.444 0.328 0.44 0.332 0.436 0.332 0.434 0.334 0.434 0.342 0.436 0.344 0.436 0.346 0.448 0.346 0.45 0.344 0.46 0.344 0.462 0.342 0.462 0.34 0.46 0.338 0.46 0.336 0.458 0.334 0.458 0.33 0.454 0.326
7 0.477 0.413 0.01 0.01 0.474 0.408 0.472 0.41 0.472 0.416 0.478 0.416 0.48 0.414 0.48 0.41 0.478 0.408
7 0.557 0.564 0.01 0.012 0.552 0.558 0.552 0.568 0.556 0.568 0.558 0.566 0.56 0.566 0.56 0.562 0.556 0.558
4 0.589 0.607 0.034 0.026 0.58 0.594 0.578 0.596 0.572 0.596 0.572 0.616 0.574 0.618 0.594 0.618 0.596 0.616 0.602 0.616 0.604 0.614 0.604 0.608 0.602 0.606 0.602 0.594
7 0.575 0.563 0.01 0.01 0.57 0.558 0.57 0.564 0.572 0.566 0.576 0.566 0.578 0.564 0.578 0.56 0.576 0.558
3 0.808 0.308 0.056 0.068 0.814 0.274 0.812 0.276 0.806 0.276 0.804 0.278 0.794 0.278 0.792 0.28 0.786 0.28 0.784 0.282 0.782 0.282 0.78 0.284 0.78 0.294 0.782 0.296 0.782 0.308 0.784 0.31 0.784 0.322 0.786 0.324 0.786 0.33 0.788 0.332 0.788 0.338 0.79 0.34 0.794 0.34 0.796 0.338 0.804 0.338 0.806 0.336 0.812 0.336 0.814 0.334 0.824 0.334 0.826 0.332 0.832 0.332 0.832 0.33 0.834 0.328 0.834 0.32 0.832 0.318 0.832 0.306 0.83 0.304 0.83 0.3 0.828 0.298 0.828 0.288 0.826 0.286 0.826 0.284 0.824 0.282 0.824 0.278 0.82 0.274
4 0.053 0.51 0.014 0.024 0.048 0.498 0.046 0.5 0.046 0.514 0.048 0.516 0.048 0.518 0.05 0.52 0.054 0.52 0.056 0.518 0.056 0.514 0.058 0.512 0.058 0.504 0.056 0.502 0.056 0.5 0.054 0.498
3 0.7 0.311 0.056 0.086 0.704 0.268 0.702 0.27 0.682 0.27 0.68 0.272 0.672 0.272 0.672 0.276 0.674 0.278 0.674 0.288 0.676 0.29 0.676 0.3 0.678 0.302 0.678 0.31 0.68 0.312 0.68 0.322 0.682 0.324 0.682 0.334 0.684 0.336 0.684 0.346 0.686 0.348 0.686 0.352 0.694 0.352 0.696 0.35 0.716 0.35 0.718 0.348 0.726 0.348 0.726 0.344 0.724 0.342 0.724 0.332 0.722 0.33 0.722 0.32 0.72 0.318 0.72 0.31 0.718 0.308 0.718 0.298 0.716 0.296 0.716 0.286 0.714 0.284 0.714 0.274 0.712 0.272 0.712 0.268
4 0.156 0.499 0.024 0.026 0.146 0.486 0.144 0.488 0.144 0.498 0.146 0.5 0.146 0.508 0.148 0.51 0.162 0.51 0.164 0.508 0.166 0.508 0.166 0.496 0.164 0.494 0.164 0.486 0.154 0.486 0.152 0.488 0.148 0.488
