7 0.026 0.639 0.012 0.01 0.02 0.634 0.02 0.64 0.022 0.642 0.026 0.642 0.03 0.638 0.03 0.634
5 0.989 0.95 0.022 0.024 0.982 0.938 0.978 0.942 0.978 0.958 0.98 0.958 0.982 0.96 0.998 0.96 0.998 0.94 0.992 0.94 0.99 0.938
6 0.301 0.345 0.07 0.106 0.304 0.292 0.302 0.294 0.3 0.294 0.298 0.296 0.294 0.296 0.292 0.298 0.288 0.298 0.286 0.3 0.282 0.3 0.28 0.302 0.276 0.302 0.274 0.304 0.27 0.304 0.268 0.306 0.268 0.308 0.266 0.31 0.268 0.312 0.268 0.318 0.27 0.32 0.27 0.328 0.272 0.33 0.272 0.336 0.274 0.338 0.274 0.342 0.276 0.344 0.276 0.35 0.278 0.352 0.278 0.356 0.28 0.358 0.28 0.364 0.282 0.366 0.282 0.372 0.284 0.374 0.284 0.378 0.286 0.38 0.286 0.382 0.288 0.384 0.288 0.388 0.29 0.39 0.29 0.392 0.294 0.396 0.304 0.396 0.306 0.394 0.308 0.394 0.31 0.392 0.314 0.392 0.314 0.388 0.316 0.386 0.318 0.386 0.32 0.384 0.322 0.384 0.324 0.382 0.328 0.382 0.332 0.378 0.334 0.378 0.334 0.364 0.332 0.362 0.332 0.354 0.33 0.352 0.33 0.348 0.328 0.346 0.328 0.342 0.326 0.34 0.326 0.338 0.324 0.336 0.324 0.33 0.322 0.328 0.322 0.322 0.32 0.32 0.32 0.318 0.318 0.316 0.318 0.31 0.316 0.308 0.316 0.302 0.314 0.3 0.314 0.296 0.312 0.294 0.312 0.292
7 0.415 0.215 0.018 0.01 0.414 0.21 0.412 0.212 0.41 0.212 0.408 0.214 0.406 0.214 0.406 0.216 0.408 0.218 0.42 0.218 0.422 0.216 0.422 0.21
7 0.448 0.309 0.02 0.03 0.45 0.294 0.448 0.296 0.448 0.3 0.446 0.302 0.446 0.306 0.444 0.308 0.444 0.31 0.44 0.314 0.438 0.314 0.438 0.318 0.44 0.32 0.442 0.32 0.444 0.322 0.446 0.322 0.448 0.32 0.45 0.32 0.454 0.316 0.454 0.308 0.456 0.306 0.456 0.294
7 0.031 0.55 0.022 0.028 0.028 0.536 0.022 0.542 0.022 0.544 0.02 0.546 0.02 0.56 0.022 0.562 0.034 0.562 0.036 0.56 0.036 0.558 0.038 0.556 0.038 0.552 0.04 0.55 0.04 0.548 0.038 0.546 0.038 0.54 0.036 0.538 0.036 0.536
7 0.507 0.504 0.022 0.02 0.498 0.494 0.496 0.496 0.496 0.508 0.5 0.512 0.512 0.512 0.514 0.51 0.516 0.51 0.516 0.496 0.512 0.496 0.51 0.494
7 0.052 0.735 0.012 0.01 0.048 0.73 0.048 0.732 0.046 0.734 0.046 0.736 0.048 0.738 0.052 0.738 0.054 0.736 0.054 0.734 0.056 0.732 0.054 0.73
7 0.045 0.647 0.01 0.01 0.042 0.642 0.04 0.644 0.04 0.648 0.042 0.65 0.044 0.65 0.048 0.646 0.048 0.642
7 0.532 0.596 0.012 0.012 0.526 0.59 0.526 0.598 0.528 0.6 0.532 0.6 0.536 0.596 0.536 0.592 0.534 0.59
7 0.46 0.484 0.012 0.012 0.454 0.478 0.454 0.486 0.456 0.486 0.458 0.488 0.46 0.488 0.464 0.484 0.464 0.482 0.462 0.48 0.462 0.478
7 0.485 0.402 0.01 0.024 0.48 0.39 0.48 0.408 0.484 0.412 0.486 0.412 0.486 0.41 0.488 0.408 0.488 0.406 0.486 0.404 0.486 0.394 0.484 0.392 0.484 0.39
7 0.42 0.356 0.012 0.012 0.416 0.35 0.414 0.352 0.414 0.358 0.416 0.36 0.422 0.36 0.424 0.358 0.424 0.352 0.422 0.35
7 0.446 0.318 0.016 0.012 0.446 0.312 0.444 0.314 0.44 0.314 0.438 0.316 0.44 0.318 0.44 0.32 0.442 0.32 0.444 0.322 0.446 0.322 0.448 0.32 0.45 0.32 0.452 0.318 0.452 0.314 0.45 0.312
