3 0.124 0.288 0.092 0.072 0.14 0.252 0.138 0.254 0.136 0.254 0.134 0.256 0.132 0.256 0.128 0.26 0.126 0.26 0.122 0.264 0.12 0.264 0.118 0.266 0.116 0.266 0.112 0.27 0.11 0.27 0.108 0.272 0.106 0.272 0.104 0.274 0.102 0.274 0.1 0.276 0.096 0.276 0.094 0.278 0.092 0.278 0.09 0.28 0.088 0.28 0.084 0.284 0.082 0.284 0.078 0.288 0.078 0.29 0.08 0.292 0.084 0.292 0.086 0.294 0.088 0.294 0.092 0.298 0.094 0.298 0.098 0.302 0.1 0.302 0.102 0.304 0.104 0.304 0.108 0.308 0.11 0.308 0.114 0.312 0.116 0.312 0.12 0.316 0.122 0.316 0.124 0.318 0.126 0.318 0.128 0.32 0.13 0.32 0.132 0.322 0.136 0.322 0.138 0.32 0.142 0.32 0.144 0.318 0.146 0.318 0.148 0.316 0.15 0.316 0.15 0.314 0.152 0.312 0.154 0.312 0.164 0.302 0.166 0.302 0.166 0.3 0.168 0.298 0.168 0.294 0.166 0.292 0.166 0.29 0.164 0.288 0.164 0.286 0.16 0.282 0.16 0.28 0.158 0.278 0.158 0.276 0.154 0.272 0.154 0.27 0.152 0.268 0.152 0.266 0.15 0.264 0.15 0.262 0.148 0.26 0.148 0.258 0.142 0.252
3 0.405 0.03 0.102 0.044 0.364 0.008 0.362 0.01 0.358 0.01 0.356 0.012 0.354 0.012 0.354 0.02 0.356 0.022 0.356 0.024 0.358 0.026 0.358 0.028 0.36 0.03 0.36 0.032 0.364 0.036 0.364 0.038 0.366 0.04 0.366 0.042 0.374 0.05 0.384 0.05 0.386 0.048 0.388 0.048 0.39 0.046 0.392 0.046 0.394 0.044 0.396 0.044 0.4 0.04 0.402 0.04 0.404 0.038 0.406 0.038 0.408 0.036 0.41 0.036 0.412 0.034 0.414 0.034 0.416 0.032 0.418 0.032 0.422 0.028 0.426 0.028 0.43 0.024 0.432 0.024 0.44 0.016 0.442 0.016 0.444 0.014 0.446 0.014 0.448 0.012 0.452 0.012 0.454 0.01 0.454 0.008
4 0.158 0.383 0.028 0.03 0.146 0.368 0.144 0.37 0.144 0.378 0.146 0.38 0.146 0.382 0.15 0.386 0.15 0.388 0.154 0.392 0.154 0.394 0.156 0.394 0.158 0.396 0.168 0.396 0.17 0.394 0.17 0.39 0.168 0.388 0.168 0.386 0.16 0.378 0.16 0.374 0.154 0.368
4 0.1 0.247 0.024 0.022 0.1 0.236 0.094 0.242 0.092 0.242 0.088 0.246 0.092 0.25 0.092 0.252 0.096 0.256 0.1 0.252 0.102 0.252 0.104 0.25 0.106 0.25 0.11 0.246
4 0.326 0.051 0.024 0.026 0.324 0.038 0.322 0.04 0.32 0.04 0.316 0.044 0.316 0.046 0.314 0.048 0.316 0.05 0.316 0.054 0.318 0.056 0.318 0.06 0.32 0.062 0.326 0.062 0.328 0.06 0.33 0.06 0.334 0.056 0.334 0.054 0.336 0.052 0.334 0.05 0.334 0.044 0.332 0.042 0.332 0.04 0.33 0.038
7 0.478 0.055 0.024 0.018 0.484 0.046 0.48 0.05 0.478 0.05 0.474 0.054 0.47 0.054 0.466 0.058 0.466 0.062 0.468 0.062 0.47 0.06 0.472 0.06 0.474 0.058 0.476 0.058 0.478 0.056 0.48 0.056 0.482 0.054 0.484 0.054 0.488 0.05 0.488 0.046
7 0.432 0.039 0.016 0.022 0.43 0.028 0.426 0.032 0.426 0.034 0.424 0.036 0.424 0.046 0.426 0.048 0.428 0.048 0.43 0.046 0.43 0.044 0.436 0.038 0.436 0.036 0.438 0.034 0.438 0.03 0.436 0.03 0.434 0.028
5 0.078 0.366 0.016 0.02 0.076 0.358 0.07 0.364 0.074 0.368 0.074 0.37 0.076 0.372 0.078 0.372 0.084 0.366 0.08 0.362 0.08 0.36 0.078 0.358
7 0.363 0.05 0.014 0.012 0.358 0.044 0.356 0.046 0.356 0.052 0.358 0.054 0.362 0.054 0.364 0.052 0.366 0.052 0.368 0.05 0.368 0.048 0.366 0.046 0.366 0.044
7 0.466 0.033 0.024 0.022 0.47 0.022 0.468 0.024 0.464 0.024 0.462 0.026 0.46 0.026 0.454 0.032 0.454 0.036 0.456 0.038 0.456 0.04 0.458 0.042 0.466 0.042 0.468 0.04 0.472 0.04 0.476 0.036 0.476 0.028 0.474 0.026 0.474 0.024 0.472 0.024
5 0.079 0.243 0.014 0.018 0.074 0.234 0.074 0.236 0.072 0.238 0.072 0.246 0.076 0.25 0.084 0.25 0.084 0.24 0.082 0.24 0.08 0.238 0.08 0.236 0.078 0.234
5 0.136 0.23 0.024 0.024 0.134 0.218 0.126 0.226 0.126 0.228 0.124 0.23 0.124 0.234 0.126 0.236 0.126 0.238 0.128 0.24 0.132 0.24 0.134 0.238 0.134 0.236 0.136 0.234 0.138 0.234 0.146 0.226 0.146 0.224 0.144 0.222 0.142 0.222 0.14 0.22 0.136 0.22
3 0.043 0.238 0.074 0.068 0.046 0.204 0.044 0.206 0.04 0.206 0.038 0.208 0.034 0.208 0.028 0.214 0.026 0.214 0.022 0.218 0.02 0.218 0.016 0.222 0.014 0.222 0.01 0.226 0.008 0.226 0.006 0.228 0.006 0.236 0.008 0.238 0.008 0.24 0.01 0.242 0.01 0.244 0.012 0.246 0.012 0.25 0.014 0.252 0.014 0.254 0.016 0.256 0.016 0.258 0.018 0.26 0.018 0.262 0.022 0.266 0.026 0.266 0.028 0.268 0.034 0.268 0.036 0.27 0.038 0.27 0.04 0.268 0.048 0.268 0.05 0.266 0.054 0.266 0.056 0.264 0.058 0.264 0.06 0.262 0.064 0.262 0.068 0.258 0.07 0.258 0.072 0.256 0.074 0.256 0.076 0.254 0.076 0.252 0.07 0.246 0.07 0.238 0.072 0.236 0.072 0.234 0.074 0.232 0.072 0.23 0.072 0.228 0.068 0.224 0.068 0.222 0.062 0.216 0.062 0.214 0.06 0.214 0.054 0.208 0.054 0.206 0.052 0.206 0.05 0.204
7 0.196 0.285 0.016 0.014 0.192 0.278 0.188 0.282 0.188 0.286 0.192 0.29 0.194 0.29 0.196 0.288 0.198 0.288 0.2 0.286 0.2 0.284 0.202 0.282 0.2 0.28 0.2 0.278
4 0.271 0.087 0.03 0.034 0.272 0.07 0.27 0.072 0.268 0.072 0.264 0.076 0.262 0.076 0.26 0.078 0.258 0.078 0.256 0.08 0.256 0.086 0.258 0.088 0.258 0.092 0.26 0.094 0.26 0.096 0.262 0.098 0.262 0.1 0.264 0.102 0.272 0.102 0.274 0.1 0.276 0.1 0.278 0.098 0.28 0.098 0.284 0.094 0.284 0.088 0.282 0.086 0.282 0.082 0.28 0.08 0.28 0.076 0.278 0.074 0.278 0.072 0.276 0.072 0.274 0.07
4 0.112 0.425 0.016 0.018 0.108 0.416 0.106 0.418 0.104 0.418 0.104 0.43 0.106 0.432 0.112 0.432 0.114 0.43 0.116 0.43 0.116 0.428 0.118 0.426 0.118 0.418 0.116 0.416
