4 0.485 0.438 0.018 0.012 0.482 0.432 0.48 0.434 0.476 0.434 0.476 0.44 0.478 0.442 0.488 0.442 0.492 0.438 0.492 0.434 0.49 0.432
6 0.967 0.348 0.066 0.088 0.984 0.304 0.982 0.306 0.976 0.306 0.974 0.308 0.97 0.308 0.968 0.31 0.966 0.31 0.964 0.312 0.96 0.312 0.958 0.314 0.95 0.314 0.948 0.316 0.942 0.316 0.94 0.318 0.936 0.318 0.934 0.32 0.934 0.328 0.936 0.33 0.936 0.336 0.938 0.338 0.938 0.344 0.94 0.346 0.94 0.358 0.942 0.36 0.942 0.362 0.944 0.364 0.944 0.37 0.946 0.372 0.946 0.378 0.948 0.38 0.948 0.384 0.95 0.386 0.95 0.388 0.952 0.388 0.954 0.39 0.956 0.388 0.958 0.388 0.96 0.386 0.962 0.386 0.964 0.384 0.968 0.384 0.97 0.382 0.972 0.382 0.974 0.38 0.996 0.38 0.998 0.378 0.998 0.304
7 0.781 0.99 0.018 0.02 0.774 0.98 0.772 0.982 0.772 0.994 0.774 0.996 0.78 0.996 0.782 0.998 0.788 0.998 0.788 0.996 0.786 0.994 0.786 0.988 0.784 0.986 0.784 0.982 0.782 0.982 0.78 0.98
5 0.67 0.473 0.016 0.014 0.664 0.466 0.662 0.468 0.662 0.478 0.676 0.478 0.676 0.468 0.674 0.466
5 0.718 0.481 0.016 0.018 0.714 0.472 0.712 0.474 0.712 0.478 0.71 0.48 0.71 0.484 0.714 0.488 0.718 0.488 0.72 0.486 0.724 0.486 0.724 0.474 0.722 0.472
5 0.41 0.504 0.024 0.024 0.408 0.492 0.406 0.494 0.404 0.494 0.398 0.5 0.398 0.512 0.4 0.512 0.402 0.514 0.41 0.514 0.412 0.512 0.414 0.512 0.42 0.506 0.42 0.498 0.416 0.494 0.412 0.494 0.41 0.492
7 0.605 0.386 0.022 0.02 0.598 0.376 0.596 0.378 0.594 0.378 0.594 0.386 0.596 0.388 0.596 0.39 0.598 0.392 0.606 0.392 0.608 0.394 0.61 0.392 0.612 0.392 0.614 0.39 0.614 0.388 0.612 0.386 0.612 0.384 0.61 0.382 0.61 0.38 0.608 0.378 0.604 0.378 0.602 0.376
7 0.427 0.963 0.01 0.01 0.424 0.958 0.424 0.96 0.422 0.962 0.424 0.964 0.424 0.966 0.428 0.966 0.43 0.964 0.43 0.96 0.428 0.958
3 0.682 0.534 0.116 0.064 0.708 0.502 0.706 0.504 0.652 0.504 0.65 0.506 0.624 0.506 0.624 0.564 0.68 0.564 0.682 0.562 0.738 0.562 0.738 0.548 0.736 0.546 0.736 0.518 0.734 0.516 0.734 0.502
2 0.785 0.435 0.046 0.102 0.78 0.384 0.778 0.386 0.768 0.386 0.766 0.388 0.762 0.388 0.762 0.43 0.764 0.432 0.764 0.452 0.766 0.454 0.766 0.464 0.768 0.466 0.768 0.468 0.77 0.47 0.77 0.474 0.772 0.476 0.772 0.482 0.774 0.484 0.786 0.484 0.788 0.482 0.8 0.482 0.802 0.48 0.804 0.48 0.806 0.478 0.806 0.456 0.804 0.454 0.804 0.434 0.806 0.432 0.806 0.408 0.804 0.406 0.804 0.388 0.802 0.386 0.802 0.384
4 0.982 0.4 0.02 0.036 0.976 0.382 0.972 0.386 0.972 0.402 0.974 0.404 0.974 0.408 0.976 0.41 0.976 0.414 0.978 0.416 0.986 0.416 0.988 0.414 0.99 0.414 0.99 0.396 0.988 0.394 0.988 0.384 0.986 0.382
4 0.693 0.465 0.022 0.018 0.692 0.456 0.69 0.458 0.686 0.458 0.684 0.46 0.684 0.464 0.682 0.466 0.682 0.468 0.684 0.47 0.684 0.472 0.7 0.472 0.702 0.47 0.702 0.468 0.7 0.466 0.7 0.462 0.698 0.46 0.698 0.458 0.696 0.456
4 0.057 0.992 0.018 0.016 0.054 0.984 0.052 0.986 0.05 0.986 0.048 0.988 0.048 0.992 0.05 0.994 0.05 0.998 0.064 0.998 0.064 0.992 0.062 0.99 0.062 0.988 0.058 0.984
4 0.682 0.96 0.024 0.024 0.676 0.948 0.674 0.95 0.672 0.95 0.672 0.952 0.67 0.954 0.67 0.96 0.672 0.962 0.672 0.968 0.674 0.968 0.676 0.97 0.684 0.97 0.686 0.968 0.69 0.968 0.69 0.966 0.692 0.964 0.692 0.954 0.69 0.952 0.69 0.95 0.688 0.948
3 0.466 0.872 0.096 0.084 0.494 0.83 0.49 0.834 0.488 0.834 0.486 0.836 0.484 0.836 0.482 0.838 0.478 0.838 0.476 0.84 0.474 0.84 0.472 0.842 0.468 0.842 0.466 0.844 0.448 0.844 0.446 0.846 0.432 0.846 0.43 0.848 0.424 0.848 0.422 0.85 0.42 0.85 0.418 0.852 0.42 0.854 0.42 0.856 0.422 0.858 0.422 0.86 0.424 0.862 0.424 0.864 0.432 0.872 0.432 0.874 0.434 0.876 0.434 0.878 0.436 0.88 0.436 0.888 0.438 0.89 0.44 0.89 0.444 0.894 0.446 0.894 0.45 0.898 0.452 0.898 0.454 0.9 0.456 0.9 0.458 0.902 0.46 0.902 0.462 0.904 0.464 0.904 0.466 0.906 0.468 0.906 0.472 0.91 0.474 0.91 0.476 0.912 0.484 0.912 0.49 0.906 0.49 0.904 0.494 0.9 0.494 0.898 0.496 0.896 0.496 0.894 0.498 0.892 0.498 0.89 0.504 0.884 0.504 0.882 0.508 0.878 0.508 0.876 0.512 0.872 0.512 0.864 0.51 0.862 0.51 0.858 0.508 0.856 0.508 0.854 0.506 0.852 0.506 0.848 0.504 0.846 0.504 0.838 0.502 0.836 0.502 0.834 0.5 0.834 0.498 0.832 0.496 0.832
3 0.501 0.547 0.086 0.086 0.492 0.504 0.49 0.506 0.488 0.506 0.488 0.508 0.486 0.51 0.486 0.512 0.484 0.514 0.484 0.516 0.474 0.526 0.474 0.528 0.47 0.532 0.47 0.534 0.462 0.542 0.462 0.544 0.46 0.546 0.46 0.566 0.458 0.568 0.458 0.574 0.464 0.58 0.464 0.586 0.466 0.588 0.498 0.588 0.5 0.586 0.508 0.586 0.51 0.584 0.532 0.584 0.534 0.582 0.538 0.582 0.54 0.58 0.54 0.556 0.538 0.554 0.538 0.55 0.542 0.546 0.542 0.542 0.514 0.514 0.512 0.514 0.502 0.504
1 0.897 0.067 0.206 0.118 0.968 0.008 0.966 0.01 0.956 0.01 0.954 0.012 0.942 0.012 0.94 0.014 0.934 0.014 0.932 0.016 0.926 0.016 0.924 0.018 0.89 0.018 0.888 0.02 0.874 0.02 0.872 0.022 0.866 0.022 0.864 0.024 0.858 0.024 0.856 0.026 0.852 0.026 0.85 0.028 0.844 0.028 0.842 0.03 0.836 0.03 0.834 0.032 0.828 0.032 0.826 0.034 0.82 0.034 0.818 0.036 0.812 0.036 0.81 0.038 0.802 0.038 0.8 0.04 0.794 0.04 0.794 0.048 0.796 0.05 0.796 0.056 0.798 0.058 0.798 0.066 0.8 0.068 0.8 0.074 0.802 0.076 0.802 0.08 0.804 0.082 0.804 0.088 0.806 0.09 0.806 0.096 0.808 0.098 0.808 0.102 0.81 0.104 0.81 0.112 0.812 0.114 0.812 0.12 0.814 0.122 0.814 0.124 0.826 0.124 0.828 0.122 0.838 0.122 0.84 0.12 0.85 0.12 0.852 0.118 0.856 0.118 0.858 0.116 0.868 0.116 0.87 0.114 0.876 0.114 0.878 0.112 0.882 0.112 0.884 0.11 0.89 0.11 0.892 0.108 0.9 0.108 0.902 0.106 0.912 0.106 0.914 0.104 0.918 0.104 0.92 0.102 0.924 0.102 0.926 0.1 0.932 0.1 0.934 0.098 0.94 0.098 0.942 0.096 0.948 0.096 0.95 0.094 0.956 0.094 0.958 0.092 0.964 0.092 0.966 0.09 0.972 0.09 0.974 0.088 0.978 0.088 0.98 0.086 0.986 0.086 0.988 0.084 0.996 0.084 0.998 0.082 0.998 0.052 0.996 0.05 0.996 0.048 0.994 0.046 0.994 0.04 0.992 0.038 0.992 0.034 0.99 0.032 0.99 0.03 0.988 0.028 0.988 0.026 0.986 0.024 0.986 0.022 0.984 0.02 0.984 0.01 0.982 0.008
4 0.015 0.954 0.026 0.024 0.014 0.942 0.012 0.944 0.008 0.944 0.006 0.946 0.004 0.946 0.002 0.948 0.002 0.958 0.004 0.96 0.004 0.962 0.006 0.962 0.008 0.964 0.014 0.964 0.016 0.962 0.018 0.962 0.02 0.96 0.022 0.96 0.024 0.958 0.024 0.956 0.026 0.954 0.026 0.952 0.024 0.95 0.024 0.946 0.02 0.942
4 0.504 0.992 0.024 0.016 0.498 0.984 0.492 0.99 0.492 0.998 0.514 0.998 0.512 0.996 0.512 0.994 0.51 0.992 0.51 0.99 0.508 0.988 0.506 0.988 0.504 0.986 0.5 0.986
4 0.812 0.94 0.028 0.024 0.806 0.928 0.804 0.93 0.798 0.93 0.798 0.936 0.8 0.938 0.8 0.946 0.804 0.95 0.806 0.95 0.808 0.948 0.814 0.948 0.816 0.946 0.822 0.946 0.824 0.944 0.824 0.936 0.822 0.934 0.822 0.928
