3 0.463 0.178 0.118 0.128 0.45 0.114 0.448 0.116 0.446 0.116 0.442 0.12 0.44 0.12 0.436 0.124 0.434 0.124 0.432 0.126 0.43 0.126 0.426 0.13 0.424 0.13 0.42 0.134 0.418 0.134 0.416 0.136 0.414 0.136 0.41 0.14 0.408 0.14 0.404 0.144 0.404 0.15 0.406 0.152 0.406 0.154 0.412 0.16 0.412 0.162 0.416 0.166 0.416 0.168 0.418 0.17 0.418 0.172 0.422 0.176 0.422 0.178 0.444 0.2 0.444 0.202 0.448 0.206 0.448 0.208 0.452 0.212 0.452 0.214 0.458 0.22 0.458 0.222 0.462 0.226 0.462 0.228 0.464 0.23 0.464 0.232 0.466 0.234 0.466 0.236 0.47 0.24 0.482 0.24 0.486 0.236 0.488 0.236 0.494 0.23 0.496 0.23 0.5 0.226 0.502 0.226 0.508 0.22 0.51 0.22 0.512 0.218 0.514 0.218 0.52 0.212 0.52 0.206 0.518 0.204 0.518 0.202 0.516 0.2 0.516 0.196 0.514 0.194 0.514 0.192 0.51 0.188 0.51 0.186 0.506 0.182 0.506 0.18 0.498 0.172 0.498 0.17 0.494 0.166 0.494 0.164 0.488 0.158 0.488 0.156 0.48 0.148 0.48 0.146 0.478 0.144 0.478 0.142 0.474 0.138 0.474 0.136 0.466 0.128 0.466 0.126 0.464 0.124 0.464 0.122 0.456 0.114
7 0.755 0.885 0.026 0.03 0.756 0.87 0.752 0.874 0.75 0.874 0.748 0.876 0.746 0.876 0.742 0.88 0.742 0.884 0.746 0.888 0.748 0.888 0.75 0.89 0.752 0.89 0.756 0.894 0.756 0.896 0.758 0.896 0.76 0.898 0.762 0.898 0.764 0.896 0.766 0.896 0.766 0.89 0.762 0.886 0.762 0.884 0.76 0.882 0.76 0.88 0.766 0.874 0.766 0.87
5 0.279 0.262 0.022 0.02 0.274 0.252 0.272 0.254 0.27 0.254 0.268 0.256 0.268 0.264 0.274 0.27 0.276 0.27 0.278 0.268 0.282 0.268 0.284 0.266 0.286 0.266 0.288 0.264 0.288 0.258 0.286 0.256 0.284 0.256 0.282 0.254 0.276 0.254
5 0.204 0.274 0.024 0.028 0.204 0.26 0.202 0.262 0.2 0.262 0.198 0.264 0.196 0.264 0.192 0.268 0.192 0.276 0.194 0.278 0.194 0.28 0.2 0.286 0.202 0.286 0.204 0.284 0.206 0.284 0.208 0.282 0.21 0.282 0.214 0.278 0.214 0.27 0.208 0.264 0.208 0.262 0.206 0.262
5 0.439 0.088 0.018 0.02 0.438 0.078 0.434 0.082 0.432 0.082 0.432 0.084 0.43 0.086 0.43 0.09 0.432 0.092 0.432 0.096 0.436 0.096 0.438 0.094 0.44 0.094 0.446 0.088 0.446 0.086 0.444 0.084 0.444 0.08 0.442 0.078
5 0.295 0.374 0.03 0.028 0.292 0.36 0.29 0.362 0.288 0.362 0.286 0.364 0.284 0.364 0.28 0.368 0.28 0.374 0.282 0.376 0.282 0.378 0.284 0.38 0.284 0.382 0.288 0.386 0.296 0.386 0.306 0.376 0.306 0.374 0.308 0.372 0.308 0.37 0.306 0.368 0.306 0.364 0.302 0.36
7 0.579 0.018 0.014 0.012 0.576 0.012 0.574 0.014 0.572 0.014 0.572 0.02 0.574 0.022 0.584 0.022 0.584 0.014 0.582 0.012
7 0.245 0.252 0.01 0.012 0.24 0.246 0.24 0.256 0.244 0.256 0.246 0.254 0.248 0.254 0.248 0.25 0.244 0.246
7 0.157 0.388 0.018 0.02 0.15 0.378 0.148 0.38 0.148 0.39 0.15 0.392 0.15 0.394 0.152 0.396 0.164 0.396 0.164 0.388 0.16 0.384 0.16 0.382 0.156 0.378
7 0.58 0.832 0.012 0.012 0.578 0.826 0.576 0.828 0.574 0.828 0.574 0.834 0.576 0.836 0.58 0.836 0.582 0.834 0.582 0.832 0.584 0.83 0.584 0.828 0.582 0.828 0.58 0.826
5 0.032 0.521 0.024 0.026 0.032 0.508 0.03 0.51 0.028 0.51 0.022 0.516 0.022 0.518 0.02 0.52 0.022 0.522 0.022 0.526 0.026 0.53 0.028 0.53 0.03 0.532 0.034 0.532 0.036 0.53 0.038 0.53 0.042 0.526 0.042 0.516 0.04 0.514 0.04 0.512 0.038 0.51 0.036 0.51 0.034 0.508
0 0.676 0.881 0.112 0.098 0.708 0.832 0.706 0.834 0.704 0.834 0.7 0.838 0.698 0.838 0.692 0.844 0.692 0.846 0.69 0.848 0.688 0.848 0.686 0.85 0.684 0.85 0.676 0.858 0.674 0.858 0.67 0.862 0.668 0.862 0.66 0.87 0.658 0.87 0.658 0.872 0.654 0.876 0.652 0.876 0.65 0.878 0.648 0.878 0.642 0.884 0.64 0.884 0.632 0.892 0.63 0.892 0.628 0.894 0.626 0.894 0.622 0.898 0.622 0.9 0.62 0.902 0.62 0.904 0.622 0.906 0.622 0.908 0.626 0.912 0.626 0.914 0.64 0.928 0.644 0.928 0.648 0.924 0.65 0.924 0.654 0.92 0.656 0.92 0.662 0.914 0.664 0.914 0.676 0.902 0.68 0.902 0.688 0.894 0.69 0.894 0.698 0.886 0.7 0.886 0.704 0.882 0.706 0.882 0.71 0.878 0.71 0.876 0.716 0.87 0.718 0.87 0.724 0.864 0.726 0.864 0.73 0.86 0.73 0.858 0.728 0.856 0.728 0.854 0.72 0.846 0.72 0.844
3 0.172 0.336 0.08 0.104 0.166 0.284 0.162 0.288 0.16 0.288 0.156 0.292 0.154 0.292 0.15 0.296 0.148 0.296 0.146 0.298 0.144 0.298 0.14 0.302 0.138 0.302 0.136 0.304 0.134 0.304 0.132 0.306 0.132 0.312 0.134 0.314 0.134 0.316 0.138 0.32 0.138 0.322 0.142 0.326 0.142 0.328 0.146 0.332 0.146 0.334 0.152 0.34 0.152 0.342 0.158 0.348 0.158 0.35 0.16 0.352 0.16 0.354 0.164 0.358 0.164 0.36 0.168 0.364 0.168 0.366 0.174 0.372 0.174 0.374 0.18 0.38 0.18 0.382 0.184 0.386 0.184 0.382 0.196 0.37 0.196 0.368 0.198 0.366 0.198 0.364 0.202 0.36 0.202 0.358 0.204 0.356 0.204 0.354 0.206 0.352 0.206 0.348 0.21 0.344 0.21 0.34 0.206 0.336 0.206 0.334 0.2 0.328 0.2 0.326 0.196 0.322 0.196 0.32 0.188 0.312 0.188 0.31 0.186 0.308 0.186 0.306 0.172 0.292 0.172 0.29
4 0.602 0.782 0.028 0.028 0.602 0.768 0.6 0.77 0.598 0.77 0.596 0.772 0.594 0.772 0.588 0.778 0.588 0.784 0.59 0.786 0.59 0.788 0.596 0.794 0.602 0.794 0.608 0.788 0.61 0.788 0.61 0.786 0.614 0.782 0.612 0.78 0.612 0.776 0.61 0.774 0.61 0.772 0.608 0.77 0.604 0.77
