2 0.814 0.921 0.08 0.07 0.84 0.886 0.838 0.888 0.83 0.888 0.828 0.89 0.822 0.89 0.82 0.892 0.816 0.892 0.814 0.894 0.81 0.894 0.808 0.896 0.804 0.896 0.802 0.898 0.796 0.898 0.794 0.9 0.79 0.9 0.788 0.902 0.786 0.902 0.784 0.904 0.782 0.904 0.78 0.906 0.778 0.906 0.776 0.908 0.774 0.908 0.774 0.914 0.778 0.918 0.778 0.922 0.78 0.924 0.78 0.936 0.782 0.938 0.782 0.944 0.784 0.946 0.784 0.952 0.786 0.954 0.788 0.954 0.788 0.952 0.792 0.948 0.804 0.948 0.806 0.946 0.808 0.946 0.81 0.944 0.812 0.946 0.814 0.944 0.816 0.944 0.818 0.942 0.82 0.942 0.822 0.94 0.83 0.94 0.832 0.938 0.834 0.938 0.838 0.934 0.84 0.934 0.842 0.932 0.846 0.932 0.848 0.93 0.85 0.93 0.852 0.928 0.852 0.92 0.85 0.918 0.85 0.912 0.848 0.91 0.848 0.9 0.846 0.898 0.846 0.89 0.842 0.886
7 0.073 0.407 0.026 0.026 0.068 0.394 0.066 0.396 0.066 0.398 0.064 0.4 0.064 0.402 0.062 0.404 0.062 0.408 0.06 0.41 0.06 0.414 0.062 0.414 0.064 0.416 0.066 0.416 0.068 0.418 0.08 0.418 0.082 0.416 0.082 0.41 0.084 0.408 0.084 0.4 0.082 0.398 0.08 0.398 0.078 0.396 0.074 0.396 0.072 0.394
2 0.565 0.977 0.074 0.042 0.56 0.956 0.556 0.96 0.532 0.96 0.532 0.962 0.53 0.964 0.53 0.974 0.528 0.976 0.528 0.994 0.53 0.996 0.56 0.996 0.562 0.994 0.566 0.994 0.568 0.996 0.57 0.994 0.598 0.994 0.6 0.992 0.6 0.962 0.596 0.958 0.57 0.958 0.568 0.956
4 0.743 0.945 0.022 0.03 0.736 0.93 0.732 0.934 0.732 0.95 0.734 0.952 0.734 0.956 0.736 0.956 0.738 0.958 0.742 0.958 0.744 0.956 0.746 0.956 0.752 0.95 0.752 0.944 0.748 0.94 0.748 0.938 0.746 0.936 0.746 0.932 0.744 0.93
3 0.502 0.916 0.032 0.016 0.49 0.908 0.488 0.91 0.486 0.91 0.486 0.92 0.488 0.92 0.49 0.922 0.498 0.922 0.5 0.92 0.506 0.92 0.508 0.922 0.512 0.922 0.514 0.92 0.516 0.92 0.516 0.912 0.512 0.908 0.506 0.908 0.504 0.91 0.498 0.91 0.496 0.908
3 0.555 0.911 0.03 0.018 0.552 0.902 0.55 0.904 0.544 0.904 0.542 0.906 0.54 0.906 0.54 0.91 0.542 0.91 0.544 0.912 0.546 0.912 0.548 0.914 0.548 0.916 0.55 0.918 0.562 0.918 0.564 0.916 0.566 0.916 0.568 0.914 0.568 0.904 0.566 0.902
3 0.653 0.898 0.03 0.02 0.658 0.888 0.656 0.89 0.648 0.89 0.646 0.892 0.644 0.892 0.642 0.894 0.64 0.894 0.638 0.896 0.64 0.898 0.642 0.898 0.65 0.906 0.654 0.906 0.656 0.904 0.66 0.904 0.664 0.9 0.664 0.898 0.666 0.896 0.666 0.892 0.664 0.89 0.664 0.888
3 0.727 0.875 0.026 0.022 0.73 0.864 0.728 0.866 0.724 0.866 0.722 0.868 0.72 0.868 0.718 0.87 0.716 0.87 0.714 0.872 0.714 0.876 0.716 0.878 0.716 0.88 0.72 0.884 0.728 0.884 0.73 0.882 0.732 0.882 0.734 0.88 0.736 0.88 0.736 0.878 0.738 0.876 0.738 0.868 0.734 0.864
3 0.784 0.857 0.032 0.022 0.792 0.846 0.79 0.848 0.788 0.848 0.786 0.85 0.784 0.85 0.778 0.856 0.776 0.854 0.77 0.854 0.768 0.856 0.768 0.86 0.77 0.862 0.77 0.864 0.772 0.866 0.774 0.866 0.776 0.864 0.778 0.864 0.782 0.86 0.786 0.86 0.788 0.858 0.796 0.858 0.798 0.856 0.798 0.848 0.796 0.846
3 0.86 0.83 0.028 0.02 0.868 0.82 0.866 0.822 0.862 0.822 0.86 0.824 0.856 0.824 0.854 0.826 0.852 0.826 0.852 0.828 0.846 0.834 0.848 0.836 0.852 0.836 0.854 0.838 0.864 0.838 0.866 0.836 0.868 0.836 0.87 0.834 0.872 0.834 0.872 0.82
3 0.926 0.812 0.024 0.02 0.928 0.802 0.926 0.804 0.922 0.804 0.92 0.806 0.916 0.806 0.914 0.808 0.914 0.81 0.916 0.812 0.916 0.814 0.918 0.816 0.918 0.818 0.92 0.82 0.926 0.82 0.928 0.818 0.932 0.818 0.936 0.814 0.936 0.802
5 0.93 0.944 0.024 0.04 0.93 0.924 0.928 0.926 0.926 0.926 0.924 0.928 0.922 0.928 0.92 0.93 0.918 0.93 0.918 0.94 0.92 0.942 0.92 0.948 0.922 0.95 0.922 0.954 0.93 0.962 0.938 0.962 0.938 0.96 0.94 0.958 0.94 0.948 0.938 0.946 0.938 0.942 0.936 0.94 0.936 0.93 0.934 0.928 0.934 0.926 0.932 0.926
4 0.669 0.962 0.022 0.024 0.662 0.95 0.658 0.954 0.658 0.96 0.66 0.962 0.66 0.968 0.664 0.972 0.676 0.972 0.678 0.97 0.678 0.958 0.676 0.956 0.676 0.952 0.674 0.95
2 0.958 0.878 0.064 0.064 0.966 0.846 0.964 0.848 0.956 0.848 0.954 0.85 0.948 0.85 0.946 0.852 0.944 0.852 0.942 0.854 0.936 0.854 0.934 0.856 0.93 0.856 0.928 0.858 0.928 0.86 0.926 0.862 0.926 0.864 0.928 0.866 0.928 0.874 0.93 0.876 0.93 0.882 0.932 0.884 0.932 0.89 0.934 0.892 0.934 0.902 0.936 0.904 0.936 0.906 0.938 0.908 0.94 0.906 0.942 0.906 0.946 0.902 0.952 0.902 0.954 0.9 0.956 0.9 0.958 0.898 0.964 0.898 0.966 0.896 0.97 0.896 0.972 0.894 0.974 0.894 0.976 0.892 0.978 0.892 0.98 0.89 0.982 0.89 0.984 0.892 0.984 0.894 0.986 0.892 0.986 0.888 0.988 0.886 0.988 0.882 0.986 0.88 0.986 0.874 0.984 0.872 0.984 0.858 0.982 0.856 0.982 0.854 0.98 0.852 0.98 0.85 0.978 0.85 0.976 0.848 0.972 0.848 0.97 0.846
7 0.031 0.575 0.014 0.022 0.028 0.564 0.024 0.568 0.024 0.58 0.026 0.582 0.028 0.582 0.03 0.584 0.032 0.584 0.036 0.58 0.036 0.566 0.032 0.566 0.03 0.564
7 0.31 0.485 0.024 0.022 0.3 0.474 0.3 0.478 0.298 0.48 0.298 0.49 0.3 0.49 0.302 0.492 0.306 0.492 0.308 0.494 0.316 0.494 0.318 0.492 0.318 0.488 0.32 0.486 0.32 0.476 0.318 0.474
7 0.331 0.444 0.014 0.02 0.328 0.434 0.324 0.438 0.324 0.45 0.326 0.45 0.328 0.452 0.332 0.452 0.336 0.448 0.336 0.436 0.334 0.436 0.332 0.434
7 0.231 0.459 0.022 0.026 0.226 0.446 0.224 0.448 0.224 0.45 0.222 0.452 0.222 0.454 0.22 0.456 0.22 0.466 0.224 0.466 0.226 0.468 0.232 0.468 0.234 0.47 0.236 0.47 0.24 0.466 0.24 0.45 0.238 0.45 0.236 0.448 0.232 0.448 0.23 0.446
7 0.326 0.436 0.028 0.036 0.314 0.418 0.312 0.42 0.312 0.422 0.314 0.424 0.314 0.428 0.32 0.434 0.32 0.436 0.322 0.438 0.322 0.446 0.324 0.448 0.324 0.45 0.326 0.452 0.332 0.452 0.336 0.448 0.336 0.446 0.338 0.444 0.338 0.438 0.33 0.43 0.328 0.43 0.324 0.426 0.324 0.424 0.318 0.418
