5 0.53 0.468 0.024 0.024 0.522 0.456 0.52 0.458 0.518 0.458 0.518 0.476 0.52 0.476 0.522 0.478 0.524 0.478 0.526 0.476 0.536 0.476 0.538 0.474 0.54 0.474 0.54 0.458 0.538 0.458 0.536 0.456
4 0.336 0.211 0.016 0.026 0.33 0.198 0.328 0.2 0.328 0.22 0.33 0.222 0.336 0.222 0.342 0.216 0.342 0.206 0.334 0.198
7 0.72 0.901 0.02 0.03 0.716 0.886 0.712 0.89 0.712 0.894 0.71 0.896 0.71 0.91 0.712 0.912 0.714 0.912 0.716 0.914 0.722 0.914 0.724 0.912 0.724 0.91 0.726 0.908 0.726 0.906 0.728 0.904 0.728 0.89 0.724 0.89 0.722 0.888 0.718 0.888
3 0.761 0.971 0.11 0.058 0.754 0.942 0.75 0.946 0.748 0.946 0.746 0.948 0.744 0.948 0.742 0.95 0.74 0.95 0.738 0.952 0.736 0.952 0.734 0.954 0.732 0.954 0.73 0.956 0.728 0.956 0.724 0.96 0.722 0.96 0.72 0.962 0.718 0.962 0.716 0.964 0.714 0.964 0.712 0.966 0.71 0.966 0.708 0.968 0.706 0.968 0.71 0.972 0.71 0.974 0.714 0.978 0.714 0.98 0.718 0.984 0.718 0.986 0.722 0.99 0.722 0.992 0.726 0.996 0.734 0.996 0.734 0.992 0.736 0.99 0.736 0.986 0.738 0.984 0.738 0.98 0.742 0.976 0.756 0.976 0.758 0.978 0.786 0.978 0.788 0.98 0.802 0.98 0.804 0.982 0.804 0.984 0.802 0.986 0.802 0.994 0.8 0.996 0.8 0.998 0.806 0.998 0.806 0.994 0.808 0.992 0.808 0.984 0.81 0.982 0.81 0.972 0.812 0.97 0.812 0.962 0.814 0.96 0.814 0.956 0.812 0.956 0.81 0.954 0.804 0.954 0.802 0.952 0.794 0.952 0.792 0.95 0.786 0.95 0.784 0.948 0.778 0.948 0.776 0.946 0.768 0.946 0.766 0.944 0.76 0.944 0.758 0.942
0 0.769 0.989 0.07 0.022 0.742 0.978 0.74 0.98 0.74 0.984 0.738 0.986 0.738 0.99 0.736 0.992 0.736 0.996 0.734 0.998 0.798 0.998 0.798 0.996 0.8 0.994 0.8 0.986 0.802 0.984 0.802 0.982 0.788 0.982 0.786 0.98 0.758 0.98 0.756 0.978
5 0.771 0.484 0.014 0.02 0.766 0.474 0.764 0.476 0.764 0.49 0.766 0.492 0.774 0.492 0.774 0.484 0.776 0.482 0.774 0.48 0.774 0.476 0.772 0.474
3 0.783 0.553 0.062 0.11 0.77 0.498 0.768 0.5 0.766 0.5 0.764 0.502 0.764 0.506 0.762 0.508 0.762 0.516 0.76 0.518 0.76 0.526 0.758 0.528 0.758 0.532 0.756 0.534 0.756 0.536 0.754 0.538 0.754 0.55 0.752 0.552 0.752 0.564 0.754 0.566 0.754 0.58 0.752 0.582 0.752 0.588 0.754 0.588 0.756 0.59 0.758 0.59 0.766 0.598 0.77 0.598 0.772 0.6 0.78 0.6 0.782 0.602 0.786 0.602 0.788 0.604 0.788 0.606 0.79 0.606 0.792 0.604 0.792 0.602 0.794 0.6 0.794 0.59 0.796 0.588 0.796 0.578 0.798 0.576 0.798 0.568 0.8 0.566 0.8 0.56 0.802 0.558 0.802 0.552 0.804 0.55 0.804 0.546 0.806 0.544 0.806 0.536 0.808 0.534 0.808 0.528 0.81 0.526 0.81 0.518 0.812 0.516 0.812 0.51 0.81 0.508 0.808 0.508 0.806 0.506 0.804 0.506 0.802 0.504 0.8 0.504 0.798 0.502 0.796 0.502 0.794 0.5 0.788 0.5 0.786 0.498
3 0.729 0.449 0.066 0.09 0.73 0.404 0.72 0.414 0.716 0.414 0.714 0.416 0.71 0.416 0.708 0.418 0.708 0.42 0.706 0.422 0.706 0.426 0.702 0.43 0.702 0.432 0.7 0.434 0.7 0.436 0.698 0.438 0.698 0.444 0.696 0.446 0.696 0.448 0.704 0.456 0.704 0.462 0.702 0.464 0.702 0.472 0.7 0.474 0.7 0.484 0.706 0.484 0.708 0.486 0.714 0.486 0.716 0.488 0.724 0.488 0.726 0.49 0.728 0.49 0.73 0.492 0.744 0.492 0.744 0.49 0.746 0.488 0.746 0.482 0.748 0.48 0.748 0.474 0.75 0.472 0.75 0.468 0.752 0.466 0.752 0.458 0.754 0.456 0.754 0.45 0.756 0.448 0.756 0.442 0.758 0.44 0.758 0.43 0.76 0.428 0.76 0.42 0.756 0.416 0.754 0.416 0.75 0.412 0.746 0.412 0.744 0.41 0.742 0.41 0.74 0.408 0.738 0.408 0.736 0.406 0.734 0.406 0.732 0.404
4 0.343 0.356 0.018 0.012 0.34 0.35 0.338 0.352 0.336 0.352 0.336 0.354 0.334 0.356 0.338 0.36 0.348 0.36 0.35 0.358 0.35 0.354 0.348 0.352 0.348 0.35
4 0.075 0.012 0.014 0.016 0.072 0.004 0.068 0.008 0.068 0.012 0.07 0.014 0.07 0.016 0.072 0.018 0.074 0.016 0.078 0.016 0.08 0.014 0.08 0.01 0.076 0.006 0.076 0.004
3 0.171 0.044 0.082 0.068 0.188 0.01 0.186 0.012 0.182 0.012 0.18 0.014 0.176 0.014 0.174 0.016 0.172 0.016 0.17 0.018 0.166 0.018 0.164 0.02 0.16 0.02 0.158 0.022 0.154 0.022 0.148 0.028 0.148 0.03 0.146 0.032 0.146 0.034 0.142 0.038 0.142 0.04 0.14 0.042 0.14 0.044 0.136 0.048 0.136 0.05 0.134 0.052 0.134 0.054 0.13 0.058 0.132 0.06 0.134 0.06 0.136 0.062 0.138 0.062 0.14 0.064 0.142 0.064 0.144 0.066 0.146 0.066 0.148 0.068 0.15 0.068 0.152 0.07 0.154 0.07 0.156 0.072 0.158 0.072 0.16 0.074 0.162 0.074 0.164 0.076 0.166 0.076 0.168 0.074 0.172 0.074 0.174 0.072 0.178 0.072 0.18 0.07 0.184 0.07 0.186 0.068 0.19 0.068 0.192 0.066 0.196 0.066 0.198 0.064 0.202 0.064 0.204 0.062 0.208 0.062 0.21 0.06 0.208 0.058 0.208 0.054 0.206 0.052 0.206 0.05 0.204 0.048 0.204 0.046 0.202 0.044 0.202 0.04 0.2 0.038 0.2 0.036 0.198 0.034 0.198 0.032 0.196 0.03 0.196 0.026 0.194 0.024 0.194 0.022 0.192 0.02 0.192 0.018 0.19 0.016 0.19 0.012
6 0.975 0.041 0.05 0.066 0.972 0.008 0.97 0.01 0.962 0.01 0.96 0.012 0.958 0.012 0.958 0.014 0.956 0.016 0.956 0.02 0.954 0.022 0.954 0.026 0.95 0.03 0.95 0.068 0.954 0.072 0.966 0.072 0.968 0.07 0.97 0.07 0.972 0.068 0.998 0.068 0.998 0.01 0.996 0.01 0.994 0.008
2 0.873 0.08 0.022 0.048 0.868 0.056 0.866 0.058 0.866 0.062 0.864 0.064 0.864 0.082 0.862 0.084 0.862 0.1 0.864 0.102 0.874 0.102 0.876 0.1 0.878 0.1 0.88 0.098 0.88 0.094 0.882 0.092 0.882 0.068 0.88 0.066 0.88 0.06 0.878 0.058 0.876 0.058 0.874 0.056
7 0.449 0.889 0.014 0.014 0.444 0.882 0.444 0.886 0.442 0.888 0.442 0.892 0.444 0.894 0.446 0.894 0.448 0.892 0.454 0.892 0.454 0.886 0.452 0.884 0.45 0.884 0.448 0.882
7 0.425 0.817 0.006 0.006 0.422 0.814 0.422 0.818 0.426 0.818 0.426 0.814
7 0.377 0.223 0.018 0.014 0.374 0.216 0.368 0.222 0.368 0.228 0.378 0.228 0.382 0.224 0.382 0.222 0.384 0.22 0.382 0.218 0.382 0.216
2 0.357 0.501 0.054 0.042 0.368 0.48 0.366 0.482 0.356 0.482 0.354 0.484 0.34 0.484 0.338 0.486 0.336 0.486 0.334 0.488 0.332 0.488 0.33 0.49 0.33 0.508 0.332 0.51 0.332 0.514 0.336 0.518 0.342 0.518 0.344 0.52 0.38 0.52 0.38 0.518 0.382 0.516 0.382 0.512 0.38 0.51 0.38 0.484 0.378 0.482 0.376 0.482 0.374 0.48
7 0.462 0.189 0.016 0.01 0.458 0.184 0.454 0.188 0.454 0.19 0.456 0.192 0.468 0.192 0.468 0.19 0.464 0.186 0.462 0.186 0.46 0.184
4 0.492 0.178 0.012 0.012 0.49 0.172 0.488 0.174 0.488 0.176 0.486 0.178 0.486 0.18 0.488 0.182 0.494 0.182 0.496 0.18 0.496 0.176 0.492 0.172
4 0.235 0.166 0.014 0.012 0.23 0.16 0.228 0.162 0.228 0.17 0.236 0.17 0.238 0.168 0.238 0.166 0.24 0.164 0.24 0.162 0.238 0.16
5 0.985 0.948 0.022 0.028 0.978 0.934 0.978 0.936 0.976 0.938 0.976 0.944 0.974 0.946 0.974 0.958 0.98 0.958 0.982 0.96 0.99 0.96 0.992 0.958 0.992 0.956 0.994 0.954 0.994 0.936 0.992 0.934
5 0.447 0.907 0.022 0.022 0.44 0.896 0.438 0.898 0.438 0.902 0.436 0.904 0.436 0.912 0.438 0.914 0.448 0.914 0.45 0.916 0.452 0.914 0.454 0.914 0.454 0.91 0.456 0.908 0.456 0.9 0.454 0.898 0.446 0.898 0.444 0.896
5 0.464 0.803 0.02 0.018 0.46 0.794 0.458 0.796 0.456 0.796 0.456 0.798 0.454 0.8 0.454 0.808 0.456 0.808 0.458 0.81 0.466 0.81 0.468 0.808 0.47 0.808 0.472 0.806 0.472 0.8 0.47 0.798 0.47 0.796 0.468 0.794
5 0.747 0.575 0.014 0.018 0.742 0.566 0.742 0.572 0.74 0.574 0.74 0.58 0.742 0.582 0.748 0.582 0.752 0.578 0.752 0.566
5 0.263 0.508 0.018 0.016 0.266 0.5 0.264 0.502 0.258 0.502 0.258 0.504 0.254 0.508 0.258 0.512 0.262 0.512 0.264 0.514 0.266 0.514 0.268 0.512 0.27 0.512 0.27 0.5
3 0.815 0.389 0.078 0.098 0.8 0.34 0.798 0.342 0.796 0.342 0.794 0.344 0.794 0.346 0.792 0.348 0.792 0.35 0.79 0.352 0.79 0.356 0.788 0.358 0.788 0.364 0.786 0.366 0.786 0.378 0.784 0.38 0.784 0.384 0.782 0.386 0.782 0.39 0.78 0.392 0.78 0.398 0.778 0.4 0.778 0.412 0.776 0.414 0.776 0.42 0.786 0.43 0.79 0.43 0.792 0.432 0.814 0.432 0.816 0.434 0.818 0.434 0.82 0.436 0.826 0.436 0.828 0.434 0.83 0.434 0.832 0.432 0.832 0.43 0.834 0.428 0.834 0.426 0.836 0.424 0.836 0.418 0.838 0.416 0.838 0.41 0.84 0.408 0.84 0.402 0.842 0.4 0.842 0.398 0.844 0.396 0.844 0.388 0.846 0.386 0.846 0.38 0.848 0.378 0.848 0.37 0.85 0.368 0.85 0.362 0.852 0.36 0.852 0.356 0.848 0.352 0.838 0.352 0.836 0.35 0.826 0.35 0.822 0.346 0.82 0.346 0.818 0.344 0.814 0.344 0.812 0.342 0.804 0.342 0.802 0.34
3 0.62 0.971 0.06 0.058 0.618 0.942 0.616 0.944 0.612 0.944 0.61 0.946 0.604 0.946 0.602 0.948 0.602 0.95 0.6 0.952 0.6 0.958 0.598 0.96 0.598 0.966 0.596 0.968 0.596 0.972 0.594 0.974 0.594 0.984 0.592 0.986 0.592 0.996 0.59 0.998 0.64 0.998 0.642 0.996 0.642 0.994 0.644 0.992 0.644 0.988 0.646 0.986 0.646 0.984 0.648 0.982 0.648 0.974 0.646 0.972 0.646 0.97 0.642 0.966 0.642 0.964 0.64 0.962 0.64 0.96 0.628 0.948 0.626 0.948 0.624 0.946 0.622 0.946
4 0.423 0.228 0.014 0.016 0.42 0.22 0.416 0.224 0.416 0.232 0.418 0.234 0.426 0.234 0.428 0.232 0.428 0.222 0.426 0.22
4 0.209 0.495 0.022 0.026 0.198 0.482 0.198 0.5 0.2 0.502 0.2 0.504 0.202 0.506 0.214 0.506 0.218 0.502 0.218 0.486 0.216 0.484 0.216 0.482
4 0.347 0.796 0.014 0.016 0.342 0.788 0.34 0.79 0.34 0.798 0.344 0.802 0.348 0.802 0.352 0.798 0.352 0.788
4 0.399 0.836 0.022 0.02 0.392 0.826 0.388 0.83 0.388 0.844 0.404 0.844 0.408 0.84 0.408 0.828 0.406 0.826
7 0.456 0.826 0.02 0.02 0.45 0.816 0.448 0.818 0.448 0.82 0.446 0.822 0.446 0.828 0.448 0.83 0.448 0.832 0.452 0.832 0.454 0.834 0.456 0.832 0.462 0.832 0.464 0.83 0.464 0.816
4 0.931 0.987 0.022 0.026 0.926 0.974 0.924 0.976 0.924 0.978 0.922 0.98 0.922 0.982 0.92 0.984 0.92 0.996 0.922 0.998 0.938 0.998 0.938 0.996 0.94 0.994 0.94 0.976 0.938 0.974
5 0.439 0.188 0.014 0.012 0.434 0.182 0.432 0.184 0.432 0.192 0.442 0.192 0.444 0.19 0.444 0.186 0.44 0.182
5 0.777 0.432 0.018 0.016 0.77 0.424 0.768 0.426 0.768 0.436 0.77 0.436 0.772 0.438 0.778 0.438 0.784 0.432 0.784 0.43 0.778 0.424
