7 0.465 0.931 0.014 0.01 0.458 0.926 0.46 0.928 0.46 0.93 0.464 0.93 0.466 0.932 0.468 0.932 0.47 0.934 0.47 0.928 0.468 0.926
4 0.332 0.913 0.076 0.038 0.358 0.894 0.356 0.896 0.342 0.896 0.34 0.898 0.33 0.898 0.328 0.9 0.318 0.9 0.316 0.902 0.306 0.902 0.304 0.904 0.298 0.904 0.296 0.906 0.294 0.906 0.294 0.92 0.296 0.922 0.296 0.928 0.298 0.93 0.312 0.93 0.314 0.928 0.32 0.928 0.322 0.926 0.328 0.926 0.33 0.924 0.336 0.924 0.338 0.922 0.348 0.922 0.35 0.92 0.356 0.92 0.358 0.918 0.36 0.918 0.362 0.916 0.364 0.916 0.368 0.912 0.368 0.904 0.366 0.902 0.366 0.898 0.362 0.894
6 0.905 0.858 0.106 0.088 0.924 0.814 0.922 0.816 0.92 0.816 0.918 0.818 0.916 0.818 0.914 0.82 0.91 0.82 0.908 0.822 0.906 0.822 0.904 0.824 0.902 0.824 0.9 0.826 0.896 0.826 0.894 0.828 0.888 0.828 0.886 0.83 0.884 0.83 0.882 0.832 0.88 0.832 0.878 0.834 0.874 0.834 0.872 0.836 0.87 0.836 0.868 0.838 0.866 0.838 0.864 0.84 0.86 0.84 0.858 0.842 0.856 0.842 0.852 0.846 0.852 0.85 0.854 0.852 0.854 0.856 0.856 0.858 0.856 0.862 0.858 0.864 0.858 0.866 0.86 0.868 0.86 0.87 0.862 0.872 0.862 0.876 0.864 0.878 0.864 0.884 0.866 0.886 0.866 0.89 0.868 0.892 0.868 0.896 0.872 0.9 0.874 0.9 0.876 0.898 0.878 0.898 0.88 0.896 0.884 0.896 0.886 0.894 0.89 0.894 0.892 0.892 0.896 0.892 0.898 0.89 0.902 0.89 0.904 0.888 0.906 0.888 0.908 0.886 0.912 0.886 0.914 0.884 0.918 0.884 0.92 0.882 0.924 0.882 0.926 0.88 0.93 0.88 0.932 0.878 0.934 0.878 0.936 0.876 0.942 0.876 0.944 0.874 0.946 0.874 0.948 0.872 0.954 0.872 0.956 0.87 0.956 0.866 0.952 0.862 0.952 0.858 0.95 0.856 0.95 0.854 0.948 0.852 0.948 0.85 0.946 0.848 0.946 0.846 0.944 0.844 0.944 0.84 0.942 0.838 0.942 0.836 0.94 0.834 0.94 0.832 0.938 0.83 0.938 0.828 0.936 0.826 0.936 0.822 0.934 0.82 0.934 0.816 0.932 0.814
7 0.5 0.511 0.02 0.014 0.492 0.504 0.492 0.506 0.49 0.508 0.492 0.51 0.492 0.514 0.494 0.514 0.496 0.516 0.502 0.516 0.504 0.514 0.506 0.514 0.508 0.512 0.508 0.506 0.506 0.504
7 0.52 0.524 0.008 0.012 0.516 0.518 0.516 0.528 0.52 0.528 0.522 0.526 0.522 0.524 0.52 0.522 0.52 0.518
3 0.908 0.786 0.184 0.12 0.994 0.726 0.992 0.728 0.99 0.728 0.986 0.732 0.984 0.732 0.98 0.736 0.978 0.736 0.972 0.742 0.97 0.742 0.968 0.74 0.966 0.74 0.964 0.738 0.962 0.738 0.96 0.74 0.956 0.74 0.954 0.742 0.952 0.742 0.95 0.744 0.946 0.744 0.944 0.746 0.94 0.746 0.938 0.748 0.934 0.748 0.932 0.75 0.928 0.75 0.926 0.752 0.922 0.752 0.92 0.754 0.914 0.754 0.912 0.756 0.91 0.756 0.908 0.758 0.904 0.758 0.902 0.76 0.9 0.76 0.898 0.762 0.896 0.762 0.894 0.764 0.89 0.764 0.888 0.766 0.884 0.766 0.882 0.768 0.878 0.768 0.876 0.77 0.872 0.77 0.87 0.772 0.868 0.772 0.866 0.774 0.862 0.774 0.86 0.776 0.856 0.776 0.854 0.778 0.85 0.778 0.848 0.78 0.844 0.78 0.842 0.782 0.84 0.782 0.838 0.784 0.834 0.784 0.832 0.786 0.824 0.786 0.822 0.788 0.816 0.788 0.816 0.798 0.818 0.8 0.818 0.802 0.82 0.804 0.82 0.806 0.822 0.808 0.822 0.81 0.824 0.812 0.824 0.814 0.826 0.816 0.826 0.82 0.828 0.822 0.828 0.826 0.83 0.828 0.83 0.83 0.832 0.832 0.832 0.834 0.834 0.836 0.834 0.838 0.836 0.84 0.836 0.842 0.838 0.842 0.84 0.844 0.842 0.842 0.848 0.842 0.85 0.84 0.852 0.84 0.854 0.838 0.858 0.838 0.86 0.836 0.862 0.836 0.864 0.834 0.868 0.834 0.87 0.832 0.872 0.832 0.874 0.83 0.878 0.83 0.88 0.828 0.884 0.828 0.886 0.826 0.89 0.826 0.892 0.824 0.896 0.824 0.898 0.822 0.9 0.822 0.902 0.82 0.906 0.82 0.908 0.818 0.91 0.818 0.912 0.816 0.914 0.816 0.916 0.814 0.92 0.814 0.922 0.812 0.924 0.812 0.926 0.81 0.928 0.81 0.93 0.808 0.934 0.808 0.936 0.806 0.938 0.806 0.94 0.804 0.942 0.804 0.942 0.798 0.94 0.796 0.94 0.79 0.944 0.786 0.946 0.786 0.948 0.784 0.954 0.784 0.956 0.782 0.962 0.782 0.964 0.78 0.97 0.78 0.972 0.778 0.974 0.778 0.976 0.776 0.978 0.776 0.982 0.772 0.984 0.772 0.986 0.77 0.988 0.77 0.992 0.766 0.994 0.766 0.998 0.762 0.998 0.726
5 0.457 0.917 0.022 0.022 0.454 0.906 0.452 0.908 0.45 0.908 0.446 0.912 0.446 0.914 0.448 0.916 0.452 0.916 0.454 0.918 0.454 0.92 0.458 0.924 0.458 0.926 0.466 0.926 0.466 0.918 0.464 0.916 0.464 0.908 0.462 0.906
1 0.07 0.199 0.14 0.106 0.118 0.146 0.116 0.148 0.104 0.148 0.102 0.15 0.096 0.15 0.094 0.152 0.088 0.152 0.086 0.154 0.078 0.154 0.076 0.156 0.066 0.156 0.064 0.158 0.058 0.158 0.056 0.16 0.05 0.16 0.048 0.162 0.042 0.162 0.04 0.164 0.032 0.164 0.03 0.166 0.024 0.166 0.022 0.168 0.014 0.168 0.012 0.17 0.004 0.17 0.002 0.172 0.0 0.172 0.0 0.25 0.002 0.248 0.008 0.248 0.01 0.246 0.02 0.246 0.022 0.244 0.028 0.244 0.03 0.242 0.038 0.242 0.04 0.24 0.048 0.24 0.05 0.238 0.056 0.238 0.058 0.236 0.068 0.236 0.07 0.234 0.076 0.234 0.078 0.232 0.084 0.232 0.086 0.23 0.092 0.23 0.094 0.228 0.1 0.228 0.102 0.226 0.108 0.226 0.11 0.224 0.118 0.224 0.12 0.222 0.124 0.222 0.126 0.22 0.126 0.218 0.128 0.216 0.126 0.214 0.126 0.204 0.13 0.2 0.134 0.2 0.136 0.198 0.138 0.198 0.138 0.186 0.136 0.184 0.136 0.18 0.134 0.178 0.134 0.172 0.132 0.17 0.132 0.166 0.13 0.164 0.13 0.16 0.128 0.158 0.128 0.154 0.126 0.152 0.126 0.148 0.124 0.146
3 0.208 0.967 0.068 0.066 0.218 0.934 0.216 0.936 0.214 0.936 0.212 0.938 0.206 0.938 0.204 0.94 0.196 0.94 0.194 0.942 0.186 0.942 0.184 0.944 0.178 0.944 0.176 0.946 0.174 0.946 0.174 0.956 0.176 0.958 0.176 0.964 0.178 0.966 0.178 0.972 0.18 0.974 0.18 0.984 0.182 0.986 0.182 0.994 0.184 0.996 0.184 0.998 0.24 0.998 0.24 0.994 0.238 0.992 0.238 0.982 0.236 0.98 0.236 0.968 0.234 0.966 0.234 0.958 0.232 0.956 0.232 0.95 0.23 0.948 0.23 0.936 0.228 0.934
4 0.34 0.184 0.048 0.036 0.342 0.166 0.34 0.168 0.326 0.168 0.324 0.17 0.318 0.17 0.316 0.172 0.316 0.196 0.318 0.198 0.318 0.2 0.336 0.2 0.338 0.198 0.352 0.198 0.354 0.196 0.362 0.196 0.362 0.172 0.36 0.17 0.36 0.166
4 0.474 0.466 0.02 0.024 0.472 0.454 0.47 0.456 0.468 0.456 0.464 0.46 0.464 0.464 0.466 0.466 0.466 0.47 0.468 0.472 0.468 0.474 0.47 0.476 0.478 0.476 0.482 0.472 0.482 0.46 0.48 0.458 0.48 0.456 0.478 0.454
7 0.722 0.409 0.012 0.014 0.72 0.402 0.718 0.404 0.718 0.408 0.716 0.41 0.716 0.412 0.718 0.414 0.722 0.414 0.724 0.412 0.726 0.412 0.726 0.402
5 0.275 0.304 0.026 0.024 0.262 0.292 0.262 0.296 0.264 0.298 0.264 0.304 0.266 0.306 0.266 0.31 0.27 0.314 0.272 0.314 0.274 0.312 0.284 0.312 0.286 0.31 0.286 0.306 0.284 0.304 0.284 0.296 0.282 0.294 0.282 0.292 0.276 0.292 0.274 0.294 0.266 0.294 0.264 0.292
5 0.886 0.422 0.024 0.02 0.878 0.412 0.876 0.414 0.874 0.414 0.874 0.426 0.876 0.428 0.876 0.43 0.886 0.43 0.888 0.428 0.89 0.428 0.892 0.426 0.894 0.426 0.894 0.424 0.896 0.422 0.896 0.42 0.894 0.418 0.888 0.418 0.884 0.414 0.88 0.414
5 0.977 0.728 0.026 0.028 0.982 0.714 0.98 0.716 0.968 0.716 0.964 0.72 0.964 0.724 0.966 0.726 0.966 0.736 0.97 0.74 0.972 0.74 0.978 0.734 0.98 0.734 0.984 0.73 0.986 0.73 0.988 0.728 0.988 0.726 0.986 0.724 0.986 0.72 0.984 0.718 0.984 0.716
7 0.067 0.991 0.01 0.01 0.064 0.986 0.064 0.988 0.062 0.99 0.066 0.994 0.07 0.99 0.07 0.986
7 0.098 0.986 0.02 0.02 0.098 0.976 0.096 0.978 0.094 0.978 0.088 0.984 0.088 0.988 0.09 0.988 0.096 0.994 0.098 0.994 0.098 0.992 0.106 0.984 0.106 0.978 0.104 0.976
3 0.889 0.689 0.222 0.138 0.968 0.62 0.966 0.622 0.962 0.622 0.96 0.624 0.958 0.624 0.956 0.626 0.952 0.626 0.95 0.628 0.946 0.628 0.944 0.63 0.942 0.63 0.94 0.632 0.936 0.632 0.934 0.634 0.93 0.634 0.928 0.636 0.924 0.636 0.922 0.638 0.918 0.638 0.916 0.64 0.914 0.64 0.912 0.642 0.908 0.642 0.906 0.644 0.902 0.644 0.9 0.646 0.896 0.646 0.894 0.648 0.89 0.648 0.888 0.65 0.884 0.65 0.882 0.652 0.88 0.652 0.878 0.654 0.874 0.654 0.872 0.656 0.868 0.656 0.866 0.658 0.862 0.658 0.86 0.66 0.856 0.66 0.854 0.662 0.852 0.662 0.85 0.664 0.846 0.664 0.844 0.666 0.838 0.666 0.836 0.668 0.834 0.668 0.832 0.67 0.828 0.67 0.826 0.672 0.822 0.672 0.82 0.674 0.816 0.674 0.814 0.676 0.81 0.676 0.808 0.678 0.804 0.678 0.802 0.68 0.798 0.68 0.796 0.682 0.792 0.682 0.79 0.684 0.786 0.684 0.784 0.686 0.782 0.686 0.778 0.69 0.778 0.7 0.78 0.702 0.78 0.706 0.782 0.708 0.782 0.712 0.784 0.714 0.784 0.718 0.786 0.72 0.786 0.724 0.788 0.726 0.788 0.73 0.79 0.732 0.79 0.734 0.792 0.736 0.792 0.74 0.794 0.742 0.794 0.744 0.796 0.746 0.796 0.75 0.798 0.752 0.798 0.754 0.8 0.754 0.802 0.756 0.804 0.754 0.806 0.754 0.808 0.752 0.81 0.752 0.812 0.75 0.816 0.75 0.818 0.748 0.82 0.748 0.822 0.746 0.824 0.746 0.826 0.744 0.828 0.744 0.83 0.742 0.834 0.742 0.836 0.74 0.84 0.74 0.846 0.734 0.852 0.734 0.854 0.732 0.858 0.732 0.862 0.728 0.868 0.728 0.87 0.726 0.874 0.726 0.882 0.718 0.89 0.718 0.892 0.72 0.894 0.72 0.896 0.722 0.904 0.714 0.91 0.714 0.912 0.712 0.916 0.712 0.918 0.71 0.92 0.71 0.922 0.708 0.924 0.708 0.926 0.706 0.928 0.706 0.93 0.704 0.934 0.704 0.936 0.702 0.942 0.702 0.944 0.7 0.946 0.7 0.948 0.698 0.954 0.698 0.956 0.696 0.958 0.696 0.96 0.694 0.966 0.694 0.968 0.692 0.97 0.692 0.972 0.69 0.976 0.69 0.978 0.688 0.982 0.688 0.984 0.686 0.988 0.686 0.99 0.684 0.994 0.684 0.996 0.682 0.998 0.682 0.998 0.66 0.996 0.658 0.996 0.656 0.994 0.654 0.994 0.65 0.992 0.648 0.992 0.646 0.99 0.644 0.99 0.64 0.988 0.638 0.988 0.636 0.986 0.634 0.986 0.63 0.984 0.628 0.984 0.626 0.982 0.624 0.982 0.62
5 0.425 0.54 0.026 0.024 0.42 0.528 0.418 0.53 0.416 0.53 0.414 0.532 0.414 0.534 0.412 0.536 0.412 0.548 0.414 0.55 0.43 0.55 0.432 0.548 0.434 0.548 0.436 0.546 0.436 0.534 0.43 0.528
5 0.242 0.616 0.016 0.016 0.24 0.608 0.238 0.61 0.236 0.61 0.236 0.612 0.234 0.614 0.234 0.616 0.236 0.618 0.236 0.62 0.238 0.62 0.24 0.622 0.242 0.622 0.244 0.62 0.246 0.62 0.246 0.618 0.248 0.616 0.248 0.614 0.246 0.612 0.246 0.61 0.244 0.61 0.242 0.608
