7 0.191 0.572 0.018 0.016 0.192 0.564 0.19 0.566 0.186 0.566 0.184 0.568 0.184 0.57 0.182 0.572 0.182 0.574 0.184 0.576 0.186 0.576 0.188 0.578 0.192 0.578 0.194 0.576 0.196 0.576 0.196 0.574 0.198 0.572 0.198 0.568 0.194 0.564
7 0.682 0.297 0.02 0.034 0.676 0.28 0.674 0.282 0.672 0.282 0.672 0.308 0.676 0.312 0.684 0.312 0.686 0.31 0.688 0.31 0.688 0.294 0.69 0.292 0.69 0.286 0.688 0.284 0.688 0.282 0.678 0.282
7 0.72 0.269 0.02 0.03 0.712 0.254 0.712 0.27 0.71 0.272 0.71 0.276 0.712 0.278 0.712 0.28 0.714 0.28 0.716 0.282 0.726 0.282 0.726 0.28 0.728 0.278 0.728 0.256 0.726 0.254
7 0.648 0.263 0.02 0.034 0.642 0.246 0.64 0.248 0.64 0.252 0.638 0.254 0.638 0.278 0.654 0.278 0.654 0.276 0.656 0.274 0.656 0.25 0.654 0.248 0.648 0.248 0.646 0.246
4 0.31 0.253 0.016 0.014 0.302 0.246 0.302 0.256 0.304 0.258 0.312 0.258 0.314 0.256 0.314 0.254 0.316 0.252 0.316 0.25 0.312 0.246
7 0.517 0.155 0.026 0.018 0.51 0.146 0.504 0.152 0.504 0.158 0.508 0.162 0.524 0.162 0.526 0.16 0.526 0.158 0.528 0.156 0.528 0.148 0.526 0.146
7 0.529 0.082 0.034 0.02 0.516 0.072 0.512 0.076 0.512 0.088 0.514 0.09 0.538 0.09 0.542 0.086 0.542 0.082 0.544 0.08 0.544 0.076 0.542 0.074 0.54 0.074 0.538 0.072
4 0.852 0.041 0.024 0.026 0.842 0.028 0.84 0.03 0.84 0.05 0.842 0.05 0.844 0.052 0.854 0.052 0.856 0.05 0.86 0.05 0.862 0.048 0.862 0.032 0.858 0.028
4 0.674 0.036 0.032 0.028 0.66 0.022 0.66 0.026 0.658 0.028 0.658 0.034 0.66 0.036 0.66 0.04 0.664 0.044 0.666 0.044 0.668 0.046 0.678 0.046 0.68 0.048 0.686 0.048 0.688 0.046 0.688 0.024 0.686 0.022
2 0.199 0.38 0.098 0.132 0.192 0.314 0.19 0.316 0.188 0.316 0.188 0.318 0.182 0.324 0.18 0.324 0.176 0.328 0.176 0.33 0.172 0.334 0.172 0.336 0.17 0.338 0.17 0.34 0.168 0.342 0.168 0.346 0.166 0.348 0.166 0.35 0.164 0.352 0.164 0.354 0.162 0.356 0.162 0.358 0.16 0.36 0.16 0.362 0.158 0.364 0.158 0.366 0.156 0.368 0.156 0.37 0.154 0.372 0.154 0.376 0.152 0.378 0.152 0.38 0.15 0.382 0.15 0.392 0.152 0.392 0.156 0.396 0.158 0.396 0.16 0.398 0.162 0.398 0.164 0.4 0.166 0.4 0.172 0.406 0.174 0.406 0.178 0.41 0.178 0.412 0.182 0.416 0.184 0.416 0.188 0.42 0.19 0.42 0.198 0.428 0.2 0.428 0.204 0.432 0.206 0.432 0.214 0.44 0.216 0.44 0.218 0.442 0.222 0.442 0.224 0.444 0.226 0.444 0.228 0.442 0.228 0.44 0.23 0.438 0.23 0.432 0.232 0.43 0.232 0.424 0.234 0.422 0.234 0.416 0.236 0.414 0.236 0.408 0.238 0.406 0.238 0.402 0.24 0.4 0.24 0.396 0.242 0.394 0.242 0.384 0.244 0.382 0.244 0.368 0.242 0.366 0.244 0.364 0.244 0.36 0.246 0.358 0.246 0.342 0.244 0.34 0.244 0.338 0.242 0.336 0.24 0.336 0.238 0.334 0.236 0.334 0.234 0.332 0.232 0.332 0.23 0.33 0.226 0.33 0.224 0.328 0.222 0.328 0.22 0.326 0.22 0.322 0.218 0.32 0.218 0.318 0.216 0.316 0.216 0.314
5 0.184 0.591 0.02 0.018 0.182 0.582 0.18 0.584 0.178 0.584 0.174 0.588 0.174 0.594 0.178 0.598 0.188 0.598 0.192 0.594 0.192 0.588 0.188 0.584 0.186 0.584 0.184 0.582
7 0.752 0.295 0.02 0.022 0.746 0.284 0.744 0.286 0.744 0.288 0.742 0.29 0.742 0.302 0.744 0.304 0.76 0.304 0.76 0.286 0.758 0.284
7 0.866 0.276 0.02 0.032 0.864 0.26 0.862 0.262 0.856 0.262 0.856 0.286 0.858 0.288 0.862 0.288 0.864 0.29 0.868 0.29 0.87 0.288 0.872 0.288 0.872 0.276 0.874 0.274 0.874 0.268 0.872 0.266 0.872 0.262 0.868 0.262 0.866 0.26
4 0.151 0.473 0.022 0.022 0.146 0.462 0.14 0.468 0.14 0.474 0.142 0.476 0.142 0.478 0.146 0.482 0.154 0.482 0.156 0.48 0.158 0.48 0.16 0.478 0.16 0.468 0.158 0.466 0.156 0.466 0.152 0.462
7 0.829 0.302 0.018 0.024 0.822 0.29 0.82 0.292 0.82 0.31 0.822 0.312 0.834 0.312 0.836 0.31 0.836 0.294 0.832 0.29
4 0.264 0.53 0.02 0.02 0.26 0.52 0.256 0.524 0.256 0.528 0.254 0.53 0.254 0.534 0.258 0.538 0.266 0.538 0.268 0.536 0.27 0.536 0.27 0.534 0.272 0.532 0.272 0.522 0.27 0.52
4 0.231 0.579 0.022 0.022 0.228 0.568 0.22 0.576 0.22 0.584 0.222 0.586 0.224 0.586 0.226 0.588 0.236 0.588 0.238 0.586 0.238 0.582 0.24 0.58 0.24 0.574 0.238 0.572 0.238 0.57 0.236 0.57 0.234 0.568
5 0.446 0.455 0.028 0.026 0.438 0.442 0.434 0.446 0.434 0.458 0.432 0.46 0.432 0.464 0.434 0.466 0.452 0.466 0.454 0.464 0.456 0.464 0.456 0.46 0.458 0.458 0.458 0.45 0.454 0.446 0.45 0.446 0.448 0.444 0.446 0.444 0.444 0.442
5 0.227 0.519 0.018 0.022 0.226 0.508 0.222 0.512 0.222 0.518 0.22 0.52 0.22 0.522 0.218 0.524 0.22 0.526 0.222 0.526 0.224 0.528 0.228 0.528 0.23 0.526 0.232 0.526 0.234 0.524 0.234 0.514 0.228 0.508
7 0.792 0.272 0.02 0.032 0.786 0.256 0.784 0.258 0.784 0.274 0.782 0.276 0.782 0.28 0.784 0.282 0.784 0.284 0.786 0.286 0.798 0.286 0.8 0.284 0.8 0.258 0.796 0.258 0.794 0.256
4 0.556 0.699 0.016 0.018 0.554 0.69 0.552 0.692 0.55 0.692 0.55 0.696 0.548 0.698 0.548 0.702 0.55 0.704 0.55 0.706 0.558 0.706 0.56 0.704 0.56 0.7 0.562 0.698 0.56 0.696 0.56 0.694 0.558 0.692 0.556 0.692
4 0.493 0.753 0.01 0.014 0.49 0.746 0.488 0.748 0.488 0.754 0.492 0.758 0.494 0.758 0.496 0.756 0.496 0.746
5 0.462 0.758 0.02 0.02 0.458 0.748 0.452 0.754 0.452 0.76 0.454 0.762 0.454 0.764 0.456 0.764 0.458 0.766 0.464 0.766 0.466 0.764 0.468 0.764 0.468 0.762 0.47 0.76 0.47 0.756 0.468 0.754 0.468 0.752 0.464 0.748
5 0.569 0.797 0.022 0.022 0.564 0.786 0.562 0.788 0.56 0.788 0.56 0.79 0.558 0.792 0.558 0.794 0.56 0.796 0.56 0.798 0.568 0.806 0.574 0.806 0.578 0.802 0.578 0.792 0.574 0.788 0.568 0.788 0.566 0.786
4 0.56 0.78 0.016 0.016 0.556 0.772 0.552 0.776 0.552 0.782 0.556 0.786 0.562 0.786 0.566 0.782 0.566 0.776 0.562 0.772
