3 0.884 0.24 0.104 0.092 0.862 0.194 0.86 0.196 0.858 0.196 0.856 0.198 0.854 0.198 0.842 0.21 0.84 0.21 0.832 0.218 0.832 0.22 0.834 0.222 0.834 0.224 0.836 0.226 0.836 0.228 0.864 0.256 0.866 0.256 0.87 0.26 0.87 0.262 0.872 0.264 0.872 0.266 0.874 0.268 0.876 0.268 0.884 0.276 0.886 0.276 0.894 0.284 0.898 0.284 0.9 0.282 0.902 0.282 0.904 0.28 0.906 0.28 0.914 0.272 0.916 0.272 0.926 0.262 0.928 0.262 0.932 0.258 0.934 0.258 0.934 0.226 0.932 0.224 0.932 0.202 0.93 0.2 0.93 0.198 0.928 0.2 0.926 0.198 0.912 0.198 0.91 0.196 0.896 0.196 0.894 0.194
4 0.95 0.071 0.024 0.026 0.94 0.058 0.94 0.064 0.938 0.066 0.938 0.072 0.94 0.074 0.94 0.076 0.944 0.08 0.948 0.08 0.95 0.082 0.954 0.082 0.956 0.08 0.958 0.08 0.958 0.078 0.96 0.076 0.96 0.068 0.958 0.066 0.958 0.064 0.954 0.06 0.952 0.06 0.95 0.058
4 0.612 0.717 0.024 0.022 0.606 0.706 0.604 0.708 0.602 0.708 0.602 0.71 0.6 0.712 0.6 0.718 0.604 0.722 0.606 0.722 0.61 0.726 0.616 0.726 0.616 0.724 0.622 0.718 0.622 0.714 0.62 0.712 0.62 0.71 0.618 0.71 0.614 0.706
2 0.715 0.132 0.082 0.08 0.686 0.092 0.674 0.104 0.74 0.17 0.752 0.158 0.752 0.156 0.722 0.126 0.72 0.126
4 0.822 0.082 0.028 0.028 0.818 0.068 0.816 0.07 0.812 0.07 0.808 0.074 0.808 0.084 0.81 0.086 0.81 0.088 0.816 0.094 0.826 0.094 0.828 0.092 0.83 0.092 0.83 0.09 0.832 0.088 0.832 0.086 0.834 0.084 0.834 0.082 0.832 0.08 0.832 0.078 0.83 0.076 0.83 0.074 0.828 0.072 0.826 0.072 0.824 0.07 0.822 0.07 0.82 0.068
4 0.886 0.114 0.016 0.016 0.88 0.106 0.88 0.108 0.878 0.11 0.878 0.118 0.88 0.12 0.892 0.12 0.892 0.11 0.888 0.106
2 0.85 0.268 0.084 0.08 0.824 0.228 0.822 0.23 0.818 0.23 0.816 0.232 0.814 0.232 0.808 0.238 0.808 0.244 0.812 0.248 0.812 0.25 0.822 0.26 0.824 0.26 0.868 0.304 0.87 0.304 0.872 0.306 0.874 0.306 0.876 0.304 0.878 0.304 0.88 0.302 0.882 0.302 0.886 0.298 0.886 0.296 0.89 0.292 0.89 0.286 0.888 0.284 0.888 0.282 0.884 0.278 0.882 0.278 0.874 0.27 0.872 0.27 0.868 0.266 0.868 0.264 0.864 0.26 0.864 0.258 0.854 0.248 0.852 0.248 0.848 0.244 0.848 0.242 0.844 0.238 0.842 0.238 0.838 0.234 0.836 0.234 0.832 0.23 0.83 0.23 0.828 0.228
4 0.828 0.168 0.024 0.024 0.824 0.156 0.822 0.158 0.82 0.158 0.816 0.162 0.816 0.172 0.822 0.178 0.832 0.178 0.838 0.172 0.838 0.162 0.832 0.156
3 0.749 0.12 0.11 0.104 0.73 0.068 0.724 0.074 0.722 0.074 0.716 0.08 0.714 0.08 0.71 0.084 0.708 0.084 0.702 0.09 0.7 0.09 0.696 0.094 0.696 0.096 0.768 0.168 0.77 0.168 0.802 0.136 0.802 0.068
7 0.533 0.674 0.018 0.028 0.532 0.66 0.528 0.664 0.528 0.666 0.526 0.668 0.526 0.672 0.524 0.674 0.524 0.682 0.526 0.684 0.53 0.684 0.532 0.686 0.536 0.682 0.536 0.68 0.54 0.676 0.54 0.674 0.538 0.672 0.538 0.662 0.536 0.66
7 0.211 0.428 0.022 0.024 0.208 0.416 0.208 0.418 0.202 0.424 0.202 0.426 0.2 0.428 0.2 0.434 0.202 0.436 0.204 0.436 0.206 0.438 0.208 0.438 0.216 0.43 0.216 0.428 0.22 0.424 0.22 0.42 0.218 0.418 0.216 0.418 0.214 0.416
7 0.909 0.06 0.018 0.012 0.91 0.054 0.908 0.056 0.9 0.056 0.902 0.056 0.904 0.058 0.904 0.06 0.908 0.064 0.916 0.064 0.916 0.054
7 0.907 0.048 0.022 0.036 0.898 0.03 0.898 0.032 0.896 0.034 0.896 0.04 0.898 0.042 0.898 0.05 0.9 0.052 0.9 0.056 0.904 0.06 0.906 0.06 0.91 0.064 0.914 0.064 0.916 0.062 0.916 0.05 0.914 0.048 0.914 0.044 0.912 0.042 0.912 0.04 0.91 0.038 0.91 0.036 0.908 0.034 0.908 0.032 0.906 0.03
5 0.523 0.694 0.018 0.016 0.52 0.686 0.518 0.688 0.516 0.688 0.516 0.69 0.514 0.692 0.516 0.694 0.516 0.696 0.518 0.698 0.522 0.698 0.524 0.7 0.528 0.696 0.528 0.694 0.53 0.692 0.53 0.69 0.526 0.686
4 0.31 0.512 0.044 0.036 0.3 0.494 0.298 0.496 0.296 0.496 0.292 0.5 0.292 0.502 0.29 0.504 0.29 0.506 0.288 0.508 0.288 0.51 0.29 0.512 0.29 0.514 0.296 0.52 0.298 0.52 0.306 0.528 0.314 0.528 0.316 0.526 0.322 0.526 0.324 0.524 0.324 0.522 0.328 0.518 0.328 0.516 0.33 0.514 0.33 0.512 0.324 0.506 0.322 0.506 0.318 0.502 0.316 0.502 0.312 0.498 0.31 0.498 0.306 0.494
5 0.247 0.462 0.034 0.036 0.238 0.444 0.234 0.448 0.234 0.45 0.232 0.452 0.232 0.454 0.23 0.456 0.23 0.462 0.232 0.462 0.234 0.464 0.236 0.464 0.246 0.474 0.248 0.474 0.25 0.476 0.252 0.476 0.254 0.478 0.26 0.478 0.26 0.468 0.262 0.466 0.262 0.456 0.26 0.454 0.258 0.454 0.252 0.448 0.25 0.448 0.248 0.446 0.246 0.446 0.244 0.444
4 0.916 0.173 0.032 0.03 0.914 0.158 0.912 0.16 0.91 0.16 0.902 0.168 0.902 0.17 0.9 0.172 0.902 0.174 0.902 0.176 0.904 0.178 0.904 0.18 0.906 0.18 0.91 0.184 0.912 0.184 0.914 0.186 0.924 0.186 0.928 0.182 0.928 0.18 0.93 0.178 0.93 0.172 0.928 0.17 0.928 0.168 0.918 0.158
4 0.382 0.358 0.02 0.02 0.378 0.348 0.372 0.354 0.372 0.362 0.376 0.366 0.384 0.366 0.388 0.362 0.388 0.358 0.39 0.356 0.39 0.354 0.384 0.348
4 0.373 0.43 0.046 0.044 0.366 0.408 0.358 0.416 0.358 0.418 0.352 0.424 0.352 0.426 0.35 0.428 0.35 0.43 0.354 0.434 0.356 0.434 0.364 0.442 0.366 0.442 0.374 0.45 0.38 0.45 0.382 0.448 0.382 0.446 0.39 0.438 0.39 0.436 0.394 0.432 0.394 0.424 0.39 0.42 0.388 0.42 0.382 0.414 0.38 0.414 0.376 0.41 0.374 0.41 0.372 0.408
4 0.488 0.624 0.016 0.016 0.484 0.616 0.482 0.618 0.482 0.62 0.48 0.622 0.48 0.628 0.482 0.63 0.49 0.63 0.492 0.628 0.492 0.626 0.494 0.624 0.494 0.618 0.492 0.616
