5 0.579 0.547 0.038 0.042 0.576 0.526 0.574 0.528 0.572 0.528 0.572 0.53 0.564 0.538 0.562 0.538 0.56 0.54 0.56 0.55 0.562 0.552 0.562 0.554 0.564 0.556 0.564 0.558 0.566 0.56 0.566 0.564 0.568 0.566 0.574 0.566 0.588 0.552 0.59 0.552 0.592 0.55 0.592 0.548 0.596 0.544 0.596 0.534 0.594 0.532 0.594 0.53 0.592 0.528 0.59 0.528 0.588 0.526
5 0.467 0.582 0.03 0.04 0.466 0.562 0.464 0.564 0.46 0.564 0.456 0.568 0.454 0.568 0.452 0.57 0.452 0.58 0.454 0.582 0.454 0.584 0.458 0.588 0.458 0.59 0.46 0.592 0.46 0.596 0.462 0.598 0.464 0.598 0.466 0.6 0.48 0.586 0.48 0.57 0.478 0.568 0.478 0.566 0.476 0.566 0.472 0.562
5 0.125 0.819 0.034 0.03 0.118 0.804 0.116 0.806 0.11 0.806 0.108 0.808 0.108 0.818 0.11 0.82 0.11 0.822 0.114 0.826 0.114 0.828 0.118 0.832 0.124 0.832 0.126 0.83 0.128 0.83 0.13 0.828 0.132 0.828 0.134 0.826 0.136 0.826 0.14 0.822 0.14 0.816 0.138 0.814 0.138 0.812 0.136 0.81 0.136 0.808 0.134 0.806 0.132 0.806 0.13 0.804
5 0.723 0.813 0.03 0.038 0.714 0.794 0.712 0.796 0.712 0.8 0.71 0.802 0.71 0.804 0.712 0.806 0.712 0.81 0.71 0.812 0.71 0.814 0.708 0.816 0.708 0.822 0.71 0.824 0.712 0.824 0.716 0.828 0.718 0.828 0.72 0.83 0.722 0.828 0.728 0.828 0.73 0.826 0.732 0.826 0.736 0.822 0.736 0.812 0.734 0.81 0.734 0.808 0.72 0.794
1 0.668 0.892 0.248 0.216 0.668 0.784 0.638 0.814 0.636 0.814 0.606 0.844 0.604 0.844 0.574 0.874 0.572 0.874 0.546 0.9 0.546 0.902 0.55 0.906 0.55 0.908 0.598 0.956 0.598 0.958 0.638 0.998 0.77 0.998 0.788 0.98 0.788 0.978 0.772 0.962 0.772 0.96 0.72 0.908 0.72 0.906 0.74 0.886 0.738 0.884 0.738 0.882 0.734 0.878 0.734 0.876 0.73 0.872 0.73 0.87 0.728 0.868 0.728 0.864 0.73 0.862 0.73 0.86 0.732 0.858 0.732 0.856 0.734 0.854 0.726 0.846 0.726 0.844 0.692 0.81 0.692 0.808
5 0.064 0.828 0.028 0.028 0.056 0.814 0.052 0.818 0.052 0.82 0.05 0.822 0.05 0.826 0.052 0.828 0.052 0.832 0.056 0.836 0.056 0.838 0.058 0.838 0.06 0.84 0.062 0.84 0.064 0.838 0.066 0.838 0.068 0.836 0.07 0.836 0.076 0.83 0.076 0.824 0.074 0.822 0.074 0.82 0.068 0.814
5 0.785 0.877 0.026 0.022 0.78 0.866 0.778 0.868 0.778 0.87 0.772 0.876 0.772 0.878 0.78 0.886 0.788 0.886 0.79 0.884 0.792 0.884 0.796 0.88 0.796 0.874 0.788 0.866
5 0.747 0.909 0.03 0.026 0.742 0.896 0.742 0.902 0.74 0.904 0.74 0.906 0.736 0.91 0.734 0.91 0.734 0.912 0.736 0.912 0.74 0.916 0.742 0.916 0.744 0.918 0.746 0.918 0.748 0.92 0.754 0.92 0.756 0.918 0.758 0.918 0.758 0.916 0.76 0.914 0.76 0.906 0.758 0.904 0.758 0.902 0.754 0.898 0.746 0.898 0.744 0.896
6 0.094 0.332 0.088 0.084 0.114 0.29 0.11 0.294 0.108 0.294 0.106 0.296 0.104 0.296 0.102 0.298 0.1 0.298 0.098 0.3 0.096 0.3 0.092 0.304 0.09 0.304 0.086 0.308 0.084 0.308 0.08 0.312 0.078 0.312 0.074 0.316 0.072 0.316 0.07 0.318 0.068 0.318 0.064 0.322 0.062 0.322 0.06 0.324 0.058 0.324 0.056 0.326 0.054 0.326 0.052 0.328 0.052 0.33 0.05 0.332 0.052 0.334 0.052 0.336 0.054 0.338 0.054 0.34 0.056 0.342 0.056 0.344 0.06 0.348 0.06 0.35 0.062 0.352 0.062 0.354 0.066 0.358 0.066 0.36 0.068 0.362 0.068 0.366 0.07 0.368 0.07 0.37 0.072 0.372 0.074 0.372 0.076 0.37 0.078 0.37 0.084 0.364 0.086 0.364 0.09 0.36 0.092 0.36 0.098 0.354 0.1 0.354 0.104 0.35 0.106 0.35 0.108 0.348 0.11 0.348 0.112 0.346 0.116 0.346 0.118 0.344 0.12 0.344 0.122 0.342 0.124 0.342 0.13 0.336 0.132 0.336 0.136 0.332 0.136 0.322 0.134 0.32 0.134 0.318 0.132 0.316 0.132 0.314 0.128 0.31 0.128 0.308 0.126 0.306 0.126 0.304 0.124 0.302 0.124 0.3 0.122 0.298 0.122 0.296 0.116 0.29
7 0.367 0.205 0.026 0.026 0.36 0.192 0.358 0.194 0.356 0.194 0.356 0.198 0.354 0.2 0.356 0.202 0.356 0.204 0.36 0.208 0.36 0.21 0.364 0.214 0.366 0.214 0.368 0.216 0.376 0.216 0.376 0.208 0.378 0.206 0.378 0.202 0.376 0.2 0.376 0.196 0.374 0.194 0.372 0.194 0.37 0.192
7 0.073 0.619 0.01 0.01 0.068 0.614 0.068 0.62 0.07 0.622 0.076 0.622 0.076 0.616 0.074 0.614
7 0.037 0.646 0.018 0.024 0.03 0.634 0.03 0.638 0.028 0.64 0.028 0.646 0.03 0.648 0.03 0.65 0.036 0.656 0.042 0.656 0.044 0.654 0.044 0.648 0.04 0.644 0.04 0.642 0.038 0.64 0.038 0.638 0.034 0.634
7 0.049 0.678 0.014 0.016 0.05 0.67 0.042 0.678 0.044 0.68 0.044 0.682 0.046 0.682 0.048 0.684 0.054 0.684 0.054 0.67
1 0.464 0.588 0.272 0.3 0.42 0.438 0.328 0.53 0.332 0.534 0.332 0.536 0.354 0.558 0.354 0.56 0.378 0.584 0.378 0.586 0.394 0.602 0.394 0.604 0.41 0.62 0.384 0.646 0.384 0.648 0.404 0.668 0.404 0.67 0.47 0.736 0.488 0.718 0.49 0.718 0.506 0.702 0.508 0.702 0.524 0.686 0.526 0.686 0.542 0.67 0.544 0.67 0.562 0.652 0.564 0.652 0.58 0.636 0.582 0.636 0.596 0.622 0.596 0.62 0.578 0.602 0.576 0.602 0.552 0.578 0.55 0.578 0.526 0.554 0.524 0.554 0.522 0.552 0.52 0.552 0.496 0.576 0.496 0.578 0.466 0.608 0.462 0.604 0.462 0.602 0.432 0.572 0.432 0.57 0.49 0.512 0.49 0.51 0.484 0.504 0.484 0.502
7 0.064 0.728 0.012 0.016 0.058 0.72 0.058 0.726 0.06 0.728 0.06 0.734 0.066 0.734 0.068 0.732 0.068 0.728 0.066 0.726 0.066 0.722 0.064 0.72
