7 0.516 0.519 0.028 0.026 0.52 0.506 0.518 0.508 0.516 0.508 0.514 0.51 0.51 0.51 0.504 0.516 0.504 0.518 0.502 0.52 0.504 0.522 0.504 0.524 0.506 0.526 0.508 0.526 0.51 0.528 0.514 0.528 0.516 0.53 0.524 0.53 0.528 0.526 0.528 0.512 0.526 0.51 0.526 0.508 0.524 0.508 0.522 0.506
7 0.556 0.532 0.012 0.012 0.552 0.526 0.55 0.528 0.55 0.532 0.554 0.536 0.56 0.536 0.56 0.526
7 0.482 0.344 0.02 0.028 0.478 0.33 0.476 0.332 0.474 0.332 0.472 0.334 0.472 0.354 0.474 0.356 0.484 0.356 0.486 0.354 0.488 0.356 0.49 0.354 0.49 0.336 0.488 0.334 0.488 0.332 0.486 0.332 0.484 0.33
5 0.478 0.513 0.028 0.042 0.476 0.492 0.474 0.494 0.472 0.494 0.47 0.496 0.468 0.496 0.468 0.5 0.466 0.502 0.466 0.52 0.464 0.522 0.464 0.528 0.468 0.532 0.486 0.532 0.488 0.53 0.488 0.526 0.49 0.524 0.49 0.52 0.488 0.518 0.488 0.508 0.49 0.506 0.49 0.5 0.488 0.498 0.488 0.492
5 0.48 0.372 0.024 0.028 0.47 0.358 0.47 0.36 0.468 0.362 0.468 0.38 0.47 0.382 0.47 0.384 0.486 0.384 0.488 0.382 0.49 0.382 0.49 0.358
2 0.908 0.047 0.016 0.074 0.902 0.01 0.902 0.012 0.9 0.014 0.9 0.022 0.902 0.024 0.902 0.056 0.9 0.058 0.9 0.078 0.904 0.082 0.906 0.082 0.91 0.078 0.91 0.046 0.912 0.044 0.912 0.02 0.914 0.018 0.914 0.012 0.912 0.01
2 0.905 0.16 0.01 0.068 0.904 0.126 0.902 0.128 0.9 0.128 0.9 0.188 0.904 0.192 0.906 0.192 0.908 0.19 0.908 0.128 0.906 0.126
4 0.444 0.57 0.02 0.016 0.438 0.562 0.438 0.564 0.436 0.566 0.436 0.57 0.434 0.572 0.436 0.574 0.436 0.576 0.45 0.576 0.45 0.574 0.452 0.572 0.45 0.57 0.45 0.566 0.448 0.564 0.448 0.562
4 0.587 0.345 0.046 0.022 0.566 0.334 0.564 0.336 0.564 0.342 0.566 0.344 0.566 0.346 0.568 0.348 0.57 0.348 0.572 0.35 0.576 0.35 0.578 0.352 0.588 0.352 0.59 0.354 0.604 0.354 0.606 0.352 0.606 0.348 0.608 0.346 0.608 0.34 0.606 0.338 0.604 0.338 0.602 0.336 0.59 0.336 0.588 0.334
2 0.339 0.168 0.078 0.148 0.302 0.094 0.3 0.096 0.3 0.104 0.316 0.12 0.316 0.122 0.318 0.124 0.318 0.134 0.32 0.136 0.32 0.162 0.314 0.168 0.314 0.172 0.312 0.174 0.312 0.178 0.314 0.18 0.318 0.18 0.32 0.182 0.322 0.182 0.324 0.184 0.324 0.186 0.326 0.188 0.326 0.194 0.328 0.196 0.328 0.22 0.33 0.222 0.33 0.228 0.332 0.23 0.332 0.232 0.334 0.234 0.334 0.236 0.336 0.238 0.338 0.238 0.338 0.236 0.34 0.234 0.344 0.234 0.346 0.236 0.356 0.236 0.358 0.238 0.364 0.238 0.366 0.24 0.368 0.24 0.372 0.236 0.372 0.216 0.374 0.214 0.374 0.164 0.376 0.162 0.376 0.098 0.374 0.096 0.372 0.096 0.37 0.094
2 0.339 0.047 0.082 0.094 0.336 0.0 0.336 0.008 0.334 0.01 0.334 0.014 0.332 0.016 0.32 0.016 0.318 0.018 0.314 0.018 0.312 0.02 0.31 0.02 0.308 0.022 0.306 0.022 0.304 0.024 0.302 0.024 0.3 0.026 0.3 0.028 0.298 0.03 0.298 0.038 0.3 0.04 0.3 0.066 0.302 0.068 0.302 0.074 0.3 0.076 0.3 0.088 0.302 0.09 0.306 0.09 0.308 0.092 0.326 0.092 0.328 0.09 0.344 0.09 0.346 0.092 0.366 0.092 0.368 0.09 0.374 0.09 0.374 0.088 0.376 0.086 0.376 0.036 0.378 0.034 0.378 0.0
4 0.417 0.309 0.042 0.022 0.416 0.298 0.414 0.3 0.398 0.3 0.396 0.302 0.396 0.316 0.398 0.318 0.408 0.318 0.412 0.314 0.424 0.314 0.426 0.312 0.432 0.312 0.436 0.308 0.436 0.3 0.434 0.298
4 0.591 0.087 0.038 0.038 0.576 0.068 0.574 0.07 0.572 0.07 0.572 0.096 0.576 0.1 0.584 0.1 0.586 0.102 0.598 0.102 0.6 0.104 0.606 0.104 0.608 0.102 0.608 0.074 0.606 0.072 0.596 0.072 0.594 0.07 0.578 0.07
3 0.585 0.232 0.07 0.068 0.558 0.198 0.556 0.2 0.554 0.2 0.55 0.204 0.55 0.252 0.554 0.252 0.556 0.254 0.56 0.254 0.562 0.256 0.568 0.256 0.57 0.258 0.58 0.258 0.582 0.26 0.596 0.26 0.598 0.262 0.602 0.262 0.604 0.264 0.612 0.264 0.614 0.262 0.614 0.256 0.616 0.254 0.616 0.212 0.618 0.21 0.618 0.204 0.616 0.202 0.614 0.202 0.612 0.2 0.564 0.2 0.562 0.198
2 0.358 0.28 0.036 0.088 0.34 0.236 0.34 0.278 0.342 0.28 0.342 0.322 0.374 0.322 0.374 0.304 0.372 0.302 0.372 0.262 0.37 0.26 0.37 0.242 0.366 0.242 0.364 0.24 0.356 0.24 0.354 0.238 0.346 0.238 0.344 0.236
4 0.446 0.431 0.02 0.018 0.44 0.422 0.438 0.424 0.436 0.424 0.436 0.432 0.438 0.434 0.438 0.438 0.442 0.438 0.444 0.436 0.45 0.436 0.452 0.434 0.452 0.43 0.454 0.428 0.454 0.426 0.45 0.422
4 0.568 0.596 0.016 0.02 0.562 0.586 0.56 0.588 0.56 0.598 0.566 0.604 0.57 0.604 0.574 0.6 0.574 0.59 0.572 0.588 0.572 0.586
7 0.763 0.95 0.022 0.02 0.754 0.94 0.754 0.942 0.752 0.944 0.752 0.948 0.754 0.95 0.754 0.956 0.756 0.958 0.766 0.958 0.77 0.954 0.77 0.952 0.772 0.95 0.772 0.944 0.77 0.942 0.768 0.942 0.766 0.94
2 0.421 0.154 0.074 0.108 0.384 0.14 0.384 0.152 0.386 0.15 0.384 0.148
