3 0.706 0.632 0.108 0.116 0.678 0.574 0.676 0.576 0.676 0.58 0.674 0.582 0.674 0.584 0.672 0.586 0.672 0.588 0.67 0.59 0.67 0.594 0.668 0.596 0.668 0.6 0.666 0.602 0.666 0.606 0.664 0.608 0.664 0.612 0.662 0.614 0.662 0.616 0.66 0.618 0.66 0.624 0.658 0.626 0.658 0.63 0.656 0.632 0.656 0.636 0.654 0.638 0.654 0.648 0.652 0.65 0.652 0.662 0.654 0.664 0.654 0.666 0.66 0.672 0.672 0.672 0.674 0.674 0.68 0.674 0.682 0.676 0.686 0.676 0.688 0.678 0.694 0.678 0.696 0.68 0.698 0.68 0.7 0.682 0.706 0.682 0.708 0.684 0.71 0.684 0.712 0.686 0.718 0.686 0.72 0.688 0.736 0.688 0.74 0.684 0.74 0.674 0.742 0.672 0.742 0.67 0.744 0.668 0.744 0.664 0.746 0.662 0.746 0.66 0.748 0.658 0.748 0.652 0.75 0.65 0.75 0.644 0.752 0.642 0.752 0.638 0.754 0.636 0.754 0.626 0.756 0.624 0.756 0.616 0.758 0.614 0.758 0.598 0.756 0.596 0.754 0.596 0.752 0.594 0.746 0.594 0.744 0.592 0.736 0.592 0.734 0.59 0.73 0.59 0.728 0.588 0.724 0.588 0.722 0.586 0.712 0.586 0.71 0.588 0.71 0.59 0.702 0.598 0.692 0.598 0.69 0.596 0.688 0.596 0.686 0.594 0.686 0.578 0.684 0.576 0.682 0.576 0.68 0.574
5 0.698 0.587 0.02 0.022 0.692 0.576 0.69 0.578 0.69 0.58 0.688 0.582 0.688 0.594 0.69 0.594 0.692 0.596 0.702 0.596 0.706 0.592 0.706 0.584 0.704 0.584 0.702 0.582 0.7 0.582 0.698 0.58 0.698 0.578 0.696 0.576
7 0.396 0.438 0.016 0.016 0.394 0.43 0.392 0.432 0.39 0.432 0.388 0.434 0.388 0.436 0.39 0.438 0.39 0.442 0.392 0.444 0.398 0.444 0.4 0.442 0.4 0.44 0.402 0.438 0.402 0.436 0.4 0.434 0.4 0.432 0.398 0.432 0.396 0.43
7 0.557 0.516 0.014 0.016 0.556 0.508 0.554 0.51 0.552 0.51 0.552 0.512 0.55 0.514 0.55 0.516 0.552 0.518 0.552 0.52 0.554 0.522 0.56 0.522 0.562 0.52 0.562 0.512 0.558 0.508
4 0.623 0.618 0.026 0.024 0.616 0.606 0.612 0.61 0.612 0.614 0.61 0.616 0.61 0.622 0.616 0.628 0.626 0.628 0.63 0.624 0.63 0.62 0.632 0.618 0.632 0.614 0.634 0.612 0.634 0.61 0.632 0.608 0.628 0.608 0.626 0.606
3 0.533 0.584 0.138 0.124 0.492 0.522 0.488 0.526 0.488 0.528 0.478 0.538 0.478 0.54 0.476 0.542 0.476 0.548 0.474 0.55 0.474 0.556 0.472 0.558 0.472 0.566 0.47 0.568 0.47 0.578 0.468 0.58 0.468 0.588 0.466 0.59 0.466 0.596 0.464 0.598 0.464 0.604 0.468 0.608 0.468 0.61 0.47 0.612 0.47 0.616 0.472 0.618 0.476 0.618 0.478 0.62 0.484 0.62 0.486 0.622 0.488 0.622 0.492 0.626 0.494 0.626 0.496 0.628 0.498 0.628 0.5 0.63 0.508 0.63 0.51 0.632 0.518 0.632 0.52 0.634 0.528 0.634 0.53 0.636 0.538 0.636 0.54 0.638 0.546 0.638 0.548 0.64 0.552 0.64 0.554 0.642 0.558 0.642 0.56 0.644 0.58 0.644 0.58 0.638 0.582 0.636 0.582 0.632 0.586 0.628 0.586 0.626 0.588 0.624 0.588 0.62 0.59 0.618 0.59 0.608 0.592 0.606 0.592 0.596 0.594 0.594 0.594 0.586 0.596 0.584 0.596 0.572 0.6 0.568 0.6 0.552 0.598 0.55 0.598 0.548 0.596 0.546 0.594 0.546 0.592 0.544 0.588 0.544 0.586 0.542 0.582 0.542 0.58 0.54 0.576 0.54 0.574 0.538 0.57 0.538 0.568 0.536 0.562 0.536 0.56 0.534 0.552 0.534 0.55 0.532 0.546 0.532 0.544 0.53 0.536 0.53 0.534 0.528 0.528 0.528 0.526 0.526 0.52 0.526 0.518 0.524 0.51 0.524 0.508 0.522
7 0.597 0.164 0.01 0.012 0.594 0.158 0.594 0.16 0.592 0.162 0.592 0.166 0.594 0.168 0.596 0.168 0.6 0.164 0.6 0.158
5 0.848 0.264 0.032 0.032 0.842 0.248 0.836 0.254 0.836 0.256 0.834 0.258 0.834 0.26 0.832 0.262 0.832 0.27 0.834 0.272 0.834 0.274 0.836 0.274 0.838 0.276 0.842 0.276 0.844 0.278 0.848 0.278 0.854 0.272 0.854 0.27 0.856 0.268 0.856 0.266 0.86 0.262 0.86 0.26 0.862 0.258 0.862 0.254 0.86 0.252 0.856 0.252 0.854 0.25 0.852 0.25 0.85 0.248
7 0.614 0.215 0.02 0.018 0.608 0.206 0.604 0.21 0.604 0.218 0.606 0.22 0.608 0.22 0.61 0.222 0.616 0.216 0.618 0.216 0.622 0.212 0.622 0.208 0.62 0.206
4 0.745 0.086 0.022 0.02 0.742 0.076 0.74 0.078 0.736 0.078 0.736 0.08 0.734 0.082 0.734 0.088 0.736 0.09 0.738 0.09 0.742 0.094 0.75 0.094 0.752 0.092 0.752 0.088 0.754 0.086 0.754 0.082 0.75 0.078 0.746 0.078 0.744 0.076
5 0.605 0.537 0.018 0.018 0.598 0.528 0.596 0.53 0.596 0.538 0.598 0.54 0.598 0.542 0.6 0.542 0.602 0.544 0.608 0.544 0.608 0.54 0.61 0.538 0.61 0.534 0.612 0.532 0.608 0.532 0.606 0.53 0.604 0.53 0.602 0.528
4 0.675 0.489 0.03 0.038 0.666 0.47 0.666 0.476 0.664 0.478 0.664 0.484 0.662 0.486 0.662 0.488 0.66 0.49 0.66 0.5 0.666 0.506 0.678 0.506 0.684 0.5 0.684 0.496 0.686 0.494 0.686 0.49 0.688 0.488 0.688 0.474 0.686 0.474 0.684 0.472 0.68 0.472 0.678 0.47
4 0.61 0.462 0.032 0.032 0.61 0.446 0.604 0.452 0.604 0.454 0.594 0.464 0.594 0.474 0.598 0.474 0.6 0.476 0.616 0.476 0.62 0.472 0.62 0.468 0.622 0.466 0.622 0.464 0.624 0.462 0.624 0.454 0.62 0.45 0.618 0.45 0.616 0.448 0.614 0.448 0.612 0.446
4 0.532 0.44 0.024 0.028 0.526 0.426 0.524 0.428 0.524 0.432 0.522 0.434 0.522 0.44 0.52 0.442 0.52 0.446 0.522 0.448 0.524 0.448 0.526 0.45 0.534 0.45 0.536 0.452 0.538 0.45 0.538 0.448 0.54 0.446 0.54 0.44 0.542 0.438 0.542 0.43 0.54 0.428 0.538 0.428 0.536 0.426
7 0.589 0.195 0.01 0.01 0.584 0.19 0.584 0.194 0.586 0.196 0.588 0.196 0.59 0.198 0.592 0.196 0.592 0.192 0.59 0.19
4 0.443 0.421 0.03 0.038 0.438 0.402 0.434 0.406 0.434 0.41 0.432 0.412 0.432 0.416 0.43 0.418 0.43 0.424 0.428 0.426 0.428 0.432 0.43 0.432 0.432 0.434 0.434 0.434 0.436 0.436 0.44 0.436 0.442 0.438 0.444 0.438 0.448 0.434 0.448 0.432 0.45 0.43 0.45 0.426 0.452 0.424 0.452 0.42 0.454 0.418 0.454 0.412 0.456 0.41 0.456 0.408 0.454 0.406 0.454 0.404 0.452 0.404 0.45 0.402
4 0.813 0.135 0.026 0.03 0.81 0.12 0.808 0.122 0.806 0.122 0.804 0.124 0.804 0.126 0.802 0.128 0.802 0.13 0.8 0.132 0.8 0.138 0.804 0.142 0.806 0.142 0.81 0.146 0.812 0.146 0.814 0.148 0.816 0.146 0.818 0.146 0.824 0.14 0.824 0.134 0.822 0.132 0.82 0.132 0.816 0.128 0.816 0.126 0.814 0.124 0.814 0.122 0.812 0.122
