4 0.099 0.006 0.014 0.012 0.092 0.0 0.092 0.006 0.096 0.01 0.1 0.01 0.104 0.006 0.104 0.0
5 0.402 0.379 0.028 0.022 0.402 0.368 0.398 0.372 0.396 0.372 0.394 0.374 0.392 0.374 0.388 0.378 0.388 0.382 0.392 0.386 0.394 0.386 0.396 0.388 0.402 0.388 0.404 0.386 0.406 0.386 0.408 0.384 0.41 0.384 0.412 0.382 0.412 0.38 0.414 0.378 0.414 0.376 0.412 0.374 0.412 0.372 0.408 0.368
5 0.327 0.317 0.022 0.026 0.324 0.304 0.322 0.306 0.32 0.306 0.316 0.31 0.316 0.32 0.322 0.326 0.324 0.326 0.326 0.328 0.328 0.326 0.33 0.326 0.336 0.32 0.336 0.31 0.334 0.308 0.334 0.306 0.332 0.304
4 0.661 0.657 0.022 0.018 0.656 0.648 0.652 0.652 0.652 0.654 0.65 0.656 0.65 0.658 0.652 0.66 0.652 0.662 0.654 0.662 0.656 0.664 0.662 0.664 0.664 0.662 0.666 0.662 0.668 0.66 0.668 0.658 0.67 0.656 0.67 0.654 0.668 0.652 0.668 0.65 0.666 0.648
4 0.612 0.605 0.028 0.03 0.604 0.59 0.6 0.594 0.6 0.596 0.598 0.598 0.598 0.606 0.6 0.608 0.6 0.61 0.608 0.618 0.612 0.618 0.614 0.616 0.616 0.616 0.624 0.608 0.624 0.604 0.62 0.6 0.62 0.598 0.612 0.59
7 0.415 0.353 0.01 0.014 0.414 0.346 0.41 0.35 0.41 0.358 0.414 0.358 0.416 0.356 0.416 0.354 0.418 0.352 0.418 0.346
4 0.791 0.566 0.018 0.02 0.788 0.556 0.786 0.558 0.784 0.558 0.782 0.56 0.782 0.568 0.784 0.57 0.784 0.574 0.792 0.574 0.798 0.568 0.798 0.564 0.796 0.562 0.796 0.56 0.794 0.558 0.792 0.558 0.79 0.556
4 0.75 0.531 0.02 0.022 0.75 0.52 0.746 0.524 0.746 0.526 0.744 0.528 0.742 0.528 0.742 0.53 0.74 0.532 0.74 0.536 0.742 0.538 0.742 0.54 0.746 0.54 0.754 0.532 0.756 0.532 0.756 0.53 0.758 0.528 0.758 0.524 0.754 0.52
3 0.292 0.385 0.072 0.07 0.296 0.35 0.294 0.352 0.292 0.352 0.274 0.37 0.272 0.37 0.262 0.38 0.26 0.38 0.26 0.382 0.256 0.386 0.256 0.392 0.258 0.394 0.258 0.396 0.264 0.402 0.264 0.404 0.274 0.414 0.276 0.414 0.28 0.418 0.29 0.418 0.308 0.4 0.308 0.398 0.316 0.39 0.316 0.388 0.324 0.38 0.324 0.378 0.326 0.376 0.326 0.372 0.324 0.37 0.324 0.368 0.31 0.354 0.308 0.354 0.306 0.352 0.302 0.352 0.3 0.35
3 0.202 0.293 0.076 0.07 0.206 0.258 0.2 0.264 0.198 0.264 0.192 0.27 0.19 0.27 0.182 0.278 0.18 0.278 0.172 0.286 0.17 0.286 0.164 0.292 0.164 0.298 0.192 0.326 0.198 0.326 0.236 0.288 0.236 0.286 0.238 0.284 0.238 0.278 0.234 0.274 0.232 0.274 0.224 0.266 0.222 0.266 0.22 0.264 0.22 0.262 0.218 0.262 0.214 0.258
7 0.434 0.343 0.024 0.022 0.432 0.332 0.43 0.334 0.428 0.334 0.424 0.338 0.424 0.34 0.422 0.342 0.422 0.346 0.424 0.348 0.424 0.35 0.426 0.35 0.428 0.352 0.436 0.352 0.438 0.35 0.44 0.35 0.44 0.348 0.444 0.344 0.444 0.338 0.438 0.332
4 0.041 0.152 0.026 0.028 0.038 0.138 0.028 0.148 0.028 0.156 0.034 0.162 0.036 0.162 0.038 0.164 0.042 0.164 0.052 0.154 0.052 0.146 0.048 0.142 0.046 0.142 0.042 0.138
3 0.354 0.257 0.104 0.094 0.342 0.21 0.318 0.234 0.318 0.236 0.308 0.246 0.308 0.248 0.302 0.254 0.302 0.258 0.316 0.272 0.318 0.272 0.326 0.28 0.328 0.28 0.33 0.282 0.336 0.282 0.338 0.28 0.342 0.28 0.346 0.284 0.346 0.286 0.348 0.288 0.348 0.29 0.35 0.292 0.35 0.296 0.352 0.298 0.352 0.3 0.354 0.302 0.358 0.302 0.362 0.298 0.364 0.298 0.372 0.29 0.374 0.29 0.376 0.288 0.378 0.288 0.38 0.286 0.384 0.286 0.388 0.282 0.39 0.282 0.396 0.276 0.398 0.276 0.404 0.27 0.4 0.266 0.4 0.264 0.398 0.262 0.398 0.26 0.396 0.258 0.394 0.258 0.358 0.222 0.356 0.222 0.348 0.214 0.348 0.212 0.346 0.21
5 0.701 0.581 0.026 0.03 0.702 0.566 0.692 0.576 0.69 0.576 0.688 0.578 0.688 0.59 0.692 0.594 0.698 0.594 0.7 0.592 0.702 0.592 0.708 0.586 0.708 0.584 0.71 0.582 0.71 0.578 0.712 0.576 0.712 0.57 0.708 0.566
7 0.655 0.563 0.01 0.01 0.652 0.558 0.65 0.56 0.65 0.564 0.652 0.566 0.656 0.566 0.658 0.564 0.658 0.558
7 0.754 0.504 0.012 0.008 0.75 0.5 0.748 0.502 0.748 0.506 0.756 0.506 0.758 0.504 0.754 0.5
4 0.226 0.345 0.024 0.022 0.226 0.334 0.224 0.336 0.222 0.336 0.214 0.344 0.216 0.346 0.216 0.35 0.218 0.352 0.22 0.352 0.222 0.354 0.23 0.354 0.236 0.348 0.236 0.338 0.234 0.336 0.232 0.336 0.23 0.334
7 0.656 0.515 0.008 0.01 0.654 0.51 0.652 0.512 0.652 0.518 0.656 0.518 0.658 0.516 0.658 0.512 0.656 0.51
7 0.349 0.312 0.01 0.012 0.346 0.306 0.344 0.308 0.344 0.316 0.346 0.314 0.348 0.314 0.352 0.31 0.352 0.306
5 0.038 0.039 0.02 0.026 0.034 0.026 0.032 0.028 0.03 0.028 0.03 0.03 0.028 0.032 0.028 0.042 0.03 0.044 0.03 0.046 0.032 0.048 0.034 0.048 0.036 0.05 0.038 0.05 0.042 0.046 0.042 0.044 0.044 0.042 0.044 0.04 0.046 0.038 0.046 0.032 0.044 0.03 0.044 0.028 0.042 0.028 0.04 0.026
4 0.26 0.291 0.024 0.026 0.254 0.278 0.248 0.284 0.248 0.292 0.258 0.302 0.264 0.302 0.266 0.3 0.266 0.298 0.268 0.296 0.268 0.292 0.27 0.29 0.27 0.284 0.268 0.282 0.268 0.28 0.266 0.28 0.264 0.278
