7 0.12 0.528 0.016 0.016 0.114 0.52 0.114 0.522 0.112 0.524 0.112 0.528 0.114 0.53 0.114 0.532 0.116 0.534 0.122 0.534 0.124 0.532 0.124 0.53 0.126 0.528 0.126 0.522 0.124 0.522 0.122 0.52
5 0.325 0.713 0.026 0.03 0.322 0.698 0.322 0.7 0.314 0.708 0.314 0.714 0.312 0.716 0.314 0.718 0.314 0.72 0.32 0.726 0.324 0.726 0.33 0.72 0.33 0.718 0.332 0.716 0.332 0.714 0.336 0.71 0.336 0.706 0.334 0.706 0.33 0.702 0.33 0.7 0.328 0.7 0.326 0.698
7 0.956 0.416 0.028 0.028 0.954 0.402 0.952 0.404 0.942 0.404 0.942 0.422 0.944 0.424 0.944 0.428 0.962 0.428 0.964 0.426 0.966 0.426 0.968 0.424 0.968 0.404 0.966 0.404 0.964 0.402
7 0.851 0.522 0.03 0.028 0.844 0.508 0.842 0.51 0.84 0.51 0.836 0.514 0.836 0.524 0.838 0.526 0.838 0.532 0.84 0.532 0.842 0.534 0.862 0.534 0.864 0.532 0.864 0.516 0.86 0.512 0.86 0.51 0.858 0.51 0.856 0.508 0.85 0.508 0.848 0.51 0.846 0.508
7 0.97 0.62 0.044 0.204 0.96 0.518 0.958 0.52 0.95 0.52 0.95 0.59 0.952 0.592 0.952 0.656 0.95 0.658 0.95 0.678 0.952 0.68 0.952 0.686 0.95 0.688 0.95 0.69 0.948 0.692 0.948 0.702 0.95 0.704 0.948 0.706 0.948 0.718 0.95 0.72 0.988 0.72 0.988 0.694 0.99 0.692 0.99 0.52 0.988 0.518
7 0.801 0.564 0.038 0.036 0.786 0.546 0.784 0.548 0.782 0.548 0.782 0.554 0.784 0.556 0.784 0.57 0.786 0.572 0.786 0.576 0.788 0.578 0.792 0.578 0.794 0.58 0.798 0.58 0.8 0.578 0.816 0.578 0.818 0.576 0.818 0.55 0.814 0.546
7 0.11 0.573 0.024 0.026 0.106 0.56 0.104 0.562 0.1 0.562 0.1 0.566 0.098 0.568 0.1 0.57 0.1 0.58 0.102 0.582 0.104 0.582 0.106 0.584 0.11 0.584 0.112 0.582 0.12 0.582 0.12 0.56
7 0.166 0.608 0.044 0.044 0.15 0.586 0.148 0.588 0.146 0.588 0.144 0.59 0.144 0.62 0.146 0.622 0.146 0.626 0.148 0.628 0.174 0.628 0.176 0.626 0.178 0.626 0.18 0.628 0.182 0.626 0.184 0.626 0.186 0.624 0.186 0.59 0.184 0.588 0.184 0.586
7 0.667 0.615 0.03 0.026 0.664 0.602 0.662 0.604 0.66 0.604 0.658 0.606 0.654 0.606 0.654 0.608 0.652 0.61 0.654 0.612 0.654 0.618 0.658 0.618 0.664 0.624 0.668 0.624 0.67 0.626 0.674 0.626 0.676 0.624 0.678 0.624 0.678 0.622 0.68 0.62 0.68 0.608 0.678 0.606 0.678 0.604 0.676 0.602
7 0.712 0.798 0.012 0.02 0.708 0.788 0.708 0.79 0.706 0.792 0.706 0.802 0.71 0.806 0.712 0.806 0.714 0.804 0.716 0.804 0.716 0.79 0.712 0.79 0.71 0.788
7 0.712 0.8 0.012 0.016 0.706 0.792 0.706 0.802 0.71 0.806 0.712 0.806 0.714 0.804 0.716 0.804 0.716 0.792
