3 0.457 0.482 0.058 0.072 0.46 0.446 0.458 0.448 0.45 0.448 0.448 0.45 0.442 0.45 0.44 0.452 0.438 0.452 0.436 0.454 0.432 0.454 0.43 0.456 0.428 0.456 0.428 0.478 0.43 0.48 0.43 0.488 0.432 0.49 0.432 0.5 0.434 0.502 0.434 0.506 0.436 0.508 0.436 0.514 0.438 0.514 0.44 0.516 0.448 0.516 0.45 0.514 0.462 0.514 0.464 0.512 0.468 0.512 0.47 0.51 0.472 0.51 0.474 0.508 0.478 0.508 0.48 0.506 0.482 0.506 0.484 0.504 0.484 0.494 0.482 0.492 0.482 0.484 0.48 0.482 0.48 0.478 0.478 0.476 0.478 0.47 0.476 0.468 0.476 0.458 0.474 0.456 0.474 0.45 0.47 0.446
4 0.712 0.745 0.02 0.026 0.704 0.732 0.702 0.734 0.702 0.752 0.704 0.754 0.704 0.756 0.716 0.756 0.718 0.754 0.718 0.752 0.72 0.75 0.72 0.746 0.718 0.744 0.718 0.736 0.714 0.732
4 0.527 0.771 0.034 0.038 0.524 0.752 0.522 0.754 0.512 0.754 0.512 0.756 0.51 0.758 0.51 0.776 0.512 0.778 0.512 0.782 0.514 0.784 0.514 0.786 0.516 0.788 0.528 0.788 0.53 0.786 0.538 0.786 0.542 0.782 0.542 0.758 0.538 0.754 0.536 0.754 0.534 0.752
5 0.299 0.543 0.022 0.022 0.3 0.532 0.298 0.534 0.296 0.534 0.29 0.54 0.29 0.542 0.288 0.544 0.288 0.546 0.29 0.548 0.29 0.55 0.292 0.55 0.294 0.552 0.3 0.552 0.302 0.55 0.306 0.55 0.308 0.548 0.306 0.546 0.306 0.536 0.302 0.532
5 0.681 0.767 0.018 0.018 0.678 0.758 0.676 0.76 0.674 0.76 0.672 0.762 0.672 0.77 0.676 0.774 0.688 0.774 0.688 0.762 0.686 0.76 0.684 0.76 0.682 0.758
7 0.58 0.703 0.012 0.014 0.576 0.696 0.576 0.698 0.574 0.7 0.574 0.702 0.576 0.704 0.576 0.706 0.578 0.708 0.582 0.708 0.584 0.706 0.584 0.7 0.58 0.696
3 0.275 0.52 0.13 0.092 0.31 0.474 0.308 0.476 0.298 0.476 0.296 0.478 0.28 0.478 0.278 0.48 0.272 0.48 0.27 0.482 0.264 0.482 0.262 0.484 0.256 0.484 0.254 0.486 0.246 0.486 0.244 0.488 0.234 0.488 0.232 0.49 0.216 0.49 0.214 0.492 0.212 0.492 0.212 0.494 0.21 0.496 0.21 0.5 0.212 0.502 0.212 0.516 0.214 0.518 0.214 0.53 0.216 0.532 0.216 0.548 0.218 0.55 0.218 0.558 0.22 0.56 0.22 0.562 0.222 0.564 0.228 0.564 0.23 0.562 0.24 0.562 0.242 0.56 0.262 0.56 0.264 0.558 0.272 0.558 0.274 0.556 0.278 0.556 0.28 0.554 0.284 0.554 0.286 0.552 0.292 0.552 0.29 0.552 0.288 0.55 0.288 0.548 0.286 0.546 0.286 0.544 0.288 0.542 0.288 0.54 0.296 0.532 0.298 0.532 0.3 0.53 0.302 0.53 0.308 0.536 0.308 0.546 0.31 0.548 0.306 0.552 0.302 0.552 0.306 0.552 0.308 0.55 0.316 0.55 0.318 0.548 0.326 0.548 0.328 0.546 0.334 0.546 0.338 0.542 0.336 0.54 0.336 0.534 0.334 0.532 0.334 0.518 0.332 0.516 0.332 0.512 0.33 0.51 0.33 0.508 0.328 0.506 0.328 0.502 0.32 0.494 0.32 0.486 0.318 0.484 0.318 0.478 0.316 0.476 0.312 0.476
4 0.561 0.53 0.026 0.02 0.564 0.52 0.562 0.522 0.56 0.522 0.556 0.526 0.55 0.526 0.548 0.528 0.548 0.536 0.55 0.538 0.566 0.538 0.568 0.536 0.568 0.534 0.57 0.532 0.57 0.526 0.572 0.524 0.572 0.522 0.57 0.52
4 0.517 0.554 0.034 0.02 0.522 0.544 0.52 0.546 0.504 0.546 0.5 0.55 0.5 0.556 0.502 0.558 0.502 0.56 0.51 0.56 0.512 0.562 0.516 0.562 0.518 0.56 0.524 0.56 0.53 0.554 0.53 0.55 0.532 0.548 0.53 0.546 0.53 0.544
3 0.597 0.456 0.054 0.068 0.598 0.422 0.596 0.424 0.584 0.424 0.582 0.426 0.578 0.426 0.576 0.428 0.574 0.428 0.57 0.432 0.57 0.444 0.572 0.446 0.572 0.46 0.574 0.462 0.574 0.472 0.576 0.474 0.576 0.484 0.58 0.488 0.608 0.488 0.61 0.486 0.612 0.486 0.614 0.484 0.616 0.484 0.622 0.478 0.622 0.466 0.62 0.464 0.62 0.454 0.618 0.452 0.618 0.444 0.616 0.442 0.616 0.438 0.614 0.436 0.614 0.434 0.612 0.432 0.612 0.428 0.61 0.426 0.61 0.424 0.608 0.424 0.606 0.422
3 0.52 0.469 0.06 0.074 0.518 0.432 0.516 0.434 0.51 0.434 0.508 0.436 0.504 0.436 0.5 0.44 0.498 0.44 0.494 0.444 0.492 0.444 0.49 0.446 0.49 0.448 0.492 0.45 0.492 0.46 0.494 0.462 0.494 0.468 0.496 0.47 0.496 0.476 0.498 0.478 0.498 0.486 0.5 0.488 0.5 0.5 0.504 0.504 0.52 0.504 0.522 0.502 0.534 0.502 0.536 0.5 0.542 0.5 0.544 0.498 0.546 0.498 0.546 0.496 0.548 0.494 0.548 0.492 0.546 0.49 0.546 0.482 0.544 0.48 0.544 0.458 0.542 0.456 0.542 0.446 0.54 0.444 0.54 0.442 0.538 0.44 0.538 0.438 0.532 0.432
