5 0.174 0.65 0.02 0.016 0.166 0.642 0.164 0.644 0.164 0.65 0.17 0.656 0.182 0.656 0.182 0.644 0.18 0.642
3 0.226 0.649 0.048 0.074 0.238 0.612 0.236 0.614 0.216 0.614 0.214 0.616 0.204 0.616 0.204 0.634 0.202 0.636 0.202 0.654 0.206 0.658 0.208 0.658 0.214 0.664 0.216 0.664 0.22 0.668 0.222 0.668 0.228 0.674 0.23 0.674 0.234 0.678 0.236 0.678 0.242 0.684 0.242 0.674 0.244 0.672 0.244 0.648 0.246 0.646 0.246 0.624 0.248 0.622 0.248 0.612
3 0.257 0.196 0.086 0.092 0.286 0.15 0.284 0.152 0.28 0.152 0.278 0.154 0.274 0.154 0.272 0.156 0.266 0.156 0.264 0.158 0.26 0.158 0.258 0.16 0.252 0.16 0.25 0.162 0.246 0.162 0.244 0.164 0.24 0.164 0.238 0.166 0.236 0.166 0.216 0.186 0.216 0.188 0.222 0.194 0.224 0.194 0.232 0.202 0.234 0.202 0.242 0.21 0.244 0.21 0.25 0.216 0.252 0.216 0.26 0.224 0.262 0.224 0.27 0.232 0.272 0.232 0.28 0.24 0.284 0.236 0.284 0.234 0.288 0.23 0.288 0.228 0.294 0.222 0.294 0.22 0.298 0.216 0.298 0.21 0.296 0.208 0.296 0.196 0.294 0.194 0.294 0.184 0.292 0.182 0.292 0.17 0.29 0.168 0.29 0.156 0.288 0.154 0.288 0.15
7 0.12 0.898 0.012 0.02 0.12 0.888 0.118 0.89 0.116 0.89 0.116 0.894 0.114 0.896 0.114 0.904 0.116 0.906 0.122 0.906 0.122 0.904 0.124 0.902 0.124 0.888
7 0.475 0.594 0.022 0.016 0.464 0.586 0.464 0.596 0.466 0.598 0.466 0.6 0.468 0.598 0.472 0.598 0.474 0.596 0.476 0.596 0.478 0.598 0.482 0.598 0.484 0.596 0.484 0.592 0.478 0.586
7 0.48 0.36 0.012 0.016 0.478 0.352 0.476 0.354 0.474 0.354 0.474 0.36 0.48 0.366 0.482 0.366 0.484 0.364 0.484 0.354 0.482 0.354 0.48 0.352
3 0.111 0.707 0.066 0.042 0.082 0.686 0.082 0.688 0.08 0.69 0.08 0.72 0.078 0.722 0.078 0.724 0.08 0.726 0.138 0.726 0.138 0.722 0.14 0.72 0.14 0.696 0.142 0.694 0.142 0.692 0.14 0.69 0.14 0.688 0.138 0.686
3 0.397 0.554 0.074 0.068 0.384 0.52 0.38 0.524 0.38 0.526 0.376 0.53 0.376 0.532 0.374 0.534 0.374 0.536 0.372 0.538 0.372 0.54 0.37 0.542 0.37 0.544 0.368 0.546 0.368 0.55 0.366 0.552 0.366 0.554 0.364 0.556 0.364 0.558 0.362 0.56 0.362 0.564 0.36 0.566 0.36 0.568 0.362 0.568 0.364 0.57 0.368 0.57 0.37 0.572 0.374 0.572 0.376 0.574 0.38 0.574 0.382 0.576 0.384 0.576 0.386 0.578 0.39 0.578 0.392 0.58 0.394 0.58 0.396 0.582 0.4 0.582 0.402 0.584 0.404 0.584 0.406 0.586 0.412 0.586 0.414 0.584 0.414 0.582 0.416 0.58 0.416 0.578 0.418 0.576 0.418 0.574 0.422 0.57 0.422 0.566 0.424 0.564 0.424 0.562 0.426 0.56 0.426 0.558 0.428 0.556 0.428 0.554 0.43 0.552 0.43 0.55 0.432 0.548 0.432 0.54 0.43 0.538 0.426 0.538 0.424 0.536 0.422 0.536 0.42 0.534 0.416 0.534 0.414 0.532 0.412 0.532 0.41 0.53 0.404 0.53 0.402 0.528 0.4 0.528 0.396 0.524 0.394 0.524 0.392 0.522 0.39 0.522 0.388 0.52
3 0.437 0.469 0.078 0.058 0.42 0.44 0.42 0.442 0.416 0.446 0.416 0.448 0.412 0.452 0.412 0.454 0.41 0.456 0.41 0.458 0.408 0.46 0.408 0.464 0.406 0.466 0.406 0.468 0.404 0.47 0.404 0.472 0.402 0.474 0.402 0.478 0.4 0.48 0.4 0.482 0.398 0.484 0.398 0.49 0.402 0.49 0.404 0.492 0.408 0.492 0.41 0.494 0.414 0.494 0.416 0.496 0.426 0.496 0.426 0.494 0.428 0.492 0.438 0.492 0.44 0.494 0.446 0.494 0.448 0.496 0.458 0.496 0.46 0.494 0.46 0.492 0.462 0.49 0.462 0.488 0.464 0.486 0.464 0.482 0.468 0.478 0.468 0.474 0.47 0.472 0.47 0.47 0.472 0.468 0.472 0.464 0.474 0.462 0.474 0.46 0.472 0.458 0.468 0.458 0.466 0.456 0.464 0.456 0.462 0.454 0.458 0.454 0.456 0.452 0.454 0.452 0.452 0.45 0.448 0.45 0.446 0.448 0.444 0.448 0.442 0.446 0.438 0.446 0.436 0.444 0.434 0.444 0.432 0.442 0.43 0.442 0.428 0.44
3 0.375 0.317 0.07 0.082 0.356 0.276 0.352 0.28 0.352 0.286 0.35 0.288 0.35 0.298 0.348 0.3 0.348 0.304 0.346 0.306 0.346 0.318 0.344 0.32 0.344 0.33 0.342 0.332 0.342 0.342 0.34 0.344 0.34 0.352 0.342 0.354 0.352 0.354 0.354 0.356 0.368 0.356 0.37 0.354 0.372 0.354 0.386 0.34 0.386 0.338 0.388 0.336 0.39 0.336 0.392 0.334 0.392 0.332 0.394 0.33 0.396 0.33 0.398 0.328 0.398 0.326 0.408 0.316 0.408 0.312 0.398 0.302 0.398 0.3 0.39 0.292 0.39 0.29 0.38 0.28 0.376 0.28 0.374 0.278 0.368 0.278 0.366 0.276
3 0.091 0.831 0.074 0.13 0.104 0.766 0.102 0.768 0.072 0.768 0.07 0.77 0.07 0.772 0.068 0.774 0.068 0.788 0.066 0.79 0.066 0.802 0.064 0.804 0.064 0.814 0.062 0.816 0.062 0.828 0.06 0.83 0.06 0.842 0.058 0.844 0.058 0.854 0.056 0.856 0.056 0.866 0.054 0.868 0.054 0.894 0.078 0.894 0.08 0.892 0.102 0.892 0.104 0.89 0.106 0.89 0.11 0.886 0.11 0.874 0.108 0.872 0.108 0.87 0.106 0.868 0.106 0.866 0.11 0.862 0.112 0.862 0.112 0.86 0.114 0.858 0.114 0.852 0.116 0.85 0.116 0.838 0.118 0.836 0.118 0.824 0.12 0.822 0.12 0.81 0.122 0.808 0.122 0.794 0.124 0.792 0.124 0.786 0.126 0.784 0.126 0.768 0.122 0.768 0.12 0.766 0.112 0.766 0.11 0.768 0.108 0.766
4 0.007 0.288 0.014 0.02 0.0 0.278 0.0 0.296 0.002 0.294 0.004 0.294 0.006 0.292 0.008 0.292 0.01 0.29 0.01 0.288 0.012 0.286 0.01 0.284 0.01 0.28 0.008 0.28 0.006 0.278
4 0.355 0.39 0.022 0.024 0.35 0.378 0.344 0.384 0.344 0.398 0.346 0.398 0.348 0.4 0.36 0.4 0.364 0.396 0.364 0.378
5 0.44 0.312 0.02 0.016 0.436 0.304 0.432 0.308 0.432 0.31 0.43 0.312 0.43 0.314 0.434 0.318 0.446 0.318 0.448 0.316 0.448 0.306 0.446 0.306 0.444 0.304
4 0.206 0.681 0.016 0.014 0.2 0.674 0.198 0.676 0.198 0.684 0.2 0.686 0.21 0.686 0.21 0.682 0.212 0.68 0.212 0.676 0.21 0.674
4 0.189 0.93 0.01 0.012 0.184 0.924 0.184 0.932 0.186 0.934 0.192 0.934 0.192 0.926 0.19 0.924
5 0.324 0.093 0.024 0.018 0.326 0.084 0.324 0.086 0.322 0.086 0.314 0.094 0.314 0.096 0.316 0.098 0.318 0.098 0.32 0.1 0.324 0.1 0.326 0.098 0.326 0.096 0.33 0.092 0.332 0.092 0.334 0.09 0.334 0.086 0.332 0.084
4 0.375 0.273 0.018 0.014 0.368 0.266 0.366 0.268 0.366 0.276 0.368 0.276 0.37 0.278 0.38 0.278 0.38 0.276 0.382 0.274 0.382 0.266
3 0.195 0.85 0.066 0.148 0.188 0.776 0.188 0.78 0.186 0.782 0.186 0.79 0.184 0.792 0.184 0.8 0.182 0.802 0.182 0.81 0.18 0.812 0.18 0.82 0.178 0.822 0.178 0.83 0.176 0.832 0.176 0.84 0.174 0.842 0.174 0.85 0.172 0.852 0.172 0.86 0.17 0.862 0.17 0.87 0.168 0.872 0.168 0.88 0.166 0.882 0.166 0.89 0.164 0.892 0.164 0.9 0.162 0.902 0.162 0.904 0.164 0.906 0.168 0.906 0.17 0.908 0.172 0.908 0.174 0.91 0.176 0.91 0.178 0.912 0.182 0.912 0.184 0.914 0.186 0.914 0.188 0.916 0.19 0.916 0.192 0.918 0.196 0.918 0.198 0.92 0.2 0.92 0.202 0.922 0.202 0.918 0.204 0.916 0.204 0.906 0.206 0.904 0.206 0.894 0.208 0.892 0.208 0.884 0.21 0.882 0.21 0.872 0.212 0.87 0.212 0.86 0.214 0.858 0.214 0.848 0.216 0.846 0.216 0.836 0.218 0.834 0.218 0.824 0.22 0.822 0.22 0.814 0.222 0.812 0.222 0.802 0.224 0.8 0.224 0.79 0.226 0.788 0.226 0.784 0.222 0.784 0.22 0.782 0.212 0.782 0.21 0.78 0.202 0.78 0.2 0.778 0.192 0.778 0.19 0.776
5 0.465 0.507 0.022 0.022 0.462 0.496 0.456 0.502 0.456 0.504 0.454 0.506 0.454 0.512 0.456 0.514 0.458 0.514 0.46 0.516 0.466 0.516 0.47 0.512 0.47 0.51 0.472 0.508 0.472 0.504 0.474 0.502 0.472 0.5 0.472 0.498 0.47 0.498 0.468 0.496
3 0.217 0.729 0.054 0.05 0.198 0.704 0.198 0.706 0.196 0.708 0.196 0.714 0.194 0.716 0.194 0.724 0.192 0.726 0.192 0.732 0.19 0.734 0.19 0.736 0.192 0.738 0.196 0.738 0.198 0.74 0.202 0.74 0.204 0.742 0.208 0.742 0.21 0.744 0.214 0.744 0.216 0.746 0.22 0.746 0.222 0.748 0.226 0.748 0.228 0.75 0.232 0.75 0.234 0.752 0.234 0.748 0.236 0.746 0.236 0.738 0.238 0.736 0.238 0.726 0.24 0.724 0.24 0.716 0.242 0.714 0.242 0.71 0.236 0.71 0.234 0.708 0.22 0.708 0.218 0.706 0.206 0.706 0.204 0.704
5 0.153 0.741 0.014 0.018 0.148 0.732 0.148 0.738 0.146 0.74 0.146 0.744 0.148 0.746 0.148 0.748 0.156 0.748 0.156 0.746 0.158 0.744 0.158 0.732
7 0.44 0.364 0.02 0.024 0.438 0.352 0.436 0.354 0.436 0.356 0.432 0.36 0.432 0.362 0.43 0.364 0.43 0.366 0.432 0.368 0.434 0.368 0.438 0.372 0.44 0.372 0.442 0.374 0.444 0.374 0.448 0.37 0.448 0.358 0.446 0.356 0.446 0.354 0.444 0.352
7 0.325 0.183 0.022 0.018 0.324 0.174 0.322 0.176 0.318 0.176 0.316 0.178 0.316 0.18 0.314 0.182 0.316 0.184 0.316 0.186 0.318 0.188 0.322 0.188 0.324 0.19 0.326 0.19 0.334 0.182 0.334 0.178 0.33 0.174
4 0.236 0.588 0.016 0.012 0.236 0.582 0.234 0.584 0.232 0.584 0.23 0.586 0.228 0.586 0.228 0.592 0.24 0.592 0.24 0.59 0.242 0.588 0.242 0.584 0.24 0.582
