4 0.284 0.815 0.036 0.03 0.292 0.8 0.29 0.802 0.288 0.802 0.286 0.804 0.282 0.804 0.28 0.806 0.276 0.806 0.274 0.808 0.268 0.808 0.268 0.812 0.27 0.814 0.27 0.816 0.272 0.818 0.272 0.824 0.274 0.826 0.28 0.826 0.282 0.824 0.284 0.824 0.286 0.822 0.29 0.822 0.292 0.82 0.294 0.82 0.296 0.818 0.298 0.818 0.3 0.816 0.3 0.81 0.298 0.808 0.298 0.806 0.296 0.804 0.296 0.8
7 0.171 0.841 0.006 0.006 0.168 0.838 0.168 0.842 0.172 0.842 0.172 0.838
5 0.487 0.531 0.022 0.026 0.482 0.518 0.48 0.52 0.478 0.52 0.476 0.522 0.476 0.53 0.478 0.532 0.478 0.538 0.482 0.542 0.492 0.542 0.494 0.54 0.494 0.536 0.496 0.534 0.496 0.518 0.494 0.518 0.492 0.52 0.486 0.52 0.484 0.518
7 0.804 0.373 0.012 0.014 0.802 0.366 0.798 0.37 0.798 0.374 0.802 0.378 0.808 0.378 0.808 0.37 0.806 0.368 0.806 0.366
5 0.218 0.798 0.016 0.02 0.214 0.788 0.212 0.79 0.21 0.79 0.21 0.8 0.212 0.802 0.212 0.804 0.216 0.804 0.218 0.806 0.224 0.806 0.224 0.792 0.222 0.79 0.222 0.788
5 0.248 0.841 0.024 0.022 0.242 0.83 0.24 0.832 0.238 0.832 0.236 0.834 0.236 0.842 0.238 0.844 0.238 0.846 0.242 0.85 0.248 0.85 0.25 0.848 0.252 0.848 0.258 0.842 0.258 0.836 0.256 0.834 0.254 0.834 0.25 0.83
7 0.208 0.854 0.032 0.08 0.194 0.814 0.192 0.816 0.192 0.826 0.194 0.828 0.194 0.832 0.196 0.834 0.196 0.838 0.198 0.84 0.198 0.844 0.2 0.846 0.2 0.85 0.202 0.852 0.202 0.856 0.204 0.858 0.204 0.862 0.206 0.864 0.206 0.868 0.208 0.87 0.208 0.874 0.21 0.876 0.21 0.878 0.212 0.88 0.212 0.884 0.214 0.886 0.214 0.89 0.216 0.892 0.22 0.892 0.222 0.89 0.222 0.884 0.22 0.882 0.22 0.876 0.218 0.874 0.218 0.87 0.216 0.868 0.216 0.864 0.214 0.862 0.214 0.856 0.212 0.854 0.212 0.85 0.21 0.848 0.21 0.842 0.208 0.84 0.208 0.834 0.206 0.832 0.206 0.828 0.204 0.826 0.204 0.822 0.202 0.82 0.202 0.816 0.2 0.814
6 0.765 0.787 0.074 0.118 0.754 0.728 0.752 0.73 0.75 0.73 0.748 0.732 0.744 0.732 0.742 0.734 0.738 0.734 0.736 0.736 0.734 0.736 0.728 0.742 0.728 0.748 0.73 0.75 0.73 0.754 0.732 0.756 0.732 0.762 0.734 0.764 0.734 0.768 0.736 0.77 0.736 0.776 0.738 0.778 0.738 0.78 0.74 0.782 0.74 0.784 0.742 0.786 0.742 0.79 0.744 0.792 0.744 0.794 0.746 0.796 0.746 0.8 0.748 0.802 0.748 0.806 0.75 0.808 0.75 0.81 0.752 0.812 0.752 0.818 0.754 0.82 0.754 0.826 0.756 0.828 0.756 0.834 0.758 0.836 0.758 0.84 0.76 0.842 0.766 0.842 0.768 0.844 0.77 0.844 0.77 0.842 0.774 0.838 0.778 0.838 0.78 0.836 0.782 0.836 0.784 0.834 0.798 0.834 0.798 0.832 0.8 0.83 0.8 0.826 0.798 0.824 0.798 0.818 0.796 0.816 0.796 0.812 0.794 0.81 0.794 0.806 0.792 0.804 0.792 0.802 0.79 0.8 0.79 0.798 0.786 0.794 0.786 0.79 0.784 0.788 0.784 0.784 0.782 0.782 0.782 0.778 0.78 0.776 0.78 0.774 0.778 0.772 0.778 0.768 0.776 0.766 0.776 0.76 0.774 0.758 0.774 0.754 0.772 0.752 0.772 0.748 0.77 0.746 0.77 0.744 0.764 0.738 0.764 0.736 0.762 0.734 0.758 0.734 0.756 0.732 0.756 0.73 0.758 0.728
3 0.89 0.387 0.14 0.118 0.876 0.332 0.874 0.334 0.87 0.334 0.868 0.336 0.864 0.336 0.862 0.338 0.858 0.338 0.856 0.34 0.85 0.34 0.848 0.342 0.844 0.342 0.842 0.344 0.838 0.344 0.836 0.346 0.83 0.346 0.828 0.348 0.824 0.348 0.822 0.35 0.82 0.35 0.82 0.368 0.822 0.37 0.822 0.416 0.824 0.418 0.824 0.444 0.832 0.444 0.834 0.442 0.85 0.442 0.852 0.44 0.858 0.44 0.86 0.438 0.864 0.438 0.866 0.436 0.872 0.436 0.874 0.434 0.878 0.434 0.88 0.432 0.886 0.432 0.888 0.43 0.892 0.43 0.894 0.428 0.898 0.428 0.9 0.426 0.906 0.426 0.908 0.424 0.912 0.424 0.914 0.422 0.92 0.422 0.922 0.42 0.926 0.42 0.928 0.418 0.934 0.418 0.936 0.416 0.94 0.416 0.948 0.408 0.95 0.408 0.958 0.4 0.934 0.376 0.934 0.374 0.91 0.35 0.91 0.348 0.902 0.34 0.902 0.342 0.9 0.344 0.898 0.344 0.896 0.346 0.894 0.346 0.892 0.348 0.888 0.348 0.886 0.346 0.886 0.342 0.884 0.34 0.884 0.338 0.882 0.336 0.882 0.334 0.88 0.332
3 0.863 0.259 0.17 0.154 0.94 0.182 0.938 0.184 0.934 0.184 0.932 0.186 0.928 0.186 0.926 0.188 0.922 0.188 0.92 0.19 0.916 0.19 0.914 0.192 0.908 0.192 0.906 0.194 0.902 0.194 0.9 0.196 0.896 0.196 0.894 0.198 0.89 0.198 0.888 0.2 0.884 0.2 0.882 0.202 0.876 0.202 0.874 0.204 0.87 0.204 0.868 0.206 0.864 0.206 0.862 0.208 0.858 0.208 0.856 0.21 0.852 0.21 0.85 0.212 0.846 0.212 0.844 0.214 0.838 0.214 0.836 0.216 0.832 0.216 0.83 0.218 0.826 0.218 0.824 0.22 0.82 0.22 0.818 0.222 0.814 0.222 0.812 0.224 0.806 0.224 0.804 0.226 0.8 0.226 0.798 0.228 0.794 0.228 0.792 0.23 0.788 0.23 0.786 0.232 0.782 0.232 0.78 0.234 0.778 0.234 0.782 0.238 0.782 0.24 0.784 0.242 0.784 0.244 0.788 0.248 0.788 0.25 0.792 0.254 0.792 0.256 0.794 0.258 0.794 0.26 0.798 0.264 0.798 0.266 0.802 0.27 0.802 0.272 0.804 0.274 0.804 0.276 0.808 0.28 0.808 0.282 0.812 0.286 0.812 0.288 0.816 0.292 0.816 0.294 0.818 0.296 0.818 0.298 0.822 0.302 0.822 0.304 0.826 0.308 0.826 0.31 0.828 0.312 0.828 0.314 0.832 0.318 0.832 0.32 0.836 0.324 0.836 0.326 0.838 0.328 0.838 0.33 0.842 0.334 0.844 0.334 0.846 0.332 0.85 0.332 0.852 0.33 0.856 0.33 0.858 0.328 0.862 0.328 0.864 0.326 0.868 0.326 0.87 0.324 0.874 0.324 0.876 0.322 0.88 0.322 0.882 0.32 0.886 0.32 0.888 0.318 0.892 0.318 0.894 0.316 0.9 0.316 0.902 0.314 0.906 0.314 0.908 0.312 0.912 0.312 0.914 0.31 0.918 0.31 0.92 0.308 0.924 0.308 0.926 0.306 0.93 0.306 0.932 0.304 0.936 0.304 0.938 0.302 0.942 0.302 0.944 0.3 0.946 0.3 0.946 0.272 0.944 0.27 0.944 0.212 0.942 0.21 0.942 0.182
4 0.947 0.767 0.022 0.018 0.946 0.758 0.944 0.76 0.94 0.76 0.936 0.764 0.936 0.77 0.94 0.774 0.952 0.774 0.956 0.77 0.956 0.762 0.952 0.758
4 0.51 0.569 0.012 0.022 0.506 0.558 0.504 0.56 0.504 0.572 0.506 0.574 0.506 0.576 0.508 0.578 0.51 0.578 0.512 0.576 0.514 0.576 0.514 0.564 0.508 0.558
0 0.771 0.4 0.078 0.048 0.79 0.376 0.788 0.378 0.78 0.378 0.778 0.38 0.774 0.38 0.772 0.382 0.766 0.382 0.764 0.384 0.76 0.384 0.758 0.386 0.754 0.386 0.752 0.388 0.748 0.388 0.746 0.39 0.738 0.39 0.736 0.392 0.734 0.392 0.732 0.394 0.732 0.402 0.734 0.404 0.734 0.41 0.736 0.412 0.736 0.416 0.738 0.418 0.738 0.42 0.74 0.422 0.744 0.422 0.746 0.42 0.75 0.42 0.752 0.418 0.756 0.418 0.758 0.416 0.762 0.416 0.764 0.414 0.768 0.414 0.77 0.412 0.774 0.412 0.776 0.41 0.78 0.41 0.782 0.408 0.786 0.408 0.788 0.406 0.792 0.406 0.794 0.404 0.798 0.404 0.8 0.402 0.802 0.402 0.804 0.4 0.806 0.4 0.806 0.398 0.808 0.396 0.808 0.394 0.806 0.392 0.806 0.386 0.804 0.384 0.804 0.382 0.798 0.376
1 0.902 0.771 0.196 0.154 0.994 0.694 0.992 0.696 0.988 0.696 0.986 0.698 0.978 0.698 0.976 0.7 0.972 0.7 0.97 0.702 0.966 0.702 0.964 0.704 0.96 0.704 0.958 0.706 0.952 0.706 0.95 0.708 0.944 0.708 0.942 0.71 0.936 0.71 0.934 0.712 0.93 0.712 0.928 0.714 0.924 0.714 0.922 0.716 0.914 0.716 0.912 0.718 0.908 0.718 0.906 0.72 0.902 0.72 0.9 0.722 0.894 0.722 0.892 0.724 0.89 0.724 0.888 0.726 0.882 0.726 0.88 0.728 0.878 0.728 0.876 0.73 0.872 0.73 0.87 0.732 0.864 0.732 0.862 0.734 0.86 0.734 0.858 0.736 0.852 0.736 0.85 0.738 0.846 0.738 0.844 0.74 0.842 0.74 0.84 0.742 0.834 0.742 0.83 0.746 0.83 0.75 0.832 0.752 0.832 0.756 0.834 0.758 0.834 0.764 0.832 0.766 0.83 0.766 0.828 0.768 0.824 0.768 0.822 0.77 0.816 0.77 0.814 0.772 0.81 0.772 0.81 0.774 0.808 0.776 0.808 0.78 0.81 0.782 0.81 0.796 0.804 0.802 0.804 0.814 0.806 0.816 0.806 0.824 0.808 0.826 0.808 0.832 0.81 0.834 0.81 0.838 0.812 0.84 0.812 0.844 0.814 0.846 0.822 0.846 0.824 0.844 0.828 0.844 0.83 0.842 0.836 0.842 0.838 0.84 0.842 0.84 0.844 0.838 0.848 0.838 0.85 0.836 0.854 0.836 0.856 0.834 0.86 0.834 0.862 0.832 0.864 0.832 0.866 0.83 0.872 0.83 0.874 0.828 0.876 0.828 0.878 0.826 0.884 0.826 0.886 0.824 0.888 0.824 0.89 0.822 0.894 0.822 0.896 0.82 0.9 0.82 0.902 0.818 0.906 0.818 0.908 0.816 0.914 0.816 0.916 0.814 0.92 0.814 0.922 0.812 0.926 0.812 0.928 0.81 0.932 0.81 0.934 0.808 0.94 0.808 0.942 0.806 0.946 0.806 0.948 0.804 0.954 0.804 0.956 0.802 0.962 0.802 0.964 0.8 0.966 0.8 0.968 0.798 0.974 0.798 0.976 0.796 0.98 0.796 0.982 0.794 0.988 0.794 0.99 0.792 0.996 0.792 0.998 0.79 0.998 0.694
2 0.066 0.794 0.04 0.06 0.06 0.764 0.058 0.766 0.048 0.766 0.046 0.768 0.046 0.776 0.048 0.778 0.048 0.782 0.05 0.784 0.05 0.788 0.052 0.79 0.052 0.792 0.054 0.794 0.054 0.798 0.056 0.8 0.056 0.802 0.058 0.804 0.058 0.806 0.06 0.808 0.06 0.812 0.062 0.814 0.062 0.818 0.064 0.82 0.064 0.822 0.076 0.822 0.078 0.82 0.082 0.82 0.084 0.818 0.084 0.81 0.082 0.808 0.082 0.802 0.08 0.8 0.08 0.796 0.078 0.794 0.078 0.79 0.074 0.786 0.074 0.784 0.072 0.782 0.072 0.774 0.07 0.772 0.07 0.768 0.066 0.764
4 0.74 0.28 0.028 0.036 0.734 0.262 0.732 0.264 0.73 0.264 0.726 0.268 0.726 0.274 0.728 0.276 0.728 0.284 0.73 0.286 0.73 0.29 0.732 0.292 0.732 0.294 0.734 0.296 0.744 0.296 0.746 0.294 0.75 0.294 0.752 0.292 0.752 0.288 0.75 0.286 0.75 0.284 0.748 0.282 0.748 0.278 0.746 0.276 0.746 0.274 0.744 0.272 0.744 0.264 0.742 0.262
4 0.885 0.597 0.026 0.03 0.886 0.584 0.884 0.586 0.878 0.586 0.872 0.592 0.872 0.598 0.874 0.6 0.874 0.61 0.884 0.61 0.886 0.608 0.89 0.608 0.892 0.606 0.894 0.606 0.894 0.604 0.896 0.602 0.894 0.6 0.894 0.59 0.892 0.588 0.892 0.586 0.89 0.584
5 0.891 0.335 0.022 0.026 0.882 0.322 0.88 0.324 0.88 0.328 0.882 0.33 0.882 0.332 0.884 0.334 0.884 0.336 0.886 0.338 0.886 0.34 0.888 0.342 0.888 0.346 0.892 0.346 0.894 0.344 0.896 0.344 0.898 0.342 0.9 0.342 0.9 0.332 0.898 0.33 0.898 0.328 0.896 0.326 0.896 0.324 0.886 0.324 0.884 0.322
6 0.42 0.376 0.048 0.104 0.41 0.324 0.408 0.326 0.404 0.326 0.402 0.328 0.4 0.328 0.398 0.33 0.396 0.33 0.396 0.344 0.398 0.346 0.398 0.352 0.4 0.354 0.4 0.36 0.402 0.362 0.402 0.368 0.404 0.37 0.404 0.376 0.406 0.378 0.406 0.382 0.408 0.384 0.408 0.388 0.41 0.39 0.41 0.394 0.412 0.396 0.412 0.398 0.414 0.4 0.414 0.404 0.416 0.406 0.416 0.41 0.418 0.412 0.418 0.414 0.42 0.416 0.42 0.418 0.422 0.42 0.422 0.422 0.424 0.424 0.426 0.424 0.428 0.426 0.43 0.426 0.432 0.424 0.436 0.424 0.438 0.422 0.442 0.422 0.442 0.414 0.44 0.412 0.44 0.406 0.438 0.404 0.438 0.398 0.436 0.396 0.436 0.392 0.434 0.39 0.434 0.384 0.432 0.382 0.432 0.378 0.43 0.376 0.43 0.372 0.428 0.37 0.428 0.366 0.426 0.364 0.426 0.36 0.424 0.358 0.424 0.354 0.422 0.352 0.422 0.346 0.42 0.344 0.42 0.34 0.418 0.338 0.418 0.334 0.416 0.332 0.416 0.326 0.414 0.324
5 0.793 0.318 0.026 0.032 0.784 0.302 0.782 0.304 0.78 0.304 0.78 0.314 0.782 0.316 0.782 0.322 0.784 0.324 0.784 0.328 0.786 0.33 0.792 0.33 0.794 0.332 0.802 0.332 0.802 0.33 0.804 0.328 0.804 0.324 0.802 0.322 0.802 0.316 0.8 0.314 0.8 0.308 0.798 0.306 0.798 0.304 0.796 0.302
5 0.862 0.701 0.036 0.03 0.86 0.686 0.858 0.688 0.846 0.688 0.844 0.69 0.844 0.7 0.846 0.702 0.846 0.71 0.85 0.714 0.852 0.714 0.854 0.712 0.862 0.712 0.864 0.71 0.868 0.71 0.87 0.708 0.874 0.708 0.878 0.704 0.878 0.698 0.876 0.696 0.876 0.692 0.874 0.69 0.874 0.688 0.872 0.686
