3 0.477 0.87 0.042 0.024 0.46 0.858 0.456 0.862 0.456 0.872 0.458 0.874 0.46 0.874 0.464 0.878 0.468 0.878 0.47 0.88 0.472 0.878 0.476 0.878 0.478 0.876 0.492 0.876 0.496 0.872 0.496 0.862 0.488 0.862 0.486 0.86 0.464 0.86 0.462 0.858
7 0.028 0.94 0.008 0.012 0.026 0.934 0.024 0.936 0.024 0.944 0.028 0.944 0.03 0.942 0.03 0.936 0.028 0.934
0 0.484 0.951 0.024 0.054 0.472 0.924 0.472 0.968 0.474 0.97 0.474 0.972 0.482 0.972 0.484 0.974 0.49 0.974 0.492 0.976 0.494 0.976 0.494 0.926 0.492 0.924
4 0.017 0.809 0.018 0.022 0.01 0.798 0.008 0.8 0.008 0.818 0.022 0.818 0.024 0.816 0.024 0.798
5 0.533 0.919 0.018 0.018 0.526 0.91 0.524 0.912 0.524 0.922 0.526 0.924 0.526 0.926 0.536 0.926 0.54 0.922 0.54 0.914 0.538 0.912 0.538 0.91
7 0.514 0.542 0.016 0.016 0.506 0.534 0.506 0.546 0.512 0.546 0.514 0.548 0.518 0.548 0.52 0.546 0.52 0.542 0.518 0.54 0.518 0.536 0.516 0.534
4 0.412 0.845 0.024 0.014 0.412 0.838 0.41 0.84 0.404 0.84 0.4 0.844 0.4 0.848 0.402 0.85 0.41 0.85 0.412 0.848 0.416 0.848 0.422 0.842 0.422 0.84 0.42 0.838
4 0.708 0.012 0.028 0.016 0.7 0.004 0.698 0.006 0.694 0.006 0.694 0.016 0.696 0.018 0.712 0.018 0.714 0.016 0.718 0.016 0.72 0.014 0.72 0.006 0.718 0.004
5 0.121 0.862 0.022 0.028 0.116 0.848 0.114 0.85 0.112 0.85 0.11 0.852 0.11 0.872 0.112 0.874 0.128 0.874 0.128 0.872 0.13 0.87 0.13 0.85 0.128 0.848
5 0.123 0.924 0.022 0.024 0.114 0.912 0.112 0.914 0.112 0.926 0.114 0.928 0.114 0.932 0.116 0.934 0.128 0.934 0.132 0.93 0.132 0.912
6 0.507 0.713 0.094 0.058 0.466 0.684 0.464 0.686 0.462 0.686 0.46 0.688 0.46 0.736 0.462 0.738 0.462 0.74 0.472 0.74 0.474 0.738 0.476 0.738 0.478 0.736 0.48 0.736 0.482 0.738 0.494 0.738 0.496 0.74 0.498 0.74 0.5 0.738 0.502 0.74 0.512 0.74 0.514 0.738 0.53 0.738 0.532 0.736 0.54 0.736 0.542 0.734 0.546 0.734 0.548 0.732 0.548 0.722 0.55 0.72 0.55 0.714 0.552 0.712 0.55 0.71 0.55 0.688 0.548 0.686 0.548 0.684 0.484 0.684 0.482 0.686 0.474 0.686 0.472 0.684
4 0.564 0.888 0.032 0.02 0.554 0.878 0.552 0.88 0.552 0.882 0.55 0.884 0.55 0.886 0.548 0.888 0.548 0.89 0.55 0.892 0.55 0.894 0.554 0.894 0.556 0.896 0.578 0.896 0.578 0.88 0.576 0.878
5 0.524 0.838 0.016 0.016 0.516 0.83 0.516 0.84 0.52 0.844 0.524 0.844 0.53 0.838 0.53 0.836 0.528 0.834 0.524 0.834 0.52 0.83
4 0.765 0.013 0.026 0.018 0.756 0.004 0.754 0.006 0.752 0.006 0.752 0.018 0.754 0.02 0.768 0.02 0.77 0.018 0.772 0.018 0.774 0.016 0.774 0.012 0.776 0.01 0.776 0.006 0.774 0.004
4 0.88 0.047 0.024 0.022 0.872 0.036 0.87 0.038 0.868 0.038 0.868 0.054 0.87 0.054 0.872 0.056 0.882 0.056 0.884 0.054 0.888 0.054 0.888 0.052 0.89 0.05 0.89 0.038 0.888 0.036
