5 0.31 0.98 0.028 0.02 0.306 0.97 0.304 0.972 0.302 0.972 0.298 0.976 0.298 0.98 0.296 0.982 0.296 0.986 0.298 0.988 0.3 0.986 0.308 0.986 0.31 0.984 0.318 0.984 0.322 0.98 0.32 0.978 0.32 0.974 0.318 0.974 0.316 0.972 0.308 0.972
3 0.331 0.852 0.078 0.052 0.31 0.826 0.308 0.828 0.308 0.83 0.302 0.836 0.302 0.838 0.3 0.84 0.3 0.844 0.296 0.848 0.296 0.85 0.292 0.854 0.292 0.856 0.296 0.86 0.298 0.86 0.3 0.862 0.304 0.862 0.306 0.864 0.308 0.864 0.31 0.866 0.314 0.866 0.316 0.868 0.318 0.868 0.322 0.872 0.324 0.872 0.328 0.876 0.346 0.876 0.348 0.874 0.354 0.874 0.358 0.87 0.358 0.868 0.364 0.862 0.364 0.86 0.366 0.858 0.366 0.852 0.368 0.85 0.368 0.846 0.364 0.842 0.36 0.842 0.358 0.84 0.356 0.84 0.354 0.838 0.35 0.838 0.348 0.836 0.346 0.836 0.344 0.834 0.338 0.834 0.336 0.832 0.334 0.832 0.332 0.83 0.328 0.83 0.326 0.828 0.324 0.828 0.322 0.826
5 0.272 0.839 0.02 0.022 0.266 0.828 0.264 0.83 0.264 0.832 0.262 0.834 0.262 0.84 0.266 0.844 0.268 0.844 0.272 0.848 0.276 0.848 0.276 0.846 0.278 0.844 0.278 0.84 0.28 0.838 0.28 0.832 0.276 0.828
5 0.3 0.778 0.028 0.036 0.306 0.76 0.296 0.77 0.296 0.772 0.29 0.778 0.29 0.78 0.288 0.782 0.288 0.784 0.286 0.786 0.286 0.79 0.288 0.792 0.29 0.792 0.292 0.794 0.302 0.794 0.302 0.792 0.306 0.788 0.306 0.786 0.308 0.784 0.308 0.782 0.31 0.78 0.31 0.778 0.312 0.776 0.312 0.764 0.308 0.76
5 0.452 0.62 0.016 0.016 0.45 0.612 0.448 0.614 0.446 0.614 0.444 0.616 0.444 0.622 0.448 0.626 0.454 0.626 0.456 0.624 0.458 0.624 0.458 0.622 0.456 0.62 0.456 0.618 0.454 0.616 0.454 0.614 0.452 0.614
5 0.563 0.411 0.022 0.026 0.558 0.398 0.552 0.404 0.552 0.418 0.554 0.42 0.556 0.42 0.558 0.422 0.572 0.422 0.572 0.404 0.568 0.4 0.564 0.4 0.562 0.398
5 0.986 0.358 0.012 0.016 0.982 0.35 0.98 0.352 0.98 0.364 0.988 0.364 0.99 0.362 0.99 0.35
5 0.035 0.204 0.018 0.024 0.032 0.192 0.03 0.194 0.03 0.196 0.028 0.198 0.028 0.202 0.026 0.204 0.026 0.208 0.03 0.212 0.032 0.212 0.034 0.214 0.04 0.214 0.04 0.212 0.042 0.21 0.042 0.202 0.04 0.2 0.04 0.196 0.038 0.194 0.036 0.194 0.034 0.192
4 0.176 0.874 0.028 0.028 0.172 0.86 0.17 0.862 0.168 0.862 0.166 0.864 0.166 0.866 0.164 0.868 0.164 0.87 0.162 0.872 0.162 0.876 0.168 0.882 0.17 0.882 0.172 0.884 0.174 0.884 0.176 0.886 0.182 0.886 0.186 0.882 0.186 0.88 0.188 0.878 0.188 0.866 0.186 0.864 0.184 0.864 0.182 0.862 0.18 0.862 0.178 0.86
4 0.218 0.795 0.02 0.026 0.216 0.782 0.214 0.784 0.212 0.784 0.21 0.786 0.21 0.788 0.208 0.79 0.208 0.798 0.21 0.8 0.21 0.802 0.214 0.806 0.22 0.806 0.224 0.802 0.224 0.798 0.226 0.796 0.226 0.788 0.222 0.784 0.218 0.784
4 0.587 0.43 0.018 0.02 0.582 0.42 0.578 0.424 0.578 0.438 0.586 0.438 0.588 0.436 0.59 0.436 0.59 0.434 0.592 0.432 0.592 0.43 0.594 0.428 0.594 0.422 0.592 0.422 0.59 0.42
3 0.574 0.503 0.112 0.082 0.544 0.462 0.542 0.464 0.542 0.466 0.54 0.468 0.54 0.47 0.536 0.474 0.536 0.476 0.534 0.478 0.534 0.48 0.532 0.482 0.532 0.484 0.53 0.486 0.53 0.488 0.528 0.49 0.528 0.492 0.526 0.494 0.526 0.496 0.522 0.5 0.522 0.502 0.52 0.504 0.52 0.506 0.518 0.508 0.52 0.51 0.524 0.51 0.526 0.512 0.53 0.512 0.532 0.514 0.534 0.514 0.536 0.516 0.54 0.516 0.542 0.518 0.546 0.518 0.548 0.52 0.55 0.52 0.552 0.522 0.556 0.522 0.558 0.524 0.562 0.524 0.564 0.526 0.566 0.526 0.568 0.528 0.572 0.528 0.574 0.53 0.576 0.53 0.578 0.532 0.582 0.532 0.584 0.534 0.588 0.534 0.59 0.536 0.592 0.536 0.594 0.538 0.598 0.538 0.6 0.54 0.604 0.54 0.606 0.542 0.608 0.54 0.608 0.538 0.61 0.536 0.61 0.534 0.612 0.532 0.612 0.53 0.614 0.528 0.614 0.526 0.616 0.524 0.616 0.522 0.618 0.52 0.618 0.518 0.62 0.516 0.62 0.514 0.622 0.512 0.622 0.51 0.624 0.508 0.624 0.506 0.626 0.504 0.626 0.502 0.628 0.5 0.626 0.498 0.624 0.498 0.622 0.496 0.618 0.496 0.616 0.494 0.614 0.494 0.612 0.492 0.61 0.492 0.608 0.49 0.606 0.49 0.604 0.488 0.6 0.488 0.598 0.486 0.596 0.486 0.594 0.484 0.592 0.484 0.59 0.482 0.586 0.482 0.584 0.48 0.582 0.48 0.58 0.478 0.578 0.478 0.576 0.476 0.574 0.476 0.572 0.474 0.568 0.474 0.566 0.472 0.564 0.472 0.562 0.47 0.56 0.47 0.558 0.468 0.556 0.468 0.554 0.466 0.55 0.466 0.548 0.464 0.546 0.464
3 0.528 0.6 0.104 0.08 0.496 0.56 0.494 0.562 0.494 0.564 0.492 0.566 0.492 0.568 0.49 0.57 0.49 0.572 0.488 0.574 0.488 0.576 0.486 0.578 0.486 0.58 0.484 0.582 0.484 0.584 0.482 0.586 0.482 0.588 0.48 0.59 0.48 0.592 0.478 0.594 0.478 0.596 0.476 0.598 0.478 0.6 0.48 0.6 0.482 0.602 0.484 0.602 0.486 0.604 0.488 0.604 0.49 0.606 0.492 0.606 0.494 0.608 0.498 0.608 0.5 0.61 0.502 0.61 0.504 0.612 0.506 0.612 0.508 0.614 0.51 0.614 0.512 0.616 0.514 0.616 0.516 0.618 0.518 0.618 0.52 0.62 0.522 0.62 0.524 0.622 0.526 0.622 0.528 0.624 0.53 0.624 0.532 0.626 0.534 0.626 0.536 0.628 0.54 0.628 0.542 0.63 0.544 0.63 0.546 0.632 0.548 0.632 0.55 0.634 0.552 0.634 0.554 0.636 0.556 0.636 0.558 0.638 0.56 0.636 0.56 0.634 0.562 0.632 0.562 0.628 0.564 0.626 0.564 0.624 0.566 0.622 0.566 0.62 0.568 0.618 0.568 0.616 0.57 0.614 0.57 0.612 0.572 0.61 0.572 0.606 0.574 0.604 0.574 0.602 0.576 0.6 0.576 0.598 0.578 0.596 0.576 0.594 0.572 0.594 0.57 0.592 0.568 0.592 0.566 0.59 0.564 0.59 0.562 0.588 0.558 0.588 0.556 0.586 0.554 0.586 0.552 0.584 0.55 0.584 0.548 0.582 0.544 0.582 0.542 0.58 0.54 0.58 0.538 0.578 0.536 0.578 0.534 0.576 0.53 0.576 0.528 0.574 0.526 0.574 0.524 0.572 0.522 0.572 0.52 0.57 0.516 0.57 0.514 0.568 0.512 0.568 0.51 0.566 0.508 0.566 0.506 0.564 0.502 0.564 0.5 0.562 0.498 0.562
7 0.084 0.156 0.012 0.012 0.08 0.15 0.078 0.152 0.078 0.154 0.08 0.156 0.08 0.158 0.082 0.16 0.086 0.16 0.088 0.158 0.088 0.152 0.086 0.15
4 0.498 0.322 0.016 0.016 0.492 0.314 0.49 0.316 0.49 0.326 0.492 0.328 0.502 0.328 0.504 0.326 0.504 0.318 0.5 0.314
4 0.604 0.286 0.024 0.024 0.594 0.274 0.592 0.276 0.592 0.292 0.594 0.294 0.596 0.294 0.598 0.296 0.604 0.296 0.606 0.294 0.61 0.294 0.612 0.292 0.612 0.29 0.614 0.288 0.614 0.276 0.612 0.274
4 0.094 0.229 0.028 0.022 0.086 0.218 0.084 0.22 0.084 0.224 0.082 0.226 0.082 0.23 0.08 0.232 0.08 0.234 0.084 0.238 0.102 0.238 0.102 0.236 0.104 0.234 0.104 0.23 0.106 0.228 0.106 0.22 0.104 0.218
7 0.007 0.189 0.014 0.014 0.0 0.182 0.0 0.194 0.01 0.194 0.01 0.192 0.012 0.19 0.012 0.188 0.01 0.186 0.01 0.184 0.008 0.184 0.006 0.182
7 0.966 0.372 0.012 0.012 0.962 0.366 0.96 0.368 0.96 0.372 0.964 0.376 0.968 0.376 0.97 0.374 0.97 0.366
7 0.526 0.48 0.016 0.012 0.522 0.474 0.518 0.478 0.518 0.48 0.522 0.484 0.526 0.484 0.528 0.482 0.528 0.48 0.532 0.476 0.532 0.474
7 0.414 0.591 0.012 0.018 0.412 0.582 0.41 0.584 0.41 0.586 0.408 0.588 0.408 0.592 0.41 0.594 0.412 0.594 0.416 0.598 0.418 0.598 0.418 0.588 0.416 0.586 0.416 0.582
7 0.311 0.975 0.03 0.03 0.31 0.96 0.308 0.962 0.306 0.962 0.306 0.964 0.304 0.966 0.304 0.968 0.302 0.97 0.302 0.972 0.298 0.976 0.298 0.978 0.296 0.98 0.296 0.986 0.298 0.988 0.3 0.988 0.302 0.986 0.31 0.986 0.312 0.984 0.322 0.984 0.324 0.982 0.324 0.98 0.322 0.978 0.322 0.976 0.314 0.968 0.314 0.966 0.312 0.964 0.312 0.962
7 0.425 0.598 0.014 0.016 0.42 0.59 0.418 0.592 0.418 0.6 0.42 0.6 0.422 0.602 0.424 0.602 0.426 0.604 0.43 0.6 0.43 0.594 0.428 0.592 0.426 0.592 0.424 0.59
3 0.603 0.368 0.086 0.092 0.586 0.322 0.58 0.328 0.58 0.33 0.578 0.332 0.578 0.334 0.574 0.338 0.574 0.34 0.566 0.348 0.566 0.35 0.56 0.356 0.56 0.37 0.562 0.372 0.562 0.374 0.564 0.376 0.564 0.38 0.566 0.382 0.566 0.386 0.57 0.39 0.57 0.392 0.572 0.394 0.572 0.396 0.574 0.398 0.576 0.398 0.578 0.4 0.58 0.4 0.582 0.402 0.59 0.402 0.592 0.404 0.592 0.406 0.594 0.408 0.598 0.408 0.6 0.41 0.606 0.41 0.608 0.412 0.612 0.412 0.614 0.41 0.636 0.41 0.638 0.408 0.638 0.406 0.64 0.404 0.64 0.374 0.642 0.372 0.642 0.362 0.644 0.36 0.644 0.332 0.642 0.33 0.64 0.33 0.638 0.328 0.63 0.328 0.628 0.326 0.608 0.326 0.606 0.324 0.6 0.324 0.598 0.322
