5 0.064 0.807 0.02 0.018 0.058 0.798 0.054 0.802 0.054 0.804 0.056 0.806 0.056 0.808 0.058 0.81 0.062 0.81 0.064 0.812 0.066 0.812 0.068 0.814 0.072 0.814 0.072 0.802 0.07 0.8 0.066 0.8 0.064 0.798
3 0.586 0.103 0.052 0.05 0.564 0.078 0.564 0.08 0.562 0.082 0.562 0.096 0.56 0.098 0.56 0.12 0.562 0.122 0.566 0.122 0.568 0.124 0.586 0.124 0.588 0.126 0.604 0.126 0.608 0.122 0.608 0.094 0.61 0.092 0.61 0.082 0.606 0.078
7 0.717 0.487 0.01 0.014 0.714 0.48 0.712 0.482 0.712 0.49 0.714 0.49 0.716 0.492 0.718 0.49 0.72 0.49 0.72 0.482 0.718 0.482 0.716 0.48
6 0.968 0.91 0.048 0.124 0.952 0.848 0.952 0.86 0.95 0.862 0.95 0.878 0.948 0.88 0.948 0.926 0.946 0.928 0.946 0.952 0.944 0.954 0.944 0.966 0.946 0.968 0.952 0.968 0.954 0.966 0.988 0.966 0.988 0.886 0.99 0.884 0.99 0.882 0.988 0.88 0.988 0.876 0.99 0.874 0.99 0.852 0.986 0.848
3 0.807 0.605 0.166 0.086 0.752 0.562 0.75 0.564 0.75 0.568 0.748 0.57 0.748 0.574 0.746 0.576 0.746 0.58 0.744 0.582 0.744 0.584 0.742 0.586 0.742 0.59 0.74 0.592 0.74 0.596 0.738 0.598 0.738 0.6 0.736 0.602 0.736 0.606 0.734 0.608 0.734 0.612 0.732 0.614 0.732 0.618 0.73 0.62 0.73 0.622 0.728 0.624 0.728 0.628 0.726 0.63 0.726 0.634 0.724 0.636 0.738 0.636 0.74 0.638 0.772 0.638 0.774 0.64 0.806 0.64 0.808 0.642 0.838 0.642 0.84 0.644 0.872 0.644 0.874 0.646 0.888 0.646 0.888 0.644 0.886 0.642 0.886 0.634 0.884 0.632 0.884 0.626 0.882 0.624 0.882 0.616 0.88 0.614 0.88 0.608 0.878 0.606 0.878 0.6 0.876 0.598 0.876 0.59 0.874 0.588 0.874 0.582 0.872 0.58 0.872 0.572 0.87 0.57 0.87 0.568 0.852 0.568 0.85 0.566 0.812 0.566 0.81 0.564 0.772 0.564 0.77 0.562
5 0.44 0.539 0.016 0.018 0.434 0.53 0.432 0.532 0.432 0.544 0.434 0.546 0.438 0.546 0.44 0.544 0.444 0.544 0.446 0.542 0.446 0.534 0.444 0.534 0.442 0.532 0.436 0.532
4 0.161 0.822 0.018 0.024 0.156 0.81 0.156 0.812 0.154 0.814 0.154 0.822 0.152 0.824 0.152 0.83 0.156 0.83 0.158 0.832 0.162 0.832 0.164 0.83 0.168 0.83 0.168 0.81
7 0.542 0.475 0.016 0.014 0.536 0.468 0.536 0.47 0.534 0.472 0.534 0.48 0.546 0.48 0.548 0.478 0.548 0.47 0.546 0.47 0.544 0.468
4 0.004 0.418 0.008 0.024 0.0 0.406 0.0 0.428 0.004 0.428 0.004 0.426 0.006 0.424 0.006 0.41 0.004 0.408 0.004 0.406
4 0.006 0.279 0.012 0.026 0.0 0.266 0.0 0.29 0.004 0.29 0.008 0.286 0.008 0.272 0.01 0.27 0.008 0.268 0.008 0.266
3 0.759 0.829 0.186 0.098 0.694 0.78 0.692 0.782 0.67 0.782 0.668 0.784 0.668 0.786 0.666 0.788 0.666 0.81 0.668 0.812 0.668 0.816 0.67 0.818 0.67 0.82 0.674 0.824 0.674 0.826 0.678 0.83 0.678 0.832 0.68 0.834 0.68 0.836 0.682 0.838 0.682 0.84 0.684 0.842 0.684 0.848 0.686 0.85 0.686 0.86 0.688 0.862 0.688 0.864 0.69 0.866 0.69 0.868 0.692 0.87 0.694 0.87 0.696 0.872 0.698 0.872 0.7 0.874 0.71 0.874 0.712 0.872 0.756 0.872 0.758 0.874 0.816 0.874 0.818 0.876 0.824 0.876 0.826 0.874 0.828 0.874 0.83 0.872 0.83 0.87 0.832 0.868 0.832 0.862 0.834 0.86 0.834 0.856 0.836 0.854 0.836 0.85 0.838 0.848 0.838 0.84 0.84 0.838 0.84 0.834 0.842 0.832 0.842 0.83 0.844 0.828 0.844 0.822 0.846 0.82 0.846 0.816 0.848 0.814 0.848 0.808 0.85 0.806 0.85 0.794 0.848 0.794 0.846 0.792 0.834 0.792 0.832 0.79 0.824 0.79 0.822 0.788 0.808 0.788 0.806 0.786 0.776 0.786 0.774 0.784 0.73 0.784 0.728 0.782 0.726 0.784 0.724 0.784 0.722 0.782 0.706 0.782 0.704 0.78
3 0.425 0.811 0.166 0.098 0.354 0.762 0.352 0.764 0.35 0.764 0.346 0.768 0.346 0.77 0.344 0.772 0.344 0.774 0.342 0.776 0.342 0.786 0.344 0.788 0.344 0.794 0.346 0.796 0.346 0.798 0.348 0.8 0.348 0.804 0.352 0.808 0.352 0.81 0.354 0.812 0.354 0.816 0.356 0.818 0.356 0.822 0.358 0.824 0.36 0.824 0.362 0.826 0.362 0.832 0.364 0.834 0.364 0.836 0.366 0.838 0.366 0.842 0.372 0.848 0.372 0.85 0.374 0.85 0.376 0.852 0.382 0.852 0.384 0.854 0.398 0.854 0.4 0.856 0.454 0.856 0.456 0.858 0.466 0.858 0.468 0.856 0.476 0.856 0.478 0.854 0.48 0.854 0.486 0.848 0.486 0.844 0.488 0.842 0.488 0.836 0.49 0.834 0.49 0.832 0.492 0.83 0.492 0.826 0.494 0.824 0.494 0.818 0.496 0.816 0.496 0.81 0.498 0.808 0.498 0.806 0.5 0.804 0.5 0.8 0.502 0.798 0.502 0.794 0.504 0.792 0.504 0.788 0.506 0.786 0.506 0.776 0.504 0.774 0.49 0.774 0.488 0.772 0.482 0.772 0.48 0.77 0.456 0.77 0.454 0.768 0.432 0.768 0.43 0.766 0.4 0.766 0.398 0.764 0.378 0.764 0.376 0.766 0.36 0.766 0.358 0.764 0.356 0.764
3 0.875 0.1 0.046 0.04 0.854 0.08 0.854 0.082 0.852 0.084 0.852 0.11 0.854 0.112 0.854 0.114 0.856 0.114 0.858 0.116 0.884 0.116 0.886 0.118 0.888 0.118 0.89 0.116 0.894 0.116 0.894 0.108 0.896 0.106 0.896 0.082 0.894 0.08
3 0.781 0.09 0.046 0.048 0.766 0.066 0.764 0.068 0.762 0.068 0.762 0.07 0.76 0.072 0.76 0.098 0.758 0.1 0.758 0.11 0.76 0.11 0.762 0.112 0.8 0.112 0.802 0.11 0.802 0.072 0.798 0.068 0.772 0.068 0.77 0.066
3 0.682 0.088 0.04 0.036 0.664 0.07 0.662 0.072 0.662 0.1 0.664 0.102 0.67 0.102 0.672 0.104 0.698 0.104 0.7 0.102 0.7 0.076 0.698 0.074 0.696 0.074 0.694 0.072 0.684 0.072 0.682 0.07
7 0.919 0.5 0.014 0.012 0.914 0.494 0.914 0.496 0.912 0.498 0.912 0.5 0.916 0.504 0.92 0.504 0.922 0.502 0.924 0.502 0.924 0.496 0.922 0.494
3 0.489 0.091 0.046 0.046 0.47 0.068 0.468 0.07 0.468 0.072 0.466 0.074 0.466 0.112 0.506 0.112 0.508 0.11 0.508 0.106 0.51 0.104 0.51 0.07 0.506 0.07 0.504 0.068
3 0.391 0.087 0.046 0.042 0.37 0.066 0.368 0.068 0.368 0.104 0.37 0.104 0.372 0.106 0.41 0.106 0.412 0.104 0.412 0.068 0.41 0.066
7 0.354 0.539 0.024 0.01 0.342 0.534 0.342 0.536 0.348 0.542 0.362 0.542 0.364 0.54 0.362 0.538 0.362 0.534
7 0.714 0.562 0.024 0.012 0.708 0.556 0.706 0.558 0.704 0.558 0.702 0.56 0.704 0.562 0.706 0.562 0.708 0.564 0.71 0.564 0.712 0.566 0.722 0.566 0.724 0.564 0.724 0.558 0.722 0.558 0.72 0.556
7 0.888 0.572 0.028 0.012 0.878 0.566 0.876 0.568 0.874 0.568 0.876 0.57 0.876 0.574 0.89 0.574 0.892 0.576 0.894 0.574 0.896 0.574 0.898 0.576 0.9 0.576 0.9 0.572 0.898 0.57 0.898 0.568 0.896 0.568 0.894 0.566
7 0.466 0.9 0.016 0.012 0.46 0.894 0.458 0.896 0.458 0.902 0.466 0.902 0.468 0.904 0.47 0.902 0.472 0.902 0.472 0.896 0.47 0.894
7 0.87 0.933 0.012 0.014 0.864 0.926 0.864 0.938 0.87 0.938 0.874 0.934 0.874 0.928 0.872 0.926
3 0.974 0.093 0.052 0.058 0.956 0.064 0.956 0.07 0.954 0.072 0.954 0.084 0.952 0.086 0.952 0.098 0.95 0.1 0.95 0.112 0.948 0.114 0.948 0.118 0.974 0.118 0.976 0.12 0.998 0.12 0.998 0.066 0.978 0.066 0.976 0.064
3 0.817 0.472 0.17 0.1 0.732 0.422 0.732 0.424 0.734 0.426 0.734 0.43 0.736 0.432 0.736 0.438 0.738 0.44 0.738 0.446 0.74 0.448 0.74 0.452 0.742 0.454 0.742 0.46 0.744 0.462 0.744 0.466 0.746 0.468 0.746 0.474 0.748 0.476 0.748 0.482 0.75 0.484 0.75 0.488 0.752 0.49 0.752 0.496 0.754 0.498 0.754 0.504 0.756 0.506 0.756 0.51 0.758 0.512 0.758 0.514 0.776 0.514 0.778 0.516 0.816 0.516 0.818 0.518 0.854 0.518 0.856 0.52 0.874 0.52 0.874 0.518 0.876 0.516 0.876 0.512 0.878 0.51 0.878 0.504 0.88 0.502 0.88 0.498 0.882 0.496 0.882 0.49 0.884 0.488 0.884 0.484 0.886 0.482 0.886 0.476 0.888 0.474 0.888 0.468 0.89 0.466 0.89 0.462 0.892 0.46 0.892 0.454 0.894 0.452 0.894 0.448 0.896 0.446 0.896 0.44 0.898 0.438 0.898 0.434 0.9 0.432 0.9 0.43 0.88 0.43 0.878 0.428 0.838 0.428 0.836 0.426 0.796 0.426 0.794 0.424 0.754 0.424 0.752 0.422
3 0.735 0.963 0.162 0.074 0.676 0.926 0.676 0.928 0.674 0.93 0.674 0.934 0.672 0.936 0.672 0.942 0.67 0.944 0.67 0.95 0.668 0.952 0.668 0.956 0.666 0.958 0.666 0.964 0.664 0.966 0.664 0.972 0.662 0.974 0.662 0.978 0.66 0.98 0.66 0.986 0.658 0.988 0.658 0.994 0.656 0.996 0.656 0.998 0.814 0.998 0.812 0.996 0.812 0.99 0.81 0.988 0.81 0.984 0.808 0.982 0.808 0.976 0.806 0.974 0.806 0.968 0.804 0.966 0.804 0.962 0.802 0.96 0.802 0.954 0.8 0.952 0.8 0.948 0.798 0.946 0.798 0.944 0.794 0.944 0.792 0.942 0.78 0.942 0.778 0.94 0.766 0.94 0.764 0.938 0.752 0.938 0.75 0.936 0.738 0.936 0.736 0.934 0.724 0.934 0.722 0.932 0.71 0.932 0.708 0.93 0.696 0.93 0.694 0.928 0.682 0.928 0.68 0.926
3 0.415 0.933 0.146 0.086 0.374 0.89 0.372 0.892 0.372 0.894 0.37 0.896 0.37 0.9 0.368 0.902 0.368 0.904 0.366 0.906 0.366 0.908 0.364 0.91 0.364 0.912 0.362 0.914 0.362 0.918 0.36 0.92 0.36 0.922 0.358 0.924 0.358 0.926 0.356 0.928 0.356 0.93 0.354 0.932 0.354 0.936 0.352 0.938 0.352 0.94 0.35 0.942 0.35 0.944 0.348 0.946 0.348 0.948 0.346 0.95 0.346 0.954 0.344 0.956 0.344 0.958 0.342 0.96 0.352 0.96 0.354 0.962 0.372 0.962 0.374 0.964 0.394 0.964 0.396 0.966 0.414 0.966 0.416 0.968 0.436 0.968 0.438 0.97 0.456 0.97 0.458 0.972 0.478 0.972 0.48 0.974 0.486 0.974 0.486 0.972 0.484 0.97 0.484 0.966 0.482 0.964 0.482 0.958 0.48 0.956 0.48 0.952 0.478 0.95 0.478 0.944 0.476 0.942 0.476 0.938 0.474 0.936 0.474 0.93 0.472 0.928 0.472 0.924 0.47 0.922 0.47 0.916 0.468 0.914 0.468 0.91 0.466 0.908 0.466 0.904 0.458 0.904 0.456 0.902 0.456 0.898 0.454 0.898 0.452 0.896 0.43 0.896 0.428 0.894 0.408 0.894 0.406 0.892 0.384 0.892 0.382 0.89
2 0.627 0.85 0.022 0.108 0.618 0.796 0.618 0.848 0.616 0.85 0.616 0.9 0.624 0.9 0.626 0.902 0.632 0.902 0.632 0.876 0.634 0.874 0.634 0.822 0.636 0.82 0.636 0.796
3 0.434 0.582 0.168 0.084 0.38 0.54 0.378 0.542 0.378 0.546 0.376 0.548 0.376 0.55 0.374 0.552 0.374 0.556 0.372 0.558 0.372 0.56 0.37 0.562 0.37 0.566 0.368 0.568 0.368 0.57 0.366 0.572 0.366 0.576 0.364 0.578 0.364 0.58 0.362 0.582 0.362 0.584 0.36 0.586 0.36 0.59 0.358 0.592 0.358 0.594 0.356 0.596 0.356 0.6 0.354 0.602 0.354 0.604 0.352 0.606 0.352 0.61 0.35 0.612 0.364 0.612 0.366 0.614 0.398 0.614 0.4 0.616 0.432 0.616 0.434 0.618 0.466 0.618 0.468 0.62 0.5 0.62 0.502 0.622 0.516 0.622 0.516 0.618 0.514 0.616 0.514 0.608 0.512 0.606 0.512 0.596 0.51 0.594 0.51 0.586 0.508 0.584 0.508 0.576 0.506 0.574 0.506 0.564 0.504 0.562 0.504 0.554 0.502 0.552 0.502 0.548 0.488 0.548 0.486 0.546 0.458 0.546 0.456 0.544 0.446 0.544 0.444 0.546 0.44 0.546 0.438 0.548 0.434 0.548 0.43 0.544 0.426 0.544 0.424 0.542 0.396 0.542 0.394 0.54
3 0.448 0.448 0.18 0.104 0.358 0.396 0.358 0.398 0.36 0.4 0.36 0.404 0.362 0.406 0.362 0.41 0.364 0.412 0.364 0.416 0.366 0.418 0.366 0.422 0.368 0.424 0.368 0.43 0.37 0.432 0.37 0.436 0.372 0.438 0.372 0.442 0.374 0.444 0.374 0.448 0.376 0.45 0.376 0.454 0.378 0.456 0.378 0.46 0.38 0.462 0.38 0.468 0.382 0.47 0.382 0.474 0.384 0.476 0.384 0.48 0.386 0.482 0.386 0.486 0.388 0.488 0.388 0.492 0.39 0.494 0.39 0.496 0.446 0.496 0.448 0.498 0.504 0.498 0.506 0.496 0.506 0.492 0.508 0.49 0.508 0.486 0.51 0.484 0.51 0.48 0.512 0.478 0.512 0.474 0.514 0.472 0.514 0.468 0.516 0.466 0.516 0.462 0.518 0.46 0.518 0.456 0.52 0.454 0.52 0.452 0.522 0.45 0.522 0.446 0.524 0.444 0.524 0.44 0.526 0.438 0.526 0.434 0.528 0.432 0.528 0.428 0.53 0.426 0.53 0.422 0.532 0.42 0.532 0.416 0.534 0.414 0.534 0.41 0.536 0.408 0.522 0.408 0.52 0.406 0.492 0.406 0.49 0.404 0.462 0.404 0.46 0.402 0.432 0.402 0.43 0.4 0.402 0.4 0.4 0.398 0.372 0.398 0.37 0.396
