5 0.294 0.937 0.024 0.026 0.29 0.924 0.282 0.932 0.282 0.942 0.286 0.946 0.288 0.946 0.29 0.948 0.292 0.946 0.296 0.946 0.304 0.938 0.304 0.932 0.298 0.926 0.296 0.926 0.294 0.924
3 0.806 0.349 0.052 0.05 0.796 0.324 0.792 0.328 0.792 0.33 0.788 0.334 0.788 0.336 0.786 0.338 0.786 0.34 0.784 0.342 0.784 0.344 0.78 0.348 0.78 0.354 0.782 0.356 0.784 0.356 0.786 0.358 0.788 0.358 0.79 0.36 0.792 0.36 0.796 0.364 0.798 0.364 0.8 0.366 0.802 0.366 0.806 0.37 0.81 0.37 0.812 0.372 0.814 0.372 0.82 0.366 0.82 0.364 0.824 0.36 0.824 0.358 0.828 0.354 0.828 0.352 0.83 0.35 0.83 0.342 0.828 0.342 0.826 0.34 0.824 0.34 0.82 0.336 0.818 0.336 0.814 0.332 0.812 0.332 0.808 0.328 0.806 0.328 0.804 0.326 0.8 0.326 0.798 0.324
4 0.559 0.496 0.022 0.024 0.55 0.484 0.548 0.486 0.548 0.492 0.55 0.494 0.55 0.496 0.56 0.506 0.566 0.506 0.568 0.504 0.568 0.496 0.556 0.484
4 0.509 0.555 0.022 0.022 0.506 0.544 0.498 0.552 0.498 0.558 0.502 0.562 0.506 0.562 0.508 0.564 0.51 0.562 0.512 0.562 0.516 0.558 0.516 0.556 0.518 0.554 0.518 0.548 0.514 0.544
4 0.215 0.926 0.022 0.02 0.208 0.916 0.206 0.918 0.204 0.918 0.204 0.924 0.206 0.926 0.206 0.928 0.208 0.928 0.212 0.932 0.214 0.932 0.216 0.934 0.22 0.934 0.224 0.93 0.222 0.928 0.222 0.922 0.22 0.92 0.22 0.918 0.218 0.918 0.216 0.916
5 0.489 0.463 0.022 0.022 0.486 0.452 0.484 0.454 0.482 0.454 0.482 0.456 0.48 0.458 0.478 0.458 0.478 0.466 0.482 0.466 0.484 0.468 0.486 0.468 0.49 0.472 0.494 0.472 0.498 0.468 0.498 0.458 0.494 0.454 0.492 0.454 0.49 0.452
7 0.94 0.225 0.012 0.01 0.936 0.22 0.934 0.222 0.934 0.226 0.936 0.228 0.94 0.228 0.944 0.224 0.94 0.22
4 0.381 0.51 0.014 0.016 0.378 0.502 0.376 0.504 0.376 0.506 0.374 0.508 0.374 0.512 0.376 0.514 0.376 0.516 0.382 0.516 0.384 0.514 0.384 0.512 0.386 0.51 0.386 0.506 0.382 0.502
7 0.27 0.86 0.02 0.02 0.278 0.85 0.276 0.852 0.272 0.852 0.27 0.854 0.262 0.854 0.26 0.856 0.26 0.86 0.266 0.866 0.268 0.866 0.27 0.868 0.272 0.868 0.278 0.862
4 0.188 0.964 0.016 0.012 0.18 0.958 0.18 0.964 0.184 0.968 0.19 0.968 0.194 0.964 0.194 0.962 0.19 0.958
