2 0.831 0.205 0.07 0.046 0.82 0.182 0.818 0.184 0.802 0.184 0.8 0.186 0.796 0.186 0.796 0.222 0.8 0.226 0.818 0.226 0.82 0.224 0.846 0.224 0.848 0.222 0.85 0.222 0.854 0.218 0.856 0.218 0.86 0.214 0.862 0.214 0.864 0.212 0.864 0.202 0.862 0.2 0.862 0.196 0.86 0.194 0.86 0.188 0.858 0.186 0.858 0.184 0.856 0.182
3 0.807 0.022 0.086 0.044 0.764 0.0 0.764 0.008 0.766 0.01 0.768 0.01 0.77 0.012 0.772 0.012 0.776 0.016 0.778 0.016 0.782 0.02 0.784 0.02 0.79 0.026 0.792 0.026 0.798 0.032 0.8 0.032 0.806 0.038 0.808 0.038 0.812 0.042 0.816 0.042 0.818 0.04 0.82 0.04 0.824 0.036 0.824 0.034 0.832 0.026 0.832 0.024 0.846 0.01 0.846 0.008 0.848 0.006 0.848 0.0
4 0.734 0.128 0.02 0.02 0.734 0.118 0.732 0.12 0.726 0.12 0.724 0.122 0.724 0.132 0.728 0.136 0.736 0.136 0.74 0.132 0.74 0.13 0.742 0.128 0.742 0.12 0.74 0.118
5 0.408 0.132 0.02 0.028 0.402 0.118 0.4 0.12 0.398 0.12 0.398 0.13 0.4 0.132 0.4 0.142 0.402 0.142 0.404 0.144 0.406 0.142 0.414 0.142 0.416 0.14 0.416 0.132 0.414 0.13 0.414 0.122 0.412 0.12 0.41 0.12 0.408 0.118
4 0.791 0.069 0.014 0.014 0.784 0.062 0.784 0.074 0.792 0.074 0.796 0.07 0.796 0.066 0.792 0.062
5 0.55 0.493 0.016 0.018 0.552 0.484 0.55 0.486 0.548 0.486 0.546 0.488 0.544 0.488 0.544 0.49 0.542 0.492 0.542 0.494 0.544 0.496 0.544 0.498 0.546 0.5 0.55 0.5 0.552 0.498 0.554 0.498 0.556 0.496 0.556 0.484
6 0.53 0.629 0.132 0.09 0.566 0.584 0.564 0.586 0.558 0.586 0.556 0.588 0.55 0.588 0.548 0.59 0.54 0.59 0.538 0.592 0.532 0.592 0.53 0.594 0.522 0.594 0.52 0.596 0.514 0.596 0.512 0.598 0.506 0.598 0.504 0.6 0.496 0.6 0.494 0.602 0.49 0.602 0.488 0.604 0.484 0.604 0.482 0.606 0.474 0.606 0.472 0.608 0.468 0.608 0.466 0.61 0.464 0.61 0.464 0.626 0.466 0.628 0.466 0.634 0.468 0.636 0.468 0.642 0.47 0.644 0.47 0.652 0.472 0.654 0.47 0.656 0.47 0.658 0.472 0.66 0.472 0.666 0.474 0.668 0.474 0.67 0.476 0.672 0.494 0.672 0.496 0.67 0.502 0.67 0.504 0.668 0.518 0.668 0.52 0.666 0.526 0.666 0.528 0.664 0.532 0.664 0.534 0.662 0.538 0.662 0.54 0.66 0.556 0.66 0.558 0.658 0.568 0.658 0.57 0.656 0.58 0.656 0.582 0.654 0.588 0.654 0.59 0.652 0.592 0.652 0.592 0.65 0.594 0.648 0.594 0.636 0.592 0.634 0.592 0.628 0.59 0.626 0.59 0.62 0.588 0.618 0.588 0.61 0.586 0.608 0.586 0.6 0.584 0.598 0.584 0.592 0.582 0.59 0.582 0.588 0.58 0.586 0.576 0.586 0.574 0.584
3 0.524 0.549 0.108 0.074 0.564 0.512 0.562 0.514 0.556 0.514 0.554 0.516 0.548 0.516 0.546 0.518 0.54 0.518 0.538 0.52 0.532 0.52 0.53 0.522 0.524 0.522 0.522 0.524 0.514 0.524 0.512 0.526 0.506 0.526 0.504 0.528 0.498 0.528 0.496 0.53 0.49 0.53 0.488 0.532 0.482 0.532 0.48 0.534 0.474 0.534 0.472 0.536 0.47 0.536 0.47 0.538 0.472 0.54 0.472 0.548 0.474 0.55 0.474 0.558 0.476 0.56 0.476 0.568 0.478 0.57 0.478 0.578 0.48 0.58 0.48 0.584 0.482 0.584 0.484 0.582 0.492 0.582 0.494 0.58 0.5 0.58 0.502 0.578 0.51 0.578 0.512 0.576 0.518 0.576 0.52 0.574 0.526 0.574 0.528 0.572 0.536 0.572 0.538 0.57 0.544 0.57 0.546 0.568 0.554 0.568 0.556 0.566 0.562 0.566 0.564 0.564 0.572 0.564 0.574 0.562 0.576 0.562 0.576 0.558 0.574 0.556 0.574 0.548 0.572 0.546 0.572 0.538 0.57 0.536 0.57 0.528 0.568 0.526 0.568 0.518 0.566 0.516 0.566 0.512
2 0.263 0.157 0.086 0.174 0.228 0.07 0.226 0.072 0.222 0.072 0.22 0.074 0.22 0.086 0.222 0.088 0.222 0.096 0.224 0.098 0.224 0.104 0.226 0.106 0.226 0.116 0.228 0.118 0.228 0.122 0.23 0.124 0.23 0.13 0.232 0.132 0.232 0.14 0.234 0.142 0.234 0.148 0.236 0.15 0.236 0.158 0.238 0.16 0.238 0.166 0.24 0.168 0.24 0.174 0.242 0.176 0.242 0.182 0.244 0.184 0.244 0.188 0.246 0.19 0.246 0.198 0.248 0.2 0.248 0.206 0.25 0.208 0.25 0.214 0.252 0.216 0.252 0.224 0.254 0.226 0.254 0.232 0.256 0.234 0.256 0.24 0.258 0.242 0.268 0.242 0.27 0.24 0.278 0.24 0.28 0.238 0.284 0.238 0.286 0.236 0.29 0.236 0.292 0.234 0.296 0.234 0.298 0.232 0.302 0.232 0.304 0.23 0.304 0.226 0.302 0.224 0.302 0.216 0.3 0.214 0.3 0.202 0.298 0.2 0.298 0.196 0.296 0.194 0.296 0.188 0.294 0.186 0.294 0.178 0.292 0.176 0.292 0.164 0.29 0.162 0.29 0.156 0.288 0.154 0.288 0.148 0.286 0.146 0.286 0.142 0.284 0.14 0.284 0.132 0.282 0.13 0.282 0.122 0.28 0.12 0.28 0.116 0.278 0.114 0.278 0.108 0.276 0.106 0.276 0.098 0.274 0.096 0.274 0.088 0.272 0.086 0.272 0.082 0.27 0.08 0.27 0.078 0.268 0.078 0.266 0.076 0.26 0.076 0.258 0.074 0.24 0.074 0.236 0.07
4 0.783 0.123 0.018 0.022 0.778 0.112 0.774 0.116 0.774 0.124 0.776 0.126 0.776 0.13 0.778 0.132 0.786 0.132 0.79 0.128 0.79 0.112
2 0.465 0.232 0.11 0.076 0.5 0.194 0.498 0.196 0.494 0.196 0.492 0.198 0.49 0.198 0.488 0.2 0.484 0.2 0.482 0.202 0.478 0.202 0.476 0.204 0.47 0.204 0.468 0.206 0.464 0.206 0.462 0.208 0.458 0.208 0.456 0.21 0.452 0.21 0.45 0.212 0.444 0.212 0.442 0.214 0.432 0.214 0.43 0.216 0.428 0.214 0.426 0.214 0.422 0.21 0.42 0.21 0.418 0.212 0.414 0.212 0.412 0.214 0.41 0.214 0.41 0.218 0.412 0.22 0.412 0.228 0.414 0.23 0.414 0.242 0.416 0.244 0.416 0.25 0.418 0.252 0.418 0.258 0.42 0.26 0.42 0.264 0.424 0.268 0.428 0.268 0.43 0.266 0.436 0.266 0.438 0.264 0.444 0.264 0.446 0.262 0.454 0.262 0.456 0.26 0.462 0.26 0.464 0.258 0.472 0.258 0.474 0.256 0.484 0.256 0.486 0.254 0.49 0.254 0.492 0.252 0.498 0.252 0.5 0.25 0.508 0.25 0.51 0.248 0.514 0.248 0.518 0.244 0.518 0.228 0.516 0.226 0.516 0.216 0.514 0.214 0.514 0.208 0.512 0.206 0.512 0.2 0.51 0.198 0.51 0.194
4 0.89 0.112 0.016 0.02 0.882 0.102 0.882 0.118 0.884 0.12 0.892 0.12 0.894 0.118 0.896 0.118 0.896 0.102
3 0.392 0.064 0.12 0.084 0.428 0.022 0.426 0.024 0.416 0.024 0.414 0.026 0.404 0.026 0.402 0.028 0.39 0.028 0.388 0.03 0.38 0.03 0.378 0.032 0.368 0.032 0.366 0.034 0.36 0.034 0.358 0.036 0.352 0.036 0.35 0.038 0.344 0.038 0.342 0.04 0.336 0.04 0.332 0.044 0.332 0.05 0.334 0.052 0.334 0.058 0.336 0.06 0.336 0.07 0.338 0.072 0.338 0.076 0.34 0.078 0.34 0.084 0.342 0.086 0.342 0.088 0.344 0.09 0.344 0.1 0.346 0.102 0.35 0.102 0.352 0.104 0.36 0.104 0.362 0.102 0.37 0.102 0.372 0.1 0.376 0.1 0.378 0.098 0.388 0.098 0.39 0.096 0.398 0.096 0.402 0.092 0.404 0.092 0.406 0.09 0.414 0.09 0.416 0.088 0.422 0.088 0.424 0.086 0.436 0.086 0.438 0.084 0.442 0.084 0.444 0.082 0.45 0.082 0.45 0.07 0.448 0.068 0.448 0.062 0.446 0.06 0.446 0.052 0.444 0.05 0.444 0.048 0.442 0.046 0.442 0.038 0.44 0.036 0.44 0.028 0.438 0.026 0.438 0.024 0.436 0.022
3 0.462 0.169 0.084 0.09 0.484 0.126 0.482 0.128 0.476 0.128 0.474 0.13 0.47 0.13 0.466 0.134 0.444 0.134 0.442 0.136 0.438 0.136 0.436 0.138 0.426 0.138 0.422 0.142 0.42 0.142 0.42 0.148 0.422 0.15 0.422 0.16 0.424 0.162 0.424 0.174 0.426 0.176 0.426 0.184 0.428 0.186 0.428 0.194 0.43 0.196 0.43 0.21 0.432 0.212 0.436 0.212 0.438 0.21 0.448 0.21 0.45 0.208 0.456 0.208 0.458 0.206 0.46 0.206 0.462 0.204 0.468 0.204 0.47 0.202 0.474 0.202 0.476 0.2 0.478 0.2 0.48 0.198 0.486 0.198 0.488 0.196 0.49 0.196 0.492 0.194 0.496 0.194 0.498 0.192 0.5 0.192 0.502 0.19 0.502 0.186 0.5 0.184 0.5 0.178 0.498 0.176 0.498 0.168 0.496 0.166 0.496 0.158 0.494 0.156 0.494 0.148 0.492 0.146 0.492 0.138 0.49 0.136 0.49 0.128 0.488 0.126
3 0.899 0.157 0.082 0.078 0.9 0.118 0.898 0.12 0.894 0.12 0.892 0.122 0.884 0.122 0.882 0.12 0.876 0.12 0.872 0.124 0.868 0.124 0.866 0.126 0.86 0.126 0.858 0.128 0.858 0.146 0.86 0.148 0.86 0.18 0.862 0.182 0.862 0.186 0.864 0.188 0.864 0.19 0.866 0.192 0.868 0.192 0.87 0.194 0.882 0.194 0.884 0.192 0.92 0.192 0.922 0.19 0.936 0.19 0.938 0.188 0.938 0.164 0.936 0.162 0.936 0.148 0.934 0.146 0.934 0.13 0.932 0.128 0.932 0.122 0.93 0.12 0.902 0.12
3 0.476 0.418 0.076 0.076 0.494 0.38 0.492 0.382 0.482 0.382 0.48 0.384 0.476 0.384 0.474 0.386 0.466 0.386 0.464 0.388 0.456 0.388 0.454 0.39 0.444 0.39 0.442 0.392 0.44 0.392 0.438 0.394 0.438 0.398 0.44 0.4 0.44 0.41 0.442 0.412 0.442 0.418 0.444 0.42 0.444 0.43 0.446 0.432 0.446 0.436 0.448 0.438 0.448 0.444 0.45 0.446 0.45 0.448 0.452 0.45 0.452 0.454 0.462 0.454 0.464 0.452 0.468 0.452 0.47 0.45 0.476 0.45 0.478 0.448 0.486 0.448 0.488 0.446 0.494 0.446 0.496 0.444 0.5 0.444 0.502 0.442 0.506 0.442 0.508 0.44 0.51 0.44 0.51 0.438 0.512 0.436 0.512 0.434 0.51 0.432 0.51 0.424 0.508 0.422 0.508 0.416 0.506 0.414 0.506 0.408 0.504 0.406 0.504 0.398 0.502 0.396 0.502 0.39 0.5 0.388 0.5 0.384 0.496 0.38
7 0.689 0.969 0.014 0.014 0.684 0.962 0.684 0.964 0.682 0.966 0.682 0.974 0.69 0.974 0.692 0.972 0.692 0.968 0.694 0.966 0.692 0.964 0.692 0.962
4 0.459 0.48 0.01 0.012 0.456 0.474 0.454 0.476 0.454 0.482 0.456 0.484 0.46 0.484 0.462 0.482 0.462 0.478 0.458 0.474
4 0.555 0.46 0.01 0.012 0.552 0.454 0.55 0.456 0.55 0.458 0.552 0.46 0.552 0.462 0.554 0.464 0.556 0.464 0.558 0.462 0.558 0.456 0.556 0.454
7 0.536 0.443 0.016 0.014 0.532 0.436 0.528 0.44 0.528 0.444 0.53 0.446 0.534 0.446 0.536 0.448 0.54 0.448 0.542 0.446 0.542 0.442 0.54 0.44 0.54 0.438 0.538 0.438 0.536 0.436
4 0.709 0.081 0.01 0.01 0.704 0.076 0.704 0.082 0.706 0.084 0.712 0.084 0.712 0.076
4 0.9 0.06 0.028 0.024 0.898 0.048 0.896 0.05 0.892 0.05 0.888 0.054 0.886 0.054 0.886 0.064 0.888 0.066 0.888 0.068 0.89 0.07 0.9 0.07 0.904 0.066 0.906 0.066 0.91 0.062 0.91 0.058 0.912 0.056 0.91 0.054 0.91 0.052 0.906 0.048
