4 0.395 0.34 0.022 0.02 0.388 0.33 0.384 0.334 0.384 0.34 0.386 0.342 0.386 0.344 0.39 0.348 0.4 0.348 0.404 0.344 0.404 0.334 0.4 0.33
7 0.097 0.932 0.014 0.012 0.096 0.926 0.094 0.928 0.092 0.928 0.092 0.93 0.09 0.932 0.09 0.934 0.092 0.936 0.094 0.936 0.096 0.934 0.098 0.934 0.102 0.93 0.102 0.926
3 0.848 0.668 0.088 0.156 0.828 0.59 0.828 0.594 0.826 0.596 0.826 0.606 0.824 0.608 0.824 0.616 0.822 0.618 0.822 0.628 0.82 0.63 0.82 0.64 0.818 0.642 0.818 0.65 0.816 0.652 0.816 0.662 0.814 0.664 0.814 0.674 0.812 0.676 0.812 0.684 0.81 0.686 0.81 0.696 0.808 0.698 0.808 0.708 0.806 0.71 0.806 0.718 0.804 0.72 0.804 0.724 0.806 0.724 0.808 0.726 0.812 0.726 0.814 0.728 0.818 0.728 0.82 0.73 0.824 0.73 0.826 0.732 0.83 0.732 0.832 0.734 0.838 0.734 0.84 0.736 0.844 0.736 0.846 0.738 0.85 0.738 0.852 0.74 0.856 0.74 0.858 0.742 0.862 0.742 0.864 0.744 0.866 0.744 0.866 0.74 0.868 0.738 0.868 0.728 0.87 0.726 0.87 0.716 0.872 0.714 0.872 0.706 0.874 0.704 0.874 0.694 0.876 0.692 0.876 0.682 0.878 0.68 0.878 0.67 0.88 0.668 0.88 0.658 0.882 0.656 0.882 0.646 0.884 0.644 0.884 0.636 0.886 0.634 0.886 0.624 0.888 0.622 0.888 0.612 0.89 0.61 0.89 0.606 0.888 0.606 0.886 0.604 0.88 0.604 0.878 0.602 0.872 0.602 0.87 0.6 0.864 0.6 0.862 0.598 0.856 0.598 0.854 0.596 0.848 0.596 0.846 0.594 0.84 0.594 0.838 0.592 0.832 0.592 0.83 0.59
3 0.927 0.68 0.094 0.144 0.902 0.608 0.902 0.61 0.9 0.612 0.9 0.618 0.898 0.62 0.898 0.634 0.896 0.636 0.896 0.644 0.894 0.646 0.894 0.66 0.892 0.662 0.892 0.668 0.89 0.67 0.89 0.678 0.888 0.68 0.888 0.692 0.886 0.694 0.886 0.708 0.884 0.71 0.884 0.714 0.882 0.716 0.882 0.728 0.88 0.73 0.88 0.736 0.884 0.74 0.894 0.74 0.896 0.742 0.912 0.742 0.914 0.744 0.924 0.744 0.926 0.746 0.93 0.746 0.932 0.748 0.936 0.748 0.938 0.75 0.95 0.75 0.954 0.746 0.954 0.742 0.956 0.74 0.956 0.732 0.958 0.73 0.958 0.726 0.96 0.724 0.96 0.708 0.962 0.706 0.962 0.694 0.964 0.692 0.964 0.674 0.966 0.672 0.966 0.662 0.968 0.66 0.968 0.642 0.97 0.64 0.97 0.628 0.972 0.626 0.972 0.618 0.968 0.614 0.956 0.614 0.954 0.612 0.934 0.612 0.932 0.61 0.918 0.61 0.916 0.608
5 0.253 0.985 0.026 0.022 0.246 0.974 0.244 0.976 0.242 0.976 0.242 0.978 0.24 0.98 0.24 0.984 0.242 0.986 0.242 0.988 0.248 0.994 0.258 0.994 0.26 0.992 0.262 0.992 0.262 0.99 0.264 0.988 0.264 0.986 0.262 0.984 0.262 0.982 0.26 0.98 0.258 0.98 0.256 0.978 0.254 0.978 0.252 0.976 0.25 0.976 0.248 0.974
7 0.269 0.968 0.01 0.012 0.264 0.962 0.264 0.97 0.266 0.972 0.268 0.972 0.27 0.97 0.272 0.97 0.272 0.964 0.27 0.962
7 0.07 0.963 0.016 0.026 0.07 0.95 0.066 0.954 0.066 0.956 0.064 0.958 0.064 0.964 0.062 0.966 0.062 0.968 0.064 0.97 0.068 0.97 0.072 0.974 0.072 0.97 0.074 0.968 0.074 0.964 0.076 0.962 0.076 0.95
7 0.227 0.947 0.014 0.01 0.22 0.942 0.22 0.948 0.222 0.95 0.23 0.95 0.232 0.948 0.232 0.946 0.228 0.942
7 0.099 0.931 0.014 0.01 0.1 0.926 0.098 0.928 0.096 0.928 0.092 0.932 0.092 0.934 0.1 0.934 0.104 0.93 0.104 0.928 0.102 0.926
2 0.105 0.981 0.062 0.038 0.08 0.962 0.076 0.966 0.076 0.968 0.074 0.97 0.074 0.978 0.076 0.98 0.08 0.98 0.082 0.982 0.084 0.982 0.086 0.984 0.088 0.984 0.09 0.986 0.092 0.986 0.094 0.988 0.098 0.988 0.102 0.992 0.106 0.992 0.108 0.994 0.11 0.994 0.112 0.996 0.114 0.996 0.116 0.998 0.126 0.998 0.126 0.996 0.132 0.99 0.132 0.988 0.134 0.986 0.134 0.982 0.128 0.982 0.126 0.98 0.122 0.98 0.12 0.978 0.118 0.978 0.114 0.974 0.112 0.974 0.11 0.972 0.108 0.972 0.106 0.97 0.102 0.97 0.1 0.968 0.098 0.968 0.096 0.966 0.092 0.966 0.09 0.964 0.088 0.964 0.086 0.962
7 0.088 0.936 0.004 0.004 0.086 0.934 0.086 0.936 0.088 0.934
7 0.316 0.474 0.012 0.012 0.314 0.468 0.312 0.47 0.31 0.47 0.31 0.474 0.314 0.478 0.32 0.478 0.32 0.472 0.318 0.47 0.316 0.47
5 0.568 0.568 0.02 0.016 0.56 0.56 0.558 0.562 0.558 0.566 0.56 0.568 0.562 0.568 0.568 0.574 0.57 0.574 0.576 0.568 0.57 0.562 0.568 0.562 0.566 0.56
3 0.241 0.903 0.206 0.146 0.166 0.83 0.162 0.834 0.162 0.836 0.16 0.838 0.16 0.84 0.158 0.842 0.158 0.844 0.156 0.846 0.156 0.848 0.154 0.85 0.154 0.852 0.152 0.854 0.152 0.856 0.15 0.858 0.15 0.862 0.148 0.864 0.148 0.866 0.146 0.868 0.146 0.872 0.144 0.874 0.144 0.878 0.142 0.88 0.142 0.882 0.14 0.884 0.14 0.888 0.138 0.89 0.138 0.894 0.142 0.898 0.146 0.898 0.148 0.9 0.15 0.9 0.152 0.902 0.154 0.902 0.156 0.904 0.158 0.904 0.16 0.906 0.162 0.906 0.164 0.908 0.166 0.908 0.168 0.91 0.172 0.91 0.174 0.912 0.176 0.912 0.178 0.914 0.18 0.914 0.182 0.916 0.184 0.916 0.186 0.918 0.188 0.918 0.19 0.92 0.192 0.92 0.194 0.922 0.196 0.922 0.198 0.924 0.202 0.924 0.204 0.926 0.206 0.926 0.208 0.928 0.21 0.928 0.214 0.932 0.216 0.932 0.218 0.934 0.22 0.934 0.222 0.936 0.224 0.936 0.226 0.938 0.23 0.938 0.232 0.94 0.234 0.94 0.236 0.942 0.238 0.942 0.24 0.944 0.244 0.944 0.246 0.946 0.248 0.946 0.25 0.948 0.254 0.948 0.256 0.95 0.258 0.95 0.26 0.952 0.26 0.954 0.262 0.956 0.274 0.956 0.276 0.958 0.28 0.958 0.282 0.96 0.284 0.96 0.286 0.962 0.288 0.962 0.29 0.964 0.294 0.964 0.298 0.968 0.3 0.968 0.302 0.97 0.304 0.97 0.306 0.972 0.308 0.972 0.31 0.974 0.312 0.972 0.314 0.972 0.316 0.97 0.316 0.966 0.318 0.964 0.318 0.962 0.32 0.96 0.32 0.958 0.322 0.956 0.322 0.954 0.324 0.952 0.324 0.95 0.326 0.948 0.326 0.944 0.328 0.942 0.328 0.94 0.33 0.938 0.33 0.936 0.332 0.934 0.332 0.932 0.334 0.93 0.334 0.928 0.336 0.926 0.336 0.924 0.338 0.922 0.338 0.92 0.34 0.918 0.34 0.916 0.342 0.914 0.342 0.91 0.34 0.908 0.338 0.908 0.336 0.906 0.334 0.906 0.332 0.904 0.33 0.904 0.328 0.902 0.326 0.902 0.322 0.898 0.318 0.898 0.316 0.896 0.314 0.896 0.312 0.894 0.31 0.894 0.308 0.892 0.304 0.892 0.302 0.89 0.3 0.89 0.298 0.888 0.29 0.888 0.286 0.884 0.284 0.884 0.282 0.882 0.278 0.882 0.274 0.878 0.27 0.878 0.268 0.876 0.266 0.876 0.264 0.874 0.262 0.874 0.26 0.872 0.258 0.872 0.256 0.87 0.254 0.87 0.25 0.866 0.246 0.866 0.244 0.864 0.242 0.864 0.24 0.862 0.238 0.862 0.236 0.86 0.234 0.86 0.232 0.858 0.228 0.858 0.226 0.856 0.224 0.856 0.222 0.854 0.22 0.854 0.218 0.852 0.216 0.852 0.214 0.85 0.212 0.85 0.21 0.848 0.208 0.848 0.206 0.846 0.202 0.846 0.2 0.844 0.198 0.844 0.196 0.842 0.194 0.842 0.192 0.84 0.19 0.84 0.188 0.838 0.184 0.838 0.182 0.836 0.18 0.836 0.178 0.834 0.176 0.834 0.174 0.832 0.172 0.832 0.17 0.83
