5 0.133 0.198 0.022 0.028 0.128 0.184 0.126 0.186 0.126 0.188 0.122 0.192 0.122 0.198 0.124 0.2 0.124 0.202 0.126 0.204 0.128 0.204 0.132 0.208 0.134 0.208 0.136 0.21 0.14 0.206 0.14 0.204 0.142 0.202 0.142 0.194 0.14 0.192 0.14 0.19 0.134 0.184
3 0.188 0.381 0.128 0.114 0.172 0.324 0.17 0.326 0.168 0.326 0.162 0.332 0.16 0.332 0.146 0.346 0.144 0.346 0.132 0.358 0.126 0.358 0.124 0.36 0.124 0.362 0.126 0.364 0.126 0.368 0.13 0.372 0.132 0.372 0.134 0.374 0.134 0.376 0.142 0.384 0.142 0.386 0.144 0.388 0.146 0.388 0.148 0.39 0.148 0.392 0.164 0.408 0.164 0.41 0.166 0.41 0.168 0.412 0.17 0.412 0.174 0.416 0.176 0.416 0.19 0.43 0.192 0.43 0.198 0.436 0.208 0.436 0.21 0.434 0.214 0.434 0.22 0.428 0.222 0.428 0.224 0.426 0.226 0.426 0.234 0.418 0.236 0.418 0.25 0.404 0.25 0.4 0.246 0.396 0.246 0.394 0.242 0.39 0.24 0.39 0.234 0.384 0.234 0.382 0.23 0.378 0.23 0.376 0.228 0.376 0.222 0.37 0.222 0.368 0.22 0.368 0.216 0.364 0.216 0.362 0.208 0.354 0.208 0.352 0.206 0.35 0.204 0.35 0.202 0.348 0.202 0.346 0.194 0.338 0.194 0.336 0.184 0.326 0.182 0.326 0.18 0.324
5 0.814 0.923 0.02 0.018 0.808 0.914 0.804 0.918 0.804 0.924 0.81 0.93 0.816 0.93 0.818 0.928 0.82 0.928 0.82 0.926 0.822 0.924 0.822 0.922 0.82 0.92 0.82 0.918 0.816 0.914
3 0.08 0.263 0.1 0.106 0.066 0.21 0.064 0.212 0.06 0.212 0.058 0.214 0.056 0.214 0.054 0.216 0.052 0.216 0.034 0.234 0.034 0.236 0.03 0.24 0.03 0.246 0.032 0.248 0.032 0.25 0.034 0.252 0.036 0.252 0.042 0.258 0.044 0.258 0.048 0.262 0.048 0.264 0.05 0.266 0.052 0.266 0.054 0.268 0.054 0.27 0.07 0.286 0.072 0.286 0.078 0.292 0.078 0.294 0.088 0.304 0.088 0.306 0.09 0.308 0.09 0.31 0.092 0.31 0.096 0.306 0.098 0.306 0.102 0.302 0.104 0.302 0.112 0.294 0.114 0.294 0.114 0.292 0.12 0.286 0.122 0.286 0.124 0.284 0.124 0.282 0.126 0.28 0.126 0.276 0.128 0.274 0.128 0.27 0.12 0.262 0.12 0.26 0.106 0.246 0.106 0.244 0.078 0.216 0.078 0.214 0.074 0.21
5 0.249 0.317 0.018 0.018 0.242 0.308 0.24 0.31 0.24 0.314 0.248 0.322 0.25 0.322 0.252 0.324 0.256 0.324 0.256 0.316 0.248 0.308
5 0.832 0.941 0.024 0.026 0.822 0.928 0.82 0.93 0.82 0.942 0.826 0.948 0.828 0.948 0.83 0.95 0.832 0.95 0.834 0.952 0.842 0.952 0.842 0.946 0.84 0.944 0.84 0.94 0.838 0.938 0.84 0.936 0.84 0.934 0.838 0.934 0.836 0.932 0.836 0.93 0.824 0.93
5 0.727 0.822 0.018 0.02 0.72 0.812 0.718 0.814 0.718 0.82 0.72 0.822 0.72 0.824 0.724 0.828 0.726 0.828 0.728 0.83 0.73 0.83 0.734 0.826 0.734 0.82 0.726 0.812
5 0.612 0.702 0.02 0.02 0.606 0.692 0.602 0.696 0.602 0.7 0.604 0.702 0.604 0.704 0.606 0.706 0.608 0.706 0.61 0.708 0.612 0.708 0.614 0.71 0.616 0.71 0.618 0.708 0.618 0.706 0.62 0.704 0.62 0.702 0.618 0.7 0.618 0.698 0.614 0.694 0.612 0.694 0.61 0.692
5 0.592 0.684 0.02 0.024 0.586 0.672 0.582 0.676 0.582 0.68 0.588 0.686 0.588 0.688 0.59 0.688 0.592 0.69 0.594 0.69 0.598 0.694 0.6 0.694 0.6 0.68 0.592 0.672
5 0.493 0.577 0.026 0.022 0.482 0.566 0.482 0.568 0.48 0.57 0.48 0.574 0.482 0.576 0.482 0.578 0.484 0.58 0.484 0.582 0.488 0.586 0.498 0.586 0.502 0.582 0.502 0.58 0.504 0.578 0.504 0.574 0.496 0.566
5 0.476 0.558 0.02 0.024 0.47 0.546 0.466 0.55 0.466 0.554 0.468 0.556 0.468 0.558 0.478 0.568 0.482 0.564 0.482 0.562 0.484 0.56 0.484 0.554 0.476 0.546
5 0.38 0.456 0.02 0.02 0.376 0.446 0.372 0.45 0.37 0.45 0.37 0.452 0.38 0.462 0.382 0.462 0.384 0.464 0.386 0.464 0.386 0.462 0.388 0.46 0.388 0.456 0.386 0.454 0.386 0.452 0.382 0.448 0.38 0.448 0.378 0.446
5 0.362 0.436 0.02 0.02 0.358 0.426 0.356 0.428 0.354 0.428 0.352 0.43 0.352 0.434 0.358 0.44 0.36 0.44 0.364 0.444 0.368 0.444 0.37 0.442 0.37 0.436 0.368 0.434 0.368 0.432 0.362 0.426
5 0.268 0.336 0.02 0.016 0.258 0.328 0.258 0.332 0.26 0.334 0.26 0.336 0.264 0.34 0.266 0.34 0.268 0.342 0.272 0.342 0.276 0.338 0.276 0.336 0.27 0.33 0.268 0.33 0.266 0.328
5 0.152 0.217 0.024 0.022 0.15 0.206 0.148 0.208 0.146 0.208 0.14 0.214 0.14 0.22 0.146 0.226 0.154 0.226 0.162 0.218 0.162 0.216 0.16 0.214 0.16 0.212 0.156 0.208 0.154 0.208 0.152 0.206
5 0.077 0.049 0.022 0.022 0.074 0.038 0.072 0.04 0.07 0.04 0.066 0.044 0.066 0.05 0.074 0.058 0.078 0.058 0.08 0.056 0.082 0.056 0.086 0.052 0.086 0.044 0.08 0.038
5 0.058 0.029 0.02 0.022 0.054 0.018 0.052 0.02 0.05 0.02 0.05 0.022 0.048 0.024 0.05 0.026 0.05 0.028 0.06 0.038 0.064 0.038 0.064 0.034 0.066 0.032 0.066 0.024 0.06 0.018
3 0.646 0.854 0.092 0.088 0.632 0.81 0.63 0.812 0.628 0.812 0.626 0.814 0.616 0.814 0.61 0.82 0.61 0.822 0.606 0.826 0.606 0.83 0.604 0.832 0.604 0.834 0.602 0.836 0.602 0.838 0.6 0.84 0.602 0.842 0.602 0.844 0.65 0.892 0.652 0.892 0.656 0.896 0.664 0.896 0.666 0.894 0.668 0.894 0.688 0.874 0.688 0.87 0.69 0.868 0.69 0.864 0.688 0.862 0.688 0.86 0.684 0.856 0.684 0.854 0.68 0.85 0.68 0.848 0.656 0.824 0.654 0.824 0.642 0.812 0.64 0.812 0.638 0.81
3 0.856 0.89 0.148 0.16 0.816 0.81 0.814 0.812 0.812 0.812 0.81 0.814 0.806 0.814 0.798 0.822 0.798 0.824 0.792 0.83 0.792 0.832 0.788 0.836 0.788 0.838 0.784 0.842 0.784 0.844 0.782 0.846 0.782 0.848 0.784 0.85 0.784 0.852 0.79 0.858 0.79 0.86 0.792 0.862 0.792 0.864 0.822 0.894 0.822 0.896 0.824 0.896 0.83 0.902 0.83 0.904 0.85 0.924 0.85 0.926 0.858 0.934 0.858 0.936 0.86 0.936 0.864 0.94 0.864 0.942 0.876 0.954 0.878 0.954 0.88 0.956 0.88 0.958 0.884 0.962 0.886 0.962 0.89 0.966 0.89 0.968 0.896 0.968 0.906 0.958 0.906 0.956 0.916 0.946 0.916 0.944 0.922 0.938 0.922 0.936 0.926 0.932 0.926 0.93 0.928 0.928 0.928 0.926 0.922 0.92 0.922 0.918 0.906 0.902 0.906 0.9 0.894 0.888 0.894 0.886 0.832 0.824 0.832 0.822 0.83 0.82 0.828 0.82 0.818 0.81
3 0.658 0.8 0.056 0.052 0.648 0.774 0.646 0.776 0.644 0.776 0.642 0.778 0.64 0.778 0.632 0.786 0.63 0.786 0.63 0.794 0.638 0.802 0.638 0.804 0.64 0.804 0.658 0.822 0.66 0.822 0.662 0.824 0.666 0.824 0.676 0.814 0.678 0.814 0.682 0.81 0.682 0.808 0.684 0.806 0.684 0.804 0.682 0.802 0.682 0.8 0.676 0.794 0.676 0.792 0.658 0.774
3 0.523 0.738 0.094 0.1 0.522 0.688 0.516 0.694 0.514 0.694 0.506 0.702 0.504 0.702 0.5 0.706 0.498 0.706 0.494 0.71 0.492 0.71 0.476 0.726 0.476 0.73 0.486 0.74 0.486 0.742 0.498 0.754 0.498 0.756 0.5 0.756 0.506 0.762 0.506 0.764 0.508 0.766 0.508 0.768 0.52 0.78 0.522 0.78 0.528 0.786 0.532 0.786 0.568 0.75 0.568 0.738 0.566 0.736 0.566 0.732 0.562 0.728 0.562 0.726 0.56 0.724 0.56 0.722 0.558 0.72 0.558 0.718 0.554 0.714 0.554 0.712 0.542 0.7 0.54 0.7 0.532 0.692 0.53 0.692 0.528 0.69 0.526 0.69 0.524 0.688
3 0.542 0.678 0.06 0.048 0.54 0.654 0.54 0.656 0.538 0.658 0.536 0.658 0.534 0.66 0.53 0.66 0.526 0.664 0.522 0.664 0.52 0.666 0.518 0.666 0.516 0.668 0.512 0.668 0.512 0.67 0.518 0.676 0.52 0.676 0.53 0.686 0.53 0.688 0.536 0.694 0.538 0.694 0.544 0.7 0.55 0.7 0.556 0.694 0.558 0.694 0.57 0.682 0.558 0.67 0.558 0.668 0.556 0.666 0.556 0.664 0.548 0.656 0.544 0.656 0.542 0.654
3 0.657 0.685 0.058 0.066 0.646 0.652 0.644 0.654 0.644 0.656 0.64 0.66 0.64 0.662 0.636 0.666 0.636 0.668 0.634 0.67 0.634 0.672 0.63 0.676 0.63 0.682 0.628 0.684 0.63 0.686 0.63 0.688 0.632 0.69 0.632 0.692 0.634 0.694 0.634 0.696 0.644 0.696 0.648 0.7 0.648 0.704 0.652 0.708 0.652 0.714 0.654 0.716 0.66 0.716 0.662 0.714 0.664 0.714 0.664 0.712 0.666 0.71 0.668 0.71 0.682 0.696 0.682 0.694 0.684 0.692 0.664 0.672 0.664 0.67 0.652 0.658 0.652 0.656 0.65 0.654 0.648 0.654
3 0.409 0.613 0.078 0.082 0.398 0.572 0.37 0.6 0.37 0.604 0.372 0.606 0.372 0.608 0.392 0.628 0.392 0.63 0.4 0.638 0.4 0.64 0.402 0.642 0.402 0.644 0.404 0.644 0.406 0.646 0.408 0.646 0.412 0.65 0.414 0.65 0.416 0.652 0.424 0.652 0.426 0.65 0.428 0.65 0.44 0.638 0.44 0.636 0.446 0.63 0.446 0.606 0.444 0.604 0.444 0.6 0.442 0.598 0.442 0.592 0.44 0.59 0.44 0.588 0.438 0.586 0.436 0.586 0.434 0.584 0.432 0.584 0.43 0.582 0.428 0.582 0.426 0.58 0.424 0.58 0.422 0.578 0.42 0.578 0.418 0.576 0.414 0.576 0.412 0.574 0.406 0.574 0.404 0.572
3 0.54 0.56 0.052 0.052 0.53 0.534 0.526 0.538 0.526 0.54 0.524 0.542 0.522 0.542 0.518 0.546 0.518 0.548 0.514 0.552 0.514 0.558 0.52 0.564 0.522 0.564 0.524 0.566 0.526 0.566 0.53 0.57 0.532 0.57 0.546 0.584 0.548 0.584 0.556 0.576 0.556 0.574 0.562 0.568 0.562 0.566 0.564 0.564 0.564 0.562 0.536 0.534
3 0.297 0.493 0.078 0.082 0.284 0.452 0.258 0.478 0.258 0.486 0.26 0.488 0.262 0.488 0.264 0.49 0.264 0.492 0.282 0.51 0.284 0.51 0.286 0.512 0.286 0.514 0.29 0.518 0.29 0.52 0.298 0.528 0.3 0.528 0.304 0.532 0.306 0.532 0.314 0.524 0.316 0.524 0.334 0.506 0.334 0.502 0.332 0.5 0.332 0.492 0.33 0.49 0.33 0.482 0.328 0.48 0.328 0.478 0.326 0.476 0.326 0.468 0.324 0.466 0.322 0.466 0.32 0.464 0.318 0.464 0.316 0.462 0.314 0.462 0.312 0.46 0.31 0.46 0.308 0.458 0.304 0.458 0.302 0.456 0.3 0.456 0.298 0.454 0.294 0.454 0.292 0.452
3 0.422 0.553 0.052 0.05 0.414 0.528 0.398 0.544 0.398 0.546 0.412 0.56 0.414 0.56 0.43 0.576 0.446 0.56
3 0.311 0.433 0.046 0.046 0.302 0.41 0.288 0.424 0.302 0.438 0.302 0.44 0.316 0.454 0.32 0.45 0.322 0.45 0.326 0.446 0.328 0.446 0.332 0.442 0.316 0.426 0.316 0.424
3 0.198 0.313 0.056 0.054 0.19 0.286 0.18 0.296 0.178 0.296 0.17 0.304 0.204 0.338 0.214 0.328 0.216 0.328 0.224 0.32
3 0.426 0.438 0.052 0.056 0.418 0.41 0.416 0.412 0.414 0.412 0.4 0.426 0.4 0.432 0.428 0.46 0.43 0.46 0.434 0.464 0.438 0.464 0.44 0.462 0.44 0.46 0.444 0.456 0.444 0.454 0.448 0.45 0.448 0.448 0.45 0.446 0.45 0.442 0.434 0.426 0.434 0.424 0.42 0.41
3 0.312 0.317 0.052 0.054 0.3 0.29 0.294 0.296 0.294 0.298 0.29 0.302 0.29 0.304 0.286 0.308 0.286 0.316 0.288 0.316 0.29 0.318 0.292 0.318 0.296 0.322 0.298 0.322 0.316 0.34 0.318 0.34 0.32 0.342 0.322 0.342 0.326 0.338 0.326 0.336 0.334 0.328 0.334 0.324 0.336 0.322 0.336 0.318 0.318 0.3 0.318 0.298 0.314 0.294 0.312 0.294 0.308 0.29
3 0.769 0.806 0.05 0.048 0.752 0.782 0.748 0.786 0.748 0.788 0.746 0.79 0.746 0.792 0.744 0.794 0.744 0.798 0.754 0.808 0.756 0.808 0.758 0.81 0.76 0.81 0.768 0.818 0.768 0.82 0.77 0.82 0.774 0.824 0.778 0.824 0.782 0.828 0.786 0.824 0.788 0.824 0.788 0.822 0.792 0.818 0.792 0.812 0.79 0.81 0.79 0.808 0.788 0.806 0.786 0.806 0.782 0.802 0.782 0.8 0.78 0.8 0.778 0.798 0.778 0.796 0.772 0.79 0.77 0.79 0.768 0.788 0.766 0.788 0.764 0.786 0.762 0.786 0.76 0.784 0.758 0.784 0.756 0.782
2 0.465 0.68 0.094 0.096 0.45 0.632 0.44 0.642 0.44 0.644 0.438 0.646 0.438 0.648 0.436 0.65 0.436 0.652 0.434 0.654 0.434 0.656 0.428 0.662 0.428 0.664 0.422 0.67 0.422 0.672 0.42 0.674 0.42 0.676 0.418 0.678 0.418 0.686 0.42 0.688 0.422 0.688 0.46 0.726 0.468 0.726 0.476 0.718 0.478 0.718 0.486 0.71 0.488 0.71 0.492 0.706 0.494 0.706 0.502 0.698 0.504 0.698 0.508 0.694 0.508 0.692 0.51 0.69 0.508 0.688 0.508 0.686 0.506 0.684 0.506 0.674 0.504 0.672 0.504 0.67 0.502 0.668 0.502 0.666 0.5 0.664 0.498 0.664 0.48 0.646 0.478 0.646 0.474 0.642 0.47 0.642 0.468 0.64 0.466 0.64 0.464 0.638 0.462 0.638 0.458 0.634 0.456 0.634 0.454 0.632
