5 0.658 0.232 0.02 0.024 0.652 0.22 0.65 0.222 0.648 0.222 0.648 0.228 0.65 0.23 0.65 0.232 0.652 0.234 0.652 0.236 0.654 0.238 0.654 0.24 0.656 0.242 0.66 0.242 0.666 0.236 0.666 0.224 0.664 0.222 0.66 0.222 0.658 0.22
7 0.957 0.807 0.01 0.01 0.954 0.802 0.952 0.804 0.952 0.808 0.954 0.81 0.958 0.81 0.96 0.808 0.96 0.804 0.958 0.802
5 0.931 0.567 0.018 0.022 0.928 0.556 0.926 0.558 0.924 0.558 0.924 0.56 0.922 0.562 0.922 0.568 0.924 0.57 0.924 0.572 0.928 0.576 0.934 0.576 0.938 0.572 0.938 0.564 0.934 0.56 0.934 0.558 0.932 0.558 0.93 0.556
5 0.788 0.297 0.02 0.018 0.782 0.288 0.778 0.292 0.778 0.298 0.782 0.302 0.786 0.302 0.788 0.304 0.792 0.304 0.792 0.302 0.794 0.3 0.794 0.298 0.796 0.296 0.796 0.294 0.794 0.292 0.794 0.29 0.792 0.29 0.79 0.288
4 0.772 0.321 0.016 0.018 0.768 0.312 0.766 0.314 0.764 0.314 0.764 0.318 0.766 0.32 0.766 0.324 0.768 0.326 0.768 0.328 0.776 0.328 0.778 0.326 0.778 0.322 0.776 0.32 0.776 0.318 0.774 0.316 0.774 0.314 0.772 0.314 0.77 0.312
4 0.657 0.27 0.018 0.016 0.65 0.262 0.648 0.264 0.648 0.272 0.65 0.274 0.656 0.274 0.658 0.276 0.66 0.274 0.664 0.274 0.664 0.266 0.662 0.264 0.66 0.264 0.658 0.262
4 0.726 0.238 0.02 0.02 0.724 0.228 0.722 0.23 0.718 0.23 0.716 0.232 0.716 0.238 0.718 0.24 0.718 0.242 0.72 0.242 0.724 0.246 0.73 0.246 0.734 0.242 0.734 0.238 0.732 0.236 0.732 0.232 0.73 0.23 0.726 0.23
3 0.965 0.507 0.07 0.07 0.968 0.472 0.966 0.474 0.962 0.474 0.958 0.478 0.956 0.478 0.95 0.484 0.95 0.486 0.948 0.488 0.948 0.49 0.944 0.494 0.944 0.496 0.942 0.498 0.942 0.502 0.936 0.508 0.936 0.51 0.934 0.512 0.934 0.514 0.93 0.518 0.93 0.526 0.934 0.53 0.94 0.53 0.942 0.532 0.948 0.532 0.95 0.534 0.958 0.534 0.96 0.536 0.966 0.536 0.968 0.538 0.974 0.538 0.976 0.54 0.986 0.54 0.988 0.538 0.99 0.538 0.992 0.536 0.994 0.536 0.996 0.534 0.998 0.534 0.998 0.494 0.992 0.488 0.992 0.486 0.986 0.48 0.984 0.48 0.98 0.476 0.98 0.474 0.978 0.474 0.976 0.472
5 0.762 0.248 0.016 0.016 0.758 0.24 0.754 0.244 0.754 0.25 0.758 0.254 0.766 0.254 0.768 0.252 0.768 0.244 0.764 0.24
3 0.689 0.251 0.058 0.05 0.698 0.226 0.696 0.228 0.694 0.228 0.692 0.23 0.688 0.23 0.686 0.232 0.684 0.232 0.682 0.234 0.68 0.234 0.678 0.236 0.676 0.236 0.674 0.238 0.672 0.238 0.67 0.24 0.666 0.24 0.664 0.242 0.662 0.242 0.66 0.244 0.662 0.246 0.662 0.248 0.664 0.25 0.664 0.252 0.666 0.254 0.666 0.256 0.668 0.258 0.668 0.26 0.67 0.262 0.67 0.264 0.672 0.266 0.672 0.268 0.674 0.27 0.674 0.272 0.676 0.274 0.678 0.272 0.68 0.272 0.682 0.27 0.684 0.27 0.686 0.268 0.688 0.268 0.69 0.266 0.692 0.266 0.694 0.264 0.698 0.264 0.7 0.262 0.702 0.262 0.704 0.26 0.706 0.26 0.708 0.258 0.71 0.258 0.712 0.256 0.714 0.256 0.716 0.254 0.712 0.25 0.712 0.248 0.71 0.246 0.71 0.244 0.706 0.24 0.706 0.238 0.704 0.236 0.704 0.234 0.7 0.23 0.7 0.228
0 0.889 0.547 0.062 0.098 0.862 0.498 0.86 0.5 0.858 0.5 0.858 0.51 0.86 0.512 0.86 0.516 0.862 0.518 0.862 0.52 0.866 0.524 0.866 0.526 0.868 0.528 0.868 0.53 0.872 0.534 0.872 0.536 0.874 0.538 0.874 0.54 0.876 0.542 0.876 0.544 0.878 0.546 0.878 0.548 0.88 0.55 0.88 0.552 0.882 0.554 0.882 0.556 0.884 0.558 0.884 0.56 0.888 0.564 0.888 0.566 0.89 0.568 0.89 0.57 0.892 0.572 0.892 0.574 0.894 0.576 0.894 0.578 0.9 0.584 0.9 0.586 0.902 0.588 0.902 0.59 0.906 0.594 0.912 0.594 0.914 0.592 0.916 0.592 0.918 0.59 0.918 0.584 0.916 0.582 0.916 0.576 0.918 0.574 0.918 0.566 0.916 0.564 0.916 0.562 0.912 0.558 0.912 0.556 0.908 0.552 0.908 0.55 0.904 0.546 0.904 0.544 0.902 0.542 0.902 0.54 0.9 0.538 0.9 0.536 0.898 0.534 0.898 0.532 0.896 0.53 0.896 0.528 0.894 0.526 0.894 0.524 0.892 0.522 0.892 0.52 0.888 0.516 0.888 0.514 0.882 0.508 0.88 0.508 0.872 0.5 0.87 0.5 0.868 0.498
1 0.674 0.04 0.056 0.08 0.646 0.0 0.646 0.002 0.648 0.004 0.648 0.008 0.65 0.01 0.65 0.014 0.652 0.016 0.652 0.018 0.654 0.02 0.654 0.022 0.656 0.024 0.656 0.028 0.658 0.03 0.658 0.034 0.66 0.036 0.66 0.04 0.662 0.042 0.662 0.046 0.664 0.048 0.664 0.052 0.666 0.054 0.666 0.058 0.668 0.06 0.668 0.062 0.67 0.064 0.67 0.068 0.674 0.072 0.674 0.074 0.676 0.076 0.676 0.078 0.68 0.078 0.684 0.074 0.688 0.074 0.692 0.07 0.694 0.07 0.696 0.068 0.698 0.068 0.698 0.066 0.7 0.064 0.7 0.058 0.698 0.056 0.698 0.052 0.696 0.05 0.696 0.046 0.694 0.044 0.694 0.04 0.692 0.038 0.692 0.036 0.69 0.034 0.69 0.032 0.688 0.03 0.688 0.026 0.686 0.024 0.686 0.022 0.684 0.02 0.684 0.016 0.682 0.014 0.682 0.01 0.68 0.008 0.68 0.006 0.678 0.004 0.678 0.0
4 0.732 0.353 0.024 0.022 0.728 0.342 0.724 0.346 0.722 0.346 0.72 0.348 0.72 0.352 0.722 0.354 0.722 0.358 0.726 0.362 0.734 0.362 0.736 0.36 0.738 0.36 0.74 0.358 0.742 0.358 0.742 0.348 0.74 0.346 0.74 0.344 0.738 0.342
4 0.799 0.537 0.022 0.022 0.794 0.526 0.792 0.528 0.79 0.528 0.79 0.53 0.788 0.532 0.788 0.538 0.794 0.544 0.796 0.544 0.798 0.546 0.8 0.544 0.802 0.544 0.808 0.538 0.808 0.534 0.806 0.532 0.806 0.53 0.804 0.528 0.802 0.528 0.8 0.526
4 0.962 0.774 0.016 0.012 0.958 0.768 0.954 0.772 0.954 0.776 0.956 0.778 0.964 0.778 0.966 0.776 0.968 0.776 0.968 0.77 0.966 0.768
6 0.562 0.341 0.124 0.146 0.564 0.268 0.562 0.27 0.56 0.27 0.558 0.272 0.556 0.272 0.554 0.274 0.552 0.274 0.55 0.276 0.548 0.276 0.546 0.278 0.544 0.278 0.54 0.282 0.538 0.282 0.536 0.284 0.534 0.284 0.532 0.286 0.53 0.286 0.528 0.288 0.526 0.288 0.524 0.29 0.522 0.29 0.52 0.292 0.518 0.292 0.516 0.294 0.514 0.294 0.512 0.296 0.51 0.296 0.508 0.298 0.506 0.298 0.5 0.304 0.5 0.312 0.504 0.316 0.504 0.318 0.506 0.32 0.506 0.322 0.51 0.326 0.51 0.328 0.512 0.33 0.512 0.332 0.514 0.334 0.514 0.336 0.516 0.338 0.516 0.34 0.518 0.342 0.518 0.344 0.52 0.346 0.52 0.348 0.524 0.352 0.524 0.354 0.526 0.356 0.526 0.36 0.53 0.364 0.53 0.366 0.532 0.368 0.532 0.37 0.534 0.372 0.534 0.374 0.538 0.378 0.538 0.38 0.54 0.382 0.54 0.384 0.542 0.386 0.542 0.388 0.544 0.39 0.544 0.392 0.546 0.394 0.546 0.396 0.548 0.398 0.548 0.4 0.55 0.402 0.55 0.404 0.552 0.406 0.552 0.408 0.554 0.41 0.554 0.412 0.562 0.412 0.564 0.41 0.566 0.41 0.568 0.408 0.57 0.408 0.572 0.406 0.574 0.406 0.576 0.404 0.578 0.404 0.58 0.402 0.582 0.402 0.584 0.4 0.586 0.4 0.588 0.398 0.59 0.398 0.592 0.396 0.594 0.396 0.596 0.394 0.598 0.394 0.6 0.392 0.602 0.392 0.604 0.39 0.606 0.39 0.608 0.388 0.61 0.388 0.614 0.384 0.616 0.384 0.618 0.382 0.62 0.382 0.622 0.38 0.622 0.374 0.62 0.372 0.62 0.37 0.618 0.368 0.618 0.366 0.614 0.362 0.614 0.36 0.612 0.358 0.612 0.356 0.61 0.354 0.61 0.352 0.606 0.348 0.606 0.346 0.604 0.344 0.604 0.34 0.602 0.338 0.602 0.336 0.6 0.334 0.6 0.332 0.598 0.33 0.598 0.328 0.596 0.326 0.596 0.324 0.594 0.322 0.594 0.32 0.592 0.318 0.592 0.316 0.59 0.314 0.59 0.312 0.588 0.31 0.588 0.308 0.586 0.306 0.586 0.304 0.584 0.302 0.584 0.3 0.582 0.298 0.582 0.296 0.58 0.294 0.58 0.292 0.578 0.29 0.578 0.288 0.574 0.284 0.574 0.282 0.572 0.28 0.572 0.278 0.57 0.276 0.57 0.272 0.566 0.268
4 0.699 0.018 0.026 0.024 0.696 0.006 0.694 0.008 0.69 0.008 0.686 0.012 0.686 0.018 0.688 0.02 0.688 0.022 0.694 0.028 0.702 0.028 0.704 0.026 0.706 0.026 0.71 0.022 0.71 0.016 0.706 0.012 0.706 0.01 0.702 0.006
3 0.829 0.236 0.086 0.084 0.828 0.194 0.826 0.196 0.824 0.196 0.822 0.198 0.82 0.198 0.818 0.2 0.816 0.2 0.812 0.204 0.81 0.204 0.808 0.206 0.806 0.206 0.804 0.208 0.802 0.208 0.8 0.21 0.798 0.21 0.796 0.212 0.796 0.216 0.794 0.218 0.794 0.226 0.792 0.228 0.792 0.236 0.79 0.238 0.79 0.246 0.788 0.248 0.788 0.256 0.786 0.258 0.786 0.262 0.788 0.262 0.79 0.264 0.796 0.264 0.798 0.266 0.804 0.266 0.806 0.268 0.814 0.268 0.816 0.27 0.822 0.27 0.824 0.272 0.83 0.272 0.832 0.274 0.838 0.274 0.84 0.276 0.844 0.276 0.846 0.274 0.848 0.274 0.852 0.27 0.854 0.27 0.856 0.268 0.858 0.268 0.86 0.266 0.862 0.266 0.866 0.262 0.868 0.262 0.87 0.26 0.866 0.256 0.866 0.254 0.864 0.252 0.864 0.25 0.86 0.246 0.86 0.244 0.858 0.242 0.858 0.24 0.854 0.236 0.854 0.234 0.85 0.23 0.85 0.228 0.848 0.226 0.848 0.224 0.844 0.22 0.844 0.218 0.84 0.214 0.84 0.212 0.838 0.21 0.838 0.208 0.834 0.204 0.834 0.202 0.832 0.2 0.832 0.198
1 0.599 0.044 0.102 0.084 0.62 0.002 0.618 0.004 0.612 0.004 0.61 0.006 0.604 0.006 0.602 0.008 0.598 0.008 0.596 0.01 0.594 0.01 0.592 0.012 0.586 0.012 0.584 0.014 0.582 0.014 0.58 0.016 0.574 0.016 0.572 0.018 0.57 0.018 0.568 0.02 0.564 0.02 0.562 0.022 0.558 0.022 0.556 0.024 0.552 0.024 0.548 0.028 0.548 0.036 0.55 0.038 0.55 0.044 0.552 0.046 0.552 0.05 0.554 0.052 0.554 0.056 0.556 0.058 0.556 0.06 0.558 0.062 0.558 0.066 0.56 0.068 0.56 0.07 0.562 0.072 0.562 0.074 0.564 0.076 0.564 0.08 0.568 0.084 0.572 0.084 0.574 0.082 0.578 0.082 0.58 0.08 0.582 0.08 0.584 0.078 0.588 0.078 0.59 0.076 0.594 0.076 0.596 0.074 0.598 0.074 0.6 0.072 0.604 0.072 0.606 0.07 0.61 0.07 0.612 0.068 0.614 0.068 0.616 0.066 0.622 0.066 0.624 0.064 0.626 0.064 0.628 0.062 0.63 0.062 0.632 0.06 0.638 0.06 0.64 0.058 0.642 0.058 0.644 0.056 0.646 0.056 0.648 0.054 0.648 0.05 0.646 0.048 0.646 0.042 0.644 0.04 0.644 0.038 0.642 0.036 0.642 0.032 0.64 0.03 0.64 0.026 0.638 0.024 0.638 0.022 0.636 0.02 0.636 0.016 0.634 0.014 0.634 0.01 0.632 0.008 0.632 0.006 0.63 0.004 0.63 0.002
1 0.733 0.028 0.058 0.056 0.706 0.0 0.71 0.004 0.71 0.006 0.712 0.008 0.712 0.016 0.714 0.018 0.714 0.02 0.718 0.024 0.718 0.026 0.722 0.03 0.722 0.032 0.724 0.034 0.724 0.036 0.726 0.038 0.726 0.044 0.73 0.048 0.73 0.052 0.732 0.054 0.736 0.054 0.738 0.052 0.742 0.052 0.744 0.05 0.748 0.05 0.75 0.048 0.754 0.048 0.756 0.046 0.758 0.046 0.76 0.044 0.76 0.042 0.758 0.04 0.758 0.036 0.756 0.034 0.756 0.03 0.754 0.028 0.754 0.024 0.752 0.022 0.752 0.02 0.75 0.018 0.75 0.016 0.748 0.014 0.748 0.01 0.744 0.006 0.744 0.004 0.742 0.002 0.742 0.0
