7 0.114 0.026 0.02 0.012 0.108 0.02 0.104 0.024 0.104 0.03 0.118 0.03 0.122 0.026 0.122 0.02
4 0.156 0.128 0.012 0.012 0.15 0.122 0.15 0.128 0.154 0.132 0.158 0.132 0.16 0.13 0.16 0.122
4 0.159 0.092 0.014 0.012 0.156 0.086 0.152 0.09 0.152 0.094 0.154 0.096 0.164 0.096 0.164 0.088 0.16 0.088 0.158 0.086
3 0.124 0.353 0.06 0.082 0.106 0.312 0.102 0.316 0.102 0.326 0.1 0.328 0.1 0.338 0.098 0.34 0.098 0.354 0.096 0.356 0.096 0.368 0.094 0.37 0.094 0.382 0.096 0.384 0.098 0.384 0.1 0.386 0.104 0.386 0.106 0.388 0.108 0.388 0.11 0.39 0.126 0.39 0.128 0.392 0.15 0.392 0.15 0.35 0.152 0.348 0.152 0.342 0.15 0.34 0.15 0.328 0.146 0.324 0.138 0.324 0.136 0.326 0.134 0.326 0.13 0.322 0.128 0.324 0.126 0.324 0.122 0.32 0.112 0.32 0.108 0.316 0.108 0.314
3 0.065 0.104 0.078 0.104 0.036 0.052 0.034 0.054 0.034 0.056 0.032 0.058 0.032 0.084 0.03 0.086 0.03 0.106 0.028 0.108 0.028 0.144 0.026 0.146 0.026 0.15 0.028 0.152 0.028 0.154 0.036 0.154 0.038 0.152 0.042 0.152 0.044 0.15 0.052 0.15 0.054 0.148 0.056 0.148 0.058 0.146 0.064 0.146 0.066 0.144 0.07 0.144 0.072 0.142 0.076 0.142 0.078 0.14 0.086 0.14 0.088 0.138 0.088 0.136 0.092 0.132 0.092 0.13 0.094 0.128 0.094 0.122 0.096 0.12 0.096 0.106 0.098 0.104 0.098 0.09 0.1 0.088 0.1 0.074 0.102 0.072 0.102 0.056 0.1 0.056 0.098 0.054 0.038 0.054
4 0.153 0.188 0.018 0.02 0.152 0.178 0.15 0.18 0.146 0.18 0.144 0.182 0.144 0.192 0.146 0.194 0.15 0.194 0.152 0.196 0.154 0.194 0.158 0.194 0.158 0.192 0.16 0.19 0.16 0.18 0.156 0.18 0.154 0.178
4 0.541 0.251 0.018 0.014 0.536 0.244 0.532 0.248 0.532 0.25 0.534 0.252 0.534 0.254 0.536 0.254 0.538 0.256 0.54 0.256 0.542 0.254 0.546 0.254 0.548 0.252 0.548 0.244
4 0.69 0.258 0.024 0.028 0.684 0.244 0.682 0.246 0.68 0.246 0.68 0.248 0.678 0.25 0.678 0.252 0.68 0.254 0.68 0.258 0.682 0.26 0.682 0.262 0.688 0.268 0.69 0.268 0.692 0.27 0.694 0.268 0.698 0.268 0.7 0.266 0.7 0.262 0.698 0.26 0.698 0.25 0.696 0.248 0.696 0.246 0.694 0.244
4 0.546 0.302 0.016 0.02 0.538 0.292 0.538 0.304 0.54 0.306 0.54 0.308 0.542 0.308 0.544 0.31 0.55 0.31 0.55 0.308 0.552 0.306 0.55 0.304 0.55 0.294 0.548 0.292
4 0.176 0.307 0.016 0.018 0.174 0.298 0.17 0.302 0.17 0.306 0.168 0.308 0.168 0.31 0.17 0.312 0.17 0.314 0.18 0.314 0.18 0.312 0.182 0.31 0.182 0.3 0.18 0.298
5 0.608 0.202 0.016 0.016 0.6 0.194 0.6 0.208 0.61 0.208 0.614 0.204 0.614 0.2 0.612 0.198 0.612 0.194
5 0.237 0.266 0.018 0.012 0.228 0.26 0.228 0.266 0.232 0.27 0.242 0.27 0.244 0.268 0.244 0.262 0.242 0.262 0.24 0.26
7 0.588 0.308 0.012 0.012 0.584 0.302 0.582 0.304 0.582 0.31 0.584 0.312 0.592 0.312 0.592 0.302
7 0.526 0.323 0.012 0.01 0.52 0.318 0.52 0.324 0.522 0.324 0.524 0.326 0.528 0.326 0.53 0.324 0.53 0.32 0.528 0.318
5 0.518 0.451 0.016 0.014 0.512 0.444 0.51 0.446 0.51 0.45 0.512 0.452 0.512 0.456 0.52 0.456 0.522 0.454 0.524 0.454 0.524 0.452 0.522 0.45 0.522 0.448 0.52 0.446 0.52 0.444 0.518 0.444 0.516 0.446 0.514 0.444
