7 0.031 0.832 0.058 0.04 0.048 0.812 0.046 0.814 0.034 0.814 0.032 0.816 0.018 0.816 0.016 0.818 0.006 0.818 0.004 0.82 0.002 0.82 0.002 0.83 0.004 0.832 0.004 0.842 0.006 0.844 0.006 0.848 0.008 0.85 0.01 0.85 0.012 0.848 0.024 0.848 0.026 0.846 0.042 0.846 0.044 0.844 0.056 0.844 0.058 0.842 0.058 0.83 0.056 0.828 0.056 0.82 0.054 0.818 0.054 0.816 0.05 0.812
7 0.119 0.955 0.054 0.042 0.132 0.934 0.13 0.936 0.116 0.936 0.114 0.938 0.104 0.938 0.102 0.94 0.096 0.94 0.092 0.944 0.092 0.954 0.094 0.956 0.094 0.972 0.096 0.972 0.098 0.974 0.102 0.974 0.104 0.972 0.112 0.972 0.114 0.97 0.132 0.97 0.134 0.968 0.14 0.968 0.144 0.964 0.144 0.938 0.14 0.934
4 0.543 0.522 0.022 0.02 0.54 0.512 0.538 0.514 0.534 0.514 0.532 0.516 0.532 0.526 0.536 0.53 0.544 0.53 0.546 0.528 0.548 0.528 0.55 0.526 0.55 0.524 0.552 0.522 0.552 0.516 0.55 0.514 0.55 0.512
2 0.384 0.193 0.16 0.078 0.446 0.154 0.444 0.156 0.444 0.158 0.442 0.16 0.44 0.16 0.438 0.158 0.428 0.158 0.426 0.16 0.406 0.16 0.404 0.162 0.396 0.162 0.394 0.164 0.368 0.164 0.366 0.162 0.346 0.162 0.344 0.164 0.332 0.164 0.33 0.166 0.324 0.166 0.322 0.168 0.32 0.168 0.318 0.166 0.316 0.168 0.306 0.168 0.304 0.17 0.304 0.19 0.306 0.192 0.306 0.224 0.308 0.226 0.308 0.23 0.31 0.23 0.312 0.228 0.318 0.228 0.32 0.226 0.326 0.226 0.328 0.224 0.378 0.224 0.38 0.222 0.39 0.222 0.392 0.22 0.4 0.22 0.402 0.218 0.412 0.218 0.414 0.216 0.448 0.216 0.45 0.214 0.454 0.214 0.456 0.212 0.462 0.212 0.462 0.208 0.46 0.206 0.46 0.182 0.458 0.18 0.458 0.158 0.456 0.156 0.456 0.154
4 0.505 0.716 0.026 0.024 0.502 0.704 0.5 0.706 0.496 0.706 0.492 0.71 0.492 0.724 0.494 0.724 0.496 0.726 0.502 0.726 0.506 0.722 0.512 0.722 0.514 0.72 0.514 0.718 0.516 0.716 0.516 0.708 0.512 0.704
4 0.644 0.718 0.02 0.016 0.636 0.71 0.634 0.712 0.634 0.72 0.636 0.722 0.638 0.722 0.64 0.724 0.648 0.724 0.652 0.72 0.652 0.716 0.648 0.712 0.642 0.712 0.64 0.71
4 0.559 0.794 0.018 0.016 0.554 0.786 0.552 0.788 0.552 0.79 0.55 0.792 0.55 0.798 0.552 0.8 0.56 0.8 0.562 0.798 0.564 0.798 0.564 0.796 0.566 0.794 0.566 0.786
7 0.098 0.038 0.032 0.048 0.092 0.014 0.09 0.016 0.088 0.016 0.088 0.02 0.086 0.022 0.086 0.026 0.084 0.028 0.084 0.046 0.082 0.048 0.082 0.058 0.102 0.058 0.104 0.06 0.106 0.06 0.106 0.058 0.108 0.056 0.108 0.048 0.11 0.046 0.11 0.036 0.112 0.034 0.112 0.014
4 0.505 0.81 0.026 0.024 0.504 0.798 0.502 0.8 0.498 0.8 0.496 0.802 0.494 0.802 0.492 0.804 0.492 0.818 0.494 0.82 0.5 0.82 0.502 0.818 0.51 0.818 0.512 0.816 0.514 0.816 0.514 0.814 0.516 0.812 0.516 0.8 0.512 0.8 0.51 0.798
7 0.431 0.071 0.01 0.01 0.426 0.066 0.426 0.074 0.434 0.074 0.434 0.068 0.432 0.066
7 0.577 0.105 0.018 0.018 0.576 0.096 0.574 0.098 0.568 0.098 0.568 0.108 0.57 0.108 0.572 0.11 0.574 0.11 0.576 0.112 0.578 0.11 0.58 0.11 0.584 0.106 0.584 0.1 0.582 0.098 0.58 0.098 0.578 0.096
4 0.417 0.109 0.014 0.022 0.412 0.098 0.41 0.1 0.41 0.116 0.412 0.116 0.414 0.118 0.418 0.118 0.42 0.116 0.422 0.116 0.422 0.104 0.42 0.102 0.42 0.1 0.418 0.098
7 0.609 0.612 0.014 0.012 0.606 0.606 0.602 0.61 0.602 0.612 0.606 0.616 0.612 0.616 0.614 0.614 0.614 0.61 0.612 0.608 0.61 0.608 0.608 0.606
7 0.098 0.821 0.064 0.038 0.114 0.802 0.112 0.804 0.096 0.804 0.094 0.806 0.074 0.806 0.072 0.808 0.068 0.808 0.066 0.81 0.066 0.834 0.068 0.836 0.07 0.836 0.072 0.838 0.082 0.838 0.084 0.836 0.112 0.836 0.114 0.834 0.124 0.834 0.128 0.83 0.128 0.828 0.126 0.826 0.126 0.816 0.124 0.814 0.124 0.804 0.12 0.804 0.118 0.802
3 0.484 0.606 0.1 0.076 0.438 0.568 0.438 0.586 0.436 0.588 0.436 0.624 0.434 0.626 0.434 0.642 0.53 0.642 0.53 0.606 0.532 0.604 0.532 0.57 0.486 0.57 0.484 0.568
2 0.65 0.155 0.14 0.062 0.694 0.124 0.692 0.126 0.634 0.126 0.632 0.128 0.596 0.128 0.594 0.13 0.59 0.13 0.588 0.132 0.584 0.132 0.582 0.134 0.582 0.138 0.58 0.14 0.58 0.18 0.584 0.184 0.588 0.184 0.59 0.182 0.604 0.182 0.606 0.18 0.608 0.182 0.616 0.182 0.618 0.18 0.624 0.18 0.626 0.182 0.632 0.182 0.634 0.18 0.666 0.18 0.668 0.178 0.67 0.18 0.712 0.18 0.714 0.178 0.716 0.178 0.718 0.176 0.718 0.17 0.716 0.168 0.716 0.146 0.714 0.144 0.714 0.126 0.712 0.124
7 0.598 0.817 0.008 0.01 0.598 0.812 0.596 0.814 0.594 0.814 0.594 0.818 0.596 0.82 0.6 0.82 0.6 0.814
4 0.627 0.641 0.018 0.018 0.62 0.632 0.618 0.634 0.618 0.638 0.62 0.64 0.62 0.644 0.622 0.646 0.624 0.646 0.626 0.648 0.628 0.648 0.63 0.646 0.632 0.646 0.634 0.644 0.634 0.636 0.63 0.632
7 0.049 0.965 0.054 0.038 0.054 0.946 0.052 0.948 0.038 0.948 0.036 0.95 0.026 0.95 0.024 0.952 0.022 0.952 0.022 0.96 0.024 0.962 0.024 0.976 0.026 0.978 0.026 0.98 0.028 0.982 0.032 0.982 0.034 0.98 0.056 0.98 0.058 0.978 0.07 0.978 0.072 0.976 0.074 0.976 0.074 0.95 0.072 0.948 0.07 0.948 0.068 0.946
