4 0.994 0.457 0.012 0.018 0.998 0.448 0.996 0.45 0.99 0.45 0.99 0.452 0.988 0.454 0.988 0.462 0.99 0.464 0.998 0.464
1 0.488 0.546 0.18 0.056 0.412 0.518 0.41 0.52 0.4 0.52 0.398 0.522 0.398 0.532 0.4 0.534 0.4 0.568 0.402 0.57 0.41 0.57 0.412 0.572 0.496 0.572 0.498 0.57 0.5 0.57 0.5 0.562 0.504 0.558 0.554 0.558 0.556 0.556 0.574 0.556 0.576 0.558 0.576 0.532 0.574 0.53 0.574 0.524 0.572 0.522 0.518 0.522 0.516 0.52 0.424 0.52 0.422 0.518
4 0.021 0.393 0.026 0.022 0.012 0.382 0.012 0.384 0.01 0.386 0.01 0.392 0.008 0.394 0.008 0.398 0.012 0.402 0.03 0.402 0.032 0.4 0.032 0.382
4 0.099 0.392 0.03 0.02 0.09 0.382 0.088 0.384 0.086 0.384 0.086 0.388 0.084 0.39 0.084 0.396 0.086 0.398 0.086 0.4 0.108 0.4 0.11 0.398 0.11 0.396 0.112 0.394 0.112 0.388 0.11 0.386 0.11 0.382
4 0.155 0.392 0.014 0.02 0.154 0.382 0.152 0.384 0.15 0.384 0.148 0.386 0.148 0.394 0.15 0.396 0.15 0.398 0.152 0.398 0.154 0.4 0.156 0.398 0.158 0.398 0.16 0.396 0.16 0.386 0.158 0.384 0.156 0.384
4 0.732 0.427 0.016 0.018 0.726 0.418 0.724 0.42 0.724 0.432 0.726 0.434 0.736 0.434 0.738 0.432 0.738 0.42 0.736 0.418
4 0.182 0.463 0.02 0.022 0.176 0.452 0.174 0.454 0.172 0.454 0.172 0.468 0.174 0.468 0.176 0.47 0.182 0.47 0.184 0.472 0.186 0.47 0.188 0.47 0.188 0.464 0.19 0.462 0.19 0.454 0.184 0.454 0.182 0.452
4 0.019 0.538 0.03 0.02 0.008 0.528 0.004 0.532 0.004 0.542 0.006 0.544 0.008 0.544 0.01 0.546 0.03 0.546 0.032 0.544 0.032 0.532 0.03 0.53 0.02 0.53 0.018 0.528
4 0.097 0.541 0.034 0.014 0.082 0.534 0.08 0.536 0.082 0.538 0.082 0.544 0.084 0.546 0.11 0.546 0.112 0.544 0.112 0.54 0.11 0.538 0.11 0.536 0.108 0.534
4 0.175 0.542 0.034 0.016 0.162 0.534 0.158 0.538 0.158 0.546 0.16 0.548 0.184 0.548 0.186 0.546 0.188 0.546 0.19 0.544 0.19 0.538 0.188 0.536 0.184 0.536 0.182 0.534
5 0.973 0.525 0.018 0.03 0.966 0.51 0.964 0.512 0.964 0.536 0.966 0.538 0.98 0.538 0.98 0.51
7 0.708 0.491 0.016 0.018 0.702 0.482 0.7 0.484 0.7 0.496 0.702 0.498 0.712 0.498 0.712 0.494 0.714 0.492 0.714 0.486 0.71 0.482
4 0.552 0.572 0.048 0.024 0.528 0.56 0.528 0.582 0.574 0.582 0.574 0.56
2 0.489 0.617 0.19 0.066 0.396 0.584 0.396 0.62 0.394 0.622 0.394 0.642 0.432 0.642 0.434 0.644 0.496 0.644 0.498 0.646 0.558 0.646 0.56 0.648 0.582 0.648 0.582 0.588 0.524 0.588 0.522 0.586 0.43 0.586 0.428 0.584
6 0.211 0.599 0.114 0.074 0.156 0.562 0.156 0.596 0.154 0.598 0.154 0.622 0.158 0.626 0.16 0.626 0.162 0.628 0.18 0.628 0.182 0.63 0.198 0.63 0.2 0.632 0.22 0.632 0.222 0.634 0.264 0.634 0.264 0.632 0.266 0.63 0.266 0.616 0.264 0.614 0.264 0.608 0.266 0.606 0.264 0.604 0.264 0.6 0.266 0.598 0.266 0.566 0.262 0.562
5 0.707 0.509 0.014 0.014 0.702 0.502 0.7 0.504 0.7 0.508 0.702 0.51 0.702 0.512 0.704 0.514 0.71 0.514 0.712 0.512 0.712 0.504 0.71 0.502
7 0.973 0.49 0.01 0.008 0.968 0.486 0.968 0.49 0.97 0.492 0.974 0.492 0.976 0.49 0.976 0.488 0.974 0.486
5 0.178 0.482 0.016 0.024 0.172 0.47 0.17 0.472 0.17 0.486 0.176 0.492 0.18 0.492 0.182 0.49 0.182 0.488 0.184 0.486 0.184 0.474 0.182 0.472 0.178 0.472 0.176 0.47
4 0.762 0.573 0.016 0.014 0.756 0.566 0.754 0.568 0.754 0.574 0.758 0.578 0.764 0.578 0.766 0.576 0.766 0.574 0.768 0.572 0.768 0.568 0.766 0.566
7 0.181 0.43 0.01 0.008 0.176 0.426 0.176 0.43 0.178 0.432 0.182 0.432 0.184 0.43 0.184 0.426
6 0.692 0.623 0.196 0.062 0.69 0.592 0.688 0.594 0.666 0.594 0.664 0.596 0.594 0.596 0.594 0.644 0.596 0.646 0.626 0.646 0.628 0.648 0.656 0.648 0.658 0.65 0.722 0.65 0.724 0.652 0.778 0.652 0.78 0.65 0.784 0.65 0.784 0.648 0.786 0.646 0.786 0.636 0.788 0.634 0.788 0.594 0.746 0.594 0.744 0.592
4 0.681 0.428 0.018 0.02 0.676 0.418 0.674 0.42 0.674 0.424 0.672 0.426 0.672 0.434 0.674 0.436 0.686 0.436 0.688 0.434 0.688 0.42 0.686 0.418
4 0.554 0.427 0.012 0.014 0.55 0.42 0.55 0.422 0.548 0.424 0.548 0.428 0.552 0.432 0.558 0.432 0.558 0.422 0.556 0.42
4 0.467 0.429 0.014 0.014 0.46 0.422 0.46 0.43 0.462 0.432 0.464 0.432 0.466 0.434 0.468 0.432 0.47 0.432 0.472 0.43 0.472 0.424 0.47 0.422
4 0.625 0.422 0.034 0.016 0.61 0.414 0.608 0.416 0.608 0.424 0.61 0.426 0.622 0.426 0.624 0.428 0.626 0.428 0.628 0.426 0.634 0.426 0.636 0.424 0.638 0.424 0.64 0.422 0.64 0.416 0.638 0.414
4 0.698 0.571 0.02 0.014 0.692 0.564 0.69 0.566 0.688 0.566 0.688 0.574 0.69 0.574 0.692 0.576 0.7 0.576 0.702 0.574 0.704 0.574 0.706 0.572 0.706 0.566 0.704 0.564
4 0.622 0.57 0.02 0.016 0.614 0.562 0.612 0.564 0.612 0.572 0.614 0.574 0.616 0.574 0.618 0.576 0.62 0.574 0.628 0.574 0.628 0.572 0.63 0.57 0.63 0.564 0.628 0.562
4 0.235 0.544 0.018 0.02 0.23 0.534 0.228 0.536 0.228 0.538 0.226 0.54 0.226 0.544 0.228 0.546 0.228 0.55 0.23 0.552 0.238 0.552 0.242 0.548 0.242 0.538 0.24 0.536 0.238 0.536 0.236 0.534
4 0.203 0.399 0.014 0.014 0.2 0.392 0.196 0.396 0.196 0.404 0.206 0.404 0.206 0.402 0.208 0.4 0.208 0.398 0.206 0.396 0.206 0.394 0.204 0.394 0.202 0.392
