4 0.989 0.933 0.022 0.03 0.982 0.918 0.982 0.922 0.98 0.924 0.98 0.926 0.978 0.928 0.978 0.93 0.98 0.932 0.98 0.934 0.982 0.934 0.986 0.938 0.988 0.938 0.99 0.94 0.992 0.94 0.994 0.942 0.996 0.942 0.998 0.944 0.998 0.946 0.998 0.922 0.996 0.92 0.992 0.92 0.99 0.918
3 0.41 0.819 0.04 0.066 0.42 0.786 0.418 0.788 0.416 0.788 0.414 0.79 0.412 0.79 0.41 0.792 0.41 0.794 0.408 0.796 0.408 0.798 0.406 0.8 0.406 0.802 0.404 0.804 0.404 0.806 0.402 0.808 0.402 0.81 0.4 0.812 0.4 0.816 0.398 0.818 0.398 0.82 0.396 0.822 0.396 0.824 0.394 0.826 0.394 0.83 0.392 0.832 0.392 0.836 0.39 0.838 0.39 0.844 0.396 0.85 0.398 0.85 0.4 0.848 0.4 0.844 0.404 0.84 0.404 0.836 0.406 0.834 0.406 0.832 0.41 0.828 0.41 0.826 0.414 0.822 0.414 0.82 0.416 0.818 0.416 0.814 0.42 0.81 0.42 0.808 0.422 0.806 0.422 0.804 0.424 0.802 0.424 0.8 0.426 0.798 0.426 0.796 0.428 0.794 0.428 0.788 0.426 0.786
5 0.35 0.601 0.032 0.038 0.348 0.582 0.344 0.586 0.344 0.588 0.342 0.59 0.342 0.592 0.34 0.594 0.34 0.596 0.338 0.598 0.338 0.6 0.336 0.602 0.336 0.606 0.334 0.608 0.334 0.61 0.34 0.616 0.342 0.616 0.344 0.618 0.348 0.618 0.354 0.612 0.354 0.61 0.358 0.606 0.358 0.604 0.362 0.6 0.362 0.598 0.364 0.596 0.364 0.59 0.362 0.588 0.362 0.586 0.36 0.586 0.358 0.584 0.354 0.584 0.352 0.582
5 0.426 0.648 0.028 0.032 0.422 0.632 0.42 0.634 0.418 0.634 0.414 0.638 0.414 0.64 0.412 0.642 0.412 0.654 0.414 0.656 0.414 0.658 0.416 0.66 0.42 0.66 0.422 0.662 0.424 0.662 0.426 0.66 0.428 0.66 0.434 0.654 0.434 0.652 0.436 0.65 0.436 0.648 0.438 0.646 0.438 0.64 0.434 0.636 0.432 0.636 0.43 0.634 0.424 0.634
5 0.35 0.713 0.028 0.046 0.354 0.69 0.352 0.692 0.35 0.692 0.348 0.694 0.346 0.694 0.346 0.696 0.344 0.698 0.344 0.7 0.342 0.702 0.342 0.704 0.34 0.706 0.34 0.71 0.338 0.712 0.338 0.714 0.336 0.716 0.336 0.724 0.338 0.726 0.34 0.726 0.346 0.732 0.348 0.732 0.35 0.734 0.352 0.734 0.356 0.73 0.356 0.726 0.358 0.724 0.358 0.722 0.36 0.72 0.36 0.714 0.362 0.712 0.362 0.702 0.36 0.7 0.36 0.694 0.358 0.692 0.356 0.692
5 0.252 0.778 0.028 0.04 0.254 0.758 0.252 0.76 0.252 0.762 0.248 0.766 0.248 0.768 0.244 0.772 0.244 0.774 0.242 0.776 0.242 0.778 0.24 0.78 0.24 0.788 0.238 0.79 0.24 0.792 0.24 0.794 0.242 0.796 0.248 0.796 0.25 0.794 0.254 0.794 0.256 0.792 0.256 0.79 0.258 0.788 0.258 0.786 0.26 0.784 0.26 0.78 0.262 0.778 0.262 0.772 0.264 0.77 0.264 0.762 0.262 0.76 0.262 0.758
5 0.938 0.916 0.032 0.028 0.928 0.902 0.928 0.904 0.926 0.906 0.926 0.908 0.922 0.912 0.922 0.922 0.924 0.924 0.93 0.924 0.932 0.926 0.94 0.926 0.942 0.928 0.946 0.928 0.95 0.924 0.95 0.922 0.952 0.92 0.952 0.912 0.948 0.908 0.946 0.908 0.942 0.904 0.94 0.904 0.938 0.902
7 0.844 0.005 0.024 0.01 0.832 0.0 0.836 0.004 0.838 0.004 0.842 0.008 0.844 0.008 0.846 0.006 0.848 0.006 0.85 0.004 0.852 0.004 0.852 0.002 0.854 0.0
7 0.49 0.324 0.012 0.008 0.492 0.32 0.49 0.322 0.484 0.322 0.484 0.326 0.494 0.326 0.494 0.322
7 0.646 0.329 0.02 0.022 0.644 0.318 0.642 0.32 0.64 0.32 0.638 0.322 0.638 0.324 0.636 0.326 0.636 0.33 0.638 0.332 0.638 0.334 0.642 0.338 0.65 0.338 0.654 0.334 0.654 0.328 0.652 0.326 0.652 0.322 0.65 0.32 0.648 0.32 0.646 0.318
3 0.657 0.386 0.074 0.116 0.688 0.328 0.686 0.33 0.682 0.33 0.68 0.332 0.678 0.332 0.666 0.344 0.666 0.346 0.664 0.348 0.664 0.35 0.66 0.354 0.66 0.356 0.656 0.36 0.654 0.36 0.654 0.362 0.652 0.364 0.652 0.366 0.648 0.37 0.648 0.372 0.646 0.374 0.646 0.376 0.644 0.378 0.644 0.382 0.642 0.384 0.642 0.386 0.64 0.388 0.64 0.39 0.638 0.392 0.638 0.396 0.636 0.398 0.636 0.402 0.634 0.404 0.634 0.406 0.632 0.408 0.632 0.41 0.628 0.414 0.628 0.416 0.626 0.418 0.626 0.42 0.624 0.422 0.624 0.426 0.622 0.428 0.622 0.432 0.62 0.434 0.62 0.438 0.622 0.44 0.626 0.44 0.628 0.442 0.632 0.442 0.634 0.44 0.634 0.438 0.638 0.434 0.638 0.432 0.64 0.43 0.64 0.428 0.642 0.426 0.642 0.424 0.644 0.422 0.644 0.42 0.646 0.418 0.646 0.416 0.65 0.412 0.65 0.41 0.652 0.408 0.652 0.406 0.654 0.404 0.654 0.402 0.656 0.4 0.656 0.398 0.66 0.394 0.66 0.392 0.662 0.39 0.662 0.388 0.664 0.386 0.664 0.384 0.666 0.382 0.666 0.38 0.668 0.378 0.668 0.376 0.672 0.372 0.672 0.37 0.674 0.368 0.674 0.366 0.678 0.362 0.678 0.36 0.68 0.358 0.68 0.356 0.682 0.354 0.682 0.352 0.684 0.35 0.684 0.348 0.688 0.344 0.688 0.342 0.69 0.34 0.69 0.338 0.692 0.336 0.692 0.328
4 0.762 0.009 0.02 0.018 0.754 0.0 0.754 0.008 0.752 0.01 0.752 0.014 0.754 0.016 0.762 0.016 0.766 0.012 0.766 0.01 0.768 0.008 0.768 0.006 0.77 0.004 0.77 0.0
4 0.302 0.668 0.032 0.028 0.296 0.654 0.294 0.656 0.294 0.658 0.29 0.662 0.29 0.664 0.288 0.666 0.288 0.67 0.286 0.672 0.288 0.674 0.288 0.676 0.29 0.676 0.292 0.678 0.296 0.678 0.298 0.68 0.308 0.68 0.31 0.678 0.31 0.676 0.312 0.674 0.312 0.67 0.314 0.668 0.314 0.666 0.316 0.664 0.314 0.662 0.314 0.66 0.312 0.658 0.31 0.658 0.308 0.656 0.304 0.656 0.302 0.654
7 0.601 0.392 0.022 0.024 0.598 0.38 0.596 0.382 0.594 0.382 0.592 0.384 0.592 0.386 0.59 0.388 0.59 0.396 0.594 0.4 0.596 0.4 0.598 0.402 0.604 0.402 0.608 0.398 0.608 0.394 0.61 0.392 0.61 0.388 0.604 0.382 0.602 0.382 0.6 0.38
4 0.373 0.903 0.018 0.026 0.364 0.89 0.364 0.904 0.366 0.906 0.366 0.908 0.37 0.912 0.372 0.912 0.374 0.914 0.38 0.914 0.38 0.906 0.378 0.904 0.378 0.896 0.376 0.894 0.376 0.892 0.374 0.89
4 0.869 0.905 0.022 0.018 0.862 0.896 0.86 0.898 0.86 0.9 0.858 0.902 0.858 0.906 0.86 0.908 0.86 0.91 0.862 0.91 0.864 0.912 0.874 0.912 0.876 0.91 0.876 0.908 0.878 0.906 0.878 0.9 0.876 0.898 0.874 0.898 0.872 0.896
5 0.484 0.372 0.032 0.044 0.484 0.35 0.482 0.352 0.482 0.356 0.476 0.362 0.476 0.364 0.474 0.366 0.474 0.368 0.472 0.37 0.472 0.372 0.47 0.374 0.47 0.378 0.468 0.38 0.468 0.388 0.47 0.39 0.472 0.39 0.474 0.392 0.486 0.392 0.488 0.39 0.488 0.388 0.492 0.384 0.492 0.382 0.494 0.38 0.494 0.378 0.496 0.376 0.496 0.374 0.498 0.372 0.498 0.368 0.496 0.366 0.496 0.36 0.494 0.358 0.494 0.354 0.492 0.352 0.492 0.35
5 0.581 0.306 0.038 0.044 0.582 0.284 0.576 0.29 0.576 0.292 0.572 0.296 0.572 0.298 0.562 0.308 0.562 0.312 0.564 0.312 0.568 0.316 0.57 0.316 0.58 0.326 0.584 0.326 0.588 0.322 0.588 0.32 0.592 0.316 0.592 0.314 0.596 0.31 0.596 0.308 0.598 0.306 0.598 0.302 0.596 0.3 0.596 0.298 0.594 0.296 0.594 0.294 0.586 0.286 0.584 0.286
7 0.602 0.499 0.016 0.034 0.596 0.482 0.594 0.484 0.594 0.49 0.596 0.492 0.596 0.504 0.598 0.506 0.598 0.51 0.6 0.512 0.6 0.514 0.606 0.514 0.608 0.512 0.608 0.496 0.602 0.49 0.602 0.484 0.6 0.482
7 0.424 0.627 0.012 0.01 0.418 0.622 0.418 0.628 0.42 0.628 0.422 0.63 0.428 0.63 0.428 0.624 0.424 0.624 0.422 0.622
7 0.393 0.611 0.022 0.018 0.382 0.602 0.382 0.608 0.39 0.616 0.396 0.616 0.398 0.618 0.4 0.618 0.402 0.616 0.402 0.612 0.398 0.608 0.396 0.608 0.39 0.602
7 0.572 0.5 0.012 0.012 0.566 0.494 0.566 0.5 0.57 0.504 0.572 0.504 0.576 0.5 0.576 0.494
3 0.209 0.681 0.066 0.102 0.226 0.63 0.216 0.64 0.216 0.642 0.212 0.646 0.212 0.648 0.21 0.65 0.21 0.652 0.206 0.656 0.206 0.658 0.202 0.662 0.202 0.664 0.2 0.666 0.2 0.668 0.196 0.672 0.196 0.674 0.194 0.676 0.194 0.678 0.192 0.68 0.192 0.684 0.19 0.686 0.19 0.688 0.188 0.69 0.188 0.692 0.184 0.696 0.184 0.7 0.182 0.702 0.182 0.704 0.18 0.706 0.18 0.708 0.178 0.71 0.178 0.712 0.176 0.714 0.176 0.72 0.178 0.72 0.18 0.722 0.182 0.722 0.184 0.724 0.186 0.724 0.188 0.726 0.192 0.726 0.194 0.728 0.196 0.728 0.198 0.73 0.2 0.728 0.2 0.726 0.202 0.724 0.202 0.718 0.204 0.716 0.204 0.712 0.206 0.71 0.206 0.706 0.208 0.704 0.208 0.702 0.21 0.7 0.21 0.698 0.214 0.694 0.214 0.692 0.216 0.69 0.216 0.688 0.218 0.686 0.218 0.684 0.22 0.682 0.22 0.68 0.222 0.678 0.222 0.676 0.224 0.674 0.224 0.672 0.226 0.67 0.226 0.668 0.228 0.666 0.228 0.664 0.23 0.662 0.23 0.66 0.234 0.656 0.234 0.654 0.236 0.652 0.236 0.65 0.24 0.646 0.24 0.638 0.238 0.636 0.236 0.636 0.234 0.634 0.232 0.634 0.23 0.632 0.228 0.632
1 0.425 0.722 0.122 0.124 0.432 0.662 0.406 0.688 0.404 0.688 0.4 0.684 0.396 0.684 0.394 0.686 0.394 0.688 0.388 0.694 0.388 0.696 0.384 0.7 0.384 0.702 0.378 0.708 0.378 0.71 0.372 0.716 0.372 0.718 0.366 0.724 0.366 0.728 0.418 0.78 0.42 0.78 0.42 0.778 0.424 0.774 0.424 0.772 0.426 0.77 0.426 0.768 0.43 0.764 0.43 0.762 0.434 0.758 0.434 0.756 0.438 0.752 0.438 0.75 0.44 0.748 0.44 0.746 0.444 0.742 0.444 0.74 0.448 0.736 0.448 0.734 0.452 0.73 0.452 0.728 0.454 0.726 0.454 0.724 0.458 0.72 0.458 0.718 0.462 0.714 0.462 0.712 0.466 0.708 0.466 0.706 0.468 0.704 0.468 0.702 0.472 0.698 0.472 0.696 0.476 0.692 0.476 0.69 0.478 0.688 0.478 0.686 0.482 0.682 0.482 0.678 0.478 0.674 0.476 0.674 0.468 0.666 0.462 0.666 0.454 0.674 0.452 0.674 0.45 0.672 0.448 0.672 0.442 0.666 0.44 0.666 0.436 0.662
7 0.03 0.989 0.008 0.006 0.026 0.986 0.026 0.99 0.032 0.99 0.032 0.986
7 0.245 0.858 0.014 0.012 0.242 0.852 0.238 0.856 0.242 0.86 0.244 0.86 0.246 0.862 0.25 0.858 0.25 0.856 0.248 0.854 0.248 0.852
7 0.966 0.848 0.02 0.032 0.966 0.832 0.962 0.836 0.962 0.838 0.96 0.84 0.96 0.842 0.958 0.844 0.958 0.85 0.956 0.852 0.956 0.86 0.958 0.86 0.96 0.862 0.962 0.862 0.966 0.858 0.966 0.856 0.968 0.854 0.968 0.852 0.97 0.85 0.97 0.848 0.972 0.846 0.972 0.842 0.974 0.84 0.974 0.834 0.972 0.832
4 0.918 0.81 0.012 0.012 0.918 0.804 0.916 0.806 0.912 0.806 0.912 0.814 0.92 0.814 0.922 0.812 0.922 0.806 0.92 0.806
7 0.331 0.809 0.014 0.018 0.332 0.8 0.326 0.806 0.324 0.806 0.324 0.814 0.326 0.816 0.332 0.816 0.336 0.812 0.336 0.802 0.334 0.8
7 0.371 0.795 0.014 0.014 0.368 0.788 0.364 0.792 0.364 0.796 0.366 0.798 0.368 0.798 0.37 0.8 0.372 0.8 0.376 0.796 0.376 0.792 0.372 0.788
7 0.181 0.79 0.01 0.008 0.18 0.786 0.176 0.79 0.178 0.792 0.184 0.792 0.184 0.786
7 0.383 0.775 0.014 0.018 0.378 0.766 0.376 0.768 0.376 0.782 0.386 0.782 0.388 0.78 0.388 0.768 0.386 0.766
4 0.267 0.735 0.014 0.014 0.264 0.728 0.262 0.73 0.26 0.73 0.26 0.736 0.262 0.738 0.264 0.738 0.266 0.74 0.268 0.738 0.27 0.738 0.272 0.736 0.272 0.73 0.268 0.73 0.266 0.728
