6 0.049 0.366 0.082 0.08 0.024 0.326 0.024 0.328 0.022 0.33 0.022 0.334 0.02 0.336 0.02 0.342 0.018 0.344 0.018 0.348 0.016 0.35 0.016 0.352 0.014 0.354 0.014 0.358 0.012 0.36 0.012 0.366 0.01 0.368 0.01 0.374 0.008 0.376 0.008 0.386 0.01 0.388 0.012 0.388 0.014 0.39 0.014 0.392 0.018 0.392 0.02 0.394 0.022 0.392 0.024 0.392 0.026 0.394 0.03 0.394 0.032 0.396 0.034 0.396 0.036 0.398 0.038 0.398 0.04 0.4 0.042 0.4 0.044 0.402 0.056 0.402 0.058 0.404 0.064 0.404 0.068 0.4 0.068 0.396 0.072 0.392 0.072 0.388 0.074 0.386 0.074 0.382 0.078 0.378 0.078 0.374 0.08 0.372 0.08 0.366 0.082 0.364 0.082 0.36 0.084 0.358 0.084 0.354 0.086 0.352 0.086 0.346 0.088 0.344 0.086 0.342 0.086 0.34 0.074 0.34 0.072 0.338 0.066 0.338 0.064 0.336 0.06 0.336 0.058 0.334 0.054 0.334 0.052 0.332 0.048 0.332 0.046 0.33 0.04 0.33 0.038 0.328 0.032 0.328 0.03 0.326
7 0.619 0.561 0.03 0.026 0.622 0.548 0.62 0.55 0.618 0.55 0.616 0.552 0.612 0.552 0.61 0.554 0.608 0.554 0.606 0.556 0.604 0.556 0.606 0.558 0.606 0.566 0.608 0.568 0.608 0.572 0.61 0.57 0.618 0.57 0.62 0.568 0.626 0.568 0.628 0.566 0.63 0.566 0.63 0.564 0.628 0.562 0.628 0.56 0.626 0.558 0.626 0.556 0.624 0.554 0.624 0.552 0.622 0.55
7 0.029 0.526 0.018 0.028 0.024 0.512 0.02 0.516 0.02 0.522 0.022 0.524 0.022 0.532 0.024 0.534 0.024 0.536 0.026 0.538 0.034 0.538 0.034 0.534 0.036 0.532 0.036 0.514 0.034 0.512
7 0.853 0.273 0.018 0.014 0.846 0.266 0.844 0.268 0.844 0.272 0.846 0.274 0.846 0.276 0.848 0.278 0.86 0.278 0.86 0.27 0.858 0.268 0.856 0.268 0.854 0.266
5 0.929 0.249 0.022 0.018 0.924 0.24 0.922 0.242 0.92 0.242 0.918 0.244 0.918 0.25 0.92 0.252 0.92 0.254 0.922 0.256 0.93 0.256 0.932 0.254 0.934 0.254 0.936 0.252 0.936 0.246 0.934 0.244 0.934 0.24
7 0.9 0.227 0.02 0.026 0.896 0.214 0.89 0.22 0.89 0.222 0.892 0.224 0.892 0.226 0.894 0.228 0.894 0.23 0.902 0.238 0.906 0.238 0.908 0.236 0.908 0.226 0.906 0.224 0.906 0.222 0.904 0.22 0.904 0.216 0.902 0.214
7 0.86 0.131 0.016 0.022 0.852 0.12 0.852 0.13 0.854 0.132 0.854 0.134 0.86 0.14 0.864 0.14 0.864 0.138 0.866 0.136 0.866 0.132 0.864 0.13 0.864 0.128 0.856 0.12
6 0.379 0.586 0.09 0.1 0.388 0.536 0.386 0.538 0.382 0.538 0.38 0.54 0.378 0.54 0.376 0.542 0.374 0.542 0.372 0.544 0.368 0.544 0.366 0.546 0.364 0.546 0.362 0.548 0.36 0.548 0.358 0.55 0.354 0.55 0.352 0.552 0.35 0.552 0.348 0.554 0.344 0.554 0.342 0.556 0.34 0.556 0.338 0.558 0.336 0.558 0.334 0.56 0.334 0.562 0.336 0.564 0.336 0.566 0.338 0.568 0.338 0.57 0.34 0.572 0.34 0.574 0.342 0.576 0.342 0.578 0.344 0.58 0.344 0.582 0.346 0.584 0.346 0.588 0.348 0.59 0.348 0.592 0.35 0.594 0.35 0.596 0.352 0.598 0.352 0.602 0.354 0.604 0.354 0.606 0.356 0.608 0.356 0.612 0.358 0.614 0.358 0.616 0.36 0.618 0.36 0.62 0.362 0.622 0.362 0.626 0.364 0.628 0.364 0.63 0.368 0.634 0.372 0.634 0.374 0.632 0.378 0.632 0.38 0.63 0.382 0.63 0.384 0.628 0.386 0.628 0.388 0.626 0.392 0.626 0.394 0.624 0.396 0.624 0.398 0.622 0.402 0.622 0.404 0.62 0.408 0.62 0.41 0.618 0.412 0.618 0.414 0.616 0.416 0.616 0.418 0.614 0.42 0.614 0.422 0.612 0.422 0.606 0.42 0.604 0.42 0.6 0.418 0.598 0.418 0.596 0.416 0.594 0.416 0.592 0.414 0.59 0.414 0.586 0.412 0.584 0.412 0.582 0.41 0.58 0.41 0.578 0.408 0.576 0.408 0.572 0.406 0.57 0.406 0.568 0.404 0.566 0.404 0.564 0.402 0.562 0.402 0.56 0.4 0.558 0.4 0.554 0.398 0.552 0.398 0.55 0.396 0.548 0.396 0.546 0.394 0.544 0.394 0.54 0.39 0.536
4 0.88 0.357 0.02 0.022 0.876 0.346 0.872 0.35 0.872 0.352 0.87 0.354 0.87 0.356 0.872 0.358 0.872 0.36 0.878 0.366 0.886 0.366 0.888 0.364 0.888 0.354 0.886 0.352 0.886 0.35 0.882 0.346
5 0.377 0.463 0.022 0.018 0.368 0.454 0.366 0.456 0.366 0.46 0.368 0.462 0.368 0.466 0.372 0.47 0.382 0.47 0.386 0.466 0.386 0.46 0.384 0.458 0.384 0.456 0.382 0.454
4 0.079 0.54 0.022 0.016 0.072 0.532 0.07 0.534 0.068 0.534 0.068 0.542 0.072 0.546 0.084 0.546 0.086 0.544 0.086 0.542 0.088 0.54 0.088 0.536 0.086 0.534 0.084 0.534 0.082 0.532
4 0.562 0.487 0.016 0.018 0.556 0.478 0.554 0.48 0.554 0.49 0.558 0.494 0.566 0.494 0.568 0.492 0.568 0.482 0.564 0.478
