5 0.785 0.899 0.018 0.014 0.78 0.892 0.776 0.896 0.776 0.902 0.778 0.904 0.784 0.904 0.786 0.902 0.788 0.902 0.79 0.9 0.79 0.898 0.792 0.896 0.792 0.894 0.79 0.892
5 0.668 0.573 0.032 0.03 0.664 0.558 0.662 0.56 0.656 0.56 0.654 0.562 0.654 0.566 0.652 0.568 0.652 0.57 0.654 0.572 0.654 0.578 0.656 0.58 0.656 0.582 0.658 0.584 0.658 0.586 0.664 0.586 0.672 0.578 0.674 0.578 0.68 0.572 0.68 0.568 0.682 0.566 0.682 0.564 0.676 0.558
4 0.675 0.506 0.014 0.012 0.67 0.5 0.67 0.502 0.668 0.504 0.668 0.506 0.67 0.508 0.672 0.508 0.674 0.51 0.678 0.51 0.68 0.508 0.68 0.504 0.676 0.5
5 0.613 0.993 0.018 0.014 0.608 0.986 0.604 0.99 0.604 0.998 0.618 0.998 0.618 0.994 0.62 0.992 0.62 0.988 0.616 0.988 0.614 0.986
4 0.1 0.033 0.048 0.042 0.11 0.012 0.108 0.014 0.104 0.014 0.102 0.016 0.1 0.016 0.096 0.02 0.094 0.02 0.092 0.022 0.09 0.022 0.086 0.026 0.084 0.026 0.08 0.03 0.078 0.03 0.076 0.032 0.076 0.038 0.078 0.04 0.078 0.042 0.08 0.044 0.08 0.046 0.082 0.048 0.082 0.05 0.084 0.052 0.092 0.052 0.094 0.05 0.096 0.05 0.1 0.046 0.102 0.046 0.106 0.042 0.11 0.042 0.112 0.04 0.114 0.04 0.116 0.038 0.118 0.038 0.122 0.034 0.122 0.03 0.12 0.028 0.12 0.024 0.118 0.022 0.118 0.02 0.114 0.016 0.114 0.014 0.112 0.014
3 0.37 0.36 0.108 0.108 0.384 0.306 0.382 0.308 0.38 0.308 0.378 0.31 0.376 0.31 0.374 0.312 0.372 0.312 0.37 0.314 0.368 0.314 0.364 0.318 0.362 0.318 0.36 0.32 0.358 0.32 0.354 0.324 0.352 0.324 0.35 0.326 0.348 0.326 0.346 0.328 0.344 0.328 0.34 0.332 0.338 0.332 0.334 0.336 0.332 0.336 0.33 0.338 0.328 0.338 0.324 0.342 0.322 0.342 0.32 0.344 0.318 0.344 0.316 0.346 0.316 0.352 0.324 0.36 0.324 0.364 0.334 0.374 0.334 0.376 0.342 0.384 0.342 0.386 0.35 0.394 0.35 0.396 0.356 0.402 0.356 0.404 0.358 0.406 0.358 0.408 0.362 0.412 0.366 0.408 0.368 0.408 0.37 0.406 0.372 0.406 0.374 0.404 0.376 0.404 0.38 0.4 0.382 0.4 0.386 0.396 0.388 0.396 0.39 0.394 0.392 0.394 0.396 0.39 0.398 0.39 0.402 0.386 0.404 0.386 0.406 0.384 0.408 0.384 0.412 0.38 0.414 0.38 0.416 0.378 0.418 0.378 0.422 0.374 0.422 0.368 0.418 0.364 0.416 0.364 0.414 0.362 0.414 0.36 0.41 0.356 0.41 0.354 0.408 0.352 0.408 0.35 0.404 0.346 0.404 0.344 0.402 0.342 0.402 0.34 0.4 0.338 0.4 0.336 0.398 0.334 0.398 0.332 0.394 0.328 0.394 0.326 0.392 0.324 0.392 0.322 0.39 0.32 0.39 0.31 0.388 0.308 0.386 0.308
4 0.636 0.533 0.012 0.014 0.632 0.526 0.63 0.528 0.63 0.532 0.632 0.534 0.632 0.536 0.634 0.538 0.638 0.538 0.64 0.536 0.64 0.532 0.634 0.526
4 0.458 0.2 0.024 0.02 0.456 0.19 0.452 0.194 0.45 0.194 0.448 0.196 0.448 0.198 0.446 0.2 0.454 0.208 0.458 0.208 0.462 0.204 0.464 0.204 0.468 0.2 0.468 0.192 0.466 0.19
4 0.498 0.266 0.028 0.024 0.498 0.254 0.492 0.26 0.49 0.26 0.488 0.262 0.486 0.262 0.484 0.264 0.484 0.27 0.49 0.276 0.496 0.276 0.5 0.272 0.504 0.272 0.506 0.27 0.508 0.27 0.51 0.268 0.51 0.264 0.506 0.26 0.506 0.258 0.502 0.254
4 0.707 0.498 0.018 0.02 0.704 0.488 0.7 0.492 0.7 0.494 0.698 0.496 0.7 0.498 0.7 0.502 0.704 0.506 0.706 0.506 0.708 0.504 0.71 0.504 0.712 0.502 0.712 0.5 0.714 0.498 0.714 0.496 0.712 0.494 0.712 0.492 0.708 0.488
4 0.759 0.587 0.022 0.034 0.754 0.57 0.748 0.576 0.748 0.584 0.756 0.592 0.756 0.594 0.764 0.602 0.766 0.602 0.768 0.6 0.768 0.588 0.766 0.586 0.766 0.584 0.764 0.582 0.764 0.58 0.762 0.578 0.762 0.576 0.76 0.574 0.76 0.572 0.758 0.572 0.756 0.57
7 0.762 0.885 0.012 0.014 0.758 0.878 0.756 0.88 0.756 0.888 0.758 0.89 0.762 0.89 0.766 0.886 0.766 0.882 0.764 0.88 0.764 0.878
2 0.33 0.388 0.052 0.056 0.318 0.36 0.316 0.362 0.314 0.362 0.312 0.364 0.31 0.364 0.308 0.366 0.306 0.366 0.304 0.368 0.308 0.372 0.308 0.374 0.314 0.38 0.314 0.382 0.318 0.386 0.318 0.388 0.324 0.394 0.324 0.396 0.328 0.4 0.328 0.402 0.334 0.408 0.334 0.41 0.338 0.414 0.342 0.41 0.344 0.41 0.348 0.406 0.35 0.406 0.354 0.402 0.344 0.392 0.344 0.39 0.336 0.382 0.336 0.38 0.326 0.37 0.326 0.368
2 0.263 0.094 0.138 0.06 0.264 0.064 0.262 0.066 0.26 0.066 0.254 0.072 0.246 0.072 0.238 0.08 0.236 0.08 0.234 0.082 0.232 0.082 0.23 0.084 0.228 0.084 0.226 0.086 0.224 0.086 0.222 0.088 0.22 0.088 0.218 0.09 0.216 0.09 0.214 0.092 0.212 0.092 0.198 0.106 0.196 0.106 0.194 0.108 0.194 0.11 0.206 0.122 0.21 0.118 0.212 0.118 0.216 0.114 0.218 0.114 0.222 0.11 0.224 0.11 0.228 0.106 0.23 0.106 0.234 0.102 0.236 0.102 0.24 0.098 0.242 0.098 0.246 0.094 0.248 0.094 0.25 0.092 0.252 0.092 0.256 0.088 0.258 0.088 0.264 0.094 0.264 0.096 0.28 0.112 0.284 0.108 0.286 0.108 0.288 0.106 0.29 0.106 0.292 0.104 0.294 0.104 0.298 0.1 0.3 0.1 0.302 0.098 0.304 0.098 0.306 0.096 0.308 0.096 0.312 0.092 0.314 0.092 0.316 0.09 0.318 0.09 0.322 0.086 0.324 0.086 0.326 0.084 0.328 0.084 0.33 0.082 0.326 0.078 0.326 0.076 0.322 0.072 0.322 0.07 0.318 0.066 0.316 0.066 0.308 0.074 0.306 0.074 0.3 0.08 0.298 0.08 0.292 0.086 0.29 0.086 0.284 0.092 0.278 0.086 0.278 0.084 0.274 0.08 0.274 0.078 0.27 0.074 0.27 0.072 0.266 0.068 0.266 0.066
4 0.712 0.613 0.04 0.038 0.714 0.594 0.712 0.596 0.71 0.596 0.708 0.598 0.706 0.598 0.704 0.6 0.702 0.6 0.698 0.604 0.696 0.604 0.692 0.608 0.692 0.614 0.694 0.616 0.694 0.618 0.696 0.62 0.696 0.622 0.698 0.624 0.698 0.626 0.7 0.628 0.702 0.628 0.704 0.63 0.71 0.63 0.714 0.626 0.716 0.626 0.718 0.624 0.72 0.624 0.726 0.618 0.728 0.618 0.728 0.616 0.73 0.614 0.73 0.61 0.728 0.608 0.728 0.606 0.726 0.604 0.726 0.602 0.722 0.598 0.722 0.596 0.72 0.594
4 0.828 0.977 0.024 0.026 0.826 0.964 0.824 0.966 0.82 0.966 0.816 0.97 0.816 0.98 0.818 0.982 0.818 0.984 0.822 0.988 0.826 0.988 0.828 0.986 0.832 0.986 0.834 0.984 0.836 0.984 0.838 0.982 0.838 0.974 0.836 0.972 0.836 0.97 0.832 0.966 0.828 0.966
7 0.356 0.233 0.02 0.026 0.354 0.22 0.352 0.222 0.35 0.222 0.35 0.224 0.346 0.228 0.348 0.23 0.348 0.232 0.35 0.234 0.35 0.236 0.352 0.238 0.352 0.24 0.354 0.242 0.356 0.242 0.358 0.244 0.362 0.244 0.364 0.242 0.364 0.24 0.362 0.238 0.362 0.226 0.36 0.224 0.36 0.222 0.358 0.222 0.356 0.22
5 0.147 0.014 0.026 0.028 0.144 0.0 0.14 0.004 0.138 0.004 0.134 0.008 0.134 0.016 0.136 0.018 0.136 0.02 0.142 0.026 0.144 0.024 0.146 0.024 0.148 0.022 0.15 0.022 0.152 0.02 0.154 0.02 0.158 0.016 0.158 0.006 0.156 0.004 0.156 0.002 0.154 0.0
3 0.313 0.259 0.11 0.11 0.324 0.204 0.322 0.206 0.32 0.206 0.316 0.21 0.314 0.21 0.312 0.212 0.31 0.212 0.308 0.214 0.306 0.214 0.302 0.218 0.3 0.218 0.298 0.22 0.296 0.22 0.292 0.224 0.29 0.224 0.288 0.226 0.286 0.226 0.282 0.23 0.28 0.23 0.278 0.232 0.276 0.232 0.274 0.234 0.272 0.234 0.268 0.238 0.266 0.238 0.262 0.242 0.26 0.242 0.258 0.244 0.258 0.246 0.26 0.248 0.26 0.258 0.264 0.262 0.264 0.264 0.268 0.268 0.268 0.27 0.27 0.272 0.27 0.274 0.274 0.278 0.274 0.28 0.28 0.286 0.28 0.288 0.282 0.29 0.282 0.292 0.284 0.294 0.284 0.296 0.286 0.298 0.286 0.3 0.29 0.304 0.29 0.306 0.292 0.308 0.292 0.31 0.294 0.312 0.3 0.312 0.302 0.31 0.304 0.31 0.308 0.306 0.31 0.306 0.312 0.304 0.314 0.304 0.316 0.302 0.318 0.302 0.322 0.298 0.324 0.298 0.328 0.294 0.332 0.294 0.336 0.29 0.338 0.29 0.342 0.286 0.344 0.286 0.346 0.284 0.348 0.284 0.354 0.278 0.358 0.278 0.362 0.274 0.364 0.274 0.364 0.272 0.366 0.27 0.364 0.268 0.364 0.266 0.356 0.258 0.356 0.252 0.358 0.25 0.358 0.248 0.35 0.24 0.35 0.238 0.348 0.236 0.348 0.234 0.346 0.232 0.346 0.23 0.34 0.224 0.34 0.222 0.336 0.218 0.336 0.216 0.334 0.214 0.334 0.212 0.332 0.21 0.332 0.206 0.33 0.204
1 0.195 0.074 0.21 0.148 0.26 0.0 0.258 0.002 0.254 0.002 0.252 0.004 0.25 0.004 0.248 0.006 0.244 0.006 0.24 0.01 0.238 0.01 0.236 0.012 0.234 0.012 0.232 0.014 0.23 0.014 0.228 0.016 0.226 0.016 0.222 0.02 0.22 0.02 0.218 0.022 0.216 0.022 0.212 0.026 0.21 0.026 0.206 0.03 0.204 0.03 0.202 0.032 0.2 0.032 0.198 0.034 0.196 0.034 0.194 0.036 0.192 0.036 0.19 0.038 0.188 0.038 0.186 0.04 0.184 0.04 0.182 0.042 0.18 0.042 0.176 0.046 0.174 0.046 0.172 0.048 0.17 0.048 0.168 0.05 0.166 0.05 0.162 0.054 0.16 0.054 0.158 0.056 0.156 0.056 0.154 0.058 0.152 0.058 0.148 0.062 0.146 0.062 0.144 0.064 0.14 0.064 0.138 0.066 0.136 0.066 0.134 0.068 0.132 0.068 0.13 0.07 0.128 0.07 0.124 0.074 0.122 0.074 0.12 0.076 0.118 0.076 0.116 0.078 0.114 0.078 0.112 0.08 0.11 0.08 0.106 0.084 0.104 0.084 0.098 0.09 0.096 0.09 0.092 0.094 0.092 0.096 0.09 0.098 0.09 0.1 0.092 0.102 0.092 0.106 0.094 0.108 0.094 0.11 0.096 0.112 0.096 0.114 0.098 0.116 0.098 0.118 0.102 0.122 0.102 0.124 0.104 0.126 0.104 0.13 0.106 0.132 0.106 0.136 0.108 0.138 0.108 0.14 0.11 0.142 0.11 0.144 0.112 0.146 0.116 0.146 0.118 0.144 0.122 0.144 0.124 0.142 0.128 0.142 0.13 0.14 0.134 0.14 0.136 0.138 0.138 0.138 0.14 0.136 0.142 0.136 0.144 0.134 0.146 0.134 0.15 0.13 0.152 0.13 0.154 0.128 0.158 0.128 0.162 0.124 0.162 0.122 0.164 0.12 0.166 0.12 0.17 0.116 0.172 0.116 0.174 0.114 0.176 0.114 0.178 0.112 0.18 0.112 0.184 0.108 0.186 0.108 0.188 0.106 0.19 0.106 0.192 0.104 0.194 0.104 0.198 0.1 0.2 0.1 0.208 0.092 0.21 0.092 0.212 0.09 0.214 0.09 0.216 0.088 0.218 0.088 0.22 0.086 0.222 0.086 0.224 0.084 0.226 0.084 0.23 0.08 0.232 0.08 0.236 0.076 0.238 0.076 0.242 0.072 0.244 0.072 0.246 0.07 0.252 0.07 0.254 0.068 0.256 0.068 0.26 0.064 0.262 0.064 0.264 0.062 0.27 0.062 0.272 0.06 0.274 0.06 0.276 0.058 0.278 0.058 0.288 0.048 0.29 0.048 0.298 0.04 0.298 0.028 0.296 0.026 0.296 0.024 0.292 0.02 0.292 0.018 0.29 0.016 0.29 0.014 0.288 0.012 0.288 0.01 0.286 0.008 0.286 0.006 0.28 0.0
2 0.27 0.289 0.044 0.058 0.26 0.26 0.258 0.262 0.256 0.262 0.252 0.266 0.25 0.266 0.248 0.268 0.25 0.27 0.25 0.272 0.254 0.276 0.254 0.278 0.256 0.28 0.256 0.282 0.258 0.284 0.258 0.286 0.26 0.288 0.26 0.29 0.264 0.294 0.264 0.296 0.266 0.298 0.266 0.3 0.268 0.302 0.268 0.304 0.27 0.306 0.27 0.308 0.274 0.312 0.274 0.314 0.276 0.316 0.278 0.314 0.28 0.314 0.282 0.312 0.284 0.312 0.286 0.31 0.288 0.31 0.29 0.308 0.286 0.304 0.286 0.302 0.284 0.3 0.284 0.298 0.28 0.294 0.28 0.292 0.278 0.29 0.278 0.288 0.274 0.284 0.274 0.282 0.272 0.28 0.272 0.278 0.268 0.274 0.268 0.272 0.266 0.27 0.266 0.268 0.262 0.264 0.262 0.262
5 0.368 0.256 0.02 0.02 0.364 0.246 0.358 0.252 0.358 0.258 0.364 0.264 0.368 0.264 0.372 0.26 0.374 0.26 0.376 0.258 0.376 0.256 0.374 0.254 0.374 0.252 0.372 0.25 0.372 0.248 0.37 0.246
