3 0.668 0.561 0.116 0.11 0.624 0.506 0.624 0.508 0.622 0.51 0.622 0.512 0.62 0.514 0.62 0.516 0.618 0.518 0.618 0.52 0.616 0.522 0.616 0.526 0.614 0.528 0.614 0.53 0.612 0.532 0.612 0.534 0.61 0.536 0.61 0.548 0.612 0.55 0.612 0.576 0.614 0.578 0.614 0.59 0.62 0.584 0.622 0.584 0.626 0.58 0.628 0.58 0.634 0.574 0.636 0.574 0.64 0.57 0.642 0.57 0.646 0.566 0.648 0.566 0.654 0.56 0.656 0.56 0.66 0.556 0.662 0.558 0.662 0.614 0.666 0.61 0.668 0.61 0.67 0.608 0.672 0.608 0.674 0.606 0.676 0.606 0.68 0.602 0.682 0.602 0.684 0.6 0.686 0.6 0.69 0.596 0.692 0.596 0.694 0.594 0.696 0.594 0.698 0.592 0.7 0.592 0.704 0.588 0.706 0.588 0.71 0.584 0.71 0.582 0.712 0.58 0.712 0.578 0.714 0.576 0.714 0.574 0.716 0.572 0.716 0.57 0.718 0.568 0.718 0.566 0.722 0.562 0.722 0.56 0.724 0.558 0.722 0.556 0.72 0.556 0.718 0.554 0.716 0.554 0.714 0.552 0.712 0.552 0.71 0.55 0.708 0.55 0.706 0.548 0.704 0.548 0.702 0.546 0.7 0.546 0.698 0.544 0.696 0.544 0.694 0.542 0.692 0.542 0.69 0.54 0.688 0.54 0.686 0.538 0.684 0.538 0.682 0.536 0.68 0.536 0.678 0.534 0.676 0.534 0.674 0.532 0.672 0.532 0.67 0.53 0.668 0.53 0.664 0.526 0.662 0.526 0.66 0.524 0.658 0.524 0.656 0.522 0.654 0.522 0.652 0.52 0.65 0.52 0.648 0.518 0.646 0.518 0.644 0.516 0.642 0.516 0.64 0.514 0.638 0.514 0.636 0.512 0.634 0.512 0.632 0.51 0.63 0.51 0.628 0.508 0.626 0.508
7 0.576 0.559 0.012 0.01 0.572 0.554 0.57 0.556 0.57 0.56 0.572 0.562 0.578 0.562 0.58 0.56 0.578 0.558 0.578 0.554
3 0.615 0.015 0.078 0.03 0.58 0.0 0.584 0.0 0.586 0.002 0.588 0.002 0.59 0.004 0.592 0.004 0.598 0.01 0.6 0.01 0.602 0.012 0.604 0.012 0.61 0.018 0.612 0.018 0.614 0.02 0.616 0.02 0.618 0.022 0.626 0.022 0.628 0.024 0.63 0.024 0.632 0.026 0.634 0.026 0.636 0.028 0.636 0.026 0.638 0.024 0.638 0.022 0.642 0.018 0.642 0.016 0.646 0.012 0.646 0.01 0.65 0.006 0.65 0.004 0.652 0.002 0.652 0.0
0 0.564 0.066 0.08 0.064 0.538 0.034 0.534 0.038 0.534 0.042 0.532 0.044 0.532 0.048 0.53 0.05 0.53 0.052 0.528 0.054 0.528 0.058 0.526 0.06 0.526 0.062 0.524 0.064 0.526 0.066 0.526 0.068 0.528 0.068 0.53 0.07 0.532 0.07 0.534 0.072 0.536 0.072 0.538 0.074 0.54 0.074 0.542 0.076 0.544 0.076 0.546 0.078 0.55 0.078 0.552 0.08 0.554 0.08 0.556 0.082 0.566 0.082 0.568 0.084 0.57 0.084 0.572 0.086 0.572 0.088 0.574 0.09 0.576 0.09 0.578 0.092 0.58 0.092 0.582 0.094 0.584 0.094 0.586 0.096 0.592 0.096 0.594 0.094 0.594 0.092 0.598 0.088 0.598 0.086 0.6 0.084 0.6 0.082 0.602 0.08 0.602 0.076 0.598 0.072 0.596 0.072 0.594 0.07 0.592 0.07 0.588 0.066 0.584 0.066 0.578 0.06 0.578 0.054 0.574 0.05 0.572 0.05 0.57 0.048 0.568 0.048 0.566 0.046 0.564 0.046 0.562 0.044 0.56 0.044 0.558 0.042 0.556 0.042 0.552 0.038 0.55 0.038 0.548 0.036 0.546 0.036 0.544 0.034
4 0.733 0.03 0.018 0.02 0.726 0.02 0.724 0.022 0.724 0.032 0.728 0.036 0.728 0.038 0.736 0.038 0.736 0.036 0.738 0.034 0.738 0.03 0.74 0.028 0.74 0.024 0.736 0.02
4 0.811 0.046 0.026 0.028 0.804 0.032 0.8 0.036 0.8 0.038 0.798 0.04 0.798 0.05 0.806 0.058 0.814 0.058 0.816 0.056 0.816 0.054 0.818 0.052 0.818 0.05 0.82 0.048 0.82 0.046 0.822 0.044 0.822 0.038 0.82 0.036 0.818 0.036 0.816 0.034 0.814 0.034 0.812 0.032
4 0.587 0.081 0.034 0.034 0.58 0.064 0.576 0.068 0.576 0.07 0.574 0.072 0.574 0.074 0.572 0.076 0.572 0.078 0.57 0.08 0.57 0.086 0.574 0.09 0.576 0.09 0.58 0.094 0.584 0.094 0.586 0.096 0.592 0.096 0.596 0.092 0.596 0.09 0.6 0.086 0.6 0.084 0.602 0.082 0.602 0.074 0.6 0.074 0.596 0.07 0.594 0.07 0.592 0.068 0.59 0.068 0.588 0.066 0.586 0.066 0.584 0.064
4 0.698 0.102 0.02 0.02 0.692 0.092 0.688 0.096 0.688 0.104 0.694 0.11 0.702 0.11 0.704 0.108 0.704 0.106 0.706 0.104 0.706 0.102 0.704 0.1 0.704 0.098 0.702 0.096 0.7 0.096 0.696 0.092
7 0.987 0.973 0.026 0.022 0.992 0.962 0.99 0.964 0.988 0.964 0.988 0.966 0.986 0.968 0.984 0.968 0.984 0.97 0.982 0.972 0.978 0.972 0.978 0.974 0.98 0.976 0.98 0.978 0.984 0.982 0.99 0.982 0.992 0.98 0.996 0.98 0.998 0.978 0.998 0.962
4 0.929 0.792 0.014 0.012 0.924 0.786 0.922 0.788 0.922 0.79 0.924 0.792 0.924 0.794 0.926 0.796 0.93 0.796 0.932 0.794 0.932 0.792 0.934 0.79 0.932 0.788 0.932 0.786
3 0.581 0.693 0.122 0.114 0.588 0.636 0.586 0.638 0.584 0.638 0.58 0.642 0.578 0.642 0.572 0.648 0.57 0.648 0.562 0.656 0.56 0.656 0.552 0.664 0.55 0.664 0.542 0.672 0.54 0.672 0.524 0.688 0.524 0.692 0.522 0.694 0.522 0.696 0.52 0.698 0.52 0.702 0.524 0.706 0.524 0.708 0.53 0.708 0.532 0.71 0.54 0.71 0.542 0.712 0.544 0.712 0.548 0.716 0.55 0.716 0.552 0.718 0.554 0.718 0.556 0.72 0.558 0.72 0.564 0.726 0.568 0.726 0.57 0.728 0.572 0.728 0.574 0.73 0.576 0.73 0.578 0.732 0.578 0.734 0.59 0.734 0.592 0.736 0.592 0.738 0.596 0.742 0.6 0.742 0.604 0.746 0.606 0.744 0.608 0.746 0.608 0.748 0.62 0.748 0.626 0.742 0.626 0.74 0.63 0.736 0.63 0.734 0.638 0.726 0.638 0.668 0.64 0.666 0.64 0.664 0.638 0.662 0.638 0.66 0.636 0.66 0.632 0.664 0.63 0.664 0.626 0.668 0.624 0.668 0.614 0.678 0.612 0.678 0.608 0.682 0.606 0.682 0.602 0.686 0.594 0.686 0.592 0.684 0.592 0.64
7 0.478 0.693 0.016 0.014 0.474 0.686 0.47 0.69 0.47 0.696 0.472 0.696 0.474 0.698 0.478 0.698 0.48 0.696 0.482 0.696 0.484 0.694 0.484 0.688 0.482 0.686
7 0.711 0.657 0.014 0.014 0.706 0.65 0.704 0.652 0.704 0.656 0.71 0.662 0.712 0.662 0.716 0.658 0.716 0.656 0.71 0.65
7 0.556 0.58 0.012 0.012 0.55 0.574 0.55 0.58 0.554 0.584 0.556 0.584 0.56 0.58 0.56 0.576 0.558 0.574
4 0.329 0.346 0.018 0.012 0.326 0.34 0.324 0.342 0.32 0.342 0.32 0.346 0.322 0.348 0.326 0.348 0.328 0.35 0.334 0.35 0.336 0.348 0.336 0.342 0.334 0.342 0.332 0.34
5 0.239 0.329 0.022 0.026 0.236 0.316 0.23 0.322 0.23 0.324 0.228 0.326 0.228 0.334 0.232 0.338 0.234 0.338 0.236 0.34 0.244 0.34 0.244 0.338 0.246 0.336 0.246 0.33 0.248 0.328 0.248 0.32 0.244 0.316
5 0.996 0.824 0.008 0.02 0.998 0.814 0.992 0.82 0.992 0.828 0.996 0.832 0.998 0.832
4 0.223 0.291 0.01 0.01 0.218 0.286 0.218 0.292 0.22 0.294 0.226 0.294 0.226 0.288 0.224 0.286
