3 0.679 0.209 0.11 0.078 0.712 0.17 0.71 0.172 0.706 0.172 0.704 0.174 0.7 0.174 0.698 0.176 0.694 0.176 0.692 0.178 0.688 0.178 0.686 0.18 0.684 0.18 0.682 0.182 0.678 0.182 0.676 0.184 0.674 0.184 0.672 0.186 0.666 0.186 0.664 0.188 0.662 0.188 0.66 0.19 0.658 0.19 0.656 0.192 0.654 0.192 0.652 0.194 0.648 0.194 0.646 0.196 0.644 0.196 0.642 0.198 0.636 0.198 0.634 0.2 0.628 0.2 0.626 0.202 0.624 0.202 0.624 0.214 0.626 0.216 0.626 0.222 0.628 0.224 0.628 0.228 0.63 0.23 0.63 0.234 0.632 0.236 0.632 0.24 0.638 0.246 0.644 0.246 0.646 0.244 0.648 0.244 0.65 0.242 0.654 0.242 0.656 0.24 0.66 0.24 0.662 0.238 0.664 0.238 0.666 0.236 0.668 0.236 0.674 0.23 0.69 0.23 0.692 0.228 0.696 0.228 0.698 0.226 0.7 0.226 0.702 0.224 0.704 0.224 0.706 0.222 0.71 0.222 0.712 0.22 0.716 0.22 0.718 0.218 0.722 0.218 0.724 0.216 0.726 0.216 0.728 0.214 0.73 0.214 0.732 0.212 0.732 0.206 0.73 0.204 0.73 0.198 0.728 0.196 0.728 0.19 0.726 0.188 0.726 0.18 0.724 0.178 0.724 0.176 0.722 0.174 0.722 0.172 0.72 0.17
7 0.102 0.64 0.024 0.02 0.1 0.63 0.098 0.632 0.094 0.632 0.092 0.634 0.09 0.634 0.09 0.636 0.092 0.638 0.096 0.638 0.098 0.64 0.098 0.642 0.102 0.646 0.104 0.646 0.106 0.648 0.112 0.648 0.112 0.638 0.11 0.636 0.11 0.634 0.108 0.634 0.106 0.632 0.106 0.63
7 0.23 0.549 0.012 0.01 0.228 0.544 0.226 0.546 0.224 0.546 0.224 0.55 0.226 0.552 0.234 0.552 0.234 0.546 0.23 0.546
7 0.7 0.373 0.024 0.022 0.692 0.362 0.69 0.364 0.688 0.364 0.688 0.368 0.69 0.37 0.69 0.372 0.694 0.376 0.696 0.376 0.7 0.38 0.702 0.38 0.704 0.382 0.708 0.382 0.71 0.38 0.71 0.374 0.702 0.366 0.7 0.366 0.698 0.364 0.694 0.364
7 0.251 0.486 0.014 0.012 0.25 0.48 0.248 0.482 0.246 0.482 0.244 0.484 0.244 0.49 0.254 0.49 0.256 0.488 0.256 0.482 0.254 0.48
7 0.253 0.616 0.01 0.016 0.25 0.608 0.248 0.61 0.248 0.618 0.25 0.62 0.25 0.622 0.252 0.622 0.256 0.618 0.256 0.61 0.254 0.61 0.252 0.608
4 0.361 0.755 0.05 0.034 0.37 0.738 0.368 0.74 0.364 0.74 0.362 0.742 0.358 0.742 0.356 0.744 0.354 0.744 0.352 0.746 0.348 0.746 0.346 0.748 0.344 0.748 0.342 0.75 0.34 0.75 0.336 0.754 0.336 0.758 0.338 0.76 0.34 0.76 0.346 0.766 0.346 0.768 0.348 0.77 0.35 0.77 0.356 0.764 0.36 0.764 0.364 0.76 0.366 0.76 0.368 0.758 0.37 0.758 0.372 0.756 0.382 0.756 0.384 0.754 0.384 0.75 0.382 0.748 0.382 0.746 0.38 0.744 0.38 0.742 0.376 0.738
7 0.258 0.394 0.016 0.016 0.258 0.386 0.256 0.388 0.254 0.388 0.252 0.39 0.25 0.39 0.25 0.394 0.256 0.4 0.26 0.4 0.264 0.396 0.264 0.388 0.262 0.386
5 0.692 0.25 0.016 0.016 0.688 0.242 0.684 0.246 0.684 0.254 0.686 0.256 0.692 0.256 0.696 0.252 0.696 0.25 0.698 0.248 0.698 0.246 0.696 0.244 0.696 0.242
7 0.651 0.268 0.01 0.012 0.648 0.262 0.648 0.264 0.646 0.266 0.646 0.27 0.648 0.272 0.65 0.272 0.652 0.27 0.654 0.27 0.654 0.264 0.652 0.264 0.65 0.262
