4 0.541 0.765 0.018 0.026 0.534 0.752 0.534 0.754 0.532 0.756 0.532 0.776 0.546 0.776 0.548 0.774 0.548 0.768 0.546 0.766 0.548 0.764 0.548 0.76 0.546 0.758 0.546 0.754 0.544 0.752
5 0.498 0.812 0.02 0.02 0.488 0.802 0.488 0.82 0.504 0.82 0.506 0.818 0.506 0.802
4 0.906 0.387 0.016 0.022 0.9 0.376 0.9 0.384 0.898 0.386 0.898 0.392 0.902 0.396 0.904 0.396 0.906 0.394 0.908 0.394 0.91 0.392 0.91 0.384 0.912 0.382 0.912 0.38 0.908 0.376
4 0.946 0.359 0.016 0.026 0.942 0.346 0.94 0.348 0.94 0.35 0.938 0.352 0.938 0.364 0.94 0.366 0.94 0.37 0.948 0.37 0.952 0.366 0.952 0.35 0.948 0.346
5 0.541 0.406 0.026 0.028 0.544 0.392 0.542 0.394 0.536 0.394 0.534 0.396 0.53 0.396 0.528 0.398 0.528 0.418 0.55 0.418 0.552 0.416 0.552 0.396 0.548 0.392
5 0.025 0.401 0.018 0.022 0.024 0.39 0.022 0.392 0.02 0.392 0.018 0.394 0.018 0.4 0.016 0.402 0.016 0.406 0.02 0.41 0.03 0.41 0.03 0.406 0.032 0.404 0.032 0.392 0.03 0.392 0.028 0.39
5 0.077 0.352 0.022 0.016 0.07 0.344 0.068 0.346 0.068 0.348 0.066 0.35 0.066 0.356 0.072 0.356 0.074 0.358 0.084 0.358 0.086 0.356 0.086 0.35 0.084 0.35 0.078 0.344
4 0.526 0.863 0.016 0.014 0.52 0.856 0.518 0.858 0.518 0.866 0.52 0.868 0.532 0.868 0.532 0.856
0 0.956 0.432 0.048 0.048 0.938 0.408 0.936 0.41 0.936 0.412 0.934 0.414 0.934 0.422 0.932 0.424 0.932 0.45 0.934 0.452 0.936 0.452 0.938 0.454 0.964 0.454 0.972 0.446 0.974 0.446 0.978 0.442 0.978 0.43 0.976 0.428 0.976 0.412 0.972 0.408
7 0.034 0.383 0.016 0.022 0.03 0.372 0.028 0.374 0.028 0.382 0.026 0.384 0.028 0.386 0.028 0.388 0.032 0.392 0.036 0.392 0.04 0.388 0.04 0.376 0.038 0.376 0.034 0.372
7 0.467 0.841 0.014 0.014 0.46 0.834 0.46 0.844 0.464 0.844 0.466 0.846 0.468 0.846 0.47 0.844 0.472 0.844 0.472 0.834
4 0.872 0.296 0.02 0.02 0.864 0.286 0.862 0.288 0.862 0.3 0.864 0.302 0.864 0.304 0.876 0.304 0.878 0.302 0.878 0.3 0.88 0.298 0.88 0.288 0.878 0.286
3 0.934 0.554 0.06 0.068 0.91 0.52 0.908 0.522 0.908 0.536 0.906 0.538 0.906 0.56 0.904 0.562 0.904 0.584 0.906 0.586 0.926 0.586 0.928 0.584 0.93 0.584 0.932 0.582 0.934 0.582 0.936 0.58 0.938 0.58 0.94 0.578 0.942 0.578 0.946 0.574 0.948 0.574 0.952 0.57 0.954 0.57 0.958 0.566 0.96 0.566 0.962 0.564 0.962 0.558 0.96 0.558 0.944 0.542 0.944 0.54 0.926 0.522 0.924 0.522 0.922 0.52
3 0.896 0.18 0.04 0.088 0.882 0.136 0.878 0.14 0.878 0.166 0.876 0.168 0.876 0.216 0.878 0.218 0.878 0.22 0.88 0.222 0.902 0.222 0.904 0.22 0.908 0.22 0.912 0.216 0.912 0.21 0.914 0.208 0.914 0.194 0.912 0.192 0.912 0.164 0.91 0.162 0.91 0.144 0.908 0.142 0.908 0.14 0.906 0.138 0.904 0.138 0.902 0.136
3 0.948 0.208 0.064 0.068 0.918 0.174 0.916 0.176 0.916 0.238 0.918 0.24 0.93 0.24 0.932 0.238 0.938 0.238 0.94 0.236 0.944 0.236 0.946 0.234 0.948 0.234 0.95 0.232 0.952 0.232 0.956 0.228 0.958 0.228 0.96 0.226 0.962 0.226 0.964 0.224 0.966 0.224 0.968 0.222 0.972 0.222 0.974 0.22 0.976 0.22 0.978 0.218 0.976 0.216 0.974 0.216 0.964 0.206 0.964 0.204 0.94 0.18 0.938 0.18 0.934 0.176 0.932 0.176 0.93 0.174
6 0.952 0.662 0.084 0.076 0.914 0.624 0.914 0.642 0.912 0.644 0.912 0.684 0.91 0.686 0.91 0.694 0.914 0.698 0.914 0.696 0.916 0.694 0.976 0.694 0.978 0.696 0.99 0.696 0.99 0.694 0.992 0.692 0.992 0.69 0.99 0.688 0.99 0.662 0.992 0.66 0.992 0.638 0.99 0.636 0.99 0.634 0.956 0.634 0.954 0.632 0.944 0.632 0.942 0.63 0.94 0.63 0.938 0.628 0.934 0.628 0.932 0.626 0.926 0.626 0.924 0.624
6 0.673 0.435 0.11 0.05 0.642 0.41 0.64 0.412 0.624 0.412 0.622 0.414 0.62 0.414 0.618 0.416 0.618 0.418 0.62 0.42 0.62 0.456 0.622 0.456 0.624 0.458 0.66 0.458 0.662 0.456 0.664 0.456 0.666 0.454 0.72 0.454 0.724 0.45 0.724 0.43 0.726 0.428 0.726 0.416 0.724 0.416 0.722 0.414 0.698 0.414 0.696 0.412 0.652 0.412 0.65 0.41
7 0.572 0.812 0.008 0.012 0.568 0.806 0.568 0.814 0.57 0.816 0.572 0.816 0.574 0.814 0.574 0.808 0.572 0.806
