5 0.778 0.528 0.02 0.02 0.774 0.518 0.772 0.52 0.77 0.52 0.768 0.522 0.768 0.528 0.77 0.53 0.77 0.532 0.774 0.536 0.78 0.536 0.784 0.532 0.784 0.53 0.786 0.528 0.786 0.526 0.784 0.524 0.784 0.522 0.78 0.518
5 0.006 0.77 0.012 0.024 0.0 0.758 0.0 0.78 0.01 0.77 0.008 0.768 0.008 0.764 0.002 0.758
7 0.803 0.514 0.014 0.012 0.8 0.508 0.796 0.512 0.796 0.514 0.798 0.516 0.798 0.518 0.806 0.518 0.808 0.516 0.808 0.508
7 0.441 0.651 0.03 0.054 0.426 0.624 0.426 0.626 0.428 0.628 0.428 0.634 0.43 0.636 0.43 0.64 0.432 0.642 0.432 0.648 0.434 0.65 0.434 0.654 0.432 0.656 0.432 0.658 0.43 0.66 0.43 0.666 0.436 0.672 0.436 0.674 0.438 0.676 0.446 0.676 0.45 0.672 0.45 0.67 0.452 0.668 0.452 0.652 0.454 0.65 0.454 0.642 0.452 0.64 0.452 0.636 0.448 0.632 0.448 0.63 0.446 0.628 0.434 0.628 0.432 0.626 0.43 0.626 0.428 0.624
7 0.056 0.742 0.008 0.008 0.052 0.738 0.052 0.744 0.056 0.744 0.058 0.742 0.058 0.738
3 0.808 0.572 0.144 0.124 0.85 0.51 0.844 0.516 0.842 0.516 0.84 0.518 0.838 0.518 0.836 0.52 0.834 0.52 0.832 0.522 0.83 0.522 0.828 0.524 0.824 0.524 0.822 0.526 0.82 0.526 0.818 0.528 0.816 0.528 0.814 0.53 0.812 0.53 0.81 0.532 0.808 0.532 0.806 0.534 0.802 0.534 0.8 0.536 0.798 0.536 0.796 0.538 0.792 0.538 0.79 0.54 0.788 0.54 0.786 0.542 0.784 0.542 0.782 0.544 0.778 0.544 0.776 0.546 0.77 0.546 0.768 0.548 0.766 0.548 0.764 0.55 0.762 0.55 0.76 0.552 0.758 0.552 0.756 0.554 0.752 0.554 0.75 0.556 0.748 0.556 0.746 0.558 0.738 0.558 0.736 0.56 0.736 0.568 0.742 0.574 0.742 0.576 0.744 0.578 0.744 0.58 0.746 0.582 0.746 0.586 0.748 0.588 0.748 0.59 0.75 0.592 0.75 0.594 0.752 0.596 0.752 0.6 0.754 0.602 0.754 0.604 0.756 0.606 0.756 0.61 0.758 0.612 0.758 0.616 0.76 0.618 0.76 0.622 0.762 0.624 0.762 0.626 0.764 0.628 0.764 0.63 0.766 0.632 0.77 0.632 0.772 0.63 0.776 0.63 0.778 0.628 0.782 0.628 0.784 0.626 0.786 0.626 0.788 0.624 0.79 0.624 0.792 0.622 0.796 0.622 0.798 0.62 0.802 0.62 0.804 0.618 0.808 0.618 0.81 0.616 0.812 0.616 0.814 0.614 0.816 0.614 0.818 0.612 0.822 0.612 0.824 0.61 0.826 0.61 0.828 0.608 0.83 0.608 0.832 0.606 0.836 0.606 0.838 0.604 0.84 0.604 0.842 0.602 0.844 0.602 0.846 0.6 0.85 0.6 0.852 0.598 0.854 0.598 0.856 0.596 0.86 0.596 0.862 0.594 0.864 0.594 0.866 0.592 0.868 0.592 0.87 0.59 0.872 0.59 0.874 0.588 0.876 0.588 0.876 0.586 0.878 0.584 0.878 0.58 0.876 0.578 0.876 0.572 0.874 0.57 0.874 0.568 0.872 0.566 0.872 0.564 0.87 0.562 0.87 0.558 0.868 0.556 0.868 0.554 0.866 0.552 0.866 0.55 0.864 0.548 0.864 0.546 0.862 0.544 0.862 0.542 0.86 0.54 0.86 0.536 0.856 0.532 0.856 0.526 0.854 0.524 0.854 0.514 0.852 0.512 0.852 0.51
3 0.017 0.721 0.034 0.07 0.008 0.686 0.0 0.694 0.0 0.754 0.002 0.752 0.002 0.75 0.012 0.74 0.012 0.738 0.022 0.728 0.022 0.726 0.032 0.716 0.032 0.71 0.028 0.706 0.028 0.704 0.026 0.702 0.026 0.698 0.024 0.696 0.024 0.694 0.022 0.692 0.022 0.69 0.018 0.686
4 0.079 0.856 0.026 0.028 0.078 0.842 0.076 0.844 0.074 0.844 0.072 0.846 0.07 0.846 0.066 0.85 0.066 0.852 0.068 0.854 0.068 0.858 0.07 0.86 0.07 0.862 0.072 0.864 0.072 0.866 0.074 0.868 0.082 0.868 0.084 0.866 0.086 0.866 0.09 0.862 0.09 0.856 0.088 0.854 0.088 0.852 0.086 0.85 0.086 0.848 0.084 0.846 0.084 0.844 0.082 0.842
4 0.02 0.884 0.024 0.028 0.014 0.87 0.012 0.872 0.01 0.872 0.008 0.874 0.008 0.882 0.01 0.884 0.01 0.886 0.012 0.888 0.012 0.89 0.014 0.892 0.014 0.894 0.016 0.896 0.024 0.896 0.028 0.892 0.028 0.89 0.03 0.888 0.028 0.886 0.028 0.884 0.026 0.882 0.026 0.878 0.024 0.876 0.024 0.872 0.022 0.87
4 0.978 0.93 0.016 0.02 0.976 0.92 0.974 0.922 0.972 0.922 0.972 0.924 0.97 0.926 0.97 0.934 0.972 0.936 0.972 0.938 0.978 0.938 0.984 0.932 0.984 0.926 0.982 0.924 0.982 0.922 0.98 0.92
4 0.738 0.971 0.02 0.018 0.732 0.962 0.73 0.964 0.728 0.964 0.728 0.976 0.73 0.976 0.732 0.978 0.734 0.976 0.74 0.976 0.742 0.974 0.744 0.974 0.744 0.972 0.746 0.97 0.746 0.968 0.744 0.966 0.742 0.966 0.74 0.964 0.738 0.964 0.736 0.962
