5 0.871 0.719 0.022 0.03 0.864 0.704 0.86 0.708 0.86 0.728 0.862 0.73 0.864 0.73 0.866 0.732 0.872 0.732 0.872 0.73 0.874 0.728 0.874 0.726 0.876 0.724 0.876 0.72 0.878 0.718 0.878 0.71 0.88 0.708 0.878 0.706 0.876 0.706 0.874 0.708 0.872 0.706 0.868 0.706 0.866 0.704
5 0.856 0.8 0.024 0.02 0.846 0.79 0.846 0.792 0.844 0.794 0.844 0.804 0.846 0.806 0.85 0.806 0.852 0.808 0.856 0.808 0.858 0.806 0.862 0.806 0.864 0.804 0.864 0.802 0.866 0.8 0.866 0.794 0.864 0.794 0.862 0.792 0.858 0.792 0.856 0.79
7 0.742 0.794 0.016 0.024 0.74 0.782 0.738 0.784 0.738 0.786 0.736 0.788 0.736 0.792 0.734 0.794 0.734 0.802 0.736 0.804 0.744 0.804 0.744 0.8 0.746 0.798 0.746 0.792 0.748 0.79 0.748 0.782
7 0.659 0.763 0.014 0.018 0.656 0.754 0.654 0.756 0.654 0.764 0.652 0.766 0.656 0.77 0.662 0.77 0.662 0.766 0.664 0.764 0.664 0.756 0.662 0.756 0.66 0.754
7 0.649 0.825 0.018 0.014 0.642 0.818 0.642 0.82 0.64 0.822 0.64 0.824 0.642 0.826 0.642 0.828 0.644 0.83 0.65 0.83 0.656 0.824 0.656 0.82 0.654 0.82 0.652 0.818
3 0.945 0.518 0.098 0.084 0.908 0.476 0.908 0.478 0.91 0.48 0.902 0.488 0.902 0.494 0.904 0.496 0.904 0.51 0.902 0.512 0.902 0.52 0.9 0.522 0.9 0.526 0.898 0.528 0.898 0.534 0.896 0.536 0.896 0.54 0.898 0.54 0.9 0.542 0.906 0.542 0.908 0.544 0.916 0.544 0.918 0.546 0.926 0.546 0.928 0.548 0.936 0.548 0.938 0.55 0.95 0.55 0.952 0.552 0.964 0.552 0.966 0.554 0.972 0.554 0.974 0.556 0.982 0.556 0.984 0.558 0.988 0.558 0.99 0.556 0.99 0.512 0.992 0.51 0.992 0.502 0.99 0.5 0.99 0.484 0.984 0.484 0.982 0.482 0.968 0.482 0.966 0.48 0.956 0.48 0.954 0.478 0.938 0.478 0.936 0.476
3 0.26 0.71 0.1 0.068 0.214 0.676 0.212 0.678 0.212 0.684 0.21 0.686 0.21 0.698 0.212 0.7 0.212 0.706 0.21 0.708 0.21 0.714 0.212 0.716 0.212 0.718 0.214 0.718 0.218 0.722 0.218 0.724 0.22 0.726 0.22 0.728 0.222 0.73 0.222 0.732 0.224 0.732 0.226 0.734 0.244 0.734 0.246 0.736 0.26 0.736 0.262 0.738 0.272 0.738 0.274 0.74 0.284 0.74 0.286 0.742 0.298 0.742 0.3 0.74 0.3 0.738 0.302 0.736 0.302 0.726 0.304 0.724 0.304 0.716 0.306 0.714 0.306 0.702 0.308 0.7 0.308 0.692 0.304 0.688 0.298 0.688 0.296 0.686 0.29 0.686 0.288 0.684 0.28 0.684 0.278 0.682 0.268 0.682 0.266 0.68 0.254 0.68 0.252 0.678 0.232 0.678 0.23 0.676
3 0.359 0.727 0.102 0.074 0.318 0.69 0.316 0.692 0.316 0.696 0.314 0.698 0.314 0.704 0.312 0.706 0.312 0.72 0.31 0.722 0.31 0.73 0.308 0.732 0.308 0.744 0.31 0.744 0.312 0.746 0.314 0.746 0.316 0.748 0.32 0.748 0.322 0.75 0.332 0.75 0.334 0.752 0.342 0.752 0.344 0.754 0.356 0.754 0.358 0.756 0.366 0.756 0.368 0.758 0.374 0.758 0.376 0.76 0.384 0.76 0.386 0.762 0.402 0.762 0.402 0.754 0.404 0.752 0.404 0.734 0.406 0.732 0.406 0.72 0.408 0.718 0.408 0.708 0.406 0.708 0.404 0.706 0.398 0.706 0.396 0.704 0.386 0.704 0.384 0.702 0.374 0.702 0.372 0.7 0.366 0.7 0.364 0.698 0.356 0.698 0.354 0.696 0.346 0.696 0.344 0.694 0.334 0.694 0.332 0.692 0.324 0.692 0.322 0.69
4 0.335 0.783 0.018 0.022 0.328 0.772 0.326 0.774 0.326 0.788 0.33 0.792 0.338 0.792 0.34 0.79 0.34 0.782 0.342 0.78 0.342 0.774 0.34 0.772
5 0.915 0.466 0.014 0.016 0.91 0.458 0.908 0.46 0.908 0.47 0.91 0.47 0.912 0.472 0.916 0.472 0.92 0.468 0.92 0.46 0.918 0.458
7 0.378 0.529 0.024 0.022 0.37 0.518 0.368 0.52 0.368 0.526 0.366 0.528 0.368 0.53 0.368 0.536 0.37 0.536 0.372 0.538 0.386 0.538 0.386 0.536 0.388 0.534 0.388 0.528 0.382 0.522 0.38 0.522 0.378 0.52 0.374 0.52 0.372 0.518
7 0.735 0.714 0.046 0.092 0.734 0.692 0.728 0.698 0.728 0.702 0.726 0.704 0.726 0.706 0.72 0.712 0.72 0.714 0.718 0.716 0.716 0.716 0.714 0.718 0.714 0.724 0.718 0.728 0.72 0.728 0.722 0.73 0.722 0.742 0.72 0.744 0.718 0.744 0.716 0.742 0.712 0.746 0.714 0.748 0.718 0.748 0.722 0.752 0.722 0.756 0.724 0.756 0.726 0.758 0.732 0.758 0.734 0.756 0.74 0.756 0.744 0.752 0.744 0.748 0.746 0.746 0.746 0.742 0.744 0.74 0.746 0.738 0.754 0.738 0.754 0.732 0.756 0.73 0.756 0.716 0.744 0.716 0.742 0.714 0.742 0.704 0.744 0.702 0.744 0.694 0.742 0.692
5 0.772 0.744 0.016 0.016 0.768 0.736 0.764 0.74 0.764 0.748 0.766 0.75 0.77 0.75 0.772 0.748 0.774 0.748 0.776 0.746 0.776 0.742 0.778 0.74 0.774 0.736
3 0.927 0.438 0.038 0.06 0.92 0.408 0.918 0.41 0.91 0.41 0.908 0.412 0.908 0.446 0.91 0.448 0.91 0.452 0.914 0.456 0.916 0.456 0.922 0.462 0.922 0.464 0.926 0.464 0.928 0.466 0.938 0.466 0.94 0.464 0.94 0.458 0.942 0.456 0.942 0.442 0.944 0.44 0.944 0.416 0.94 0.412 0.936 0.412 0.934 0.41 0.926 0.41 0.924 0.408
4 0.545 0.492 0.018 0.016 0.54 0.484 0.538 0.486 0.536 0.486 0.536 0.494 0.538 0.496 0.542 0.496 0.544 0.498 0.548 0.498 0.552 0.494 0.552 0.486 0.542 0.486
4 0.479 0.543 0.018 0.014 0.472 0.536 0.47 0.538 0.47 0.546 0.472 0.546 0.474 0.548 0.48 0.548 0.482 0.546 0.484 0.546 0.484 0.542 0.486 0.54 0.484 0.538 0.484 0.536
7 0.01 0.574 0.02 0.072 0.012 0.538 0.008 0.542 0.008 0.548 0.006 0.55 0.006 0.556 0.004 0.558 0.004 0.562 0.002 0.564 0.002 0.568 0.0 0.57 0.0 0.608 0.002 0.606 0.002 0.604 0.004 0.602 0.004 0.596 0.006 0.594 0.006 0.59 0.008 0.588 0.008 0.576 0.01 0.574 0.01 0.57 0.012 0.568 0.012 0.558 0.014 0.556 0.014 0.554 0.016 0.552 0.016 0.546 0.018 0.544 0.018 0.54 0.016 0.538
7 0.912 0.8 0.012 0.012 0.906 0.794 0.906 0.8 0.91 0.804 0.916 0.804 0.916 0.794
7 0.011 0.641 0.022 0.03 0.006 0.626 0.004 0.628 0.002 0.628 0.0 0.63 0.0 0.64 0.002 0.642 0.002 0.648 0.006 0.652 0.008 0.652 0.01 0.654 0.016 0.654 0.018 0.652 0.018 0.65 0.02 0.648 0.02 0.632 0.016 0.628 0.012 0.628 0.01 0.626
4 0.35 0.671 0.016 0.018 0.348 0.662 0.346 0.664 0.346 0.666 0.344 0.668 0.344 0.672 0.342 0.674 0.342 0.676 0.344 0.678 0.35 0.678 0.356 0.672 0.356 0.662
4 0.483 0.481 0.026 0.022 0.472 0.47 0.472 0.472 0.47 0.474 0.47 0.49 0.492 0.49 0.492 0.488 0.494 0.486 0.494 0.474 0.492 0.472 0.49 0.472 0.488 0.47
3 0.921 0.734 0.058 0.056 0.902 0.706 0.896 0.712 0.896 0.714 0.894 0.716 0.894 0.728 0.892 0.73 0.892 0.746 0.896 0.75 0.902 0.75 0.904 0.752 0.91 0.752 0.912 0.754 0.918 0.754 0.92 0.756 0.926 0.756 0.928 0.758 0.93 0.758 0.932 0.76 0.938 0.76 0.942 0.756 0.942 0.75 0.944 0.748 0.944 0.74 0.946 0.738 0.946 0.73 0.948 0.728 0.948 0.716 0.944 0.716 0.942 0.714 0.934 0.714 0.932 0.712 0.928 0.712 0.926 0.71 0.92 0.71 0.918 0.708 0.912 0.708 0.91 0.706
6 0.394 0.592 0.08 0.096 0.366 0.544 0.366 0.552 0.364 0.554 0.364 0.564 0.362 0.566 0.362 0.578 0.36 0.58 0.36 0.592 0.358 0.594 0.358 0.606 0.356 0.608 0.356 0.62 0.354 0.622 0.354 0.624 0.358 0.624 0.36 0.626 0.368 0.626 0.37 0.628 0.378 0.628 0.38 0.63 0.386 0.63 0.388 0.632 0.396 0.632 0.398 0.634 0.406 0.634 0.408 0.636 0.416 0.636 0.418 0.638 0.418 0.632 0.42 0.63 0.42 0.62 0.422 0.618 0.422 0.608 0.424 0.606 0.424 0.596 0.426 0.594 0.426 0.586 0.428 0.584 0.428 0.574 0.43 0.572 0.43 0.562 0.432 0.56 0.432 0.558 0.428 0.558 0.426 0.556 0.418 0.556 0.416 0.554 0.408 0.554 0.406 0.552 0.398 0.552 0.396 0.55 0.388 0.55 0.386 0.548 0.378 0.548 0.376 0.546 0.368 0.546
1 0.334 0.068 0.188 0.136 0.26 0.0 0.26 0.004 0.258 0.006 0.258 0.016 0.256 0.018 0.256 0.026 0.254 0.028 0.254 0.038 0.252 0.04 0.252 0.048 0.25 0.05 0.25 0.06 0.248 0.062 0.248 0.07 0.246 0.072 0.246 0.082 0.244 0.084 0.244 0.092 0.242 0.094 0.242 0.104 0.24 0.106 0.24 0.108 0.244 0.108 0.246 0.11 0.258 0.11 0.26 0.112 0.27 0.112 0.272 0.114 0.282 0.114 0.284 0.116 0.294 0.116 0.296 0.118 0.306 0.118 0.308 0.12 0.318 0.12 0.32 0.122 0.332 0.122 0.334 0.124 0.344 0.124 0.346 0.126 0.356 0.126 0.358 0.128 0.368 0.128 0.37 0.13 0.38 0.13 0.382 0.132 0.392 0.132 0.394 0.134 0.398 0.134 0.398 0.132 0.4 0.13 0.4 0.122 0.402 0.12 0.402 0.114 0.404 0.112 0.404 0.104 0.406 0.102 0.406 0.096 0.408 0.094 0.408 0.086 0.41 0.084 0.41 0.078 0.412 0.076 0.412 0.07 0.414 0.068 0.414 0.06 0.416 0.058 0.416 0.052 0.418 0.05 0.418 0.042 0.42 0.04 0.42 0.034 0.422 0.032 0.422 0.024 0.424 0.022 0.424 0.016 0.426 0.014 0.426 0.012 0.424 0.012 0.422 0.01 0.414 0.01 0.412 0.008 0.406 0.008 0.404 0.006 0.396 0.006 0.394 0.004 0.388 0.004 0.386 0.002 0.378 0.002 0.376 0.0
5 0.3 0.549 0.02 0.014 0.294 0.542 0.294 0.544 0.292 0.546 0.292 0.548 0.29 0.55 0.294 0.55 0.296 0.552 0.302 0.552 0.304 0.554 0.304 0.552 0.306 0.55 0.306 0.548 0.308 0.546 0.304 0.546 0.302 0.544 0.296 0.544
3 0.944 0.808 0.044 0.084 0.934 0.766 0.932 0.768 0.932 0.77 0.93 0.772 0.93 0.774 0.928 0.776 0.928 0.782 0.926 0.784 0.926 0.792 0.924 0.794 0.924 0.824 0.922 0.826 0.922 0.844 0.924 0.846 0.924 0.848 0.928 0.848 0.93 0.846 0.932 0.846 0.934 0.848 0.936 0.848 0.938 0.846 0.94 0.848 0.946 0.848 0.95 0.844 0.95 0.84 0.952 0.838 0.952 0.832 0.954 0.83 0.954 0.822 0.956 0.82 0.956 0.812 0.958 0.81 0.958 0.808 0.96 0.806 0.96 0.796 0.962 0.794 0.962 0.786 0.964 0.784 0.964 0.772 0.962 0.77 0.956 0.77 0.954 0.768 0.944 0.768 0.942 0.766
