5 0.511 0.552 0.03 0.028 0.508 0.538 0.506 0.54 0.504 0.54 0.502 0.542 0.5 0.542 0.496 0.546 0.496 0.55 0.498 0.552 0.498 0.556 0.5 0.558 0.5 0.56 0.504 0.564 0.514 0.564 0.518 0.56 0.52 0.56 0.522 0.558 0.522 0.556 0.524 0.554 0.524 0.55 0.522 0.548 0.522 0.546 0.52 0.544 0.52 0.542 0.516 0.538
7 0.534 0.448 0.02 0.024 0.532 0.436 0.53 0.438 0.528 0.438 0.528 0.44 0.526 0.442 0.526 0.448 0.524 0.45 0.524 0.452 0.53 0.458 0.536 0.458 0.542 0.452 0.542 0.442 0.54 0.44 0.54 0.438 0.538 0.436
7 0.617 0.487 0.034 0.034 0.622 0.47 0.62 0.472 0.62 0.474 0.614 0.48 0.612 0.48 0.606 0.486 0.604 0.486 0.6 0.49 0.6 0.494 0.602 0.496 0.602 0.498 0.606 0.502 0.61 0.502 0.612 0.5 0.614 0.5 0.62 0.494 0.622 0.494 0.626 0.49 0.628 0.49 0.632 0.486 0.632 0.478 0.63 0.476 0.63 0.474 0.628 0.472 0.628 0.47
7 0.42 0.514 0.024 0.024 0.416 0.502 0.412 0.506 0.412 0.508 0.41 0.51 0.41 0.512 0.408 0.514 0.408 0.516 0.41 0.518 0.41 0.52 0.412 0.52 0.416 0.524 0.418 0.524 0.42 0.522 0.422 0.522 0.426 0.518 0.428 0.518 0.43 0.516 0.428 0.514 0.428 0.508 0.426 0.506 0.426 0.504 0.424 0.502
7 0.92 0.373 0.036 0.03 0.926 0.358 0.924 0.36 0.906 0.36 0.902 0.364 0.902 0.366 0.906 0.37 0.906 0.372 0.908 0.374 0.908 0.376 0.91 0.378 0.91 0.38 0.916 0.386 0.93 0.386 0.932 0.384 0.934 0.384 0.934 0.382 0.936 0.38 0.936 0.372 0.934 0.37 0.934 0.364 0.932 0.362 0.932 0.36 0.93 0.36 0.928 0.358
7 0.412 0.605 0.04 0.03 0.414 0.59 0.412 0.592 0.41 0.592 0.408 0.594 0.406 0.594 0.404 0.596 0.402 0.596 0.398 0.6 0.396 0.6 0.394 0.602 0.394 0.604 0.392 0.606 0.394 0.608 0.394 0.61 0.396 0.612 0.396 0.614 0.4 0.618 0.406 0.618 0.41 0.614 0.412 0.614 0.414 0.612 0.416 0.612 0.42 0.608 0.422 0.608 0.424 0.606 0.426 0.606 0.43 0.602 0.43 0.598 0.426 0.594 0.426 0.592 0.424 0.59
7 0.872 0.906 0.048 0.076 0.858 0.868 0.854 0.872 0.85 0.872 0.848 0.874 0.848 0.882 0.85 0.884 0.85 0.886 0.852 0.888 0.852 0.89 0.854 0.892 0.854 0.894 0.858 0.898 0.858 0.9 0.86 0.902 0.86 0.904 0.862 0.906 0.862 0.908 0.864 0.91 0.864 0.912 0.866 0.914 0.866 0.918 0.868 0.92 0.868 0.922 0.87 0.924 0.87 0.926 0.876 0.932 0.876 0.934 0.884 0.942 0.888 0.942 0.89 0.94 0.892 0.94 0.892 0.934 0.894 0.932 0.894 0.924 0.892 0.922 0.892 0.918 0.89 0.916 0.89 0.914 0.888 0.912 0.888 0.91 0.884 0.906 0.884 0.904 0.882 0.902 0.882 0.9 0.878 0.896 0.878 0.894 0.876 0.892 0.876 0.89 0.87 0.884 0.87 0.882 0.864 0.876 0.864 0.872 0.86 0.868
7 0.731 0.972 0.046 0.056 0.716 0.944 0.712 0.948 0.71 0.948 0.708 0.95 0.708 0.958 0.71 0.96 0.71 0.964 0.712 0.966 0.712 0.968 0.716 0.972 0.716 0.974 0.718 0.976 0.718 0.978 0.72 0.98 0.72 0.982 0.722 0.984 0.722 0.986 0.728 0.992 0.728 0.996 0.73 0.998 0.752 0.998 0.752 0.994 0.75 0.992 0.75 0.99 0.748 0.988 0.748 0.986 0.746 0.984 0.746 0.982 0.742 0.978 0.742 0.974 0.74 0.972 0.74 0.97 0.738 0.968 0.738 0.966 0.734 0.962 0.734 0.96 0.732 0.958 0.732 0.956 0.728 0.952 0.728 0.95 0.726 0.948 0.726 0.946 0.724 0.944
4 0.043 0.796 0.03 0.044 0.038 0.774 0.036 0.776 0.034 0.776 0.032 0.778 0.03 0.778 0.028 0.78 0.028 0.794 0.03 0.796 0.03 0.798 0.032 0.8 0.032 0.802 0.034 0.804 0.036 0.804 0.04 0.808 0.04 0.81 0.042 0.812 0.042 0.814 0.044 0.816 0.048 0.816 0.05 0.814 0.052 0.814 0.056 0.81 0.056 0.804 0.054 0.802 0.054 0.794 0.052 0.792 0.052 0.79 0.05 0.788 0.05 0.786 0.048 0.784 0.048 0.782 0.046 0.78 0.046 0.778 0.042 0.774
7 0.994 0.802 0.012 0.024 0.994 0.792 0.99 0.796 0.99 0.8 0.996 0.806 0.996 0.808 0.998 0.81 0.998 0.806 0.996 0.804 0.996 0.792
