4 0.742 0.018 0.02 0.02 0.74 0.008 0.734 0.014 0.734 0.016 0.732 0.018 0.732 0.022 0.734 0.024 0.736 0.024 0.738 0.026 0.744 0.026 0.748 0.022 0.748 0.02 0.75 0.018 0.75 0.014 0.746 0.01 0.744 0.01 0.742 0.008
4 0.55 0.506 0.016 0.02 0.55 0.496 0.548 0.498 0.546 0.498 0.542 0.502 0.542 0.508 0.544 0.508 0.546 0.51 0.546 0.512 0.548 0.514 0.552 0.514 0.554 0.512 0.554 0.508 0.556 0.506 0.556 0.498 0.554 0.498 0.552 0.496
4 0.473 0.442 0.018 0.02 0.466 0.432 0.464 0.434 0.464 0.446 0.468 0.45 0.478 0.45 0.48 0.448 0.48 0.438 0.478 0.436 0.476 0.436 0.474 0.434 0.474 0.432
4 0.499 0.432 0.026 0.024 0.488 0.42 0.488 0.424 0.486 0.426 0.486 0.428 0.488 0.43 0.488 0.434 0.49 0.436 0.49 0.438 0.492 0.44 0.494 0.44 0.496 0.442 0.498 0.442 0.5 0.44 0.502 0.44 0.51 0.432 0.51 0.43 0.508 0.428 0.506 0.428 0.5 0.422 0.498 0.422 0.496 0.42
4 0.477 0.601 0.014 0.018 0.476 0.592 0.474 0.594 0.472 0.594 0.472 0.596 0.47 0.598 0.47 0.604 0.472 0.606 0.474 0.606 0.476 0.608 0.482 0.602 0.482 0.596 0.478 0.592
4 0.29 0.755 0.016 0.014 0.286 0.748 0.284 0.75 0.284 0.752 0.282 0.754 0.284 0.756 0.284 0.758 0.286 0.76 0.294 0.76 0.296 0.758 0.296 0.754 0.292 0.75 0.29 0.75 0.288 0.748
4 0.202 0.847 0.016 0.018 0.2 0.838 0.198 0.84 0.196 0.84 0.196 0.842 0.194 0.844 0.194 0.85 0.198 0.854 0.204 0.854 0.208 0.85 0.208 0.844 0.202 0.838
4 0.257 0.886 0.022 0.02 0.25 0.876 0.248 0.878 0.248 0.88 0.246 0.882 0.246 0.884 0.248 0.886 0.248 0.888 0.252 0.892 0.256 0.892 0.258 0.894 0.26 0.892 0.262 0.892 0.266 0.888 0.266 0.882 0.264 0.88 0.262 0.88 0.258 0.876
5 0.251 0.085 0.014 0.014 0.246 0.078 0.246 0.08 0.244 0.082 0.244 0.086 0.246 0.088 0.248 0.088 0.25 0.09 0.256 0.084 0.256 0.08 0.254 0.078
5 0.447 0.494 0.022 0.02 0.438 0.484 0.438 0.486 0.436 0.488 0.436 0.494 0.442 0.5 0.444 0.5 0.446 0.502 0.448 0.502 0.45 0.5 0.452 0.5 0.454 0.498 0.454 0.496 0.456 0.494 0.456 0.492 0.454 0.49 0.454 0.488 0.452 0.486 0.446 0.486 0.444 0.484
5 0.128 0.604 0.016 0.016 0.124 0.596 0.12 0.6 0.12 0.608 0.122 0.61 0.13 0.61 0.132 0.608 0.132 0.604 0.134 0.602 0.134 0.598 0.132 0.598 0.13 0.596
5 0.11 0.688 0.024 0.024 0.106 0.676 0.104 0.678 0.102 0.678 0.098 0.682 0.098 0.69 0.104 0.696 0.106 0.696 0.108 0.698 0.11 0.698 0.118 0.69 0.118 0.688 0.12 0.686 0.112 0.678 0.108 0.678
5 0.218 0.789 0.024 0.022 0.212 0.778 0.208 0.782 0.208 0.784 0.206 0.786 0.206 0.792 0.208 0.792 0.21 0.794 0.21 0.796 0.212 0.798 0.22 0.798 0.224 0.794 0.224 0.792 0.226 0.79 0.226 0.788 0.228 0.786 0.228 0.782 0.226 0.782 0.224 0.78 0.222 0.78 0.22 0.778
6 0.108 0.757 0.092 0.102 0.104 0.706 0.104 0.708 0.096 0.716 0.096 0.718 0.094 0.72 0.094 0.722 0.086 0.73 0.086 0.732 0.08 0.738 0.08 0.74 0.076 0.744 0.076 0.746 0.068 0.754 0.068 0.756 0.062 0.762 0.062 0.77 0.064 0.77 0.07 0.776 0.072 0.776 0.076 0.78 0.078 0.78 0.086 0.788 0.088 0.788 0.094 0.794 0.096 0.794 0.1 0.798 0.102 0.798 0.11 0.806 0.112 0.806 0.114 0.804 0.116 0.806 0.12 0.806 0.124 0.802 0.126 0.802 0.126 0.8 0.128 0.798 0.128 0.794 0.13 0.792 0.13 0.79 0.132 0.788 0.132 0.786 0.136 0.782 0.136 0.78 0.138 0.778 0.138 0.776 0.14 0.774 0.14 0.772 0.142 0.77 0.142 0.768 0.144 0.766 0.144 0.762 0.146 0.76 0.146 0.758 0.148 0.756 0.148 0.752 0.15 0.75 0.15 0.748 0.152 0.746 0.152 0.738 0.15 0.736 0.148 0.736 0.142 0.73 0.14 0.73 0.136 0.726 0.134 0.726 0.122 0.714 0.12 0.714 0.112 0.706
7 0.192 0.771 0.012 0.01 0.192 0.766 0.188 0.77 0.186 0.77 0.19 0.774 0.194 0.774 0.196 0.772 0.196 0.77
3 0.425 0.542 0.11 0.104 0.406 0.49 0.398 0.498 0.398 0.5 0.392 0.506 0.392 0.508 0.388 0.512 0.388 0.514 0.384 0.518 0.384 0.52 0.38 0.524 0.38 0.526 0.372 0.534 0.372 0.536 0.37 0.538 0.37 0.54 0.374 0.544 0.376 0.544 0.378 0.546 0.38 0.546 0.382 0.548 0.384 0.548 0.386 0.55 0.388 0.55 0.402 0.564 0.404 0.564 0.406 0.566 0.408 0.566 0.42 0.578 0.422 0.578 0.424 0.58 0.426 0.58 0.43 0.584 0.432 0.584 0.434 0.586 0.438 0.586 0.44 0.588 0.442 0.588 0.446 0.592 0.45 0.592 0.454 0.588 0.454 0.586 0.458 0.582 0.458 0.58 0.462 0.576 0.462 0.574 0.47 0.566 0.47 0.564 0.472 0.562 0.472 0.56 0.474 0.558 0.474 0.556 0.476 0.554 0.476 0.55 0.478 0.548 0.476 0.546 0.476 0.544 0.468 0.536 0.466 0.536 0.464 0.534 0.462 0.534 0.46 0.532 0.46 0.53 0.458 0.528 0.456 0.528 0.452 0.524 0.45 0.524 0.448 0.522 0.446 0.522 0.444 0.52 0.442 0.52 0.44 0.518 0.438 0.518 0.436 0.516 0.434 0.516 0.428 0.51 0.426 0.51 0.414 0.498 0.412 0.498 0.408 0.494 0.408 0.492
7 0.277 0.84 0.018 0.02 0.278 0.83 0.276 0.832 0.272 0.832 0.268 0.836 0.268 0.846 0.27 0.846 0.272 0.848 0.274 0.848 0.276 0.846 0.278 0.846 0.28 0.844 0.28 0.842 0.284 0.838 0.284 0.832 0.282 0.83
3 0.531 0.391 0.086 0.09 0.538 0.346 0.524 0.36 0.524 0.362 0.518 0.368 0.518 0.37 0.496 0.392 0.496 0.394 0.488 0.402 0.488 0.408 0.502 0.422 0.504 0.422 0.508 0.426 0.51 0.426 0.512 0.428 0.514 0.428 0.516 0.43 0.518 0.43 0.52 0.432 0.522 0.432 0.524 0.434 0.526 0.434 0.538 0.422 0.538 0.42 0.546 0.412 0.546 0.41 0.552 0.404 0.552 0.402 0.558 0.396 0.558 0.394 0.562 0.39 0.562 0.388 0.57 0.38 0.57 0.378 0.572 0.376 0.572 0.37 0.568 0.366 0.566 0.366 0.562 0.362 0.56 0.362 0.558 0.36 0.556 0.36 0.546 0.35 0.544 0.35 0.54 0.346
