4 0.018 0.296 0.028 0.024 0.016 0.284 0.01 0.29 0.01 0.292 0.004 0.298 0.006 0.3 0.008 0.3 0.01 0.302 0.012 0.302 0.014 0.304 0.016 0.304 0.018 0.306 0.024 0.3 0.024 0.298 0.03 0.292 0.028 0.29 0.026 0.29 0.024 0.288 0.022 0.288 0.02 0.286 0.018 0.286
4 0.407 0.493 0.022 0.022 0.4 0.482 0.396 0.486 0.396 0.496 0.402 0.502 0.41 0.502 0.412 0.5 0.414 0.5 0.416 0.498 0.416 0.486 0.412 0.482
4 0.071 0.202 0.018 0.02 0.068 0.192 0.064 0.196 0.064 0.198 0.062 0.2 0.062 0.208 0.064 0.21 0.072 0.21 0.078 0.204 0.078 0.196 0.076 0.194 0.074 0.194 0.072 0.192
5 0.44 0.341 0.016 0.018 0.44 0.332 0.438 0.334 0.436 0.334 0.432 0.338 0.432 0.344 0.436 0.348 0.438 0.348 0.444 0.342 0.444 0.34 0.446 0.338 0.446 0.334 0.444 0.332
3 0.492 0.658 0.116 0.108 0.524 0.604 0.522 0.606 0.508 0.606 0.506 0.608 0.496 0.608 0.494 0.61 0.472 0.61 0.47 0.612 0.454 0.612 0.452 0.614 0.448 0.614 0.446 0.616 0.446 0.618 0.444 0.62 0.444 0.624 0.442 0.626 0.442 0.628 0.438 0.632 0.438 0.634 0.436 0.636 0.436 0.64 0.434 0.642 0.434 0.646 0.436 0.648 0.436 0.65 0.444 0.658 0.446 0.658 0.448 0.66 0.452 0.66 0.46 0.668 0.462 0.668 0.464 0.67 0.466 0.67 0.468 0.672 0.47 0.672 0.474 0.676 0.476 0.676 0.478 0.678 0.488 0.678 0.508 0.698 0.51 0.698 0.512 0.7 0.514 0.7 0.518 0.704 0.52 0.704 0.522 0.706 0.524 0.706 0.526 0.708 0.53 0.708 0.532 0.71 0.536 0.71 0.538 0.708 0.54 0.708 0.544 0.704 0.544 0.702 0.548 0.698 0.548 0.666 0.546 0.664 0.546 0.66 0.544 0.658 0.544 0.648 0.542 0.646 0.542 0.634 0.54 0.632 0.54 0.614 0.538 0.612 0.538 0.606 0.526 0.606
3 0.283 0.423 0.062 0.066 0.29 0.39 0.284 0.396 0.284 0.398 0.28 0.402 0.28 0.404 0.274 0.41 0.274 0.412 0.266 0.42 0.266 0.422 0.26 0.428 0.26 0.43 0.256 0.434 0.256 0.436 0.252 0.44 0.252 0.444 0.262 0.454 0.27 0.454 0.272 0.452 0.276 0.452 0.278 0.454 0.288 0.454 0.29 0.452 0.29 0.446 0.288 0.444 0.288 0.432 0.286 0.43 0.29 0.426 0.296 0.426 0.298 0.424 0.308 0.424 0.31 0.422 0.312 0.422 0.312 0.414 0.31 0.412 0.31 0.41 0.308 0.408 0.308 0.402 0.306 0.4 0.306 0.396 0.304 0.394 0.302 0.394 0.3 0.392 0.298 0.392 0.296 0.39
3 0.345 0.341 0.082 0.094 0.364 0.294 0.352 0.306 0.352 0.308 0.348 0.312 0.348 0.314 0.34 0.322 0.34 0.324 0.336 0.328 0.336 0.33 0.33 0.336 0.33 0.338 0.32 0.348 0.32 0.35 0.314 0.356 0.314 0.358 0.31 0.362 0.31 0.364 0.306 0.368 0.306 0.37 0.304 0.372 0.304 0.374 0.306 0.376 0.306 0.378 0.312 0.384 0.318 0.384 0.32 0.386 0.342 0.386 0.344 0.384 0.344 0.374 0.342 0.372 0.342 0.37 0.34 0.368 0.34 0.364 0.338 0.362 0.338 0.36 0.342 0.356 0.36 0.356 0.362 0.354 0.364 0.354 0.366 0.352 0.366 0.35 0.368 0.348 0.366 0.346 0.366 0.342 0.364 0.34 0.364 0.334 0.362 0.332 0.362 0.328 0.364 0.326 0.37 0.326 0.372 0.324 0.38 0.324 0.382 0.322 0.384 0.322 0.384 0.306 0.382 0.304 0.382 0.302 0.38 0.302 0.378 0.3 0.376 0.3 0.372 0.296 0.37 0.296 0.368 0.294
4 0.391 0.529 0.026 0.026 0.388 0.516 0.386 0.518 0.384 0.518 0.38 0.522 0.38 0.524 0.378 0.526 0.378 0.532 0.38 0.534 0.38 0.536 0.382 0.538 0.384 0.538 0.386 0.54 0.394 0.54 0.396 0.538 0.398 0.538 0.4 0.536 0.4 0.534 0.402 0.532 0.402 0.524 0.4 0.522 0.4 0.52 0.398 0.52 0.396 0.518 0.394 0.518 0.392 0.516
4 0.458 0.43 0.02 0.024 0.454 0.418 0.448 0.424 0.448 0.432 0.45 0.434 0.452 0.434 0.458 0.44 0.462 0.44 0.464 0.438 0.464 0.432 0.466 0.43 0.466 0.426 0.464 0.424 0.464 0.42 0.462 0.418
4 0.568 0.453 0.024 0.022 0.564 0.442 0.556 0.45 0.556 0.454 0.562 0.46 0.564 0.46 0.566 0.462 0.572 0.462 0.576 0.458 0.576 0.456 0.578 0.454 0.578 0.45 0.57 0.442
7 0.015 0.203 0.03 0.03 0.0 0.188 0.0 0.196 0.002 0.196 0.006 0.2 0.008 0.2 0.014 0.206 0.016 0.206 0.024 0.214 0.026 0.214 0.028 0.216 0.028 0.21 0.026 0.21 0.022 0.206 0.022 0.204 0.02 0.204 0.018 0.202 0.016 0.202 0.004 0.19 0.002 0.19
4 0.536 0.429 0.024 0.026 0.532 0.416 0.528 0.42 0.528 0.422 0.526 0.424 0.526 0.426 0.524 0.428 0.524 0.432 0.526 0.432 0.528 0.434 0.53 0.434 0.536 0.44 0.538 0.438 0.54 0.438 0.54 0.436 0.546 0.43 0.546 0.426 0.54 0.42 0.538 0.42 0.534 0.416
