5 0.755 0.214 0.022 0.02 0.746 0.204 0.744 0.206 0.744 0.22 0.746 0.222 0.76 0.222 0.762 0.22 0.762 0.216 0.764 0.214 0.764 0.208 0.762 0.206 0.758 0.206 0.756 0.204
3 0.741 0.244 0.05 0.044 0.72 0.222 0.718 0.224 0.716 0.224 0.716 0.232 0.718 0.234 0.718 0.26 0.72 0.262 0.722 0.262 0.724 0.264 0.726 0.262 0.748 0.262 0.75 0.26 0.762 0.26 0.764 0.258 0.764 0.24 0.762 0.238 0.762 0.23 0.76 0.228 0.76 0.226 0.758 0.224 0.748 0.224 0.746 0.222
3 0.244 0.755 0.06 0.054 0.24 0.73 0.232 0.738 0.23 0.738 0.222 0.746 0.22 0.746 0.216 0.75 0.216 0.752 0.242 0.778 0.244 0.778 0.246 0.776 0.248 0.776 0.262 0.762 0.264 0.762 0.27 0.756 0.27 0.754 0.25 0.734 0.248 0.734 0.244 0.73
3 0.796 0.112 0.116 0.064 0.816 0.08 0.814 0.082 0.792 0.082 0.79 0.084 0.76 0.084 0.758 0.086 0.746 0.086 0.74 0.092 0.74 0.094 0.738 0.096 0.738 0.142 0.776 0.142 0.778 0.14 0.794 0.14 0.796 0.138 0.82 0.138 0.822 0.136 0.85 0.136 0.852 0.134 0.852 0.128 0.85 0.126 0.85 0.09 0.848 0.088 0.848 0.082 0.846 0.082 0.844 0.08
7 0.307 0.861 0.014 0.014 0.3 0.854 0.3 0.866 0.308 0.866 0.312 0.862 0.312 0.86 0.308 0.856 0.304 0.856 0.302 0.854
7 0.266 0.862 0.016 0.02 0.266 0.852 0.264 0.854 0.262 0.854 0.26 0.856 0.26 0.858 0.258 0.86 0.26 0.862 0.26 0.864 0.262 0.866 0.262 0.868 0.264 0.868 0.266 0.87 0.268 0.868 0.27 0.868 0.27 0.862 0.272 0.86 0.27 0.858 0.27 0.856
7 0.303 0.757 0.01 0.01 0.302 0.752 0.298 0.756 0.298 0.758 0.3 0.76 0.304 0.76 0.306 0.758 0.306 0.754 0.304 0.754
7 0.881 0.223 0.018 0.01 0.874 0.218 0.872 0.22 0.872 0.224 0.874 0.226 0.884 0.226 0.886 0.224 0.888 0.224 0.888 0.218
7 0.795 0.171 0.026 0.018 0.786 0.162 0.782 0.166 0.782 0.172 0.784 0.174 0.784 0.176 0.786 0.178 0.794 0.178 0.796 0.176 0.802 0.176 0.804 0.174 0.806 0.174 0.806 0.164 0.804 0.162
5 0.234 0.839 0.016 0.018 0.228 0.83 0.226 0.832 0.226 0.836 0.228 0.838 0.228 0.84 0.232 0.844 0.232 0.846 0.236 0.846 0.24 0.842 0.24 0.836 0.234 0.83
5 0.299 0.784 0.018 0.02 0.298 0.774 0.29 0.782 0.29 0.788 0.294 0.792 0.296 0.79 0.298 0.79 0.306 0.782 0.306 0.778 0.302 0.774
5 0.84 0.209 0.024 0.022 0.834 0.198 0.832 0.2 0.832 0.206 0.83 0.208 0.83 0.212 0.828 0.214 0.828 0.216 0.83 0.218 0.848 0.218 0.848 0.216 0.85 0.214 0.85 0.198
