5 0.27 0.24 0.016 0.012 0.266 0.234 0.262 0.238 0.262 0.244 0.27 0.244 0.272 0.242 0.274 0.242 0.276 0.24 0.276 0.234
3 0.125 0.347 0.058 0.086 0.098 0.304 0.096 0.306 0.096 0.346 0.098 0.348 0.098 0.364 0.1 0.366 0.1 0.382 0.102 0.384 0.102 0.386 0.104 0.388 0.116 0.388 0.118 0.386 0.124 0.386 0.126 0.384 0.132 0.384 0.134 0.382 0.14 0.382 0.142 0.38 0.144 0.38 0.146 0.378 0.148 0.378 0.148 0.376 0.15 0.374 0.15 0.368 0.152 0.366 0.152 0.348 0.15 0.346 0.15 0.34 0.148 0.338 0.148 0.33 0.146 0.328 0.146 0.322 0.144 0.32 0.144 0.312 0.142 0.31 0.142 0.308 0.138 0.304
3 0.327 0.655 0.062 0.066 0.316 0.622 0.314 0.624 0.314 0.626 0.31 0.63 0.31 0.632 0.308 0.634 0.308 0.636 0.306 0.638 0.306 0.64 0.302 0.644 0.302 0.646 0.3 0.648 0.3 0.65 0.298 0.652 0.298 0.656 0.296 0.658 0.298 0.66 0.298 0.666 0.3 0.668 0.3 0.672 0.302 0.674 0.302 0.68 0.304 0.682 0.304 0.684 0.306 0.686 0.308 0.686 0.312 0.682 0.312 0.68 0.316 0.676 0.316 0.674 0.32 0.67 0.32 0.668 0.326 0.662 0.33 0.662 0.334 0.666 0.336 0.666 0.34 0.67 0.342 0.67 0.346 0.674 0.348 0.674 0.352 0.678 0.354 0.678 0.356 0.676 0.356 0.67 0.354 0.668 0.354 0.666 0.356 0.664 0.356 0.654 0.354 0.652 0.354 0.65 0.352 0.648 0.352 0.646 0.344 0.638 0.342 0.638 0.338 0.634 0.336 0.634 0.332 0.63 0.33 0.63 0.324 0.624 0.322 0.624 0.32 0.622
3 0.238 0.674 0.06 0.064 0.23 0.642 0.224 0.648 0.224 0.65 0.22 0.654 0.22 0.656 0.218 0.658 0.218 0.66 0.214 0.664 0.214 0.666 0.212 0.668 0.212 0.67 0.21 0.672 0.21 0.676 0.208 0.678 0.208 0.682 0.21 0.684 0.21 0.688 0.212 0.69 0.212 0.692 0.214 0.694 0.214 0.696 0.216 0.698 0.216 0.704 0.22 0.704 0.226 0.698 0.226 0.696 0.23 0.692 0.23 0.69 0.234 0.686 0.236 0.686 0.238 0.684 0.242 0.684 0.244 0.686 0.246 0.686 0.25 0.69 0.252 0.69 0.256 0.694 0.258 0.694 0.262 0.698 0.266 0.698 0.266 0.67 0.264 0.668 0.264 0.666 0.258 0.66 0.256 0.66 0.254 0.658 0.252 0.658 0.246 0.652 0.244 0.652 0.24 0.648 0.238 0.648 0.232 0.642
4 0.83 0.283 0.016 0.018 0.824 0.274 0.822 0.276 0.822 0.286 0.826 0.29 0.832 0.29 0.836 0.286 0.836 0.28 0.834 0.278 0.834 0.276 0.832 0.274
4 0.763 0.426 0.014 0.016 0.76 0.418 0.758 0.42 0.756 0.42 0.756 0.43 0.758 0.432 0.766 0.432 0.768 0.43 0.768 0.418
4 0.704 0.447 0.016 0.018 0.702 0.438 0.7 0.44 0.696 0.44 0.696 0.452 0.698 0.454 0.702 0.454 0.704 0.452 0.706 0.452 0.71 0.448 0.71 0.442 0.706 0.438
5 0.919 0.3 0.022 0.02 0.922 0.29 0.92 0.292 0.916 0.292 0.914 0.294 0.912 0.294 0.908 0.298 0.908 0.3 0.91 0.302 0.91 0.304 0.914 0.308 0.922 0.308 0.924 0.306 0.926 0.306 0.928 0.304 0.928 0.294 0.926 0.292 0.924 0.292
5 0.274 0.617 0.024 0.034 0.274 0.6 0.272 0.602 0.268 0.602 0.264 0.606 0.264 0.608 0.262 0.61 0.262 0.622 0.264 0.624 0.264 0.63 0.266 0.632 0.276 0.632 0.278 0.63 0.282 0.63 0.284 0.628 0.284 0.62 0.282 0.618 0.282 0.606 0.28 0.604 0.28 0.602 0.278 0.602 0.276 0.6
7 0.249 0.219 0.026 0.014 0.248 0.212 0.246 0.214 0.236 0.214 0.236 0.218 0.238 0.22 0.238 0.222 0.24 0.224 0.252 0.224 0.254 0.222 0.256 0.222 0.258 0.22 0.26 0.22 0.26 0.214 0.258 0.212
4 0.309 0.222 0.026 0.012 0.298 0.216 0.298 0.218 0.296 0.22 0.298 0.222 0.298 0.224 0.3 0.224 0.302 0.226 0.308 0.226 0.314 0.22 0.318 0.22 0.32 0.218 0.32 0.216
3 0.237 0.318 0.062 0.092 0.238 0.272 0.236 0.274 0.214 0.274 0.212 0.276 0.208 0.276 0.208 0.278 0.206 0.28 0.206 0.286 0.208 0.288 0.208 0.318 0.21 0.32 0.21 0.342 0.212 0.344 0.212 0.346 0.21 0.348 0.21 0.352 0.212 0.354 0.212 0.356 0.218 0.362 0.228 0.362 0.23 0.36 0.238 0.36 0.24 0.358 0.244 0.358 0.246 0.356 0.252 0.356 0.254 0.354 0.26 0.354 0.262 0.352 0.262 0.35 0.264 0.348 0.264 0.34 0.266 0.338 0.266 0.324 0.264 0.322 0.264 0.316 0.262 0.314 0.262 0.306 0.26 0.304 0.26 0.296 0.258 0.294 0.258 0.29 0.256 0.288 0.256 0.284 0.254 0.282 0.254 0.278 0.25 0.274 0.248 0.274 0.246 0.272
3 0.106 0.188 0.068 0.08 0.11 0.148 0.108 0.15 0.1 0.15 0.098 0.152 0.092 0.152 0.09 0.154 0.084 0.154 0.082 0.156 0.078 0.156 0.076 0.158 0.074 0.158 0.074 0.16 0.072 0.162 0.072 0.164 0.074 0.166 0.074 0.174 0.076 0.176 0.076 0.182 0.078 0.184 0.078 0.188 0.08 0.19 0.08 0.194 0.082 0.196 0.082 0.198 0.084 0.2 0.084 0.208 0.086 0.21 0.086 0.212 0.088 0.214 0.088 0.218 0.09 0.22 0.09 0.222 0.094 0.226 0.096 0.224 0.1 0.224 0.102 0.222 0.114 0.222 0.116 0.22 0.122 0.22 0.124 0.218 0.134 0.218 0.136 0.216 0.138 0.216 0.138 0.206 0.136 0.204 0.136 0.198 0.134 0.196 0.134 0.192 0.132 0.19 0.132 0.184 0.13 0.182 0.13 0.178 0.128 0.176 0.128 0.17 0.126 0.168 0.126 0.162 0.124 0.16 0.124 0.154 0.122 0.152 0.122 0.15 0.12 0.148
3 0.181 0.17 0.066 0.08 0.188 0.13 0.186 0.132 0.178 0.132 0.176 0.134 0.17 0.134 0.168 0.136 0.164 0.136 0.162 0.138 0.156 0.138 0.154 0.14 0.152 0.14 0.15 0.142 0.15 0.144 0.148 0.146 0.148 0.158 0.15 0.16 0.15 0.162 0.152 0.164 0.152 0.168 0.154 0.17 0.154 0.172 0.156 0.174 0.156 0.176 0.158 0.178 0.158 0.182 0.16 0.184 0.16 0.186 0.162 0.188 0.162 0.194 0.164 0.196 0.164 0.198 0.166 0.2 0.166 0.204 0.17 0.208 0.174 0.208 0.176 0.206 0.18 0.206 0.182 0.204 0.186 0.204 0.188 0.202 0.196 0.202 0.198 0.2 0.206 0.2 0.208 0.198 0.21 0.198 0.212 0.196 0.212 0.192 0.21 0.19 0.21 0.182 0.208 0.18 0.208 0.174 0.206 0.172 0.206 0.168 0.204 0.166 0.204 0.162 0.202 0.16 0.202 0.154 0.2 0.152 0.2 0.146 0.198 0.144 0.198 0.138 0.196 0.136 0.196 0.132 0.194 0.13
0 0.88 0.389 0.092 0.054 0.914 0.362 0.912 0.364 0.906 0.364 0.904 0.366 0.9 0.366 0.898 0.368 0.894 0.368 0.892 0.37 0.886 0.37 0.884 0.372 0.88 0.372 0.878 0.374 0.874 0.374 0.872 0.376 0.868 0.376 0.866 0.378 0.862 0.378 0.86 0.38 0.854 0.38 0.852 0.382 0.848 0.382 0.846 0.384 0.842 0.384 0.84 0.386 0.836 0.386 0.834 0.388 0.834 0.394 0.836 0.396 0.836 0.402 0.838 0.404 0.838 0.41 0.842 0.414 0.846 0.414 0.848 0.412 0.852 0.412 0.854 0.41 0.858 0.41 0.86 0.408 0.864 0.408 0.866 0.406 0.87 0.406 0.872 0.404 0.876 0.404 0.878 0.402 0.882 0.402 0.884 0.4 0.89 0.4 0.892 0.398 0.896 0.398 0.898 0.396 0.902 0.396 0.904 0.394 0.91 0.394 0.912 0.392 0.916 0.392 0.918 0.39 0.922 0.39 0.924 0.388 0.924 0.376 0.922 0.374 0.922 0.366 0.92 0.364 0.92 0.362
7 0.058 0.263 0.016 0.014 0.056 0.256 0.054 0.258 0.052 0.258 0.05 0.26 0.05 0.262 0.052 0.264 0.052 0.266 0.054 0.266 0.056 0.268 0.058 0.268 0.06 0.266 0.062 0.266 0.064 0.264 0.064 0.26 0.062 0.258 0.058 0.258
7 0.078 0.258 0.012 0.012 0.076 0.252 0.074 0.254 0.072 0.254 0.072 0.262 0.08 0.262 0.082 0.26 0.082 0.254 0.08 0.252
4 0.021 0.277 0.01 0.014 0.018 0.27 0.016 0.272 0.016 0.282 0.02 0.282 0.024 0.278 0.024 0.27
5 0.07 0.286 0.016 0.012 0.068 0.28 0.066 0.282 0.062 0.282 0.062 0.288 0.064 0.29 0.07 0.29 0.072 0.288 0.074 0.288 0.076 0.286 0.076 0.282 0.074 0.28
4 0.686 0.329 0.016 0.018 0.68 0.32 0.678 0.322 0.678 0.33 0.68 0.332 0.68 0.334 0.682 0.336 0.686 0.336 0.692 0.33 0.692 0.326 0.69 0.324 0.69 0.322 0.688 0.32
4 0.292 0.515 0.012 0.01 0.288 0.51 0.286 0.512 0.286 0.518 0.294 0.518 0.296 0.516 0.296 0.512 0.294 0.51
4 0.963 0.371 0.01 0.01 0.958 0.366 0.958 0.372 0.96 0.374 0.964 0.374 0.966 0.372 0.966 0.368 0.964 0.366
