4 0.12 0.104 0.028 0.028 0.108 0.09 0.108 0.1 0.106 0.102 0.106 0.114 0.108 0.116 0.128 0.116 0.128 0.108 0.13 0.106 0.13 0.1 0.132 0.098 0.132 0.092 0.13 0.09
5 0.053 0.143 0.018 0.03 0.044 0.128 0.044 0.154 0.048 0.154 0.05 0.156 0.054 0.156 0.056 0.154 0.06 0.154 0.06 0.13 0.058 0.128
4 0.488 0.467 0.02 0.018 0.486 0.458 0.484 0.46 0.482 0.46 0.478 0.464 0.478 0.474 0.486 0.474 0.488 0.472 0.49 0.472 0.494 0.468 0.494 0.464 0.496 0.462 0.494 0.46 0.494 0.458
7 0.084 0.144 0.04 0.036 0.066 0.126 0.064 0.128 0.064 0.136 0.066 0.138 0.066 0.144 0.068 0.146 0.068 0.158 0.07 0.158 0.072 0.16 0.084 0.16 0.086 0.158 0.098 0.158 0.1 0.156 0.1 0.142 0.102 0.14 0.102 0.13 0.1 0.128 0.082 0.128 0.08 0.126
7 0.702 0.576 0.024 0.02 0.69 0.566 0.69 0.572 0.692 0.574 0.692 0.578 0.694 0.58 0.696 0.58 0.698 0.582 0.706 0.582 0.708 0.584 0.712 0.58 0.712 0.574 0.71 0.572 0.71 0.57 0.708 0.57 0.706 0.568 0.702 0.568 0.7 0.566
4 0.185 0.633 0.018 0.022 0.18 0.622 0.178 0.624 0.176 0.624 0.176 0.638 0.18 0.642 0.19 0.642 0.19 0.64 0.192 0.638 0.192 0.628 0.19 0.626 0.19 0.624 0.188 0.624 0.186 0.622
4 0.634 0.506 0.016 0.012 0.628 0.5 0.626 0.502 0.626 0.508 0.628 0.51 0.638 0.51 0.64 0.508 0.64 0.502 0.638 0.5
4 0.09 0.654 0.016 0.012 0.084 0.648 0.082 0.65 0.082 0.654 0.086 0.658 0.094 0.658 0.094 0.656 0.096 0.654 0.096 0.652 0.092 0.648
3 0.082 0.228 0.12 0.056 0.044 0.2 0.038 0.206 0.036 0.206 0.032 0.21 0.032 0.212 0.03 0.214 0.03 0.216 0.026 0.22 0.026 0.224 0.024 0.226 0.024 0.234 0.022 0.236 0.022 0.246 0.024 0.244 0.032 0.244 0.034 0.246 0.038 0.246 0.04 0.244 0.056 0.244 0.058 0.246 0.064 0.246 0.066 0.248 0.086 0.248 0.088 0.25 0.092 0.25 0.094 0.248 0.108 0.248 0.112 0.252 0.114 0.252 0.116 0.254 0.124 0.254 0.126 0.252 0.134 0.252 0.138 0.248 0.138 0.242 0.14 0.24 0.14 0.228 0.134 0.222 0.134 0.22 0.122 0.208 0.12 0.208 0.116 0.204 0.11 0.204 0.104 0.21 0.102 0.21 0.094 0.218 0.092 0.218 0.088 0.222 0.086 0.222 0.084 0.224 0.082 0.224 0.078 0.22 0.076 0.22 0.062 0.206 0.06 0.206 0.054 0.2
4 0.004 0.098 0.008 0.032 0.0 0.082 0.0 0.112 0.002 0.11 0.004 0.11 0.004 0.102 0.006 0.1 0.006 0.084 0.004 0.084 0.002 0.082
5 0.681 0.529 0.014 0.01 0.674 0.524 0.674 0.53 0.676 0.532 0.68 0.532 0.682 0.53 0.684 0.53 0.686 0.528 0.686 0.526 0.684 0.524
5 0.504 0.505 0.02 0.022 0.498 0.494 0.496 0.496 0.496 0.508 0.494 0.51 0.494 0.512 0.496 0.514 0.506 0.514 0.508 0.512 0.512 0.512 0.512 0.494
7 0.021 0.14 0.042 0.036 0.012 0.122 0.012 0.144 0.01 0.146 0.004 0.146 0.002 0.148 0.0 0.148 0.0 0.154 0.012 0.154 0.014 0.156 0.022 0.156 0.024 0.154 0.036 0.154 0.036 0.142 0.038 0.14 0.038 0.134 0.04 0.132 0.04 0.128 0.038 0.126 0.032 0.126 0.028 0.122
4 0.052 0.1 0.028 0.032 0.042 0.084 0.04 0.086 0.04 0.09 0.038 0.092 0.038 0.11 0.04 0.112 0.046 0.112 0.048 0.114 0.06 0.114 0.062 0.112 0.062 0.11 0.064 0.108 0.064 0.09 0.062 0.088 0.062 0.086 0.058 0.086 0.056 0.084
4 0.715 0.493 0.014 0.01 0.71 0.488 0.708 0.49 0.708 0.494 0.71 0.496 0.718 0.496 0.72 0.494 0.72 0.488
