4 0.397 0.971 0.018 0.018 0.398 0.962 0.396 0.964 0.394 0.964 0.39 0.968 0.39 0.97 0.388 0.972 0.388 0.976 0.39 0.978 0.402 0.978 0.402 0.976 0.404 0.974 0.404 0.964 0.402 0.964 0.4 0.962
4 0.295 0.794 0.022 0.02 0.292 0.784 0.286 0.79 0.286 0.792 0.284 0.794 0.284 0.796 0.286 0.798 0.286 0.8 0.288 0.802 0.296 0.802 0.298 0.8 0.3 0.8 0.302 0.798 0.304 0.798 0.304 0.792 0.3 0.788 0.298 0.788 0.294 0.784
4 0.457 0.785 0.018 0.014 0.45 0.778 0.45 0.78 0.448 0.782 0.448 0.786 0.452 0.79 0.462 0.79 0.464 0.788 0.464 0.782 0.462 0.782 0.46 0.78 0.458 0.78 0.456 0.778
3 0.511 0.948 0.17 0.104 0.456 0.896 0.454 0.898 0.452 0.898 0.448 0.902 0.448 0.906 0.446 0.908 0.446 0.912 0.444 0.914 0.444 0.916 0.442 0.918 0.442 0.924 0.44 0.926 0.44 0.932 0.438 0.934 0.438 0.94 0.436 0.942 0.436 0.948 0.434 0.95 0.434 0.954 0.432 0.956 0.432 0.962 0.43 0.964 0.43 0.968 0.428 0.97 0.428 0.974 0.426 0.976 0.426 0.988 0.43 0.992 0.434 0.992 0.44 0.998 0.578 0.998 0.58 0.996 0.58 0.992 0.582 0.99 0.582 0.988 0.584 0.986 0.584 0.984 0.586 0.982 0.586 0.978 0.588 0.976 0.588 0.972 0.59 0.97 0.59 0.962 0.592 0.96 0.592 0.954 0.594 0.952 0.594 0.946 0.592 0.944 0.59 0.944 0.588 0.942 0.584 0.942 0.582 0.94 0.58 0.94 0.578 0.938 0.574 0.938 0.572 0.936 0.568 0.936 0.566 0.934 0.564 0.934 0.562 0.932 0.56 0.932 0.558 0.93 0.556 0.93 0.554 0.928 0.55 0.928 0.548 0.926 0.544 0.926 0.542 0.924 0.54 0.924 0.538 0.922 0.536 0.922 0.534 0.92 0.53 0.92 0.528 0.918 0.524 0.918 0.522 0.916 0.52 0.916 0.518 0.914 0.512 0.914 0.51 0.912 0.506 0.912 0.504 0.91 0.502 0.91 0.5 0.908 0.496 0.908 0.494 0.906 0.492 0.906 0.49 0.904 0.486 0.904 0.484 0.902 0.48 0.902 0.478 0.9 0.474 0.9 0.472 0.898 0.468 0.898 0.466 0.896
3 0.281 0.938 0.098 0.092 0.29 0.892 0.286 0.896 0.284 0.896 0.276 0.904 0.274 0.904 0.264 0.914 0.262 0.914 0.254 0.922 0.252 0.922 0.248 0.926 0.246 0.926 0.236 0.936 0.234 0.936 0.234 0.94 0.232 0.942 0.232 0.948 0.234 0.95 0.234 0.956 0.238 0.956 0.242 0.96 0.246 0.96 0.248 0.962 0.25 0.962 0.252 0.964 0.256 0.964 0.258 0.966 0.262 0.966 0.264 0.968 0.266 0.968 0.268 0.97 0.272 0.97 0.274 0.972 0.276 0.972 0.278 0.974 0.282 0.974 0.284 0.976 0.288 0.976 0.29 0.978 0.294 0.978 0.296 0.98 0.302 0.98 0.304 0.982 0.314 0.982 0.316 0.98 0.318 0.982 0.32 0.982 0.324 0.978 0.324 0.974 0.326 0.972 0.326 0.97 0.328 0.968 0.328 0.966 0.326 0.964 0.326 0.962 0.324 0.96 0.324 0.952 0.322 0.95 0.322 0.948 0.32 0.946 0.32 0.944 0.318 0.942 0.318 0.94 0.316 0.938 0.316 0.934 0.314 0.932 0.314 0.93 0.312 0.928 0.312 0.926 0.308 0.922 0.308 0.912 0.306 0.91 0.306 0.906 0.304 0.904 0.304 0.898 0.298 0.892
3 0.765 0.915 0.11 0.082 0.722 0.874 0.722 0.878 0.72 0.88 0.72 0.882 0.722 0.884 0.72 0.886 0.718 0.886 0.718 0.89 0.714 0.894 0.714 0.898 0.712 0.9 0.712 0.904 0.71 0.906 0.714 0.91 0.714 0.912 0.718 0.916 0.718 0.918 0.726 0.926 0.726 0.928 0.736 0.938 0.736 0.94 0.744 0.948 0.748 0.948 0.752 0.952 0.752 0.954 0.766 0.954 0.768 0.952 0.776 0.952 0.778 0.95 0.782 0.95 0.784 0.948 0.802 0.948 0.808 0.942 0.808 0.938 0.81 0.936 0.81 0.932 0.812 0.93 0.812 0.928 0.814 0.926 0.814 0.922 0.816 0.92 0.816 0.916 0.818 0.914 0.818 0.908 0.816 0.906 0.814 0.906 0.812 0.904 0.81 0.904 0.808 0.902 0.802 0.902 0.8 0.9 0.796 0.9 0.794 0.898 0.79 0.898 0.788 0.896 0.786 0.896 0.784 0.894 0.78 0.894 0.778 0.892 0.776 0.892 0.77 0.886 0.768 0.886 0.766 0.884 0.762 0.884 0.76 0.882 0.756 0.882 0.754 0.88 0.752 0.88 0.75 0.878 0.744 0.878 0.742 0.876 0.736 0.876 0.734 0.874
3 0.442 0.796 0.088 0.096 0.424 0.748 0.42 0.752 0.42 0.754 0.418 0.756 0.418 0.758 0.416 0.76 0.416 0.762 0.41 0.768 0.41 0.77 0.408 0.772 0.408 0.774 0.406 0.776 0.406 0.78 0.404 0.782 0.404 0.786 0.402 0.788 0.402 0.79 0.4 0.792 0.4 0.794 0.398 0.796 0.398 0.806 0.4 0.808 0.4 0.81 0.402 0.812 0.402 0.814 0.408 0.82 0.408 0.822 0.414 0.828 0.414 0.83 0.416 0.832 0.416 0.834 0.418 0.836 0.418 0.838 0.43 0.838 0.432 0.84 0.436 0.84 0.438 0.842 0.466 0.842 0.47 0.838 0.47 0.826 0.472 0.824 0.472 0.82 0.474 0.818 0.474 0.816 0.476 0.814 0.476 0.81 0.478 0.808 0.478 0.806 0.48 0.804 0.48 0.8 0.482 0.798 0.482 0.794 0.484 0.792 0.484 0.766 0.482 0.764 0.48 0.764 0.478 0.762 0.476 0.762 0.474 0.76 0.472 0.76 0.47 0.758 0.466 0.758 0.464 0.756 0.462 0.756 0.46 0.754 0.458 0.754 0.456 0.752 0.448 0.752 0.446 0.75 0.436 0.75 0.434 0.748
3 0.34 0.772 0.096 0.08 0.306 0.732 0.304 0.734 0.302 0.734 0.298 0.738 0.298 0.74 0.292 0.746 0.292 0.75 0.294 0.752 0.294 0.756 0.3 0.762 0.3 0.764 0.302 0.766 0.302 0.77 0.306 0.774 0.306 0.776 0.308 0.778 0.308 0.78 0.31 0.782 0.31 0.784 0.312 0.786 0.312 0.788 0.32 0.796 0.32 0.798 0.322 0.8 0.32 0.802 0.322 0.804 0.322 0.808 0.324 0.81 0.328 0.81 0.338 0.8 0.34 0.8 0.346 0.794 0.348 0.794 0.354 0.788 0.356 0.788 0.36 0.784 0.366 0.784 0.368 0.782 0.372 0.782 0.38 0.774 0.382 0.774 0.386 0.77 0.386 0.764 0.384 0.762 0.382 0.762 0.378 0.758 0.374 0.758 0.37 0.754 0.368 0.754 0.366 0.752 0.364 0.752 0.362 0.75 0.358 0.75 0.356 0.748 0.354 0.748 0.352 0.746 0.35 0.746 0.348 0.744 0.346 0.744 0.344 0.742 0.34 0.742 0.338 0.74 0.336 0.74 0.334 0.738 0.332 0.738 0.33 0.736 0.326 0.736 0.324 0.734 0.312 0.734 0.31 0.732
4 0.547 0.848 0.018 0.016 0.542 0.84 0.538 0.844 0.538 0.85 0.542 0.854 0.548 0.854 0.552 0.85 0.552 0.846 0.554 0.844 0.55 0.84
4 0.659 0.854 0.018 0.016 0.652 0.846 0.652 0.85 0.65 0.852 0.65 0.854 0.652 0.856 0.652 0.858 0.654 0.86 0.66 0.86 0.662 0.858 0.664 0.858 0.666 0.856 0.666 0.85 0.662 0.846
4 0.352 0.884 0.02 0.024 0.348 0.872 0.346 0.874 0.346 0.878 0.344 0.88 0.344 0.884 0.342 0.886 0.342 0.892 0.344 0.894 0.352 0.894 0.354 0.892 0.356 0.892 0.358 0.89 0.358 0.888 0.36 0.886 0.36 0.876 0.358 0.874 0.356 0.874 0.354 0.872
4 0.702 0.938 0.02 0.016 0.692 0.93 0.692 0.938 0.696 0.942 0.7 0.942 0.702 0.944 0.708 0.944 0.708 0.942 0.71 0.94 0.71 0.934 0.706 0.93
5 0.743 0.968 0.018 0.02 0.738 0.958 0.736 0.96 0.736 0.962 0.734 0.964 0.734 0.974 0.736 0.974 0.738 0.976 0.744 0.976 0.748 0.972 0.748 0.97 0.75 0.968 0.75 0.962 0.746 0.958
4 0.688 0.991 0.02 0.018 0.684 0.982 0.68 0.986 0.68 0.996 0.678 0.998 0.694 0.998 0.694 0.996 0.696 0.994 0.696 0.984 0.694 0.982
5 0.466 0.855 0.02 0.022 0.466 0.844 0.464 0.846 0.462 0.846 0.458 0.85 0.458 0.852 0.456 0.854 0.456 0.858 0.462 0.864 0.466 0.864 0.468 0.862 0.47 0.862 0.472 0.86 0.472 0.856 0.474 0.854 0.474 0.846 0.472 0.844
3 0.947 0.974 0.05 0.04 0.93 0.954 0.924 0.96 0.924 0.964 0.922 0.966 0.922 0.97 0.93 0.978 0.93 0.982 0.934 0.986 0.936 0.986 0.942 0.992 0.95 0.992 0.952 0.99 0.958 0.99 0.96 0.988 0.962 0.988 0.964 0.986 0.966 0.986 0.966 0.984 0.968 0.982 0.968 0.976 0.97 0.974 0.97 0.97 0.962 0.962 0.96 0.962 0.956 0.958 0.954 0.958 0.952 0.956 0.95 0.956 0.948 0.958 0.946 0.956 0.944 0.956 0.942 0.954 0.94 0.956 0.938 0.956 0.936 0.954
7 0.828 0.988 0.012 0.012 0.824 0.982 0.822 0.984 0.822 0.99 0.824 0.992 0.83 0.992 0.832 0.99 0.832 0.984 0.83 0.982
2 0.414 0.671 0.248 0.19 0.352 0.576 0.348 0.58 0.346 0.578 0.342 0.578 0.34 0.58 0.338 0.58 0.338 0.582 0.336 0.584 0.336 0.59 0.342 0.596 0.342 0.602 0.34 0.604 0.334 0.604 0.332 0.602 0.326 0.602 0.322 0.606 0.322 0.616 0.32 0.618 0.32 0.624 0.318 0.626 0.318 0.628 0.314 0.632 0.314 0.636 0.312 0.638 0.312 0.64 0.31 0.642 0.31 0.646 0.308 0.648 0.308 0.65 0.306 0.652 0.306 0.658 0.304 0.66 0.304 0.664 0.302 0.666 0.302 0.67 0.3 0.672 0.3 0.676 0.298 0.678 0.298 0.684 0.296 0.686 0.296 0.692 0.294 0.694 0.294 0.698 0.292 0.7 0.292 0.708 0.29 0.71 0.29 0.716 0.292 0.718 0.294 0.718 0.296 0.72 0.296 0.722 0.3 0.726 0.302 0.726 0.304 0.728 0.308 0.728 0.31 0.73 0.322 0.73 0.324 0.732 0.328 0.732 0.33 0.734 0.332 0.734 0.334 0.736 0.336 0.736 0.338 0.738 0.34 0.738 0.342 0.74 0.344 0.74 0.346 0.742 0.35 0.742 0.352 0.744 0.354 0.744 0.356 0.746 0.358 0.746 0.36 0.748 0.364 0.748 0.366 0.75 0.368 0.75 0.37 0.752 0.372 0.752 0.376 0.756 0.378 0.756 0.382 0.76 0.384 0.76 0.388 0.764 0.4 0.764 0.402 0.762 0.404 0.762 0.408 0.758 0.41 0.758 0.416 0.752 0.416 0.75 0.422 0.744 0.424 0.744 0.426 0.742 0.434 0.742 0.436 0.74 0.44 0.74 0.442 0.738 0.448 0.738 0.45 0.74 0.454 0.74 0.456 0.742 0.458 0.742 0.46 0.744 0.464 0.744 0.466 0.746 0.468 0.746 0.47 0.748 0.474 0.748 0.476 0.75 0.476 0.752 0.478 0.754 0.48 0.754 0.482 0.756 0.5 0.756 0.5 0.754 0.502 0.752 0.502 0.748 0.504 0.746 0.504 0.74 0.506 0.738 0.506 0.734 0.508 0.732 0.508 0.728 0.51 0.726 0.51 0.722 0.512 0.72 0.512 0.714 0.514 0.712 0.514 0.71 0.516 0.708 0.516 0.704 0.518 0.702 0.518 0.698 0.52 0.696 0.52 0.692 0.522 0.69 0.522 0.686 0.524 0.684 0.524 0.682 0.526 0.68 0.526 0.678 0.528 0.676 0.528 0.67 0.53 0.668 0.53 0.666 0.532 0.664 0.532 0.66 0.534 0.658 0.534 0.654 0.536 0.652 0.536 0.634 0.534 0.632 0.532 0.632 0.53 0.63 0.526 0.63 0.524 0.628 0.52 0.628 0.518 0.626 0.51 0.626 0.508 0.624 0.504 0.624 0.502 0.622 0.5 0.622 0.498 0.62 0.494 0.62 0.492 0.618 0.486 0.618 0.484 0.616 0.48 0.616 0.478 0.614 0.474 0.614 0.472 0.612 0.468 0.612 0.466 0.61 0.462 0.61 0.46 0.608 0.454 0.608 0.452 0.606 0.45 0.606 0.448 0.604 0.444 0.604 0.442 0.602 0.438 0.602 0.436 0.6 0.43 0.6 0.428 0.598 0.424 0.598 0.422 0.596 0.42 0.596 0.418 0.594 0.412 0.594 0.41 0.592 0.406 0.592 0.404 0.59 0.4 0.59 0.398 0.588 0.392 0.588 0.39 0.586 0.388 0.586 0.386 0.584 0.38 0.584 0.378 0.582 0.374 0.582 0.372 0.58 0.368 0.58 0.366 0.578 0.36 0.578 0.358 0.576
