5 0.772 0.895 0.028 0.034 0.77 0.878 0.766 0.882 0.764 0.882 0.762 0.884 0.76 0.884 0.76 0.886 0.758 0.888 0.76 0.89 0.76 0.894 0.764 0.898 0.764 0.9 0.766 0.902 0.766 0.904 0.768 0.906 0.768 0.908 0.77 0.91 0.774 0.91 0.776 0.908 0.778 0.908 0.782 0.904 0.782 0.902 0.784 0.9 0.784 0.894 0.782 0.892 0.782 0.89 0.778 0.886 0.778 0.884 0.776 0.882 0.776 0.88 0.774 0.878
4 0.547 0.338 0.022 0.02 0.546 0.328 0.542 0.332 0.54 0.332 0.536 0.336 0.54 0.34 0.54 0.342 0.544 0.346 0.546 0.344 0.548 0.344 0.552 0.34 0.554 0.34 0.556 0.338
4 0.189 0.865 0.026 0.018 0.19 0.856 0.188 0.858 0.184 0.858 0.18 0.862 0.178 0.862 0.178 0.864 0.176 0.866 0.176 0.868 0.178 0.87 0.18 0.87 0.182 0.872 0.194 0.872 0.196 0.87 0.198 0.87 0.2 0.868 0.2 0.86 0.196 0.856
4 0.012 0.852 0.024 0.044 0.0 0.83 0.0 0.87 0.002 0.872 0.008 0.872 0.014 0.866 0.016 0.866 0.022 0.86 0.022 0.852 0.018 0.848 0.018 0.846 0.014 0.842 0.014 0.84 0.012 0.838 0.012 0.836 0.006 0.83
3 0.211 0.046 0.098 0.092 0.214 0.0 0.212 0.002 0.21 0.002 0.208 0.004 0.206 0.004 0.202 0.008 0.2 0.008 0.196 0.012 0.194 0.012 0.192 0.014 0.19 0.014 0.186 0.018 0.184 0.018 0.182 0.02 0.18 0.02 0.178 0.022 0.176 0.022 0.174 0.024 0.172 0.024 0.168 0.028 0.166 0.028 0.162 0.032 0.164 0.034 0.164 0.038 0.168 0.042 0.168 0.044 0.17 0.046 0.17 0.048 0.174 0.052 0.174 0.054 0.176 0.056 0.176 0.058 0.178 0.06 0.178 0.062 0.18 0.064 0.18 0.066 0.182 0.068 0.182 0.07 0.186 0.074 0.186 0.076 0.188 0.078 0.188 0.08 0.19 0.082 0.19 0.084 0.192 0.086 0.192 0.088 0.194 0.088 0.196 0.09 0.198 0.088 0.2 0.088 0.202 0.086 0.204 0.086 0.208 0.082 0.21 0.082 0.212 0.08 0.214 0.08 0.218 0.076 0.22 0.076 0.228 0.068 0.23 0.068 0.232 0.066 0.234 0.066 0.238 0.062 0.24 0.062 0.246 0.056 0.248 0.056 0.25 0.054 0.252 0.054 0.254 0.052 0.256 0.052 0.258 0.05 0.256 0.048 0.256 0.046 0.254 0.044 0.254 0.04 0.252 0.038 0.252 0.034 0.248 0.03 0.248 0.028 0.246 0.026 0.246 0.022 0.244 0.02 0.244 0.018 0.238 0.012 0.238 0.008 0.23 0.0
3 0.532 0.515 0.156 0.102 0.584 0.464 0.582 0.466 0.578 0.466 0.576 0.468 0.574 0.468 0.572 0.47 0.568 0.47 0.566 0.472 0.562 0.472 0.56 0.474 0.558 0.474 0.556 0.476 0.554 0.476 0.552 0.478 0.548 0.478 0.546 0.48 0.544 0.48 0.542 0.482 0.54 0.482 0.538 0.484 0.536 0.484 0.534 0.486 0.532 0.486 0.528 0.49 0.526 0.49 0.524 0.492 0.522 0.492 0.52 0.494 0.518 0.494 0.516 0.496 0.514 0.496 0.51 0.5 0.508 0.5 0.506 0.502 0.504 0.502 0.502 0.504 0.5 0.504 0.498 0.506 0.496 0.506 0.492 0.51 0.49 0.51 0.488 0.512 0.486 0.512 0.484 0.514 0.482 0.514 0.478 0.518 0.476 0.518 0.474 0.52 0.472 0.52 0.47 0.522 0.468 0.522 0.466 0.524 0.464 0.524 0.462 0.526 0.46 0.526 0.456 0.53 0.454 0.53 0.454 0.546 0.456 0.548 0.456 0.552 0.458 0.554 0.458 0.556 0.464 0.562 0.466 0.562 0.468 0.564 0.476 0.564 0.478 0.562 0.482 0.562 0.484 0.56 0.486 0.56 0.488 0.558 0.49 0.558 0.494 0.554 0.496 0.554 0.498 0.552 0.5 0.552 0.502 0.55 0.504 0.55 0.506 0.548 0.508 0.548 0.51 0.546 0.512 0.546 0.514 0.544 0.516 0.544 0.52 0.54 0.522 0.54 0.524 0.538 0.526 0.538 0.528 0.536 0.532 0.536 0.536 0.532 0.538 0.532 0.54 0.53 0.542 0.53 0.544 0.528 0.546 0.528 0.548 0.526 0.55 0.526 0.552 0.524 0.554 0.524 0.556 0.522 0.558 0.522 0.56 0.52 0.564 0.52 0.568 0.516 0.57 0.516 0.574 0.512 0.576 0.512 0.578 0.51 0.582 0.51 0.586 0.506 0.588 0.506 0.59 0.504 0.592 0.504 0.594 0.502 0.596 0.502 0.598 0.5 0.6 0.5 0.602 0.498 0.606 0.498 0.606 0.496 0.608 0.494 0.606 0.492 0.606 0.486 0.604 0.484 0.604 0.482 0.602 0.48 0.602 0.478 0.6 0.476 0.6 0.472 0.598 0.47 0.598 0.468 0.596 0.466 0.596 0.464
7 0.1 0.815 0.036 0.062 0.082 0.784 0.082 0.792 0.084 0.794 0.084 0.796 0.086 0.798 0.086 0.8 0.088 0.802 0.088 0.804 0.09 0.806 0.09 0.808 0.092 0.81 0.092 0.814 0.094 0.816 0.094 0.82 0.096 0.822 0.096 0.828 0.098 0.83 0.098 0.834 0.108 0.844 0.114 0.844 0.116 0.842 0.116 0.836 0.114 0.834 0.114 0.832 0.112 0.83 0.112 0.828 0.11 0.826 0.11 0.824 0.108 0.822 0.108 0.82 0.104 0.816 0.104 0.814 0.102 0.812 0.102 0.81 0.1 0.808 0.1 0.806 0.098 0.804 0.098 0.802 0.096 0.8 0.096 0.798 0.094 0.796 0.094 0.794 0.092 0.792 0.092 0.79 0.088 0.786 0.088 0.784
5 0.689 0.93 0.026 0.02 0.692 0.92 0.688 0.924 0.684 0.924 0.682 0.926 0.678 0.926 0.676 0.928 0.676 0.932 0.68 0.936 0.68 0.938 0.688 0.938 0.69 0.936 0.692 0.936 0.694 0.934 0.696 0.934 0.7 0.93 0.7 0.926 0.698 0.924 0.698 0.922 0.696 0.92
5 0.721 0.942 0.022 0.032 0.72 0.926 0.718 0.928 0.714 0.928 0.712 0.93 0.71 0.93 0.71 0.932 0.712 0.934 0.712 0.942 0.714 0.944 0.714 0.952 0.716 0.954 0.716 0.956 0.718 0.954 0.722 0.954 0.724 0.952 0.728 0.952 0.73 0.95 0.728 0.948 0.728 0.944 0.726 0.942 0.726 0.94 0.724 0.938 0.724 0.934 0.722 0.932 0.722 0.928
4 0.154 0.798 0.02 0.016 0.152 0.79 0.15 0.792 0.148 0.792 0.144 0.796 0.144 0.798 0.146 0.8 0.146 0.802 0.148 0.804 0.154 0.804 0.156 0.802 0.16 0.802 0.16 0.8 0.162 0.798 0.162 0.794 0.16 0.792 0.16 0.79
3 0.048 0.925 0.096 0.094 0.06 0.878 0.058 0.88 0.056 0.88 0.054 0.882 0.052 0.882 0.048 0.886 0.046 0.886 0.044 0.888 0.042 0.888 0.04 0.89 0.038 0.89 0.034 0.894 0.032 0.894 0.028 0.898 0.026 0.898 0.024 0.9 0.022 0.9 0.02 0.902 0.018 0.902 0.014 0.906 0.012 0.906 0.01 0.908 0.008 0.908 0.006 0.91 0.004 0.91 0.0 0.914 0.0 0.922 0.004 0.926 0.004 0.928 0.006 0.93 0.006 0.932 0.008 0.934 0.008 0.936 0.01 0.938 0.01 0.94 0.012 0.942 0.012 0.944 0.014 0.946 0.014 0.948 0.018 0.952 0.018 0.956 0.022 0.96 0.022 0.962 0.024 0.964 0.024 0.966 0.028 0.97 0.03 0.97 0.032 0.968 0.034 0.968 0.038 0.964 0.04 0.964 0.042 0.962 0.044 0.962 0.046 0.96 0.048 0.96 0.052 0.956 0.054 0.956 0.056 0.954 0.058 0.954 0.062 0.95 0.064 0.95 0.068 0.946 0.07 0.946 0.072 0.944 0.074 0.944 0.078 0.94 0.08 0.94 0.082 0.938 0.084 0.938 0.088 0.934 0.09 0.934 0.094 0.93 0.094 0.926 0.092 0.924 0.092 0.922 0.09 0.92 0.09 0.918 0.088 0.916 0.088 0.914 0.086 0.912 0.086 0.91 0.082 0.906 0.082 0.904 0.08 0.902 0.08 0.9 0.078 0.898 0.078 0.896 0.074 0.892 0.074 0.888 0.07 0.884 0.07 0.882 0.066 0.878
7 0.291 0.102 0.014 0.016 0.286 0.094 0.284 0.096 0.284 0.106 0.286 0.108 0.294 0.108 0.294 0.106 0.296 0.104 0.296 0.102 0.294 0.1 0.294 0.098 0.29 0.094
5 0.496 0.473 0.028 0.03 0.494 0.458 0.492 0.46 0.488 0.46 0.486 0.462 0.484 0.462 0.484 0.464 0.482 0.466 0.482 0.47 0.484 0.472 0.484 0.476 0.486 0.478 0.486 0.48 0.488 0.482 0.488 0.484 0.49 0.484 0.492 0.486 0.494 0.486 0.496 0.484 0.498 0.484 0.506 0.476 0.506 0.474 0.508 0.472 0.508 0.468 0.504 0.464 0.504 0.462 0.502 0.462 0.5 0.46 0.496 0.46
3 0.096 0.692 0.136 0.192 0.058 0.596 0.056 0.598 0.054 0.598 0.052 0.6 0.05 0.6 0.048 0.602 0.046 0.602 0.044 0.604 0.042 0.604 0.04 0.606 0.038 0.606 0.036 0.608 0.034 0.608 0.032 0.61 0.03 0.61 0.028 0.612 0.028 0.704 0.038 0.714 0.04 0.714 0.05 0.724 0.052 0.724 0.062 0.734 0.064 0.734 0.074 0.744 0.076 0.744 0.088 0.756 0.09 0.756 0.1 0.766 0.102 0.766 0.112 0.776 0.114 0.776 0.124 0.786 0.126 0.786 0.128 0.784 0.13 0.784 0.132 0.782 0.134 0.782 0.136 0.78 0.138 0.78 0.14 0.778 0.142 0.778 0.144 0.776 0.148 0.776 0.15 0.774 0.152 0.774 0.154 0.772 0.156 0.772 0.158 0.77 0.16 0.77 0.162 0.768 0.16 0.766 0.16 0.764 0.156 0.76 0.156 0.758 0.154 0.756 0.154 0.754 0.15 0.75 0.15 0.748 0.148 0.746 0.148 0.744 0.144 0.74 0.144 0.738 0.142 0.736 0.142 0.734 0.138 0.73 0.138 0.728 0.136 0.726 0.136 0.724 0.132 0.72 0.132 0.718 0.13 0.716 0.13 0.714 0.126 0.71 0.126 0.708 0.124 0.706 0.124 0.704 0.12 0.7 0.12 0.698 0.118 0.696 0.118 0.694 0.114 0.69 0.114 0.688 0.112 0.686 0.112 0.684 0.108 0.68 0.108 0.678 0.106 0.676 0.106 0.674 0.102 0.67 0.102 0.668 0.1 0.666 0.1 0.664 0.096 0.66 0.096 0.658 0.094 0.656 0.094 0.654 0.09 0.65 0.09 0.648 0.088 0.646 0.088 0.644 0.084 0.64 0.084 0.638 0.082 0.636 0.082 0.634 0.078 0.63 0.078 0.628 0.076 0.626 0.076 0.624 0.072 0.62 0.072 0.618 0.07 0.616 0.07 0.614 0.066 0.61 0.066 0.608 0.064 0.606 0.064 0.604 0.06 0.6 0.06 0.598
3 0.03 0.563 0.036 0.03 0.032 0.548 0.026 0.554 0.024 0.554 0.022 0.556 0.02 0.556 0.016 0.56 0.014 0.56 0.012 0.562 0.012 0.568 0.02 0.576 0.03 0.576 0.034 0.572 0.038 0.572 0.04 0.57 0.044 0.57 0.044 0.568 0.046 0.566 0.046 0.558 0.044 0.556 0.044 0.554 0.042 0.552 0.042 0.55 0.04 0.548
5 0.471 0.428 0.022 0.036 0.468 0.41 0.466 0.412 0.462 0.412 0.46 0.414 0.46 0.422 0.462 0.424 0.462 0.432 0.46 0.434 0.462 0.436 0.462 0.442 0.464 0.442 0.466 0.444 0.468 0.442 0.472 0.442 0.474 0.44 0.476 0.44 0.478 0.438 0.48 0.438 0.48 0.43 0.478 0.428 0.478 0.424 0.476 0.422 0.476 0.42 0.474 0.418 0.474 0.414 0.47 0.41
3 0.456 0.39 0.148 0.1 0.51 0.34 0.508 0.342 0.506 0.342 0.504 0.344 0.502 0.344 0.5 0.346 0.498 0.346 0.496 0.348 0.494 0.348 0.492 0.35 0.49 0.35 0.488 0.352 0.486 0.352 0.484 0.354 0.482 0.354 0.48 0.356 0.478 0.356 0.476 0.358 0.474 0.358 0.472 0.36 0.47 0.36 0.468 0.362 0.466 0.362 0.464 0.364 0.462 0.364 0.46 0.366 0.458 0.366 0.456 0.368 0.454 0.368 0.452 0.37 0.45 0.37 0.446 0.374 0.444 0.374 0.442 0.376 0.44 0.376 0.438 0.378 0.436 0.378 0.434 0.38 0.432 0.38 0.43 0.382 0.428 0.382 0.426 0.384 0.424 0.384 0.422 0.386 0.42 0.386 0.418 0.388 0.416 0.388 0.414 0.39 0.412 0.39 0.41 0.392 0.408 0.392 0.406 0.394 0.404 0.394 0.402 0.396 0.4 0.396 0.398 0.398 0.396 0.398 0.394 0.4 0.392 0.4 0.39 0.402 0.388 0.402 0.386 0.404 0.384 0.404 0.382 0.406 0.384 0.408 0.384 0.41 0.388 0.414 0.388 0.416 0.39 0.418 0.39 0.42 0.394 0.424 0.394 0.426 0.396 0.428 0.396 0.43 0.4 0.434 0.4 0.436 0.402 0.438 0.404 0.436 0.406 0.436 0.408 0.434 0.41 0.434 0.412 0.432 0.414 0.432 0.418 0.428 0.42 0.428 0.422 0.426 0.424 0.426 0.426 0.424 0.428 0.424 0.43 0.422 0.432 0.422 0.434 0.42 0.436 0.42 0.438 0.418 0.44 0.418 0.442 0.416 0.444 0.416 0.446 0.414 0.448 0.414 0.452 0.41 0.454 0.41 0.456 0.408 0.458 0.408 0.46 0.406 0.462 0.406 0.464 0.404 0.466 0.404 0.468 0.402 0.47 0.402 0.472 0.4 0.474 0.4 0.476 0.398 0.478 0.398 0.482 0.394 0.484 0.394 0.486 0.392 0.488 0.392 0.49 0.39 0.492 0.39 0.494 0.388 0.496 0.388 0.498 0.386 0.5 0.386 0.502 0.384 0.504 0.384 0.506 0.382 0.508 0.382 0.51 0.38 0.512 0.38 0.516 0.376 0.518 0.376 0.52 0.374 0.522 0.374 0.524 0.372 0.526 0.372 0.528 0.37 0.526 0.368 0.526 0.366 0.522 0.362 0.522 0.36 0.52 0.358 0.52 0.356 0.518 0.354 0.518 0.352 0.516 0.35 0.516 0.348 0.512 0.344 0.512 0.342
5 0.265 0.026 0.018 0.02 0.266 0.016 0.264 0.018 0.262 0.018 0.26 0.02 0.258 0.02 0.256 0.022 0.258 0.024 0.258 0.026 0.262 0.03 0.262 0.032 0.264 0.034 0.266 0.034 0.268 0.032 0.27 0.032 0.272 0.03 0.272 0.022 0.268 0.018 0.268 0.016
7 0.586 0.381 0.012 0.01 0.582 0.376 0.58 0.378 0.58 0.384 0.584 0.384 0.586 0.382 0.588 0.382 0.59 0.38 0.59 0.378 0.588 0.376
4 0.45 0.498 0.02 0.016 0.446 0.49 0.444 0.492 0.442 0.492 0.442 0.496 0.44 0.498 0.44 0.502 0.442 0.504 0.452 0.504 0.454 0.502 0.456 0.502 0.456 0.5 0.458 0.498 0.458 0.492 0.456 0.492 0.454 0.49
