3 0.58 0.712 0.032 0.028 0.564 0.698 0.564 0.708 0.566 0.71 0.566 0.722 0.572 0.722 0.574 0.724 0.582 0.724 0.592 0.714 0.592 0.712 0.58 0.7 0.572 0.7 0.57 0.698
3 0.707 0.745 0.042 0.022 0.69 0.734 0.686 0.738 0.686 0.746 0.692 0.752 0.694 0.752 0.696 0.754 0.722 0.754 0.724 0.752 0.724 0.748 0.726 0.746 0.726 0.742 0.724 0.74 0.724 0.736 0.72 0.736 0.718 0.734
3 0.69 0.679 0.088 0.114 0.692 0.622 0.69 0.624 0.686 0.624 0.684 0.626 0.682 0.626 0.672 0.636 0.672 0.638 0.668 0.642 0.668 0.644 0.664 0.648 0.664 0.65 0.66 0.654 0.66 0.656 0.656 0.66 0.656 0.662 0.652 0.666 0.652 0.668 0.648 0.672 0.648 0.676 0.646 0.678 0.646 0.684 0.652 0.69 0.652 0.692 0.66 0.7 0.66 0.702 0.666 0.708 0.666 0.71 0.672 0.716 0.672 0.718 0.684 0.73 0.69 0.73 0.692 0.732 0.712 0.732 0.714 0.734 0.724 0.734 0.726 0.732 0.728 0.732 0.73 0.73 0.73 0.704 0.732 0.702 0.732 0.694 0.73 0.692 0.73 0.648 0.732 0.646 0.732 0.64 0.73 0.638 0.73 0.634 0.732 0.632 0.732 0.63 0.73 0.628 0.73 0.624 0.726 0.624 0.724 0.622
5 0.426 0.17 0.016 0.016 0.418 0.162 0.418 0.174 0.42 0.176 0.43 0.176 0.432 0.174 0.432 0.162
5 0.491 0.161 0.014 0.022 0.488 0.15 0.484 0.154 0.484 0.166 0.488 0.17 0.492 0.17 0.496 0.166 0.496 0.154 0.494 0.152 0.492 0.152 0.49 0.15
5 0.666 0.572 0.016 0.02 0.662 0.562 0.658 0.566 0.658 0.578 0.66 0.578 0.662 0.58 0.666 0.58 0.672 0.574 0.672 0.564 0.67 0.562
7 0.683 0.473 0.014 0.014 0.68 0.466 0.678 0.468 0.678 0.47 0.676 0.472 0.676 0.478 0.688 0.478 0.688 0.468 0.686 0.466
3 0.709 0.604 0.042 0.024 0.696 0.592 0.688 0.6 0.694 0.606 0.694 0.608 0.7 0.614 0.728 0.614 0.728 0.604 0.726 0.602 0.726 0.592
7 0.66 0.601 0.012 0.046 0.658 0.58 0.656 0.582 0.656 0.604 0.654 0.606 0.654 0.62 0.656 0.622 0.662 0.622 0.664 0.62 0.664 0.582 0.662 0.582 0.66 0.58
5 0.643 0.641 0.014 0.014 0.636 0.634 0.636 0.646 0.648 0.646 0.648 0.634
3 0.583 0.602 0.038 0.036 0.564 0.584 0.564 0.6 0.566 0.602 0.566 0.618 0.578 0.618 0.58 0.616 0.592 0.616 0.594 0.614 0.594 0.612 0.598 0.608 0.598 0.606 0.6 0.604 0.6 0.602 0.596 0.598 0.596 0.596 0.59 0.59 0.59 0.588 0.586 0.584
3 0.582 0.663 0.032 0.03 0.566 0.648 0.566 0.676 0.584 0.676 0.596 0.664 0.59 0.658 0.59 0.656 0.584 0.65 0.576 0.65 0.574 0.648
3 0.435 0.118 0.09 0.072 0.462 0.082 0.46 0.084 0.446 0.084 0.444 0.086 0.43 0.086 0.428 0.088 0.414 0.088 0.412 0.09 0.398 0.09 0.396 0.092 0.39 0.092 0.39 0.1 0.392 0.102 0.392 0.12 0.394 0.122 0.394 0.142 0.396 0.144 0.396 0.152 0.402 0.152 0.404 0.15 0.42 0.15 0.422 0.148 0.436 0.148 0.438 0.146 0.452 0.146 0.454 0.144 0.47 0.144 0.472 0.142 0.478 0.142 0.478 0.138 0.476 0.136 0.476 0.126 0.474 0.124 0.474 0.114 0.472 0.112 0.472 0.1 0.47 0.098 0.47 0.088 0.468 0.086 0.468 0.082
7 0.683 0.403 0.014 0.014 0.684 0.396 0.682 0.398 0.676 0.398 0.676 0.408 0.688 0.408 0.688 0.396
