3 0.491 0.833 0.106 0.09 0.482 0.788 0.438 0.832 0.438 0.842 0.44 0.844 0.44 0.864 0.442 0.866 0.442 0.876 0.456 0.876 0.458 0.874 0.49 0.874 0.492 0.872 0.524 0.872 0.526 0.87 0.542 0.87 0.542 0.848 0.54 0.846 0.54 0.824 0.538 0.822 0.536 0.822 0.532 0.818 0.53 0.818 0.528 0.816 0.526 0.816 0.522 0.812 0.52 0.812 0.518 0.81 0.516 0.81 0.512 0.806 0.51 0.806 0.508 0.804 0.506 0.804 0.502 0.8 0.5 0.8 0.498 0.798 0.496 0.798 0.492 0.794 0.49 0.794 0.488 0.792 0.486 0.792
3 0.518 0.354 0.04 0.044 0.516 0.332 0.51 0.338 0.51 0.34 0.504 0.346 0.504 0.348 0.498 0.354 0.498 0.358 0.5 0.36 0.5 0.368 0.502 0.37 0.502 0.374 0.518 0.374 0.52 0.372 0.536 0.372 0.536 0.362 0.534 0.36 0.534 0.348 0.526 0.34 0.524 0.34
3 0.456 0.365 0.04 0.042 0.452 0.344 0.436 0.36 0.436 0.366 0.438 0.368 0.438 0.378 0.44 0.38 0.44 0.384 0.446 0.384 0.448 0.382 0.464 0.382 0.466 0.38 0.474 0.38 0.474 0.376 0.472 0.374 0.472 0.364 0.47 0.362 0.47 0.358 0.466 0.354 0.464 0.354 0.458 0.348 0.456 0.348
3 0.54 0.225 0.032 0.038 0.546 0.206 0.544 0.208 0.532 0.208 0.53 0.21 0.524 0.21 0.524 0.212 0.526 0.214 0.526 0.22 0.528 0.222 0.528 0.23 0.53 0.232 0.53 0.234 0.534 0.238 0.536 0.238 0.54 0.242 0.554 0.228 0.554 0.218 0.552 0.216 0.552 0.206
3 0.466 0.236 0.028 0.036 0.474 0.218 0.472 0.22 0.468 0.22 0.466 0.222 0.462 0.222 0.46 0.224 0.456 0.224 0.454 0.226 0.452 0.226 0.452 0.23 0.454 0.232 0.454 0.24 0.456 0.242 0.456 0.246 0.458 0.248 0.46 0.248 0.464 0.252 0.468 0.252 0.47 0.25 0.472 0.25 0.474 0.248 0.474 0.246 0.478 0.242 0.478 0.23 0.476 0.228 0.476 0.218
3 0.39 0.249 0.032 0.034 0.398 0.232 0.396 0.234 0.388 0.234 0.386 0.236 0.378 0.236 0.376 0.238 0.374 0.238 0.374 0.24 0.376 0.242 0.376 0.248 0.378 0.25 0.378 0.256 0.38 0.258 0.38 0.26 0.382 0.26 0.384 0.262 0.39 0.262 0.392 0.264 0.394 0.264 0.404 0.254 0.404 0.25 0.402 0.248 0.402 0.238 0.4 0.236 0.4 0.232
7 0.423 0.32 0.018 0.012 0.416 0.314 0.416 0.316 0.414 0.318 0.414 0.322 0.416 0.324 0.43 0.324 0.43 0.32 0.428 0.318 0.428 0.316 0.426 0.314
7 0.551 0.288 0.018 0.02 0.552 0.278 0.55 0.28 0.548 0.28 0.542 0.286 0.542 0.292 0.544 0.294 0.544 0.296 0.558 0.296 0.558 0.284 0.556 0.282 0.556 0.28 0.554 0.28
7 0.427 0.247 0.014 0.014 0.422 0.24 0.42 0.242 0.42 0.248 0.422 0.25 0.424 0.25 0.426 0.252 0.428 0.25 0.43 0.25 0.432 0.248 0.43 0.246 0.43 0.244 0.428 0.242 0.424 0.242
7 0.508 0.235 0.012 0.01 0.502 0.23 0.502 0.236 0.504 0.238 0.508 0.238 0.512 0.234 0.512 0.232 0.51 0.23
5 0.489 0.754 0.018 0.016 0.486 0.746 0.484 0.748 0.484 0.75 0.482 0.752 0.482 0.754 0.48 0.756 0.48 0.758 0.482 0.76 0.494 0.76 0.496 0.758 0.496 0.748 0.494 0.746
