0 0.163 0.307 0.074 0.098 0.158 0.258 0.156 0.26 0.156 0.262 0.154 0.264 0.15 0.264 0.148 0.266 0.144 0.266 0.142 0.268 0.14 0.268 0.14 0.27 0.138 0.272 0.136 0.272 0.134 0.274 0.132 0.274 0.13 0.276 0.128 0.276 0.126 0.278 0.126 0.284 0.128 0.286 0.128 0.288 0.13 0.29 0.13 0.292 0.132 0.294 0.132 0.296 0.134 0.298 0.134 0.3 0.136 0.302 0.136 0.304 0.138 0.306 0.138 0.308 0.14 0.31 0.14 0.312 0.142 0.314 0.142 0.316 0.144 0.318 0.144 0.32 0.146 0.322 0.146 0.324 0.148 0.326 0.148 0.328 0.15 0.33 0.15 0.332 0.152 0.334 0.152 0.336 0.154 0.338 0.154 0.34 0.156 0.342 0.156 0.344 0.158 0.346 0.158 0.348 0.16 0.35 0.16 0.352 0.162 0.354 0.17 0.354 0.172 0.352 0.174 0.352 0.176 0.35 0.18 0.35 0.184 0.346 0.186 0.346 0.188 0.344 0.19 0.344 0.192 0.342 0.194 0.342 0.198 0.338 0.198 0.326 0.196 0.324 0.196 0.32 0.194 0.318 0.194 0.316 0.192 0.314 0.192 0.312 0.19 0.31 0.19 0.306 0.188 0.304 0.188 0.302 0.186 0.3 0.186 0.298 0.184 0.296 0.184 0.294 0.182 0.292 0.182 0.29 0.18 0.288 0.18 0.286 0.178 0.284 0.178 0.282 0.174 0.278 0.174 0.276 0.172 0.274 0.172 0.272 0.168 0.268 0.168 0.266 0.166 0.264 0.166 0.262 0.162 0.258
4 0.054 0.875 0.02 0.018 0.052 0.866 0.05 0.868 0.048 0.868 0.046 0.87 0.044 0.87 0.044 0.88 0.046 0.882 0.052 0.882 0.054 0.88 0.056 0.88 0.058 0.878 0.06 0.878 0.06 0.876 0.062 0.874 0.06 0.872 0.06 0.87 0.056 0.866
5 0.168 0.879 0.024 0.022 0.166 0.868 0.164 0.87 0.162 0.87 0.16 0.872 0.158 0.872 0.156 0.874 0.156 0.878 0.158 0.88 0.158 0.884 0.162 0.888 0.17 0.888 0.172 0.886 0.174 0.886 0.178 0.882 0.178 0.876 0.176 0.874 0.176 0.872 0.174 0.87 0.174 0.868
5 0.593 0.989 0.026 0.022 0.594 0.978 0.592 0.98 0.59 0.98 0.588 0.982 0.586 0.982 0.58 0.988 0.58 0.99 0.582 0.992 0.582 0.996 0.584 0.998 0.602 0.998 0.602 0.996 0.604 0.994 0.604 0.984 0.602 0.982 0.602 0.98 0.6 0.98 0.598 0.978
4 0.187 0.813 0.018 0.018 0.184 0.804 0.178 0.81 0.178 0.814 0.184 0.82 0.192 0.82 0.194 0.818 0.194 0.808 0.192 0.806 0.192 0.804
1 0.268 0.472 0.164 0.116 0.252 0.414 0.25 0.416 0.248 0.416 0.246 0.418 0.242 0.418 0.24 0.42 0.238 0.42 0.234 0.424 0.232 0.424 0.23 0.426 0.228 0.426 0.226 0.428 0.224 0.428 0.222 0.43 0.22 0.43 0.218 0.432 0.216 0.432 0.214 0.434 0.212 0.434 0.208 0.438 0.206 0.438 0.204 0.44 0.2 0.44 0.198 0.442 0.196 0.442 0.194 0.444 0.192 0.444 0.188 0.448 0.186 0.448 0.186 0.452 0.188 0.454 0.188 0.456 0.19 0.458 0.19 0.46 0.192 0.462 0.192 0.464 0.194 0.466 0.194 0.468 0.196 0.47 0.196 0.472 0.2 0.476 0.2 0.478 0.202 0.48 0.202 0.482 0.204 0.484 0.204 0.486 0.206 0.488 0.206 0.49 0.208 0.492 0.208 0.494 0.21 0.496 0.21 0.498 0.212 0.5 0.212 0.502 0.214 0.504 0.214 0.506 0.218 0.51 0.218 0.512 0.22 0.514 0.22 0.516 0.222 0.518 0.222 0.52 0.224 0.522 0.224 0.524 0.228 0.528 0.232 0.528 0.234 0.526 0.236 0.526 0.24 0.522 0.242 0.522 0.244 0.52 0.246 0.52 0.248 0.518 0.252 0.518 0.256 0.514 0.258 0.514 0.26 0.512 0.262 0.512 0.264 0.51 0.266 0.51 0.268 0.508 0.27 0.508 0.272 0.506 0.274 0.506 0.276 0.504 0.278 0.504 0.28 0.502 0.282 0.502 0.284 0.5 0.286 0.5 0.288 0.498 0.29 0.498 0.294 0.494 0.296 0.494 0.298 0.492 0.3 0.492 0.302 0.49 0.304 0.49 0.306 0.488 0.308 0.488 0.31 0.486 0.312 0.486 0.314 0.484 0.316 0.484 0.318 0.482 0.32 0.482 0.322 0.48 0.324 0.48 0.326 0.478 0.328 0.478 0.33 0.476 0.332 0.476 0.336 0.472 0.338 0.472 0.34 0.47 0.342 0.47 0.344 0.468 0.346 0.468 0.348 0.466 0.348 0.462 0.346 0.46 0.346 0.458 0.344 0.456 0.344 0.454 0.342 0.452 0.342 0.45 0.34 0.448 0.34 0.446 0.338 0.444 0.338 0.442 0.336 0.44 0.336 0.438 0.334 0.436 0.334 0.434 0.332 0.432 0.332 0.43 0.33 0.428 0.33 0.426 0.328 0.424 0.328 0.422 0.324 0.418 0.324 0.416 0.322 0.414 0.318 0.414 0.316 0.416 0.314 0.416 0.312 0.418 0.31 0.418 0.306 0.422 0.304 0.422 0.302 0.424 0.3 0.424 0.298 0.426 0.296 0.426 0.294 0.428 0.292 0.428 0.29 0.43 0.288 0.43 0.286 0.432 0.284 0.432 0.282 0.434 0.28 0.434 0.278 0.436 0.276 0.436 0.274 0.438 0.272 0.438 0.27 0.44 0.266 0.436 0.266 0.434 0.262 0.43 0.262 0.428 0.26 0.426 0.26 0.422 0.258 0.42 0.258 0.418 0.256 0.416 0.256 0.414
7 0.913 0.706 0.01 0.012 0.91 0.7 0.908 0.702 0.908 0.708 0.91 0.708 0.912 0.71 0.914 0.71 0.916 0.708 0.916 0.7
7 0.153 0.746 0.01 0.012 0.15 0.74 0.148 0.742 0.148 0.748 0.15 0.75 0.154 0.75 0.156 0.748 0.156 0.742 0.154 0.74
7 0.124 0.817 0.008 0.01 0.12 0.812 0.12 0.818 0.122 0.82 0.124 0.818 0.126 0.818 0.126 0.816 0.124 0.814 0.124 0.812
7 0.156 0.857 0.016 0.026 0.15 0.844 0.148 0.846 0.148 0.856 0.15 0.858 0.15 0.86 0.154 0.864 0.154 0.866 0.156 0.868 0.162 0.868 0.162 0.856 0.16 0.854 0.16 0.852 0.152 0.844
4 0.672 0.157 0.024 0.022 0.668 0.146 0.666 0.148 0.664 0.148 0.662 0.15 0.66 0.15 0.66 0.154 0.666 0.16 0.666 0.162 0.67 0.166 0.672 0.164 0.674 0.164 0.676 0.162 0.678 0.162 0.682 0.158 0.682 0.156 0.68 0.154 0.68 0.15 0.676 0.146
4 0.266 0.275 0.024 0.03 0.262 0.26 0.26 0.262 0.258 0.262 0.254 0.266 0.254 0.27 0.256 0.272 0.256 0.276 0.258 0.278 0.258 0.282 0.26 0.284 0.26 0.286 0.262 0.286 0.264 0.288 0.27 0.288 0.272 0.286 0.274 0.286 0.274 0.284 0.276 0.282 0.276 0.278 0.274 0.276 0.274 0.272 0.272 0.27 0.272 0.266 0.27 0.264 0.27 0.262 0.268 0.262 0.266 0.26
4 0.005 0.43 0.01 0.032 0.0 0.414 0.0 0.444 0.002 0.442 0.004 0.442 0.008 0.438 0.008 0.428 0.006 0.426 0.006 0.424 0.004 0.422 0.004 0.42 0.0 0.416
4 0.204 0.528 0.04 0.036 0.204 0.51 0.202 0.512 0.198 0.512 0.196 0.514 0.194 0.514 0.192 0.516 0.19 0.516 0.188 0.518 0.186 0.518 0.184 0.52 0.184 0.524 0.186 0.526 0.186 0.528 0.188 0.53 0.188 0.534 0.19 0.536 0.19 0.538 0.192 0.54 0.192 0.542 0.194 0.544 0.204 0.544 0.206 0.542 0.208 0.542 0.21 0.54 0.212 0.54 0.216 0.536 0.218 0.536 0.222 0.532 0.222 0.524 0.22 0.522 0.22 0.52 0.212 0.512 0.21 0.512 0.208 0.51
