4 0.265 0.242 0.018 0.024 0.256 0.23 0.256 0.25 0.258 0.252 0.268 0.252 0.27 0.25 0.272 0.25 0.272 0.232 0.27 0.23
5 0.572 0.375 0.02 0.018 0.566 0.366 0.564 0.368 0.564 0.37 0.562 0.372 0.562 0.38 0.564 0.382 0.576 0.382 0.578 0.38 0.58 0.38 0.58 0.368 0.578 0.366
4 0.188 0.149 0.02 0.03 0.18 0.134 0.178 0.136 0.178 0.148 0.18 0.15 0.18 0.16 0.182 0.162 0.188 0.162 0.19 0.16 0.194 0.16 0.196 0.158 0.196 0.148 0.194 0.146 0.194 0.138 0.192 0.136 0.192 0.134
4 0.325 0.231 0.022 0.026 0.318 0.218 0.314 0.222 0.314 0.236 0.316 0.238 0.316 0.24 0.318 0.242 0.326 0.242 0.328 0.24 0.332 0.24 0.332 0.238 0.334 0.236 0.334 0.23 0.332 0.228 0.332 0.22 0.33 0.218
4 0.142 0.262 0.02 0.024 0.136 0.25 0.134 0.252 0.132 0.252 0.132 0.268 0.134 0.27 0.134 0.272 0.144 0.272 0.146 0.27 0.15 0.27 0.15 0.258 0.148 0.256 0.148 0.25
4 0.666 0.4 0.016 0.016 0.66 0.392 0.658 0.394 0.658 0.402 0.662 0.406 0.668 0.406 0.672 0.402 0.672 0.396 0.668 0.392
7 0.888 0.992 0.04 0.016 0.906 0.992 0.906 0.996 0.904 0.998 0.906 0.998
5 0.312 0.729 0.012 0.014 0.314 0.722 0.31 0.726 0.308 0.726 0.306 0.728 0.306 0.73 0.308 0.732 0.308 0.734 0.31 0.734 0.312 0.732 0.316 0.732 0.316 0.728 0.314 0.726
4 0.308 0.128 0.02 0.028 0.306 0.114 0.304 0.116 0.3 0.116 0.298 0.118 0.298 0.132 0.3 0.134 0.3 0.14 0.314 0.14 0.316 0.138 0.316 0.126 0.314 0.124 0.314 0.118 0.31 0.114
4 0.209 0.144 0.022 0.032 0.202 0.128 0.198 0.132 0.198 0.148 0.2 0.15 0.2 0.158 0.214 0.158 0.216 0.156 0.216 0.154 0.218 0.152 0.218 0.142 0.216 0.14 0.216 0.136 0.214 0.134 0.214 0.132 0.21 0.128
