7 0.768 0.654 0.012 0.012 0.766 0.648 0.762 0.652 0.762 0.654 0.766 0.658 0.772 0.658 0.772 0.65 0.77 0.648
7 0.82 0.704 0.012 0.012 0.816 0.698 0.814 0.7 0.814 0.704 0.818 0.708 0.822 0.708 0.822 0.706 0.824 0.704 0.824 0.7 0.822 0.698
7 0.718 0.635 0.012 0.014 0.716 0.628 0.714 0.63 0.712 0.63 0.712 0.638 0.714 0.64 0.716 0.64 0.722 0.634 0.72 0.632 0.72 0.63 0.718 0.63
7 0.759 0.776 0.022 0.02 0.758 0.766 0.756 0.768 0.754 0.768 0.748 0.774 0.748 0.778 0.754 0.784 0.76 0.784 0.768 0.776 0.768 0.77 0.766 0.768 0.764 0.768 0.762 0.766
7 0.55 0.799 0.02 0.018 0.546 0.79 0.54 0.796 0.54 0.8 0.544 0.804 0.548 0.804 0.55 0.806 0.552 0.804 0.554 0.804 0.558 0.8 0.558 0.794 0.556 0.792 0.554 0.792 0.552 0.79
5 0.689 0.755 0.034 0.034 0.684 0.738 0.676 0.746 0.676 0.748 0.674 0.75 0.674 0.752 0.672 0.754 0.672 0.756 0.684 0.768 0.686 0.768 0.688 0.77 0.692 0.77 0.698 0.764 0.698 0.762 0.702 0.758 0.702 0.756 0.704 0.754 0.702 0.752 0.702 0.75 0.69 0.738
5 0.673 0.787 0.022 0.026 0.67 0.774 0.662 0.782 0.662 0.792 0.666 0.796 0.668 0.796 0.67 0.798 0.672 0.798 0.674 0.796 0.676 0.796 0.68 0.792 0.68 0.79 0.682 0.788 0.682 0.782 0.676 0.776 0.674 0.776 0.672 0.774
7 0.629 0.871 0.01 0.01 0.624 0.866 0.624 0.874 0.632 0.874 0.632 0.866
5 0.511 0.899 0.018 0.018 0.506 0.89 0.504 0.892 0.504 0.894 0.502 0.896 0.502 0.9 0.508 0.906 0.514 0.906 0.516 0.904 0.516 0.902 0.518 0.9 0.518 0.896 0.514 0.892 0.512 0.892 0.51 0.89
7 0.509 0.857 0.01 0.01 0.508 0.852 0.506 0.854 0.504 0.854 0.504 0.858 0.506 0.86 0.51 0.86 0.512 0.858 0.512 0.854 0.51 0.854
5 0.484 0.995 0.02 0.01 0.48 0.99 0.474 0.996 0.474 0.998 0.492 0.998 0.484 0.99
4 0.231 0.103 0.03 0.026 0.226 0.09 0.224 0.092 0.22 0.092 0.216 0.096 0.216 0.106 0.218 0.108 0.218 0.112 0.22 0.114 0.236 0.114 0.238 0.112 0.24 0.112 0.244 0.108 0.244 0.104 0.242 0.102 0.242 0.094 0.238 0.09
4 0.243 0.187 0.03 0.03 0.24 0.172 0.238 0.174 0.232 0.174 0.228 0.178 0.228 0.192 0.23 0.194 0.23 0.198 0.232 0.2 0.242 0.2 0.244 0.198 0.25 0.198 0.252 0.196 0.254 0.196 0.256 0.194 0.256 0.178 0.254 0.176 0.254 0.174 0.252 0.172
7 0.659 0.806 0.014 0.012 0.656 0.8 0.654 0.802 0.652 0.802 0.652 0.81 0.66 0.81 0.664 0.806 0.664 0.802 0.662 0.8
0 0.503 0.941 0.122 0.11 0.454 0.886 0.444 0.896 0.444 0.898 0.442 0.9 0.442 0.906 0.444 0.908 0.444 0.91 0.464 0.93 0.466 0.93 0.482 0.946 0.484 0.946 0.5 0.962 0.502 0.962 0.514 0.974 0.516 0.974 0.528 0.986 0.53 0.986 0.538 0.994 0.544 0.994 0.546 0.992 0.548 0.992 0.548 0.99 0.56 0.978 0.56 0.976 0.562 0.974 0.562 0.968 0.56 0.968 0.55 0.958 0.548 0.958 0.534 0.944 0.534 0.942 0.532 0.94 0.532 0.938 0.53 0.938 0.524 0.932 0.522 0.932 0.52 0.93 0.518 0.93 0.516 0.928 0.514 0.928 0.502 0.916 0.5 0.916 0.482 0.898 0.48 0.898 0.478 0.896 0.476 0.896 0.472 0.892 0.468 0.892 0.466 0.89 0.464 0.89 0.462 0.888 0.46 0.888 0.458 0.886
7 0.61 0.763 0.012 0.01 0.606 0.758 0.606 0.76 0.604 0.762 0.604 0.764 0.606 0.766 0.612 0.766 0.614 0.764 0.614 0.762 0.612 0.76 0.612 0.758
7 0.653 0.838 0.01 0.008 0.648 0.834 0.648 0.84 0.654 0.84 0.656 0.838 0.656 0.836 0.654 0.834
7 0.525 0.814 0.01 0.008 0.52 0.81 0.52 0.816 0.524 0.816 0.528 0.812 0.526 0.81
