7 0.574 0.935 0.012 0.074 0.572 0.898 0.57 0.9 0.57 0.902 0.568 0.904 0.568 0.968 0.57 0.968 0.572 0.97 0.574 0.968 0.574 0.966 0.576 0.964 0.576 0.924 0.578 0.922 0.576 0.92 0.576 0.918 0.578 0.916 0.578 0.9 0.576 0.898
5 0.587 0.895 0.014 0.014 0.582 0.888 0.582 0.89 0.58 0.892 0.58 0.896 0.582 0.898 0.584 0.898 0.586 0.9 0.59 0.9 0.592 0.898 0.592 0.888
4 0.201 0.949 0.018 0.014 0.192 0.942 0.192 0.954 0.206 0.954 0.208 0.952 0.208 0.944 0.206 0.942
7 0.234 0.932 0.028 0.024 0.238 0.92 0.238 0.922 0.236 0.924 0.236 0.93 0.232 0.934 0.22 0.934 0.22 0.94 0.222 0.94 0.224 0.942 0.244 0.942 0.246 0.94 0.246 0.922 0.244 0.92
5 0.878 0.863 0.02 0.026 0.87 0.85 0.87 0.864 0.868 0.866 0.868 0.872 0.88 0.872 0.882 0.874 0.886 0.874 0.886 0.85
5 0.586 0.991 0.016 0.018 0.588 0.982 0.586 0.984 0.582 0.984 0.58 0.986 0.58 0.988 0.578 0.99 0.578 0.998 0.592 0.998 0.592 0.988 0.59 0.986 0.59 0.982
4 0.328 0.43 0.02 0.024 0.32 0.418 0.32 0.428 0.318 0.43 0.318 0.436 0.322 0.44 0.334 0.44 0.336 0.438 0.336 0.422 0.332 0.418
7 0.245 0.255 0.058 0.026 0.218 0.242 0.218 0.246 0.216 0.248 0.216 0.258 0.22 0.262 0.226 0.262 0.228 0.264 0.256 0.264 0.258 0.266 0.27 0.266 0.272 0.264 0.272 0.244 0.262 0.244 0.26 0.242
4 0.178 0.694 0.024 0.02 0.168 0.684 0.166 0.686 0.166 0.698 0.17 0.702 0.188 0.702 0.188 0.686 0.178 0.686 0.176 0.684
7 0.467 0.989 0.014 0.022 0.462 0.978 0.462 0.98 0.46 0.982 0.462 0.984 0.462 0.986 0.46 0.988 0.46 0.998 0.472 0.998 0.472 0.978
4 0.173 0.77 0.026 0.02 0.164 0.76 0.16 0.764 0.16 0.776 0.162 0.776 0.164 0.778 0.182 0.778 0.182 0.776 0.184 0.774 0.184 0.762 0.172 0.762 0.17 0.76
5 0.27 0.847 0.02 0.018 0.262 0.838 0.262 0.84 0.26 0.842 0.262 0.844 0.26 0.846 0.26 0.852 0.262 0.854 0.276 0.854 0.276 0.848 0.278 0.846 0.278 0.842 0.276 0.84 0.276 0.838
5 0.232 0.664 0.02 0.02 0.224 0.654 0.224 0.656 0.222 0.658 0.222 0.668 0.224 0.67 0.23 0.67 0.232 0.672 0.234 0.67 0.238 0.67 0.24 0.668 0.24 0.656 0.238 0.654
7 0.389 0.986 0.014 0.012 0.382 0.98 0.382 0.988 0.384 0.99 0.392 0.99 0.394 0.988 0.394 0.982 0.392 0.98
