4 0.513 0.959 0.014 0.014 0.516 0.952 0.514 0.954 0.51 0.954 0.508 0.956 0.506 0.956 0.506 0.958 0.508 0.96 0.508 0.964 0.51 0.962 0.514 0.962 0.516 0.96 0.518 0.96 0.518 0.958 0.516 0.956
5 0.564 0.959 0.016 0.026 0.556 0.946 0.556 0.948 0.558 0.95 0.558 0.958 0.56 0.96 0.56 0.97 0.568 0.97 0.57 0.968 0.57 0.958 0.568 0.956 0.568 0.948 0.56 0.948 0.558 0.946
7 0.55 0.852 0.02 0.02 0.548 0.842 0.546 0.844 0.544 0.844 0.542 0.846 0.542 0.854 0.54 0.856 0.54 0.858 0.544 0.858 0.546 0.86 0.548 0.86 0.55 0.858 0.55 0.856 0.558 0.848 0.558 0.842
4 0.396 0.478 0.012 0.012 0.394 0.472 0.392 0.474 0.39 0.474 0.39 0.48 0.392 0.482 0.398 0.482 0.4 0.48 0.4 0.474 0.398 0.474 0.396 0.472
7 0.692 0.883 0.02 0.018 0.692 0.874 0.69 0.876 0.684 0.876 0.684 0.878 0.682 0.88 0.682 0.888 0.684 0.89 0.698 0.89 0.7 0.888 0.7 0.876 0.698 0.874
5 0.539 0.871 0.022 0.018 0.536 0.862 0.534 0.864 0.532 0.864 0.53 0.866 0.528 0.866 0.528 0.876 0.53 0.878 0.54 0.878 0.542 0.876 0.544 0.876 0.548 0.872 0.548 0.862
7 0.743 0.858 0.026 0.024 0.738 0.846 0.736 0.848 0.732 0.848 0.732 0.85 0.73 0.852 0.73 0.856 0.732 0.858 0.732 0.864 0.734 0.866 0.734 0.868 0.744 0.868 0.746 0.866 0.752 0.866 0.754 0.864 0.754 0.848 0.752 0.846
7 0.773 0.857 0.026 0.026 0.772 0.844 0.77 0.846 0.76 0.846 0.76 0.856 0.762 0.858 0.762 0.86 0.764 0.862 0.764 0.864 0.768 0.868 0.776 0.868 0.778 0.866 0.782 0.866 0.784 0.864 0.784 0.858 0.782 0.856 0.782 0.854 0.78 0.852 0.78 0.848 0.778 0.846 0.776 0.846 0.774 0.844
5 0.455 0.493 0.038 0.026 0.456 0.48 0.454 0.482 0.45 0.482 0.448 0.484 0.444 0.484 0.442 0.486 0.44 0.486 0.436 0.49 0.438 0.492 0.438 0.498 0.44 0.5 0.44 0.502 0.442 0.504 0.452 0.504 0.454 0.502 0.464 0.502 0.466 0.5 0.47 0.5 0.47 0.496 0.472 0.494 0.472 0.488 0.47 0.486 0.47 0.482 0.468 0.48
5 0.42 0.387 0.016 0.018 0.418 0.378 0.416 0.38 0.412 0.38 0.412 0.386 0.414 0.388 0.414 0.392 0.416 0.394 0.422 0.394 0.424 0.392 0.426 0.392 0.426 0.378
