4 0.6940000000000001 0.125 0.02 0.026000000000000002 0.69 0.112 0.69 0.113 0.689 0.114 0.688 0.114 0.688 0.115 0.687 0.116 0.686 0.116 0.686 0.123 0.685 0.124 0.684 0.124 0.684 0.133 0.685 0.133 0.686 0.134 0.686 0.135 0.691 0.135 0.692 0.136 0.692 0.137 0.699 0.137 0.699 0.136 0.7 0.135 0.701 0.135 0.701 0.132 0.702 0.131 0.703 0.131 0.703 0.114 0.702 0.114 0.701 0.113 0.701 0.112
5 0.022 0.483 0.02 0.03 0.02 0.468 0.02 0.469 0.019 0.47 0.018 0.47 0.018 0.471 0.017 0.472 0.016 0.472 0.016 0.477 0.015 0.478 0.014 0.478 0.014 0.489 0.013 0.49 0.012 0.49 0.012 0.491 0.013 0.491 0.014 0.492 0.014 0.495 0.015 0.495 0.016 0.496 0.016 0.497 0.023 0.497 0.023 0.496 0.024 0.495 0.027 0.495 0.027 0.492 0.028 0.491 0.029 0.491 0.029 0.486 0.03 0.485 0.031 0.485 0.031 0.472 0.03 0.472 0.029 0.471 0.029 0.47 0.024 0.47 0.023 0.469 0.023 0.468
7 0.587 0.008 0.022 0.016 0.576 0.0 0.576 0.009 0.577 0.009 0.578 0.01 0.578 0.011 0.581 0.011 0.582 0.012 0.582 0.013 0.587 0.013 0.588 0.014 0.588 0.015 0.591 0.015 0.591 0.014 0.592 0.013 0.593 0.013 0.593 0.012 0.594 0.011 0.595 0.011 0.595 0.006 0.596 0.005 0.597 0.005 0.597 0.0
1 0.245 0.177 0.078 0.046 0.21 0.154 0.21 0.155 0.209 0.156 0.208 0.156 0.208 0.167 0.207 0.168 0.206 0.168 0.206 0.187 0.211 0.187 0.212 0.188 0.212 0.189 0.225 0.189 0.226 0.19 0.226 0.191 0.233 0.191 0.234 0.192 0.234 0.193 0.243 0.193 0.244 0.194 0.244 0.195 0.253 0.195 0.254 0.196 0.254 0.197 0.269 0.197 0.27 0.198 0.27 0.199 0.277 0.199 0.277 0.198 0.278 0.197 0.279 0.197 0.279 0.194 0.28 0.193 0.281 0.193 0.281 0.182 0.282 0.181 0.283 0.181 0.283 0.166 0.28 0.166 0.279 0.165 0.279 0.164 0.266 0.164 0.265 0.163 0.265 0.162 0.256 0.162 0.255 0.161 0.255 0.16 0.25 0.16 0.25 0.161 0.249 0.162 0.248 0.162 0.247 0.161 0.247 0.16 0.244 0.16 0.243 0.159 0.243 0.158 0.228 0.158 0.227 0.157 0.227 0.156 0.222 0.156 0.221 0.155 0.221 0.154
1 0.612 0.12 0.276 0.16 0.488 0.04 0.488 0.055 0.487 0.056 0.486 0.056 0.486 0.075 0.485 0.076 0.484 0.076 0.484 0.085 0.483 0.086 0.482 0.086 0.482 0.095 0.481 0.096 0.48 0.096 0.48 0.107 0.479 0.108 0.478 0.108 0.478 0.121 0.477 0.122 0.476 0.122 0.476 0.141 0.475 0.142 0.474 0.142 0.474 0.155 0.475 0.155 0.476 0.156 0.476 0.157 0.481 0.157 0.482 0.158 0.482 0.159 0.491 0.159 0.492 0.16 0.492 0.161 0.499 0.161 0.5 0.162 0.5 0.163 0.511 0.163 0.512 0.164 0.512 0.165 0.523 0.165 0.524 0.166 0.524 0.167 0.533 0.167 0.534 0.168 0.534 0.169 0.545 0.169 0.546 0.17 0.546 0.171 0.557 0.171 0.558 0.172 0.558 0.173 0.569 0.173 0.57 0.174 0.57 0.175 0.577 0.175 0.578 0.176 0.578 0.177 0.587 0.177 0.588 0.178 0.588 0.179 0.599 0.179 0.6 0.18 0.6 0.181 0.609 0.181 0.61 0.182 0.61 0.183 0.621 0.183 0.622 0.184 0.622 0.185 0.633 0.185 0.634 0.186 0.634 0.187 0.647 0.187 0.648 0.188 0.648 0.189 0.659 0.189 0.66 0.19 0.66 0.191 0.669 0.191 0.67 0.192 0.67 0.193 0.683 0.193 0.684 0.194 0.684 0.195 0.695 0.195 0.696 0.196 0.696 0.197 0.709 0.197 0.71 0.198 0.71 0.199 0.729 0.199 0.729 0.198 0.73 0.197 0.731 0.197 0.731 0.192 0.732 0.191 0.733 0.191 0.733 0.176 0.734 0.175 0.735 0.175 0.735 0.168 0.736 0.167 0.737 0.167 0.737 0.16 0.738 0.159 0.739 0.159 0.739 0.144 0.74 0.143 0.741 0.143 0.741 0.13 0.742 0.129 0.743 0.129 0.743 0.12 0.744 0.119 0.745 0.119 0.745 0.112 0.746 0.111 0.747 0.111 0.747 0.098 0.748 0.097 0.749 0.097 0.749 0.082 0.748 0.082 0.747 0.081 0.747 0.08 0.746 0.08 0.745 0.079 0.745 0.078 0.734 0.078 0.733 0.077 0.733 0.076 0.722 0.076 0.721 0.075 0.721 0.074 0.708 0.074 0.707 0.073 0.707 0.072 0.698 0.072 0.697 0.071 0.697 0.07 0.682 0.07 0.681 0.069 0.681 0.068 0.672 0.068 0.671 0.067 0.671 0.066 0.66 0.066 0.659 0.065 0.659 0.064 0.648 0.064 0.647 0.063 0.647 0.062 0.632 0.062 0.631 0.061 0.631 0.06 0.622 0.06 0.621 0.059 0.621 0.058 0.61 0.058 0.609 0.057 0.609 0.056 0.598 0.056 0.597 0.055 0.597 0.054 0.584 0.054 0.583 0.053 0.583 0.052 0.572 0.052 0.571 0.051 0.571 0.05 0.556 0.05 0.555 0.049 0.555 0.048 0.546 0.048 0.545 0.047 0.545 0.046 0.532 0.046 0.531 0.045 0.531 0.044 0.52 0.044 0.519 0.043 0.519 0.042 0.508 0.042 0.507 0.041 0.507 0.04
1 0.357 0.021 0.046 0.042 0.338 0.0 0.338 0.005 0.337 0.006 0.336 0.006 0.336 0.015 0.335 0.016 0.334 0.016 0.334 0.031 0.335 0.031 0.336 0.032 0.336 0.033 0.339 0.033 0.34 0.034 0.34 0.035 0.349 0.035 0.35 0.036 0.35 0.037 0.355 0.037 0.356 0.038 0.356 0.039 0.363 0.039 0.364 0.04 0.364 0.041 0.371 0.041 0.371 0.04 0.372 0.039 0.373 0.039 0.373 0.034 0.374 0.033 0.375 0.033 0.375 0.026 0.376 0.025 0.377 0.025 0.377 0.012 0.378 0.011 0.379 0.011 0.379 0.0
5 0.621 0.007 0.018000000000000002 0.014 0.612 0.0 0.612 0.009 0.613 0.009 0.614 0.01 0.614 0.011 0.615 0.011 0.616 0.012 0.616 0.013 0.625 0.013 0.625 0.012 0.626 0.011 0.627 0.011 0.627 0.006 0.628 0.005 0.629 0.005 0.629 0.0
7 0.625 0.038 0.014 0.012 0.622 0.032 0.622 0.033 0.621 0.034 0.62 0.034 0.62 0.035 0.619 0.036 0.618 0.036 0.618 0.039 0.619 0.039 0.62 0.04 0.62 0.041 0.621 0.041 0.622 0.042 0.622 0.043 0.627 0.043 0.627 0.042 0.628 0.041 0.631 0.041 0.631 0.034 0.628 0.034 0.627 0.033 0.627 0.032
7 0.46900000000000003 0.526 0.01 0.012 0.466 0.52 0.466 0.521 0.465 0.522 0.464 0.522 0.464 0.527 0.465 0.527 0.466 0.528 0.466 0.531 0.473 0.531 0.473 0.52
7 0.419 0.465 0.014 0.014 0.414 0.458 0.414 0.459 0.413 0.46 0.412 0.46 0.412 0.467 0.413 0.467 0.414 0.468 0.414 0.469 0.415 0.469 0.416 0.47 0.416 0.471 0.423 0.471 0.423 0.468 0.424 0.467 0.425 0.467 0.425 0.462 0.424 0.462 0.423 0.461 0.423 0.46 0.422 0.46 0.421 0.459 0.421 0.458
5 0.492 0.5750000000000001 0.024 0.034 0.486 0.558 0.486 0.559 0.485 0.56 0.482 0.56 0.482 0.567 0.481 0.568 0.48 0.568 0.48 0.589 0.481 0.589 0.482 0.59 0.482 0.591 0.499 0.591 0.499 0.59 0.5 0.589 0.501 0.589 0.501 0.584 0.502 0.583 0.503 0.583 0.503 0.562 0.502 0.562 0.501 0.561 0.501 0.56 0.494 0.56 0.493 0.559 0.493 0.558
4 0.612 0.111 0.02 0.03 0.606 0.096 0.606 0.103 0.605 0.104 0.604 0.104 0.604 0.117 0.603 0.118 0.602 0.118 0.602 0.125 0.619 0.125 0.619 0.112 0.62 0.111 0.621 0.111 0.621 0.098 0.614 0.098 0.613 0.097 0.613 0.096
3 0.065 0.53 0.13 0.244 0.034 0.408 0.034 0.411 0.033 0.412 0.032 0.412 0.032 0.419 0.031 0.42 0.03 0.42 0.03 0.429 0.029 0.43 0.028 0.43 0.028 0.437 0.027 0.438 0.026 0.438 0.026 0.445 0.025 0.446 0.024 0.446 0.024 0.455 0.023 0.456 0.022 0.456 0.022 0.463 0.021 0.464 0.02 0.464 0.02 0.467 0.023 0.467 0.024 0.468 0.024 0.469 0.029 0.469 0.03 0.47 0.03 0.471 0.033 0.471 0.034 0.472 0.034 0.475 0.033 0.476 0.032 0.476 0.032 0.485 0.031 0.486 0.03 0.486 0.03 0.493 0.029 0.494 0.028 0.494 0.028 0.497 0.027 0.498 0.02 0.498 0.02 0.499 0.019 0.5 0.012 0.5 0.012 0.503 0.011 0.504 0.01 0.504 0.01 0.509 0.009 0.51 0.008 0.51 0.008 0.515 0.007 0.516 0.006 0.516 0.006 0.531 0.005 0.532 0.004 0.532 0.004 0.561 0.003 0.562 0.002 0.562 0.002 0.589 0.001 0.59 0.0 0.59 0.0 0.633 0.003 0.633 0.004 0.634 0.004 0.635 0.013 0.635 0.014 0.636 0.014 0.637 0.023 0.637 0.024 0.638 0.024 0.639 0.033 0.639 0.034 0.64 0.034 0.641 0.043 0.641 0.044 0.642 0.044 0.643 0.053 0.643 0.054 0.644 0.054 0.645 0.065 0.645 0.066 0.646 0.066 0.647 0.075 0.647 0.076 0.648 0.076 0.649 0.085 0.649 0.086 0.65 0.086 0.651 0.091 0.651 0.091 0.646 0.092 0.645 0.093 0.645 0.093 0.634 0.094 0.633 0.095 0.633 0.095 0.622 0.096 0.621 0.097 0.621 0.097 0.61 0.098 0.609 0.099 0.609 0.099 0.598 0.1 0.597 0.101 0.597 0.101 0.586 0.102 0.585 0.103 0.585 0.103 0.574 0.104 0.573 0.105 0.573 0.105 0.562 0.106 0.561 0.107 0.561 0.107 0.55 0.108 0.549 0.109 0.549 0.109 0.536 0.11 0.535 0.111 0.535 0.111 0.526 0.112 0.525 0.113 0.525 0.113 0.514 0.114 0.513 0.115 0.513 0.115 0.502 0.116 0.501 0.117 0.501 0.117 0.49 0.118 0.489 0.119 0.489 0.119 0.478 0.12 0.477 0.121 0.477 0.121 0.466 0.122 0.465 0.123 0.465 0.123 0.454 0.124 0.453 0.125 0.453 0.125 0.442 0.126 0.441 0.127 0.441 0.127 0.43 0.128 0.429 0.129 0.429 0.129 0.424 0.124 0.424 0.123 0.423 0.123 0.422 0.11 0.422 0.109 0.421 0.109 0.42 0.098 0.42 0.097 0.419 0.097 0.418 0.084 0.418 0.083 0.417 0.083 0.416 0.072 0.416 0.071 0.415 0.071 0.414 0.06 0.414 0.059 0.413 0.059 0.412 0.046 0.412 0.045 0.411 0.045 0.41 0.038 0.41 0.037 0.409 0.037 0.408
1 0.981 0.677 0.03 0.11800000000000001 0.99 0.622 0.99 0.629 0.989 0.63 0.988 0.63 0.988 0.639 0.987 0.64 0.986 0.64 0.986 0.647 0.985 0.648 0.984 0.648 0.984 0.655 0.983 0.656 0.982 0.656 0.982 0.665 0.981 0.666 0.98 0.666 0.98 0.673 0.979 0.674 0.978 0.674 0.978 0.681 0.977 0.682 0.976 0.682 0.976 0.691 0.975 0.692 0.974 0.692 0.974 0.699 0.973 0.7 0.972 0.7 0.972 0.707 0.971 0.708 0.97 0.708 0.97 0.717 0.969 0.718 0.968 0.718 0.968 0.725 0.967 0.726 0.966 0.726 0.966 0.729 0.971 0.729 0.972 0.73 0.972 0.731 0.981 0.731 0.982 0.732 0.982 0.733 0.991 0.733 0.992 0.734 0.992 0.735 0.995 0.735 0.995 0.706 0.994 0.706 0.993 0.705 0.993 0.648 0.992 0.648 0.991 0.647 0.991 0.622
7 0.465 0.502 0.018000000000000002 0.016 0.464 0.494 0.464 0.495 0.463 0.496 0.456 0.496 0.456 0.505 0.457 0.505 0.458 0.506 0.458 0.507 0.465 0.507 0.466 0.508 0.466 0.509 0.467 0.509 0.467 0.508 0.468 0.507 0.471 0.507 0.471 0.506 0.472 0.505 0.473 0.505 0.473 0.496 0.472 0.496 0.471 0.495 0.471 0.494
7 0.548 0.514 0.02 0.024 0.542 0.502 0.542 0.503 0.541 0.504 0.54 0.504 0.54 0.515 0.539 0.516 0.538 0.516 0.538 0.519 0.539 0.519 0.54 0.52 0.54 0.523 0.545 0.523 0.546 0.524 0.546 0.525 0.549 0.525 0.549 0.524 0.55 0.523 0.555 0.523 0.555 0.522 0.556 0.521 0.557 0.521 0.557 0.506 0.556 0.506 0.555 0.505 0.555 0.504 0.554 0.504 0.553 0.503 0.553 0.502
