3 0.977 0.749 0.026000000000000002 0.038 0.97 0.73 0.97 0.731 0.969 0.732 0.966 0.732 0.966 0.733 0.965 0.734 0.964 0.734 0.964 0.745 0.965 0.745 0.966 0.746 0.966 0.761 0.967 0.761 0.968 0.762 0.968 0.767 0.987 0.767 0.987 0.766 0.988 0.765 0.989 0.765 0.989 0.74 0.988 0.74 0.987 0.739 0.987 0.734 0.986 0.734 0.985 0.733 0.985 0.732 0.984 0.732 0.983 0.731 0.983 0.73
4 0.9490000000000001 0.904 0.018000000000000002 0.024 0.944 0.892 0.944 0.893 0.943 0.894 0.94 0.894 0.94 0.913 0.941 0.913 0.942 0.914 0.942 0.915 0.955 0.915 0.955 0.914 0.956 0.913 0.957 0.913 0.957 0.896 0.956 0.896 0.955 0.895 0.955 0.894 0.954 0.894 0.953 0.893 0.953 0.892
3 0.536 0.787 0.032 0.034 0.526 0.77 0.526 0.771 0.525 0.772 0.52 0.772 0.52 0.799 0.521 0.799 0.522 0.8 0.522 0.801 0.523 0.801 0.524 0.802 0.524 0.803 0.545 0.803 0.545 0.802 0.546 0.801 0.549 0.801 0.549 0.8 0.55 0.799 0.551 0.799 0.551 0.778 0.55 0.778 0.549 0.777 0.549 0.772 0.548 0.772 0.547 0.771 0.547 0.77
3 0.47900000000000004 0.793 0.034 0.034 0.47 0.776 0.47 0.777 0.469 0.778 0.464 0.778 0.464 0.779 0.463 0.78 0.462 0.78 0.462 0.791 0.463 0.791 0.464 0.792 0.464 0.807 0.467 0.807 0.468 0.808 0.468 0.809 0.485 0.809 0.485 0.808 0.486 0.807 0.491 0.807 0.491 0.806 0.492 0.805 0.493 0.805 0.493 0.804 0.494 0.803 0.495 0.803 0.495 0.792 0.494 0.792 0.493 0.791 0.493 0.776
3 0.836 0.766 0.028 0.032 0.832 0.75 0.832 0.751 0.831 0.752 0.826 0.752 0.826 0.753 0.825 0.754 0.824 0.754 0.824 0.755 0.823 0.756 0.822 0.756 0.822 0.761 0.823 0.761 0.824 0.762 0.824 0.779 0.825 0.779 0.826 0.78 0.826 0.781 0.845 0.781 0.845 0.78 0.846 0.779 0.849 0.779 0.849 0.76 0.848 0.76 0.847 0.759 0.847 0.752 0.846 0.752 0.845 0.751 0.845 0.75
3 0.78 0.77 0.028 0.036000000000000004 0.776 0.752 0.776 0.753 0.775 0.754 0.77 0.754 0.77 0.755 0.769 0.756 0.768 0.756 0.768 0.757 0.767 0.758 0.766 0.758 0.766 0.783 0.767 0.783 0.768 0.784 0.768 0.785 0.769 0.785 0.77 0.786 0.77 0.787 0.789 0.787 0.789 0.786 0.79 0.785 0.793 0.785 0.793 0.764 0.792 0.764 0.791 0.763 0.791 0.756 0.79 0.756 0.789 0.755 0.789 0.754 0.786 0.754 0.785 0.753 0.785 0.752
4 0.47000000000000003 0.861 0.016 0.022 0.464 0.85 0.464 0.851 0.463 0.852 0.462 0.852 0.462 0.865 0.463 0.865 0.464 0.866 0.464 0.869 0.465 0.869 0.466 0.87 0.466 0.871 0.473 0.871 0.473 0.87 0.474 0.869 0.475 0.869 0.475 0.868 0.476 0.867 0.477 0.867 0.477 0.852 0.476 0.852 0.475 0.851 0.475 0.85
3 0.934 0.759 0.032 0.026000000000000002 0.934 0.746 0.934 0.747 0.933 0.748 0.922 0.748 0.922 0.749 0.921 0.75 0.918 0.75 0.918 0.755 0.919 0.755 0.92 0.756 0.92 0.763 0.921 0.763 0.922 0.764 0.922 0.767 0.923 0.767 0.924 0.768 0.924 0.769 0.925 0.769 0.926 0.77 0.926 0.771 0.943 0.771 0.943 0.77 0.944 0.769 0.949 0.769 0.949 0.748 0.948 0.748 0.947 0.747 0.947 0.746
3 0.337 0.805 0.034 0.034 0.338 0.788 0.338 0.789 0.337 0.79 0.324 0.79 0.324 0.791 0.323 0.792 0.322 0.792 0.322 0.795 0.321 0.796 0.32 0.796 0.32 0.799 0.321 0.799 0.322 0.8 0.322 0.815 0.323 0.815 0.324 0.816 0.324 0.819 0.325 0.819 0.326 0.82 0.326 0.821 0.347 0.821 0.347 0.82 0.348 0.819 0.351 0.819 0.351 0.818 0.352 0.817 0.353 0.817 0.353 0.794 0.352 0.794 0.351 0.793 0.351 0.79 0.35 0.79 0.349 0.789 0.349 0.788
3 0.394 0.8 0.032 0.036000000000000004 0.402 0.782 0.402 0.783 0.401 0.784 0.38 0.784 0.38 0.785 0.379 0.786 0.378 0.786 0.378 0.805 0.379 0.805 0.38 0.806 0.38 0.815 0.383 0.815 0.384 0.816 0.384 0.817 0.397 0.817 0.397 0.816 0.398 0.815 0.405 0.815 0.405 0.814 0.406 0.813 0.409 0.813 0.409 0.786 0.408 0.786 0.407 0.785 0.407 0.784 0.406 0.784 0.405 0.783 0.405 0.782
1 0.383 0.966 0.134 0.068 0.416 0.932 0.416 0.933 0.415 0.934 0.398 0.934 0.398 0.935 0.397 0.936 0.396 0.936 0.396 0.943 0.397 0.943 0.398 0.944 0.398 0.949 0.397 0.95 0.396 0.95 0.396 0.957 0.397 0.957 0.398 0.958 0.398 0.971 0.397 0.972 0.394 0.972 0.393 0.971 0.393 0.97 0.37 0.97 0.369 0.969 0.369 0.966 0.368 0.966 0.367 0.965 0.367 0.948 0.368 0.947 0.369 0.947 0.369 0.944 0.368 0.944 0.367 0.943 0.367 0.942 0.35 0.942 0.35 0.943 0.349 0.944 0.33 0.944 0.33 0.945 0.329 0.946 0.322 0.946 0.322 0.947 0.321 0.948 0.318 0.948 0.318 0.949 0.317 0.95 0.316 0.95 0.316 0.981 0.317 0.981 0.318 0.982 0.318 0.999 0.447 0.999 0.447 0.998 0.448 0.997 0.449 0.997 0.449 0.972 0.448 0.972 0.447 0.971 0.447 0.962 0.446 0.962 0.445 0.961 0.445 0.954 0.444 0.954 0.443 0.953 0.443 0.944 0.442 0.944 0.441 0.943 0.441 0.94 0.44 0.94 0.439 0.939 0.439 0.938 0.434 0.938 0.433 0.937 0.433 0.936 0.432 0.936 0.431 0.935 0.431 0.934 0.428 0.934 0.427 0.933 0.427 0.932 0.422 0.932 0.422 0.933 0.421 0.934 0.418 0.934 0.417 0.933 0.417 0.932
4 0.683 0.021 0.03 0.03 0.68 0.006 0.68 0.007 0.679 0.008 0.678 0.008 0.678 0.009 0.677 0.01 0.676 0.01 0.676 0.011 0.675 0.012 0.674 0.012 0.674 0.013 0.673 0.014 0.67 0.014 0.67 0.017 0.669 0.018 0.668 0.018 0.668 0.023 0.669 0.023 0.67 0.024 0.67 0.027 0.671 0.027 0.672 0.028 0.672 0.029 0.673 0.029 0.674 0.03 0.674 0.031 0.675 0.031 0.676 0.032 0.676 0.033 0.679 0.033 0.68 0.034 0.68 0.035 0.685 0.035 0.685 0.034 0.686 0.033 0.689 0.033 0.689 0.032 0.69 0.031 0.691 0.031 0.691 0.03 0.692 0.029 0.693 0.029 0.693 0.028 0.694 0.027 0.695 0.027 0.695 0.026 0.696 0.025 0.697 0.025 0.697 0.02 0.696 0.02 0.695 0.019 0.695 0.016 0.692 0.016 0.691 0.015 0.691 0.014 0.69 0.014 0.689 0.013 0.689 0.012 0.688 0.012 0.687 0.011 0.687 0.01 0.686 0.01 0.685 0.009 0.685 0.008 0.682 0.008 0.681 0.007 0.681 0.006
7 0.98 0.922 0.02 0.024 0.984 0.91 0.984 0.911 0.983 0.912 0.974 0.912 0.974 0.913 0.973 0.914 0.972 0.914 0.972 0.915 0.971 0.916 0.97 0.916 0.97 0.929 0.971 0.929 0.972 0.93 0.972 0.931 0.973 0.931 0.974 0.932 0.974 0.933 0.981 0.933 0.981 0.932 0.982 0.931 0.985 0.931 0.985 0.93 0.986 0.929 0.987 0.929 0.987 0.928 0.988 0.927 0.989 0.927 0.989 0.912 0.988 0.912 0.987 0.911 0.987 0.91
4 0.188 0.125 0.024 0.022 0.184 0.114 0.184 0.115 0.183 0.116 0.182 0.116 0.182 0.117 0.181 0.118 0.18 0.118 0.18 0.119 0.179 0.12 0.178 0.12 0.178 0.121 0.177 0.122 0.176 0.122 0.176 0.131 0.177 0.131 0.178 0.132 0.178 0.133 0.181 0.133 0.182 0.134 0.182 0.135 0.189 0.135 0.189 0.134 0.19 0.133 0.191 0.133 0.191 0.132 0.192 0.131 0.193 0.131 0.193 0.13 0.194 0.129 0.195 0.129 0.195 0.128 0.196 0.127 0.197 0.127 0.197 0.124 0.198 0.123 0.199 0.123 0.199 0.122 0.198 0.122 0.197 0.121 0.197 0.116 0.196 0.116 0.195 0.115 0.195 0.114
4 0.09 0.309 0.016 0.014 0.084 0.302 0.084 0.305 0.083 0.306 0.082 0.306 0.082 0.309 0.083 0.309 0.084 0.31 0.084 0.313 0.085 0.313 0.086 0.314 0.086 0.315 0.097 0.315 0.097 0.306 0.096 0.306 0.095 0.305 0.095 0.304 0.094 0.304 0.093 0.303 0.093 0.302
4 0.542 0.444 0.024 0.024 0.538 0.432 0.538 0.433 0.537 0.434 0.536 0.434 0.536 0.435 0.535 0.436 0.534 0.436 0.534 0.437 0.533 0.438 0.532 0.438 0.532 0.441 0.531 0.442 0.53 0.442 0.53 0.447 0.531 0.447 0.532 0.448 0.532 0.451 0.533 0.451 0.534 0.452 0.534 0.453 0.537 0.453 0.538 0.454 0.538 0.455 0.541 0.455 0.541 0.454 0.542 0.453 0.545 0.453 0.545 0.452 0.546 0.451 0.547 0.451 0.547 0.45 0.548 0.449 0.549 0.449 0.549 0.448 0.55 0.447 0.551 0.447 0.551 0.444 0.552 0.443 0.553 0.443 0.553 0.442 0.552 0.442 0.551 0.441 0.551 0.438 0.55 0.438 0.549 0.437 0.549 0.436 0.548 0.436 0.547 0.435 0.547 0.434 0.546 0.434 0.545 0.433 0.545 0.432
4 0.435 0.587 0.026000000000000002 0.03 0.432 0.572 0.432 0.573 0.431 0.574 0.43 0.574 0.43 0.575 0.429 0.576 0.428 0.576 0.428 0.577 0.427 0.578 0.426 0.578 0.426 0.579 0.425 0.58 0.424 0.58 0.424 0.583 0.423 0.584 0.422 0.584 0.422 0.593 0.423 0.593 0.424 0.594 0.424 0.595 0.425 0.595 0.426 0.596 0.426 0.597 0.427 0.597 0.428 0.598 0.428 0.599 0.429 0.599 0.43 0.6 0.43 0.601 0.437 0.601 0.437 0.6 0.438 0.599 0.439 0.599 0.439 0.596 0.44 0.595 0.441 0.595 0.441 0.594 0.442 0.593 0.443 0.593 0.443 0.592 0.444 0.591 0.445 0.591 0.445 0.588 0.446 0.587 0.447 0.587 0.447 0.58 0.446 0.58 0.445 0.579 0.445 0.576 0.444 0.576 0.443 0.575 0.443 0.574 0.442 0.574 0.441 0.573 0.441 0.572
4 0.467 0.615 0.03 0.03 0.464 0.6 0.464 0.601 0.463 0.602 0.462 0.602 0.462 0.603 0.461 0.604 0.46 0.604 0.46 0.605 0.459 0.606 0.458 0.606 0.458 0.607 0.457 0.608 0.456 0.608 0.456 0.609 0.455 0.61 0.454 0.61 0.454 0.613 0.453 0.614 0.452 0.614 0.452 0.623 0.453 0.623 0.454 0.624 0.454 0.625 0.455 0.625 0.456 0.626 0.456 0.627 0.457 0.627 0.458 0.628 0.458 0.629 0.465 0.629 0.465 0.628 0.466 0.627 0.467 0.627 0.467 0.626 0.468 0.625 0.469 0.625 0.469 0.624 0.47 0.623 0.471 0.623 0.471 0.622 0.472 0.621 0.473 0.621 0.473 0.62 0.474 0.619 0.475 0.619 0.475 0.618 0.476 0.617 0.477 0.617 0.477 0.616 0.478 0.615 0.479 0.615 0.479 0.612 0.48 0.611 0.481 0.611 0.481 0.608 0.48 0.608 0.479 0.607 0.479 0.604 0.478 0.604 0.477 0.603 0.477 0.602 0.474 0.602 0.473 0.601 0.473 0.6
4 0.8300000000000001 0.915 0.024 0.026000000000000002 0.822 0.902 0.822 0.903 0.821 0.904 0.82 0.904 0.82 0.905 0.819 0.906 0.818 0.906 0.818 0.917 0.819 0.917 0.82 0.918 0.82 0.925 0.821 0.925 0.822 0.926 0.822 0.927 0.835 0.927 0.835 0.926 0.836 0.925 0.839 0.925 0.839 0.924 0.84 0.923 0.841 0.923 0.841 0.904 0.84 0.904 0.839 0.903 0.839 0.902
4 0.41600000000000004 0.865 0.02 0.022 0.41 0.854 0.41 0.855 0.409 0.856 0.408 0.856 0.408 0.857 0.407 0.858 0.406 0.858 0.406 0.867 0.407 0.867 0.408 0.868 0.408 0.873 0.409 0.873 0.41 0.874 0.41 0.875 0.421 0.875 0.421 0.874 0.422 0.873 0.423 0.873 0.423 0.872 0.424 0.871 0.425 0.871 0.425 0.86 0.424 0.86 0.423 0.859 0.423 0.856 0.422 0.856 0.421 0.855 0.421 0.854
4 0.858 0.834 0.016 0.02 0.856 0.824 0.856 0.825 0.855 0.826 0.852 0.826 0.852 0.827 0.851 0.828 0.85 0.828 0.85 0.839 0.851 0.839 0.852 0.84 0.852 0.843 0.863 0.843 0.863 0.84 0.864 0.839 0.865 0.839 0.865 0.828 0.864 0.828 0.863 0.827 0.863 0.826 0.86 0.826 0.859 0.825 0.859 0.824
4 0.16 0.313 0.016 0.014 0.156 0.306 0.156 0.309 0.155 0.31 0.154 0.31 0.154 0.313 0.153 0.314 0.152 0.314 0.152 0.315 0.153 0.315 0.154 0.316 0.154 0.317 0.155 0.317 0.156 0.318 0.156 0.319 0.163 0.319 0.163 0.318 0.164 0.317 0.165 0.317 0.165 0.316 0.166 0.315 0.167 0.315 0.167 0.308 0.166 0.308 0.165 0.307 0.165 0.306
5 0.381 0.881 0.018000000000000002 0.014 0.378 0.874 0.378 0.875 0.377 0.876 0.374 0.876 0.374 0.877 0.373 0.878 0.372 0.878 0.372 0.885 0.373 0.885 0.374 0.886 0.374 0.887 0.387 0.887 0.387 0.886 0.388 0.885 0.389 0.885 0.389 0.874
7 0.094 0.23500000000000001 0.024 0.018000000000000002 0.088 0.226 0.088 0.227 0.087 0.228 0.082 0.228 0.082 0.235 0.083 0.235 0.084 0.236 0.084 0.237 0.085 0.237 0.086 0.238 0.086 0.241 0.089 0.241 0.09 0.242 0.09 0.243 0.103 0.243 0.103 0.242 0.104 0.241 0.105 0.241 0.105 0.23 0.104 0.23 0.103 0.229 0.103 0.228 0.102 0.228 0.101 0.227 0.101 0.226
7 0.219 0.299 0.01 0.01 0.214 0.294 0.214 0.301 0.215 0.301 0.216 0.302 0.216 0.303 0.219 0.303 0.219 0.302 0.22 0.301 0.221 0.301 0.221 0.3 0.222 0.299 0.223 0.299 0.223 0.294
5 0.508 0.868 0.02 0.016 0.508 0.86 0.508 0.861 0.507 0.862 0.5 0.862 0.5 0.863 0.499 0.864 0.498 0.864 0.498 0.873 0.499 0.873 0.5 0.874 0.5 0.875 0.515 0.875 0.515 0.874 0.516 0.873 0.517 0.873 0.517 0.862 0.514 0.862 0.513 0.861 0.513 0.86
5 0.8190000000000001 0.846 0.022 0.016 0.81 0.838 0.81 0.841 0.809 0.842 0.808 0.842 0.808 0.847 0.809 0.847 0.81 0.848 0.81 0.851 0.811 0.851 0.812 0.852 0.812 0.853 0.825 0.853 0.825 0.852 0.826 0.851 0.829 0.851 0.829 0.84 0.828 0.84 0.827 0.839 0.827 0.838
5 0.9470000000000001 0.835 0.022 0.014 0.938 0.828 0.938 0.831 0.937 0.832 0.936 0.832 0.936 0.837 0.937 0.837 0.938 0.838 0.938 0.839 0.939 0.839 0.94 0.84 0.94 0.841 0.953 0.841 0.953 0.84 0.954 0.839 0.957 0.839 0.957 0.83 0.956 0.83 0.955 0.829 0.955 0.828
5 0.552 0.528 0.032 0.028 0.554 0.514 0.554 0.515 0.553 0.516 0.55 0.516 0.55 0.517 0.549 0.518 0.548 0.518 0.548 0.519 0.547 0.52 0.546 0.52 0.546 0.521 0.545 0.522 0.544 0.522 0.544 0.523 0.543 0.524 0.542 0.524 0.542 0.525 0.541 0.526 0.538 0.526 0.538 0.527 0.537 0.528 0.536 0.528 0.536 0.533 0.537 0.533 0.538 0.534 0.538 0.535 0.539 0.535 0.54 0.536 0.54 0.537 0.541 0.537 0.542 0.538 0.542 0.539 0.547 0.539 0.548 0.54 0.548 0.541 0.549 0.541 0.549 0.54 0.55 0.539 0.559 0.539 0.559 0.538 0.56 0.537 0.561 0.537 0.561 0.536 0.562 0.535 0.563 0.535 0.563 0.534 0.564 0.533 0.565 0.533 0.565 0.532 0.566 0.531 0.567 0.531 0.567 0.522 0.566 0.522 0.565 0.521 0.565 0.52 0.564 0.52 0.563 0.519 0.563 0.518 0.562 0.518 0.561 0.517 0.561 0.516 0.558 0.516 0.557 0.515 0.557 0.514
5 0.497 0.454 0.022 0.02 0.494 0.444 0.494 0.445 0.493 0.446 0.486 0.446 0.486 0.455 0.489 0.455 0.49 0.456 0.49 0.457 0.491 0.457 0.492 0.458 0.492 0.459 0.493 0.459 0.494 0.46 0.494 0.461 0.495 0.461 0.496 0.462 0.496 0.463 0.501 0.463 0.501 0.462 0.502 0.461 0.503 0.461 0.503 0.46 0.504 0.459 0.505 0.459 0.505 0.456 0.506 0.455 0.507 0.455 0.507 0.45 0.506 0.45 0.505 0.449 0.505 0.448 0.504 0.448 0.503 0.447 0.503 0.446 0.5 0.446 0.499 0.445 0.499 0.444
5 0.041 0.23700000000000002 0.018000000000000002 0.026000000000000002 0.038 0.224 0.038 0.225 0.037 0.226 0.036 0.226 0.036 0.227 0.035 0.228 0.034 0.228 0.034 0.233 0.033 0.234 0.032 0.234 0.032 0.245 0.033 0.245 0.034 0.246 0.034 0.249 0.037 0.249 0.037 0.248 0.038 0.247 0.039 0.247 0.039 0.246 0.04 0.245 0.041 0.245 0.041 0.244 0.042 0.243 0.045 0.243 0.045 0.242 0.046 0.241 0.047 0.241 0.047 0.238 0.048 0.237 0.049 0.237 0.049 0.23 0.048 0.23 0.047 0.229 0.047 0.228 0.046 0.228 0.045 0.227 0.045 0.226 0.042 0.226 0.041 0.225 0.041 0.224
5 0.149 0.19 0.022 0.024 0.146 0.178 0.146 0.179 0.145 0.18 0.144 0.18 0.144 0.181 0.143 0.182 0.142 0.182 0.142 0.183 0.141 0.184 0.14 0.184 0.14 0.185 0.139 0.186 0.138 0.186 0.138 0.193 0.139 0.193 0.14 0.194 0.14 0.195 0.141 0.195 0.142 0.196 0.142 0.197 0.143 0.197 0.144 0.198 0.144 0.199 0.147 0.199 0.148 0.2 0.148 0.201 0.151 0.201 0.151 0.2 0.152 0.199 0.153 0.199 0.153 0.198 0.154 0.197 0.155 0.197 0.155 0.196 0.156 0.195 0.157 0.195 0.157 0.194 0.158 0.193 0.159 0.193 0.159 0.184 0.158 0.184 0.157 0.183 0.157 0.18 0.154 0.18 0.153 0.179 0.153 0.178
5 0.121 0.093 0.026000000000000002 0.026000000000000002 0.114 0.08 0.114 0.081 0.113 0.082 0.112 0.082 0.112 0.083 0.111 0.084 0.11 0.084 0.11 0.085 0.109 0.086 0.108 0.086 0.108 0.095 0.109 0.095 0.11 0.096 0.11 0.097 0.113 0.097 0.114 0.098 0.114 0.099 0.115 0.099 0.116 0.1 0.116 0.101 0.117 0.101 0.118 0.102 0.118 0.103 0.119 0.103 0.12 0.104 0.12 0.105 0.125 0.105 0.125 0.104 0.126 0.103 0.129 0.103 0.129 0.102 0.13 0.101 0.131 0.101 0.131 0.1 0.132 0.099 0.133 0.099 0.133 0.088 0.132 0.088 0.131 0.087 0.131 0.086 0.13 0.086 0.129 0.085 0.129 0.084 0.126 0.084 0.125 0.083 0.125 0.082 0.124 0.082 0.123 0.081 0.123 0.08
4 0.378 0.9590000000000001 0.016 0.026000000000000002 0.372 0.946 0.372 0.947 0.371 0.948 0.37 0.948 0.37 0.961 0.371 0.961 0.372 0.962 0.372 0.969 0.385 0.969 0.385 0.948 0.384 0.948 0.383 0.947 0.383 0.946
4 0.529 0.9470000000000001 0.03 0.034 0.52 0.93 0.52 0.931 0.519 0.932 0.516 0.932 0.516 0.933 0.515 0.934 0.514 0.934 0.514 0.945 0.515 0.945 0.516 0.946 0.516 0.961 0.517 0.961 0.518 0.962 0.518 0.963 0.539 0.963 0.539 0.962 0.54 0.961 0.541 0.961 0.541 0.96 0.542 0.959 0.543 0.959 0.543 0.954 0.542 0.954 0.541 0.953 0.541 0.936 0.54 0.936 0.539 0.935 0.539 0.93
7 0.534 0.516 0.016 0.02 0.536 0.506 0.536 0.507 0.535 0.508 0.534 0.508 0.534 0.509 0.533 0.51 0.53 0.51 0.53 0.511 0.529 0.512 0.528 0.512 0.528 0.515 0.527 0.516 0.526 0.516 0.526 0.519 0.527 0.519 0.528 0.52 0.528 0.521 0.529 0.521 0.53 0.522 0.53 0.523 0.531 0.523 0.532 0.524 0.532 0.525 0.537 0.525 0.537 0.524 0.538 0.523 0.539 0.523 0.539 0.522 0.54 0.521 0.541 0.521 0.541 0.508 0.54 0.508 0.539 0.507 0.539 0.506
7 0.893 0.8280000000000001 0.014 0.012 0.888 0.822 0.888 0.823 0.887 0.824 0.886 0.824 0.886 0.827 0.887 0.827 0.888 0.828 0.888 0.833 0.893 0.833 0.893 0.832 0.894 0.831 0.897 0.831 0.897 0.83 0.898 0.829 0.899 0.829 0.899 0.826 0.898 0.826 0.897 0.825 0.897 0.824 0.896 0.824 0.895 0.823 0.895 0.822
