2 0.377 0.20800000000000002 0.066 0.036000000000000004 0.346 0.19 0.346 0.195 0.345 0.196 0.344 0.196 0.344 0.203 0.345 0.203 0.346 0.204 0.346 0.221 0.353 0.221 0.354 0.222 0.354 0.223 0.393 0.223 0.394 0.224 0.394 0.225 0.405 0.225 0.405 0.224 0.406 0.223 0.407 0.223 0.407 0.214 0.408 0.213 0.409 0.213 0.409 0.196 0.408 0.196 0.407 0.195 0.407 0.194 0.388 0.194 0.387 0.193 0.387 0.192 0.362 0.192 0.361 0.191 0.361 0.19
4 0.532 0.41300000000000003 0.012 0.014 0.526 0.406 0.526 0.419 0.537 0.419 0.537 0.406
3 0.671 0.41400000000000003 0.03 0.032 0.678 0.398 0.678 0.399 0.677 0.4 0.656 0.4 0.656 0.427 0.665 0.427 0.666 0.428 0.666 0.429 0.681 0.429 0.681 0.428 0.682 0.427 0.683 0.427 0.683 0.42 0.684 0.419 0.685 0.419 0.685 0.4 0.684 0.4 0.683 0.399 0.683 0.398
3 0.613 0.41400000000000003 0.042 0.036000000000000004 0.596 0.396 0.596 0.397 0.595 0.398 0.594 0.398 0.594 0.399 0.593 0.4 0.592 0.4 0.592 0.427 0.595 0.427 0.596 0.428 0.596 0.429 0.613 0.429 0.614 0.43 0.614 0.431 0.627 0.431 0.627 0.43 0.628 0.429 0.629 0.429 0.629 0.428 0.63 0.427 0.631 0.427 0.631 0.424 0.632 0.423 0.633 0.423 0.633 0.402 0.632 0.402 0.631 0.401 0.631 0.4 0.63 0.4 0.629 0.399 0.629 0.398 0.604 0.398 0.603 0.397 0.603 0.396
3 0.14200000000000002 0.123 0.07200000000000001 0.066 0.118 0.09 0.118 0.091 0.117 0.092 0.11 0.092 0.11 0.095 0.109 0.096 0.108 0.096 0.108 0.127 0.107 0.128 0.106 0.128 0.106 0.153 0.107 0.153 0.108 0.154 0.108 0.155 0.155 0.155 0.155 0.154 0.156 0.153 0.157 0.153 0.157 0.152 0.158 0.151 0.159 0.151 0.159 0.15 0.16 0.149 0.161 0.149 0.161 0.146 0.162 0.145 0.163 0.145 0.163 0.144 0.164 0.143 0.165 0.143 0.165 0.142 0.166 0.141 0.167 0.141 0.167 0.14 0.168 0.139 0.169 0.139 0.169 0.138 0.17 0.137 0.171 0.137 0.171 0.134 0.172 0.133 0.175 0.133 0.175 0.132 0.176 0.131 0.177 0.131 0.177 0.118 0.176 0.118 0.175 0.117 0.175 0.116 0.172 0.116 0.171 0.115 0.171 0.11 0.17 0.11 0.169 0.109 0.169 0.108 0.168 0.108 0.167 0.107 0.167 0.106 0.166 0.106 0.165 0.105 0.165 0.102 0.164 0.102 0.163 0.101 0.163 0.1 0.162 0.1 0.161 0.099 0.161 0.096 0.16 0.096 0.159 0.095 0.159 0.094 0.158 0.094 0.157 0.093 0.157 0.092 0.156 0.092 0.155 0.091 0.155 0.09
4 0.617 0.28400000000000003 0.026000000000000002 0.024 0.606 0.272 0.606 0.273 0.605 0.274 0.604 0.274 0.604 0.291 0.605 0.291 0.606 0.292 0.606 0.293 0.607 0.293 0.608 0.294 0.608 0.295 0.625 0.295 0.625 0.294 0.626 0.293 0.627 0.293 0.627 0.292 0.628 0.291 0.629 0.291 0.629 0.274 0.628 0.274 0.627 0.273 0.627 0.272
4 0.131 0.057 0.018000000000000002 0.014 0.124 0.05 0.124 0.051 0.123 0.052 0.122 0.052 0.122 0.059 0.123 0.059 0.124 0.06 0.124 0.061 0.127 0.061 0.128 0.062 0.128 0.063 0.135 0.063 0.135 0.062 0.136 0.061 0.137 0.061 0.137 0.058 0.138 0.057 0.139 0.057 0.139 0.056 0.138 0.056 0.137 0.055 0.137 0.052 0.134 0.052 0.133 0.051 0.133 0.05
3 0.467 0.41500000000000004 0.066 0.066 0.466 0.382 0.466 0.383 0.465 0.384 0.44 0.384 0.44 0.385 0.439 0.386 0.436 0.386 0.436 0.407 0.435 0.408 0.434 0.408 0.434 0.409 0.435 0.409 0.436 0.41 0.436 0.413 0.435 0.414 0.434 0.414 0.434 0.417 0.435 0.417 0.436 0.418 0.436 0.421 0.435 0.422 0.434 0.422 0.434 0.425 0.435 0.425 0.436 0.426 0.436 0.439 0.437 0.439 0.438 0.44 0.438 0.443 0.439 0.443 0.44 0.444 0.44 0.445 0.449 0.445 0.45 0.446 0.45 0.447 0.465 0.447 0.465 0.446 0.466 0.445 0.473 0.445 0.473 0.444 0.474 0.443 0.489 0.443 0.489 0.442 0.49 0.441 0.493 0.441 0.493 0.44 0.494 0.439 0.495 0.439 0.495 0.438 0.496 0.437 0.497 0.437 0.497 0.41 0.498 0.409 0.499 0.409 0.499 0.39 0.498 0.39 0.497 0.389 0.497 0.384 0.496 0.384 0.495 0.383 0.495 0.382
7 0.558 0.447 0.016 0.022 0.554 0.436 0.554 0.437 0.553 0.438 0.552 0.438 0.552 0.443 0.551 0.444 0.55 0.444 0.55 0.449 0.551 0.449 0.552 0.45 0.552 0.453 0.553 0.453 0.554 0.454 0.554 0.455 0.555 0.455 0.556 0.456 0.556 0.457 0.561 0.457 0.561 0.456 0.562 0.455 0.563 0.455 0.563 0.454 0.564 0.453 0.565 0.453 0.565 0.438 0.564 0.438 0.563 0.437 0.563 0.436
7 0.47500000000000003 0.456 0.014 0.02 0.472 0.446 0.472 0.447 0.471 0.448 0.47 0.448 0.47 0.449 0.469 0.45 0.468 0.45 0.468 0.463 0.469 0.463 0.47 0.464 0.47 0.465 0.475 0.465 0.475 0.464 0.476 0.463 0.477 0.463 0.477 0.462 0.478 0.461 0.479 0.461 0.479 0.458 0.48 0.457 0.481 0.457 0.481 0.446
5 0.40700000000000003 0.505 0.014 0.018000000000000002 0.404 0.496 0.404 0.497 0.403 0.498 0.4 0.498 0.4 0.511 0.401 0.511 0.402 0.512 0.402 0.513 0.413 0.513 0.413 0.498 0.41 0.498 0.409 0.497 0.409 0.496
7 0.433 0.499 0.034 0.03 0.446 0.486 0.446 0.487 0.447 0.487 0.447 0.486
7 0.481 0.496 0.01 0.012 0.478 0.49 0.478 0.491 0.477 0.492 0.476 0.492 0.476 0.499 0.477 0.499 0.478 0.5 0.478 0.501 0.481 0.501 0.481 0.5 0.482 0.499 0.483 0.499 0.483 0.498 0.484 0.497 0.485 0.497 0.485 0.494 0.484 0.494 0.483 0.493 0.483 0.49
3 0.41600000000000004 0.582 0.04 0.044 0.418 0.56 0.418 0.561 0.417 0.562 0.398 0.562 0.398 0.563 0.397 0.564 0.396 0.564 0.396 0.601 0.397 0.601 0.398 0.602 0.398 0.603 0.431 0.603 0.431 0.602 0.432 0.601 0.433 0.601 0.433 0.572 0.434 0.571 0.435 0.571 0.435 0.562 0.43 0.562 0.429 0.561 0.429 0.56
4 0.12 0.257 0.02 0.022 0.112 0.246 0.112 0.247 0.111 0.248 0.11 0.248 0.11 0.265 0.115 0.265 0.116 0.266 0.116 0.267 0.123 0.267 0.123 0.266 0.124 0.265 0.127 0.265 0.127 0.264 0.128 0.263 0.129 0.263 0.129 0.248 0.126 0.248 0.125 0.247 0.125 0.246
4 0.498 0.23500000000000001 0.02 0.026000000000000002 0.49 0.222 0.49 0.223 0.489 0.224 0.488 0.224 0.488 0.243 0.489 0.243 0.49 0.244 0.49 0.245 0.493 0.245 0.494 0.246 0.494 0.247 0.499 0.247 0.499 0.246 0.5 0.245 0.505 0.245 0.505 0.244 0.506 0.243 0.507 0.243 0.507 0.224 0.506 0.224 0.505 0.223 0.505 0.222
4 0.268 0.23700000000000002 0.016 0.014 0.262 0.23 0.262 0.231 0.261 0.232 0.26 0.232 0.26 0.241 0.261 0.241 0.262 0.242 0.262 0.243 0.273 0.243 0.273 0.24 0.274 0.239 0.275 0.239 0.275 0.232 0.274 0.232 0.273 0.231 0.273 0.23
4 0.433 0.098 0.022 0.024 0.424 0.086 0.424 0.087 0.423 0.088 0.422 0.088 0.422 0.107 0.429 0.107 0.43 0.108 0.43 0.109 0.439 0.109 0.439 0.108 0.44 0.107 0.441 0.107 0.441 0.102 0.442 0.101 0.443 0.101 0.443 0.092 0.442 0.092 0.441 0.091 0.441 0.088 0.44 0.088 0.439 0.087 0.439 0.086
4 0.662 0.20400000000000001 0.02 0.024 0.658 0.192 0.658 0.193 0.657 0.194 0.654 0.194 0.654 0.195 0.653 0.196 0.652 0.196 0.652 0.213 0.653 0.213 0.654 0.214 0.654 0.215 0.669 0.215 0.669 0.214 0.67 0.213 0.671 0.213 0.671 0.194 0.668 0.194 0.667 0.193 0.667 0.192
4 0.617 0.20400000000000001 0.026000000000000002 0.024 0.608 0.192 0.608 0.193 0.607 0.194 0.606 0.194 0.606 0.195 0.605 0.196 0.604 0.196 0.604 0.215 0.623 0.215 0.623 0.214 0.624 0.213 0.627 0.213 0.627 0.208 0.628 0.207 0.629 0.207 0.629 0.196 0.628 0.196 0.627 0.195 0.627 0.194 0.626 0.194 0.625 0.193 0.625 0.192
3 0.669 0.48 0.042 0.032 0.652 0.464 0.652 0.465 0.651 0.466 0.65 0.466 0.65 0.469 0.649 0.47 0.648 0.47 0.648 0.491 0.649 0.491 0.65 0.492 0.65 0.493 0.673 0.493 0.674 0.494 0.674 0.495 0.681 0.495 0.681 0.494 0.682 0.493 0.683 0.493 0.683 0.49 0.684 0.489 0.685 0.489 0.685 0.488 0.684 0.488 0.683 0.487 0.683 0.486 0.684 0.485 0.685 0.485 0.685 0.484 0.686 0.483 0.687 0.483 0.687 0.482 0.688 0.481 0.689 0.481 0.689 0.466 0.686 0.466 0.685 0.465 0.685 0.464 0.68 0.464 0.68 0.465 0.679 0.466 0.662 0.466 0.661 0.465 0.661 0.464
4 0.14400000000000002 0.194 0.02 0.032 0.138 0.178 0.138 0.179 0.137 0.18 0.136 0.18 0.136 0.183 0.135 0.184 0.134 0.184 0.134 0.205 0.135 0.205 0.136 0.206 0.136 0.209 0.149 0.209 0.149 0.208 0.15 0.207 0.151 0.207 0.151 0.206 0.152 0.205 0.153 0.205 0.153 0.184 0.152 0.184 0.151 0.183 0.151 0.182 0.15 0.182 0.149 0.181 0.149 0.18 0.144 0.18 0.143 0.179 0.143 0.178
7 0.521 0.515 0.01 0.014 0.516 0.508 0.516 0.521 0.523 0.521 0.523 0.52 0.524 0.519 0.525 0.519 0.525 0.51 0.522 0.51 0.521 0.509 0.521 0.508
4 0.311 0.804 0.014 0.012 0.304 0.798 0.304 0.805 0.305 0.805 0.306 0.806 0.306 0.807 0.309 0.807 0.31 0.808 0.31 0.809 0.313 0.809 0.313 0.808 0.314 0.807 0.317 0.807 0.317 0.798
4 0.404 0.804 0.012 0.012 0.4 0.798 0.4 0.799 0.399 0.8 0.398 0.8 0.398 0.805 0.399 0.805 0.4 0.806 0.4 0.807 0.403 0.807 0.404 0.808 0.404 0.809 0.405 0.809 0.405 0.808 0.406 0.807 0.409 0.807 0.409 0.8 0.408 0.8 0.407 0.799 0.407 0.798
4 0.526 0.10300000000000001 0.024 0.022 0.518 0.092 0.518 0.093 0.517 0.094 0.516 0.094 0.516 0.097 0.515 0.098 0.514 0.098 0.514 0.105 0.515 0.105 0.516 0.106 0.516 0.111 0.519 0.111 0.52 0.112 0.52 0.113 0.533 0.113 0.533 0.112 0.534 0.111 0.535 0.111 0.535 0.11 0.536 0.109 0.537 0.109 0.537 0.098 0.536 0.098 0.535 0.097 0.535 0.092
4 0.25 0.869 0.012 0.014 0.246 0.862 0.246 0.863 0.245 0.864 0.244 0.864 0.244 0.871 0.245 0.871 0.246 0.872 0.246 0.873 0.247 0.873 0.248 0.874 0.248 0.875 0.251 0.875 0.251 0.874 0.252 0.873 0.255 0.873 0.255 0.864 0.254 0.864 0.253 0.863 0.253 0.862
4 0.252 0.178 0.02 0.02 0.248 0.168 0.248 0.169 0.247 0.17 0.244 0.17 0.244 0.171 0.243 0.172 0.242 0.172 0.242 0.183 0.243 0.183 0.244 0.184 0.244 0.185 0.245 0.185 0.246 0.186 0.246 0.187 0.257 0.187 0.257 0.186 0.258 0.185 0.261 0.185 0.261 0.17 0.254 0.17 0.253 0.169 0.253 0.168
7 0.431 0.888 0.014 0.012 0.428 0.882 0.428 0.883 0.427 0.884 0.424 0.884 0.424 0.891 0.425 0.891 0.426 0.892 0.426 0.893 0.435 0.893 0.435 0.892 0.436 0.891 0.437 0.891 0.437 0.882
7 0.07 0.9560000000000001 0.016 0.016 0.064 0.948 0.064 0.949 0.063 0.95 0.062 0.95 0.062 0.961 0.063 0.961 0.064 0.962 0.064 0.963 0.075 0.963 0.075 0.962 0.076 0.961 0.077 0.961 0.077 0.95 0.076 0.95 0.075 0.949 0.075 0.948
7 0.108 0.994 0.012 0.012 0.106 0.988 0.106 0.989 0.105 0.99 0.104 0.99 0.104 0.991 0.103 0.992 0.102 0.992 0.102 0.999 0.113 0.999 0.113 0.992 0.112 0.992 0.111 0.991 0.111 0.99 0.11 0.99 0.109 0.989 0.109 0.988
4 0.194 0.113 0.02 0.022 0.19 0.102 0.19 0.103 0.189 0.104 0.186 0.104 0.186 0.107 0.185 0.108 0.184 0.108 0.184 0.121 0.187 0.121 0.188 0.122 0.188 0.123 0.197 0.123 0.197 0.122 0.198 0.121 0.201 0.121 0.201 0.12 0.202 0.119 0.203 0.119 0.203 0.106 0.202 0.106 0.201 0.105 0.201 0.104 0.196 0.104 0.195 0.103 0.195 0.102
3 0.156 0.376 0.076 0.048 0.148 0.352 0.148 0.353 0.147 0.354 0.146 0.354 0.146 0.355 0.145 0.356 0.142 0.356 0.142 0.359 0.141 0.36 0.14 0.36 0.14 0.361 0.139 0.362 0.138 0.362 0.138 0.363 0.137 0.364 0.136 0.364 0.136 0.365 0.135 0.366 0.134 0.366 0.134 0.367 0.133 0.368 0.132 0.368 0.132 0.369 0.131 0.37 0.13 0.37 0.13 0.371 0.129 0.372 0.128 0.372 0.128 0.373 0.127 0.374 0.126 0.374 0.126 0.377 0.125 0.378 0.124 0.378 0.124 0.379 0.123 0.38 0.122 0.38 0.122 0.381 0.121 0.382 0.12 0.382 0.12 0.383 0.119 0.384 0.118 0.384 0.118 0.387 0.119 0.387 0.12 0.388 0.12 0.389 0.121 0.389 0.122 0.39 0.122 0.391 0.123 0.391 0.124 0.392 0.124 0.393 0.129 0.393 0.13 0.394 0.13 0.395 0.171 0.395 0.172 0.396 0.172 0.397 0.189 0.397 0.189 0.396 0.19 0.395 0.191 0.395 0.191 0.39 0.192 0.389 0.193 0.389 0.193 0.386 0.192 0.386 0.191 0.385 0.191 0.384 0.19 0.384 0.189 0.383 0.189 0.382 0.188 0.382 0.187 0.381 0.187 0.38 0.186 0.38 0.185 0.379 0.185 0.378 0.184 0.378 0.183 0.377 0.183 0.376 0.182 0.376 0.181 0.375 0.181 0.374 0.18 0.374 0.179 0.373 0.179 0.37 0.178 0.37 0.177 0.369 0.177 0.368 0.176 0.368 0.175 0.367 0.175 0.366 0.174 0.366 0.173 0.365 0.173 0.364 0.172 0.364 0.171 0.363 0.171 0.36 0.17 0.36 0.169 0.359 0.169 0.358 0.168 0.358 0.167 0.357 0.167 0.356 0.166 0.356 0.165 0.355 0.165 0.354 0.164 0.354 0.163 0.353 0.163 0.352
2 0.49 0.293 0.036000000000000004 0.062 0.474 0.262 0.474 0.263 0.473 0.264 0.472 0.264 0.472 0.317 0.473 0.317 0.474 0.318 0.474 0.323 0.495 0.323 0.495 0.322 0.496 0.321 0.507 0.321 0.507 0.274 0.506 0.274 0.505 0.273 0.505 0.268 0.504 0.268 0.503 0.267 0.503 0.266 0.5 0.266 0.499 0.265 0.499 0.264 0.49 0.264 0.489 0.263 0.489 0.262
4 0.12 0.268 0.024 0.044 0.11 0.246 0.11 0.249 0.109 0.25 0.108 0.25 0.108 0.287 0.109 0.287 0.11 0.288 0.11 0.289 0.125 0.289 0.125 0.286 0.126 0.285 0.127 0.285 0.127 0.272 0.128 0.271 0.129 0.271 0.129 0.26 0.13 0.259 0.131 0.259 0.131 0.252 0.13 0.252 0.129 0.251 0.129 0.248 0.126 0.248 0.125 0.247 0.125 0.246
4 0.229 0.279 0.026000000000000002 0.05 0.232 0.254 0.232 0.255 0.231 0.256 0.224 0.256 0.224 0.257 0.223 0.258 0.222 0.258 0.222 0.259 0.221 0.26 0.22 0.26 0.22 0.267 0.219 0.268 0.218 0.268 0.218 0.285 0.217 0.286 0.216 0.286 0.216 0.297 0.217 0.297 0.218 0.298 0.218 0.299 0.219 0.299 0.22 0.3 0.22 0.301 0.227 0.301 0.228 0.302 0.228 0.303 0.235 0.303 0.235 0.302 0.236 0.301 0.239 0.301 0.239 0.3 0.24 0.299 0.241 0.299 0.241 0.258 0.24 0.258 0.239 0.257 0.239 0.256 0.234 0.256 0.233 0.255 0.233 0.254
7 0.194 0.252 0.012 0.016 0.19 0.244 0.19 0.245 0.189 0.246 0.188 0.246 0.188 0.255 0.189 0.255 0.19 0.256 0.19 0.259 0.197 0.259 0.197 0.258 0.198 0.257 0.199 0.257 0.199 0.252 0.198 0.252 0.197 0.251 0.197 0.246 0.194 0.246 0.193 0.245 0.193 0.244
3 0.611 0.48 0.042 0.036000000000000004 0.596 0.462 0.596 0.463 0.595 0.464 0.592 0.464 0.592 0.467 0.591 0.468 0.59 0.468 0.59 0.493 0.591 0.493 0.592 0.494 0.592 0.495 0.607 0.495 0.608 0.496 0.608 0.497 0.623 0.497 0.623 0.496 0.624 0.495 0.625 0.495 0.625 0.494 0.626 0.493 0.627 0.493 0.627 0.492 0.628 0.491 0.629 0.491 0.629 0.488 0.63 0.487 0.631 0.487 0.631 0.466 0.63 0.466 0.629 0.465 0.629 0.464 0.624 0.464 0.624 0.465 0.623 0.466 0.612 0.466 0.611 0.465 0.611 0.464 0.6 0.464 0.599 0.463 0.599 0.462
3 0.673 0.8290000000000001 0.022 0.042 0.676 0.808 0.676 0.809 0.675 0.81 0.662 0.81 0.662 0.847 0.669 0.847 0.67 0.848 0.67 0.849 0.681 0.849 0.681 0.848 0.682 0.847 0.683 0.847 0.683 0.814 0.682 0.814 0.681 0.813 0.681 0.808
3 0.528 0.582 0.04 0.036000000000000004 0.512 0.564 0.512 0.565 0.511 0.566 0.51 0.566 0.51 0.573 0.509 0.574 0.508 0.574 0.508 0.593 0.509 0.593 0.51 0.594 0.51 0.595 0.519 0.595 0.52 0.596 0.52 0.597 0.529 0.597 0.53 0.598 0.53 0.599 0.541 0.599 0.541 0.598 0.542 0.597 0.543 0.597 0.543 0.596 0.544 0.595 0.545 0.595 0.545 0.586 0.546 0.585 0.547 0.585 0.547 0.57 0.546 0.57 0.545 0.569 0.545 0.566 0.534 0.566 0.533 0.565 0.533 0.564
3 0.527 0.8150000000000001 0.038 0.05 0.512 0.79 0.512 0.791 0.511 0.792 0.51 0.792 0.51 0.793 0.509 0.794 0.508 0.794 0.508 0.813 0.509 0.813 0.51 0.814 0.51 0.831 0.511 0.831 0.512 0.832 0.512 0.833 0.513 0.833 0.514 0.834 0.514 0.835 0.517 0.835 0.518 0.836 0.518 0.837 0.521 0.837 0.522 0.838 0.522 0.839 0.531 0.839 0.531 0.838 0.532 0.837 0.537 0.837 0.537 0.836 0.538 0.835 0.539 0.835 0.539 0.834 0.54 0.833 0.541 0.833 0.541 0.82 0.542 0.819 0.543 0.819 0.543 0.814 0.544 0.813 0.545 0.813 0.545 0.794 0.544 0.794 0.543 0.793 0.543 0.792 0.542 0.792 0.541 0.791 0.541 0.79
4 0.23 0.178 0.02 0.02 0.222 0.168 0.222 0.169 0.221 0.17 0.22 0.17 0.22 0.183 0.221 0.183 0.222 0.184 0.222 0.185 0.227 0.185 0.228 0.186 0.228 0.187 0.233 0.187 0.233 0.186 0.234 0.185 0.237 0.185 0.237 0.178 0.238 0.177 0.239 0.177 0.239 0.174 0.238 0.174 0.237 0.173 0.237 0.17 0.236 0.17 0.235 0.169 0.235 0.168
4 0.34500000000000003 0.091 0.022 0.022 0.338 0.08 0.338 0.081 0.337 0.082 0.336 0.082 0.336 0.083 0.335 0.084 0.334 0.084 0.334 0.097 0.335 0.097 0.336 0.098 0.336 0.099 0.339 0.099 0.34 0.1 0.34 0.101 0.351 0.101 0.351 0.1 0.352 0.099 0.353 0.099 0.353 0.098 0.354 0.097 0.355 0.097 0.355 0.082 0.352 0.082 0.351 0.081 0.351 0.08
4 0.28600000000000003 0.084 0.016 0.028 0.28 0.07 0.28 0.071 0.279 0.072 0.278 0.072 0.278 0.095 0.279 0.095 0.28 0.096 0.28 0.097 0.289 0.097 0.289 0.096 0.29 0.095 0.291 0.095 0.291 0.09 0.292 0.089 0.293 0.089 0.293 0.074 0.292 0.074 0.291 0.073 0.291 0.072 0.29 0.072 0.289 0.071 0.289 0.07
4 0.229 0.292 0.026000000000000002 0.024 0.22 0.28 0.22 0.281 0.219 0.282 0.218 0.282 0.218 0.285 0.217 0.286 0.216 0.286 0.216 0.297 0.217 0.297 0.218 0.298 0.218 0.299 0.221 0.299 0.222 0.3 0.222 0.301 0.229 0.301 0.23 0.302 0.23 0.303 0.235 0.303 0.235 0.302 0.236 0.301 0.239 0.301 0.239 0.3 0.24 0.299 0.241 0.299 0.241 0.284 0.24 0.284 0.239 0.283 0.239 0.282 0.238 0.282 0.237 0.281 0.237 0.28
4 0.619 0.343 0.018000000000000002 0.022 0.616 0.332 0.616 0.333 0.615 0.334 0.612 0.334 0.612 0.335 0.611 0.336 0.61 0.336 0.61 0.349 0.611 0.349 0.612 0.35 0.612 0.351 0.617 0.351 0.618 0.352 0.618 0.353 0.623 0.353 0.623 0.352 0.624 0.351 0.627 0.351 0.627 0.334 0.624 0.334 0.623 0.333 0.623 0.332
4 0.528 0.059000000000000004 0.016 0.018000000000000002 0.52 0.05 0.52 0.065 0.523 0.065 0.524 0.066 0.524 0.067 0.531 0.067 0.531 0.066 0.532 0.065 0.535 0.065 0.535 0.052 0.534 0.052 0.533 0.051 0.533 0.05
4 0.179 0.069 0.022 0.022 0.168 0.058 0.168 0.077 0.169 0.077 0.17 0.078 0.17 0.079 0.187 0.079 0.187 0.076 0.188 0.075 0.189 0.075 0.189 0.07 0.188 0.07 0.187 0.069 0.187 0.06 0.186 0.06 0.185 0.059 0.185 0.058
4 0.66 0.34500000000000003 0.02 0.022 0.654 0.334 0.654 0.335 0.653 0.336 0.65 0.336 0.65 0.351 0.651 0.351 0.652 0.352 0.652 0.353 0.653 0.353 0.654 0.354 0.654 0.355 0.665 0.355 0.665 0.354 0.666 0.353 0.669 0.353 0.669 0.336 0.668 0.336 0.667 0.335 0.667 0.334
4 0.525 0.47200000000000003 0.026000000000000002 0.028 0.52 0.458 0.52 0.459 0.519 0.46 0.514 0.46 0.514 0.461 0.513 0.462 0.512 0.462 0.512 0.479 0.513 0.479 0.514 0.48 0.514 0.481 0.515 0.481 0.516 0.482 0.516 0.483 0.519 0.483 0.52 0.484 0.52 0.485 0.527 0.485 0.527 0.484 0.528 0.483 0.533 0.483 0.533 0.482 0.534 0.481 0.535 0.481 0.535 0.468 0.536 0.467 0.537 0.467 0.537 0.462 0.536 0.462 0.535 0.461 0.535 0.46 0.53 0.46 0.529 0.459 0.529 0.458
4 0.37 0.537 0.028 0.026000000000000002 0.358 0.524 0.358 0.527 0.357 0.528 0.356 0.528 0.356 0.533 0.357 0.533 0.358 0.534 0.358 0.541 0.359 0.541 0.36 0.542 0.36 0.547 0.361 0.547 0.362 0.548 0.362 0.549 0.379 0.549 0.379 0.548 0.38 0.547 0.381 0.547 0.381 0.536 0.382 0.535 0.383 0.535 0.383 0.524
4 0.47900000000000004 0.542 0.014 0.016 0.476 0.534 0.476 0.535 0.475 0.536 0.474 0.536 0.474 0.537 0.473 0.538 0.472 0.538 0.472 0.547 0.473 0.547 0.474 0.548 0.474 0.549 0.483 0.549 0.483 0.548 0.484 0.547 0.485 0.547 0.485 0.534
4 0.527 0.549 0.03 0.022 0.516 0.538 0.516 0.539 0.515 0.54 0.514 0.54 0.514 0.543 0.513 0.544 0.512 0.544 0.512 0.559 0.539 0.559 0.539 0.558 0.54 0.557 0.541 0.557 0.541 0.542 0.54 0.542 0.539 0.541 0.539 0.54 0.536 0.54 0.535 0.539 0.535 0.538
3 0.652 0.911 0.064 0.10200000000000001 0.658 0.86 0.658 0.863 0.657 0.864 0.656 0.864 0.656 0.865 0.655 0.866 0.654 0.866 0.654 0.867 0.653 0.868 0.652 0.868 0.652 0.869 0.651 0.87 0.65 0.87 0.65 0.871 0.649 0.872 0.648 0.872 0.648 0.873 0.647 0.874 0.646 0.874 0.646 0.877 0.645 0.878 0.644 0.878 0.644 0.879 0.643 0.88 0.642 0.88 0.642 0.881 0.641 0.882 0.64 0.882 0.64 0.883 0.639 0.884 0.638 0.884 0.638 0.885 0.637 0.886 0.636 0.886 0.636 0.887 0.635 0.888 0.634 0.888 0.634 0.889 0.633 0.89 0.632 0.89 0.632 0.891 0.631 0.892 0.63 0.892 0.63 0.893 0.629 0.894 0.628 0.894 0.628 0.895 0.627 0.896 0.626 0.896 0.626 0.897 0.625 0.898 0.624 0.898 0.624 0.899 0.623 0.9 0.622 0.9 0.622 0.903 0.621 0.904 0.62 0.904 0.62 0.915 0.621 0.915 0.622 0.916 0.622 0.917 0.625 0.917 0.626 0.918 0.626 0.919 0.627 0.919 0.628 0.92 0.628 0.921 0.629 0.921 0.63 0.922 0.63 0.923 0.631 0.923 0.632 0.924 0.632 0.925 0.633 0.925 0.634 0.926 0.634 0.927 0.635 0.927 0.636 0.928 0.636 0.929 0.637 0.929 0.638 0.93 0.638 0.931 0.639 0.931 0.64 0.932 0.64 0.933 0.641 0.933 0.642 0.934 0.642 0.935 0.643 0.935 0.644 0.936 0.644 0.937 0.645 0.937 0.646 0.938 0.646 0.939 0.647 0.939 0.648 0.94 0.648 0.941 0.649 0.941 0.65 0.942 0.65 0.943 0.651 0.943 0.652 0.944 0.652 0.945 0.653 0.945 0.654 0.946 0.654 0.947 0.655 0.947 0.656 0.948 0.656 0.949 0.657 0.949 0.658 0.95 0.658 0.953 0.659 0.953 0.66 0.954 0.66 0.957 0.661 0.957 0.662 0.958 0.662 0.959 0.663 0.959 0.664 0.96 0.664 0.961 0.667 0.961 0.667 0.96 0.668 0.959 0.671 0.959 0.672 0.96 0.672 0.961 0.681 0.961 0.681 0.954 0.682 0.953 0.683 0.953 0.683 0.948 0.682 0.948 0.681 0.947 0.681 0.938 0.682 0.937 0.683 0.937 0.683 0.924 0.682 0.924 0.681 0.923 0.681 0.922 0.682 0.921 0.683 0.921 0.683 0.918 0.682 0.918 0.681 0.917 0.681 0.884 0.682 0.883 0.683 0.883 0.683 0.862 0.682 0.862 0.681 0.861 0.681 0.86
3 0.47800000000000004 0.9430000000000001 0.092 0.066 0.444 0.91 0.444 0.911 0.443 0.912 0.434 0.912 0.434 0.913 0.433 0.914 0.432 0.914 0.432 0.973 0.435 0.973 0.436 0.974 0.436 0.975 0.455 0.975 0.455 0.974 0.456 0.973 0.487 0.973 0.487 0.972 0.488 0.971 0.513 0.971 0.513 0.97 0.514 0.969 0.515 0.969 0.515 0.968 0.516 0.967 0.517 0.967 0.517 0.962 0.518 0.961 0.519 0.961 0.519 0.95 0.52 0.949 0.521 0.949 0.521 0.932 0.522 0.931 0.523 0.931 0.523 0.914 0.522 0.914 0.521 0.913 0.521 0.912 0.45 0.912 0.449 0.911 0.449 0.91
4 0.34800000000000003 0.047 0.02 0.022 0.342 0.036 0.342 0.037 0.341 0.038 0.338 0.038 0.338 0.053 0.339 0.053 0.34 0.054 0.34 0.055 0.347 0.055 0.348 0.056 0.348 0.057 0.353 0.057 0.353 0.056 0.354 0.055 0.355 0.055 0.355 0.054 0.356 0.053 0.357 0.053 0.357 0.038 0.354 0.038 0.353 0.037 0.353 0.036
4 0.435 0.054 0.022 0.024 0.426 0.042 0.426 0.043 0.425 0.044 0.424 0.044 0.424 0.059 0.425 0.059 0.426 0.06 0.426 0.063 0.431 0.063 0.432 0.064 0.432 0.065 0.441 0.065 0.441 0.064 0.442 0.063 0.445 0.063 0.445 0.044 0.444 0.044 0.443 0.043 0.443 0.042
3 0.621 0.584 0.034 0.024 0.608 0.572 0.608 0.573 0.607 0.574 0.606 0.574 0.606 0.581 0.605 0.582 0.604 0.582 0.604 0.593 0.605 0.593 0.606 0.594 0.606 0.595 0.633 0.595 0.633 0.594 0.634 0.593 0.635 0.593 0.635 0.588 0.636 0.587 0.637 0.587 0.637 0.576 0.636 0.576 0.635 0.575 0.635 0.574 0.634 0.574 0.633 0.573 0.633 0.572
4 0.605 0.611 0.026000000000000002 0.026000000000000002 0.6 0.598 0.6 0.599 0.599 0.6 0.592 0.6 0.592 0.621 0.593 0.621 0.594 0.622 0.594 0.623 0.613 0.623 0.613 0.622 0.614 0.621 0.615 0.621 0.615 0.614 0.616 0.613 0.617 0.613 0.617 0.606 0.616 0.606 0.615 0.605 0.615 0.602 0.614 0.602 0.613 0.601 0.613 0.6 0.606 0.6 0.605 0.599 0.605 0.598
4 0.465 0.8180000000000001 0.018000000000000002 0.02 0.458 0.808 0.458 0.811 0.457 0.812 0.456 0.812 0.456 0.825 0.457 0.825 0.458 0.826 0.458 0.827 0.471 0.827 0.471 0.826 0.472 0.825 0.473 0.825 0.473 0.808
4 0.379 0.9450000000000001 0.014 0.014 0.376 0.938 0.376 0.939 0.375 0.94 0.374 0.94 0.374 0.941 0.373 0.942 0.372 0.942 0.372 0.945 0.373 0.945 0.374 0.946 0.374 0.951 0.383 0.951 0.383 0.948 0.384 0.947 0.385 0.947 0.385 0.944 0.384 0.944 0.383 0.943 0.383 0.94 0.382 0.94 0.381 0.939 0.381 0.938
5 0.298 0.151 0.028 0.05 0.288 0.126 0.288 0.127 0.287 0.128 0.286 0.128 0.286 0.141 0.285 0.142 0.284 0.142 0.284 0.171 0.285 0.171 0.286 0.172 0.286 0.173 0.287 0.173 0.288 0.174 0.288 0.175 0.305 0.175 0.305 0.174 0.306 0.173 0.307 0.173 0.307 0.164 0.308 0.163 0.309 0.163 0.309 0.138 0.31 0.137 0.311 0.137 0.311 0.13 0.31 0.13 0.309 0.129 0.309 0.128 0.308 0.128 0.307 0.127 0.307 0.126
5 0.5630000000000001 0.375 0.042 0.026000000000000002 0.542 0.362 0.542 0.375 0.543 0.375 0.544 0.376 0.544 0.377 0.549 0.377 0.55 0.378 0.55 0.379 0.555 0.379 0.556 0.38 0.556 0.381 0.557 0.381 0.558 0.382 0.558 0.383 0.559 0.383 0.56 0.384 0.56 0.385 0.561 0.385 0.562 0.386 0.562 0.387 0.579 0.387 0.579 0.386 0.58 0.385 0.581 0.385 0.581 0.384 0.582 0.383 0.583 0.383 0.583 0.364 0.58 0.364 0.579 0.363 0.579 0.362
5 0.553 0.873 0.018000000000000002 0.042 0.548 0.852 0.548 0.853 0.547 0.854 0.546 0.854 0.546 0.863 0.545 0.864 0.544 0.864 0.544 0.873 0.545 0.873 0.546 0.874 0.546 0.877 0.547 0.877 0.548 0.878 0.548 0.883 0.549 0.883 0.55 0.884 0.55 0.887 0.551 0.887 0.552 0.888 0.552 0.891 0.555 0.891 0.556 0.892 0.556 0.893 0.557 0.893 0.557 0.884 0.558 0.883 0.559 0.883 0.559 0.876 0.56 0.875 0.561 0.875 0.561 0.856 0.56 0.856 0.559 0.855 0.559 0.854 0.558 0.854 0.557 0.853 0.557 0.852
3 0.672 0.986 0.02 0.028 0.662 0.972 0.662 0.985 0.663 0.985 0.664 0.986 0.664 0.999 0.681 0.999 0.681 0.986 0.68 0.986 0.679 0.985 0.679 0.972
5 0.278 0.933 0.032 0.014 0.27 0.926 0.27 0.927 0.269 0.928 0.262 0.928 0.262 0.939 0.277 0.939 0.277 0.938 0.278 0.937 0.293 0.937 0.293 0.926
5 0.375 0.894 0.022 0.04 0.364 0.874 0.364 0.883 0.365 0.883 0.366 0.884 0.366 0.903 0.367 0.903 0.368 0.904 0.368 0.913 0.385 0.913 0.385 0.874
5 0.557 0.553 0.01 0.022 0.558 0.542 0.558 0.543 0.557 0.544 0.552 0.544 0.552 0.563 0.561 0.563 0.561 0.542
4 0.427 0.54 0.026000000000000002 0.032 0.414 0.524 0.414 0.555 0.439 0.555 0.439 0.528 0.434 0.528 0.433 0.527 0.433 0.526 0.42 0.526 0.419 0.525 0.419 0.524
4 0.662 0.28600000000000003 0.02 0.024 0.656 0.274 0.656 0.275 0.655 0.276 0.654 0.276 0.654 0.277 0.653 0.278 0.652 0.278 0.652 0.293 0.653 0.293 0.654 0.294 0.654 0.295 0.657 0.295 0.658 0.296 0.658 0.297 0.667 0.297 0.667 0.296 0.668 0.295 0.669 0.295 0.669 0.292 0.67 0.291 0.671 0.291 0.671 0.276 0.67 0.276 0.669 0.275 0.669 0.274
7 0.389 0.28500000000000003 0.05 0.038 0.374 0.266 0.374 0.267 0.373 0.268 0.368 0.268 0.368 0.269 0.367 0.27 0.366 0.27 0.366 0.277 0.365 0.278 0.364 0.278 0.364 0.299 0.365 0.299 0.366 0.3 0.366 0.303 0.411 0.303 0.411 0.302 0.412 0.301 0.413 0.301 0.413 0.27 0.412 0.27 0.411 0.269 0.411 0.268 0.406 0.268 0.405 0.267 0.405 0.266
2 0.331 0.28600000000000003 0.066 0.028 0.298 0.272 0.298 0.297 0.329 0.297 0.33 0.298 0.33 0.299 0.361 0.299 0.361 0.286 0.362 0.285 0.363 0.285 0.363 0.274 0.33 0.274 0.329 0.273 0.329 0.272
2 0.151 0.41400000000000003 0.08600000000000001 0.04 0.108 0.394 0.108 0.399 0.109 0.399 0.11 0.4 0.11 0.413 0.111 0.413 0.112 0.414 0.112 0.427 0.113 0.427 0.114 0.428 0.114 0.433 0.123 0.433 0.123 0.432 0.124 0.431 0.143 0.431 0.143 0.43 0.144 0.429 0.163 0.429 0.163 0.428 0.164 0.427 0.183 0.427 0.183 0.426 0.184 0.425 0.193 0.425 0.193 0.398 0.172 0.398 0.171 0.397 0.171 0.396 0.13 0.396 0.129 0.395 0.129 0.394
