4 0.427 0.897 0.014 0.014 0.426 0.89 0.426 0.891 0.425 0.892 0.422 0.892 0.422 0.893 0.421 0.894 0.42 0.894 0.42 0.899 0.421 0.899 0.422 0.9 0.422 0.901 0.425 0.901 0.426 0.902 0.426 0.903 0.429 0.903 0.429 0.902 0.43 0.901 0.433 0.901 0.433 0.894 0.432 0.894 0.431 0.893 0.431 0.892 0.428 0.892 0.427 0.891 0.427 0.89
3 0.516 0.552 0.048 0.084 0.518 0.51 0.518 0.511 0.517 0.512 0.514 0.512 0.514 0.513 0.513 0.514 0.512 0.514 0.512 0.515 0.511 0.516 0.508 0.516 0.508 0.517 0.507 0.518 0.506 0.518 0.506 0.519 0.505 0.52 0.504 0.52 0.504 0.533 0.503 0.534 0.502 0.534 0.502 0.541 0.501 0.542 0.5 0.542 0.5 0.549 0.499 0.55 0.498 0.55 0.498 0.557 0.497 0.558 0.496 0.558 0.496 0.565 0.495 0.566 0.494 0.566 0.494 0.571 0.493 0.572 0.492 0.572 0.492 0.585 0.493 0.585 0.494 0.586 0.494 0.587 0.499 0.587 0.5 0.588 0.5 0.589 0.507 0.589 0.508 0.59 0.508 0.591 0.515 0.591 0.516 0.592 0.516 0.593 0.523 0.593 0.523 0.592 0.524 0.591 0.525 0.591 0.525 0.582 0.526 0.581 0.527 0.581 0.527 0.572 0.528 0.571 0.529 0.571 0.529 0.56 0.53 0.559 0.531 0.559 0.531 0.554 0.532 0.553 0.533 0.553 0.533 0.544 0.534 0.543 0.535 0.543 0.535 0.536 0.536 0.535 0.537 0.535 0.537 0.528 0.538 0.527 0.539 0.527 0.539 0.518 0.536 0.518 0.535 0.517 0.535 0.516 0.534 0.516 0.533 0.515 0.533 0.514 0.53 0.514 0.529 0.513 0.529 0.512 0.526 0.512 0.525 0.511 0.525 0.51
4 0.067 0.53 0.03 0.024 0.06 0.518 0.06 0.519 0.059 0.52 0.054 0.52 0.054 0.523 0.053 0.524 0.052 0.524 0.052 0.535 0.053 0.535 0.054 0.536 0.054 0.537 0.059 0.537 0.06 0.538 0.06 0.539 0.069 0.539 0.07 0.54 0.07 0.541 0.073 0.541 0.073 0.54 0.074 0.539 0.079 0.539 0.079 0.536 0.08 0.535 0.081 0.535 0.081 0.524 0.08 0.524 0.079 0.523 0.079 0.522 0.074 0.522 0.073 0.521 0.073 0.52 0.062 0.52 0.061 0.519 0.061 0.518
4 0.055 0.5720000000000001 0.022 0.02 0.044 0.562 0.044 0.577 0.045 0.577 0.046 0.578 0.046 0.579 0.047 0.579 0.048 0.58 0.048 0.581 0.063 0.581 0.063 0.578 0.064 0.577 0.065 0.577 0.065 0.564 0.062 0.564 0.061 0.563 0.061 0.562
5 0.323 0.462 0.018000000000000002 0.02 0.316 0.452 0.316 0.453 0.315 0.454 0.314 0.454 0.314 0.467 0.315 0.467 0.316 0.468 0.316 0.469 0.317 0.469 0.318 0.47 0.318 0.471 0.331 0.471 0.331 0.452
5 0.509 0.508 0.018000000000000002 0.02 0.502 0.498 0.502 0.501 0.501 0.502 0.5 0.502 0.5 0.513 0.501 0.513 0.502 0.514 0.502 0.515 0.505 0.515 0.506 0.516 0.506 0.517 0.507 0.517 0.507 0.516 0.508 0.515 0.513 0.515 0.513 0.514 0.514 0.513 0.515 0.513 0.515 0.512 0.516 0.511 0.517 0.511 0.517 0.498
5 0.31 0.891 0.02 0.022 0.304 0.88 0.304 0.881 0.303 0.882 0.302 0.882 0.302 0.887 0.301 0.888 0.3 0.888 0.3 0.897 0.301 0.897 0.302 0.898 0.302 0.899 0.305 0.899 0.306 0.9 0.306 0.901 0.313 0.901 0.313 0.9 0.314 0.899 0.317 0.899 0.317 0.89 0.318 0.889 0.319 0.889 0.319 0.882 0.318 0.882 0.317 0.881 0.317 0.88
5 0.484 0.933 0.02 0.022 0.478 0.922 0.478 0.925 0.477 0.926 0.476 0.926 0.476 0.929 0.475 0.93 0.474 0.93 0.474 0.939 0.475 0.939 0.476 0.94 0.476 0.941 0.479 0.941 0.48 0.942 0.48 0.943 0.489 0.943 0.489 0.942 0.49 0.941 0.491 0.941 0.491 0.938 0.492 0.937 0.493 0.937 0.493 0.924 0.484 0.924 0.483 0.923 0.483 0.922
7 0.025 0.443 0.01 0.01 0.02 0.438 0.02 0.443 0.021 0.443 0.022 0.444 0.022 0.445 0.023 0.445 0.024 0.446 0.024 0.447 0.025 0.447 0.025 0.446 0.026 0.445 0.029 0.445 0.029 0.438
7 0.41200000000000003 0.443 0.012 0.01 0.406 0.438 0.406 0.445 0.407 0.445 0.408 0.446 0.408 0.447 0.413 0.447 0.413 0.446 0.414 0.445 0.415 0.445 0.415 0.444 0.416 0.443 0.417 0.443 0.417 0.438
7 0.449 0.455 0.014 0.014 0.446 0.448 0.446 0.449 0.445 0.45 0.444 0.45 0.444 0.451 0.443 0.452 0.442 0.452 0.442 0.455 0.443 0.455 0.444 0.456 0.444 0.459 0.445 0.459 0.446 0.46 0.446 0.461 0.451 0.461 0.451 0.46 0.452 0.459 0.453 0.459 0.453 0.456 0.454 0.455 0.455 0.455 0.455 0.454 0.454 0.454 0.453 0.453 0.453 0.45 0.45 0.45 0.449 0.449 0.449 0.448
4 0.375 0.885 0.018000000000000002 0.014 0.372 0.878 0.372 0.879 0.371 0.88 0.368 0.88 0.368 0.883 0.367 0.884 0.366 0.884 0.366 0.887 0.367 0.887 0.368 0.888 0.368 0.889 0.371 0.889 0.372 0.89 0.372 0.891 0.381 0.891 0.381 0.888 0.382 0.887 0.383 0.887 0.383 0.882 0.382 0.882 0.381 0.881 0.381 0.88 0.378 0.88 0.377 0.879 0.377 0.878
3 0.5 0.96 0.048 0.08 0.502 0.92 0.502 0.921 0.501 0.922 0.496 0.922 0.496 0.923 0.495 0.924 0.494 0.924 0.494 0.935 0.493 0.936 0.492 0.936 0.492 0.941 0.491 0.942 0.49 0.942 0.49 0.943 0.489 0.944 0.488 0.944 0.488 0.949 0.487 0.95 0.486 0.95 0.486 0.955 0.485 0.956 0.484 0.956 0.484 0.963 0.483 0.964 0.482 0.964 0.482 0.971 0.481 0.972 0.48 0.972 0.48 0.975 0.479 0.976 0.478 0.976 0.478 0.983 0.477 0.984 0.476 0.984 0.476 0.993 0.477 0.993 0.478 0.994 0.478 0.995 0.481 0.995 0.482 0.996 0.482 0.997 0.487 0.997 0.488 0.998 0.488 0.999 0.511 0.999 0.511 0.996 0.512 0.995 0.513 0.995 0.513 0.982 0.514 0.981 0.515 0.981 0.515 0.976 0.516 0.975 0.517 0.975 0.517 0.964 0.518 0.963 0.519 0.963 0.519 0.956 0.52 0.955 0.521 0.955 0.521 0.944 0.522 0.943 0.523 0.943 0.523 0.93 0.522 0.93 0.521 0.929 0.521 0.928 0.52 0.928 0.519 0.927 0.519 0.926 0.518 0.926 0.517 0.925 0.517 0.924 0.516 0.924 0.515 0.923 0.515 0.922 0.51 0.922 0.509 0.921 0.509 0.92
2 0.537 0.597 0.10200000000000001 0.098 0.568 0.548 0.568 0.551 0.567 0.552 0.566 0.552 0.566 0.559 0.565 0.56 0.564 0.56 0.564 0.571 0.563 0.572 0.562 0.572 0.562 0.579 0.561 0.58 0.56 0.58 0.56 0.595 0.559 0.596 0.558 0.596 0.558 0.607 0.559 0.607 0.56 0.608 0.56 0.621 0.559 0.622 0.558 0.622 0.558 0.623 0.557 0.624 0.556 0.624 0.556 0.625 0.555 0.626 0.54 0.626 0.539 0.625 0.539 0.624 0.536 0.624 0.535 0.623 0.535 0.622 0.526 0.622 0.525 0.621 0.525 0.62 0.522 0.62 0.521 0.619 0.521 0.618 0.518 0.618 0.517 0.617 0.517 0.616 0.51 0.616 0.509 0.615 0.509 0.614 0.504 0.614 0.503 0.613 0.503 0.612 0.498 0.612 0.497 0.611 0.497 0.61 0.492 0.61 0.491 0.609 0.491 0.608 0.486 0.608 0.486 0.621 0.487 0.621 0.488 0.622 0.488 0.623 0.489 0.623 0.49 0.624 0.49 0.625 0.493 0.625 0.494 0.626 0.494 0.627 0.497 0.627 0.498 0.628 0.498 0.629 0.507 0.629 0.508 0.63 0.508 0.631 0.513 0.631 0.514 0.632 0.514 0.633 0.523 0.633 0.524 0.634 0.524 0.635 0.531 0.635 0.532 0.636 0.532 0.637 0.535 0.637 0.536 0.638 0.536 0.639 0.539 0.639 0.54 0.64 0.54 0.641 0.543 0.641 0.544 0.642 0.544 0.643 0.551 0.643 0.552 0.644 0.552 0.645 0.567 0.645 0.567 0.644 0.568 0.643 0.569 0.643 0.569 0.642 0.57 0.641 0.571 0.641 0.571 0.636 0.572 0.635 0.573 0.635 0.573 0.62 0.574 0.619 0.575 0.619 0.575 0.612 0.576 0.611 0.577 0.611 0.577 0.604 0.578 0.603 0.579 0.603 0.579 0.602 0.578 0.602 0.577 0.601 0.577 0.6 0.578 0.599 0.579 0.599 0.579 0.59 0.58 0.589 0.581 0.589 0.581 0.582 0.582 0.581 0.583 0.581 0.583 0.572 0.584 0.571 0.585 0.571 0.585 0.562 0.586 0.561 0.587 0.561 0.587 0.552 0.586 0.552 0.585 0.551 0.585 0.55 0.582 0.55 0.581 0.549 0.581 0.548
3 0.372 0.39 0.06 0.08 0.356 0.35 0.356 0.351 0.355 0.352 0.354 0.352 0.354 0.357 0.353 0.358 0.352 0.358 0.352 0.365 0.351 0.366 0.35 0.366 0.35 0.373 0.349 0.374 0.348 0.374 0.348 0.381 0.347 0.382 0.346 0.382 0.346 0.391 0.345 0.392 0.344 0.392 0.344 0.401 0.343 0.402 0.342 0.402 0.342 0.415 0.345 0.415 0.346 0.416 0.346 0.417 0.347 0.417 0.348 0.418 0.348 0.419 0.351 0.419 0.352 0.42 0.352 0.421 0.353 0.421 0.354 0.422 0.354 0.423 0.355 0.423 0.356 0.424 0.356 0.425 0.357 0.425 0.358 0.426 0.358 0.427 0.359 0.427 0.36 0.428 0.36 0.429 0.369 0.429 0.369 0.428 0.37 0.427 0.375 0.427 0.375 0.426 0.376 0.425 0.383 0.425 0.383 0.424 0.384 0.423 0.387 0.423 0.387 0.422 0.388 0.421 0.389 0.421 0.389 0.416 0.39 0.415 0.391 0.415 0.391 0.408 0.392 0.407 0.393 0.407 0.393 0.4 0.394 0.399 0.395 0.399 0.395 0.39 0.396 0.389 0.397 0.389 0.397 0.382 0.398 0.381 0.399 0.381 0.399 0.372 0.4 0.371 0.401 0.371 0.401 0.36 0.396 0.36 0.395 0.359 0.395 0.358 0.386 0.358 0.385 0.357 0.385 0.356 0.38 0.356 0.379 0.355 0.379 0.354 0.37 0.354 0.369 0.353 0.369 0.352 0.364 0.352 0.363 0.351 0.363 0.35
3 0.5 0.422 0.06 0.08 0.484 0.382 0.484 0.383 0.483 0.384 0.482 0.384 0.482 0.393 0.481 0.394 0.48 0.394 0.48 0.399 0.479 0.4 0.478 0.4 0.478 0.405 0.477 0.406 0.476 0.406 0.476 0.413 0.475 0.414 0.474 0.414 0.474 0.421 0.473 0.422 0.472 0.422 0.472 0.431 0.471 0.432 0.47 0.432 0.47 0.443 0.471 0.443 0.472 0.444 0.472 0.445 0.473 0.445 0.474 0.446 0.474 0.447 0.475 0.447 0.476 0.448 0.476 0.449 0.477 0.449 0.478 0.45 0.478 0.451 0.479 0.451 0.48 0.452 0.48 0.453 0.481 0.453 0.482 0.454 0.482 0.455 0.483 0.455 0.484 0.456 0.484 0.457 0.485 0.457 0.486 0.458 0.486 0.459 0.487 0.459 0.488 0.46 0.488 0.461 0.495 0.461 0.495 0.46 0.496 0.459 0.501 0.459 0.501 0.458 0.502 0.457 0.507 0.457 0.507 0.456 0.508 0.455 0.513 0.455 0.513 0.454 0.514 0.453 0.515 0.453 0.515 0.452 0.516 0.451 0.517 0.451 0.517 0.45 0.518 0.449 0.519 0.449 0.519 0.444 0.52 0.443 0.521 0.443 0.521 0.436 0.522 0.435 0.523 0.435 0.523 0.426 0.524 0.425 0.525 0.425 0.525 0.416 0.526 0.415 0.527 0.415 0.527 0.406 0.528 0.405 0.529 0.405 0.529 0.392 0.528 0.392 0.527 0.391 0.527 0.39 0.516 0.39 0.515 0.389 0.515 0.388 0.508 0.388 0.507 0.387 0.507 0.386 0.5 0.386 0.499 0.385 0.499 0.384 0.494 0.384 0.493 0.383 0.493 0.382
3 0.015 0.499 0.03 0.074 0.0 0.462 0.0 0.535 0.003 0.535 0.003 0.534 0.004 0.533 0.005 0.533 0.005 0.532 0.006 0.531 0.007 0.531 0.007 0.53 0.008 0.529 0.009 0.529 0.009 0.528 0.01 0.527 0.011 0.527 0.011 0.526 0.012 0.525 0.013 0.525 0.013 0.524 0.014 0.523 0.017 0.523 0.017 0.522 0.018 0.521 0.019 0.521 0.019 0.52 0.02 0.519 0.021 0.519 0.021 0.518 0.022 0.517 0.023 0.517 0.023 0.516 0.024 0.515 0.025 0.515 0.025 0.514 0.026 0.513 0.027 0.513 0.027 0.512 0.028 0.511 0.029 0.511 0.029 0.5 0.028 0.5 0.027 0.499 0.027 0.496 0.026 0.496 0.025 0.495 0.025 0.494 0.024 0.494 0.023 0.493 0.023 0.492 0.022 0.492 0.021 0.491 0.021 0.49 0.02 0.49 0.019 0.489 0.019 0.488 0.018 0.488 0.017 0.487 0.017 0.484 0.016 0.484 0.015 0.483 0.015 0.482 0.014 0.482 0.013 0.481 0.013 0.478 0.012 0.478 0.011 0.477 0.011 0.476 0.01 0.476 0.009 0.475 0.009 0.474 0.008 0.474 0.007 0.473 0.007 0.472 0.006 0.472 0.005 0.471 0.005 0.468 0.004 0.468 0.003 0.467 0.003 0.464 0.002 0.464 0.001 0.463 0.001 0.462
3 0.295 0.497 0.046 0.078 0.288 0.458 0.288 0.461 0.287 0.462 0.286 0.462 0.286 0.469 0.285 0.47 0.284 0.47 0.284 0.479 0.283 0.48 0.282 0.48 0.282 0.485 0.281 0.486 0.28 0.486 0.28 0.493 0.279 0.494 0.278 0.494 0.278 0.501 0.277 0.502 0.276 0.502 0.276 0.509 0.275 0.51 0.274 0.51 0.274 0.517 0.273 0.518 0.272 0.518 0.272 0.531 0.277 0.531 0.278 0.532 0.278 0.533 0.285 0.533 0.286 0.534 0.286 0.535 0.303 0.535 0.303 0.532 0.304 0.531 0.305 0.531 0.305 0.522 0.306 0.521 0.307 0.521 0.307 0.516 0.308 0.515 0.309 0.515 0.309 0.504 0.31 0.503 0.311 0.503 0.311 0.496 0.312 0.495 0.313 0.495 0.313 0.488 0.314 0.487 0.315 0.487 0.315 0.478 0.316 0.477 0.317 0.477 0.317 0.472 0.316 0.472 0.315 0.471 0.315 0.468 0.314 0.468 0.313 0.467 0.313 0.464 0.312 0.464 0.311 0.463 0.311 0.46 0.308 0.46 0.307 0.459 0.307 0.458
3 0.352 0.511 0.048 0.082 0.348 0.47 0.348 0.471 0.347 0.472 0.346 0.472 0.346 0.473 0.345 0.474 0.344 0.474 0.344 0.477 0.343 0.478 0.342 0.478 0.342 0.487 0.341 0.488 0.34 0.488 0.34 0.493 0.339 0.494 0.338 0.494 0.338 0.499 0.337 0.5 0.336 0.5 0.336 0.507 0.335 0.508 0.334 0.508 0.334 0.515 0.333 0.516 0.332 0.516 0.332 0.523 0.331 0.524 0.33 0.524 0.33 0.529 0.329 0.53 0.328 0.53 0.328 0.545 0.331 0.545 0.332 0.546 0.332 0.547 0.339 0.547 0.34 0.548 0.34 0.549 0.347 0.549 0.348 0.55 0.348 0.551 0.357 0.551 0.357 0.55 0.358 0.549 0.359 0.549 0.359 0.546 0.36 0.545 0.361 0.545 0.361 0.536 0.362 0.535 0.363 0.535 0.363 0.528 0.364 0.527 0.365 0.527 0.365 0.518 0.366 0.517 0.367 0.517 0.367 0.512 0.368 0.511 0.369 0.511 0.369 0.504 0.37 0.503 0.371 0.503 0.371 0.496 0.372 0.495 0.373 0.495 0.373 0.486 0.374 0.485 0.375 0.485 0.375 0.48 0.374 0.48 0.373 0.479 0.373 0.478 0.372 0.478 0.371 0.477 0.371 0.476 0.368 0.476 0.367 0.475 0.367 0.474 0.364 0.474 0.363 0.473 0.363 0.472 0.356 0.472 0.355 0.471 0.355 0.47
3 0.46 0.537 0.048 0.082 0.46 0.496 0.46 0.497 0.459 0.498 0.452 0.498 0.452 0.499 0.451 0.5 0.45 0.5 0.45 0.505 0.449 0.506 0.448 0.506 0.448 0.515 0.447 0.516 0.446 0.516 0.446 0.523 0.445 0.524 0.444 0.524 0.444 0.533 0.443 0.534 0.442 0.534 0.442 0.539 0.441 0.54 0.44 0.54 0.44 0.549 0.439 0.55 0.438 0.55 0.438 0.557 0.437 0.558 0.436 0.558 0.436 0.571 0.439 0.571 0.44 0.572 0.44 0.573 0.445 0.573 0.446 0.574 0.446 0.575 0.453 0.575 0.454 0.576 0.454 0.577 0.467 0.577 0.467 0.574 0.468 0.573 0.469 0.573 0.469 0.56 0.47 0.559 0.471 0.559 0.471 0.552 0.472 0.551 0.473 0.551 0.473 0.542 0.474 0.541 0.475 0.541 0.475 0.536 0.476 0.535 0.477 0.535 0.477 0.526 0.478 0.525 0.479 0.525 0.479 0.52 0.48 0.519 0.481 0.519 0.481 0.51 0.482 0.509 0.483 0.509 0.483 0.508 0.482 0.508 0.481 0.507 0.481 0.504 0.48 0.504 0.479 0.503 0.479 0.502 0.478 0.502 0.477 0.501 0.477 0.5 0.474 0.5 0.473 0.499 0.473 0.498 0.472 0.498 0.471 0.497 0.471 0.496
3 0.445 0.9480000000000001 0.05 0.084 0.438 0.906 0.438 0.907 0.437 0.908 0.436 0.908 0.436 0.913 0.435 0.914 0.434 0.914 0.434 0.919 0.433 0.92 0.432 0.92 0.432 0.929 0.431 0.93 0.43 0.93 0.43 0.937 0.429 0.938 0.428 0.938 0.428 0.945 0.427 0.946 0.426 0.946 0.426 0.953 0.425 0.954 0.424 0.954 0.424 0.961 0.423 0.962 0.422 0.962 0.422 0.965 0.421 0.966 0.42 0.966 0.42 0.981 0.421 0.981 0.422 0.982 0.422 0.983 0.425 0.983 0.426 0.984 0.426 0.985 0.433 0.985 0.434 0.986 0.434 0.987 0.441 0.987 0.442 0.988 0.442 0.989 0.451 0.989 0.451 0.988 0.452 0.987 0.453 0.987 0.453 0.98 0.454 0.979 0.455 0.979 0.455 0.972 0.456 0.971 0.457 0.971 0.457 0.964 0.458 0.963 0.459 0.963 0.459 0.956 0.46 0.955 0.461 0.955 0.461 0.948 0.462 0.947 0.463 0.947 0.463 0.94 0.464 0.939 0.465 0.939 0.465 0.93 0.466 0.929 0.467 0.929 0.467 0.924 0.468 0.923 0.469 0.923 0.469 0.916 0.468 0.916 0.467 0.915 0.467 0.914 0.466 0.914 0.465 0.913 0.465 0.912 0.462 0.912 0.461 0.911 0.461 0.91 0.46 0.91 0.459 0.909 0.459 0.908 0.456 0.908 0.455 0.907 0.455 0.906
3 0.337 0.923 0.05 0.082 0.328 0.882 0.328 0.885 0.327 0.886 0.326 0.886 0.326 0.899 0.325 0.9 0.324 0.9 0.324 0.905 0.323 0.906 0.322 0.906 0.322 0.913 0.321 0.914 0.32 0.914 0.32 0.923 0.319 0.924 0.318 0.924 0.318 0.929 0.317 0.93 0.316 0.93 0.316 0.937 0.315 0.938 0.314 0.938 0.314 0.945 0.313 0.946 0.312 0.946 0.312 0.957 0.313 0.957 0.314 0.958 0.314 0.959 0.321 0.959 0.322 0.96 0.322 0.961 0.329 0.961 0.33 0.962 0.33 0.963 0.343 0.963 0.343 0.962 0.344 0.961 0.345 0.961 0.345 0.954 0.346 0.953 0.347 0.953 0.347 0.948 0.348 0.947 0.349 0.947 0.349 0.94 0.35 0.939 0.351 0.939 0.351 0.932 0.352 0.931 0.353 0.931 0.353 0.924 0.354 0.923 0.355 0.923 0.355 0.916 0.356 0.915 0.357 0.915 0.357 0.908 0.358 0.907 0.359 0.907 0.359 0.902 0.36 0.901 0.361 0.901 0.361 0.89 0.36 0.89 0.359 0.889 0.359 0.888 0.358 0.888 0.357 0.887 0.357 0.886 0.356 0.886 0.355 0.885 0.355 0.884 0.352 0.884 0.351 0.883 0.351 0.882
2 0.027 0.65 0.054 0.028 0.0 0.636 0.0 0.661 0.025 0.661 0.026 0.662 0.026 0.663 0.051 0.663 0.051 0.656 0.052 0.655 0.053 0.655 0.053 0.65 0.05 0.65 0.049 0.649 0.049 0.648 0.042 0.648 0.041 0.647 0.041 0.646 0.034 0.646 0.033 0.645 0.033 0.644 0.026 0.644 0.025 0.643 0.025 0.642 0.02 0.642 0.019 0.641 0.019 0.64 0.012 0.64 0.011 0.639 0.011 0.638 0.004 0.638 0.003 0.637 0.003 0.636
4 0.44 0.487 0.016 0.014 0.434 0.48 0.434 0.481 0.433 0.482 0.432 0.482 0.432 0.489 0.433 0.489 0.434 0.49 0.434 0.491 0.437 0.491 0.438 0.492 0.438 0.493 0.445 0.493 0.445 0.492 0.446 0.491 0.447 0.491 0.447 0.482 0.446 0.482 0.445 0.481 0.445 0.48
2 0.559 0.984 0.034 0.032 0.554 0.968 0.554 0.971 0.553 0.972 0.552 0.972 0.552 0.977 0.551 0.978 0.55 0.978 0.55 0.983 0.549 0.984 0.548 0.984 0.548 0.989 0.547 0.99 0.546 0.99 0.546 0.995 0.545 0.996 0.544 0.996 0.544 0.999 0.569 0.999 0.569 0.998 0.57 0.997 0.571 0.997 0.571 0.988 0.572 0.987 0.573 0.987 0.573 0.978 0.574 0.977 0.575 0.977 0.575 0.972 0.572 0.972 0.571 0.971 0.571 0.97 0.56 0.97 0.559 0.969 0.559 0.968
2 0.247 0.422 0.042 0.07200000000000001 0.246 0.386 0.246 0.389 0.245 0.39 0.244 0.39 0.244 0.395 0.243 0.396 0.242 0.396 0.242 0.401 0.241 0.402 0.24 0.402 0.24 0.407 0.239 0.408 0.238 0.408 0.238 0.413 0.237 0.414 0.236 0.414 0.236 0.419 0.235 0.42 0.234 0.42 0.234 0.425 0.233 0.426 0.232 0.426 0.232 0.431 0.231 0.432 0.23 0.432 0.23 0.437 0.229 0.438 0.228 0.438 0.228 0.443 0.227 0.444 0.226 0.444 0.226 0.445 0.227 0.445 0.228 0.446 0.228 0.447 0.231 0.447 0.232 0.448 0.232 0.449 0.235 0.449 0.236 0.45 0.236 0.451 0.241 0.451 0.242 0.452 0.242 0.453 0.245 0.453 0.246 0.454 0.246 0.455 0.249 0.455 0.25 0.456 0.25 0.457 0.251 0.457 0.251 0.454 0.252 0.453 0.253 0.453 0.253 0.446 0.254 0.445 0.255 0.445 0.255 0.436 0.256 0.435 0.257 0.435 0.257 0.428 0.258 0.427 0.259 0.427 0.259 0.42 0.26 0.419 0.261 0.419 0.261 0.412 0.262 0.411 0.263 0.411 0.263 0.402 0.264 0.401 0.265 0.401 0.265 0.394 0.266 0.393 0.267 0.393 0.267 0.39 0.262 0.39 0.261 0.389 0.261 0.388 0.252 0.388 0.251 0.387 0.251 0.386
2 0.23 0.842 0.044 0.08 0.228 0.802 0.228 0.805 0.227 0.806 0.226 0.806 0.226 0.811 0.225 0.812 0.224 0.812 0.224 0.819 0.223 0.82 0.222 0.82 0.222 0.825 0.221 0.826 0.22 0.826 0.22 0.831 0.219 0.832 0.218 0.832 0.218 0.839 0.217 0.84 0.216 0.84 0.216 0.845 0.215 0.846 0.214 0.846 0.214 0.853 0.213 0.854 0.212 0.854 0.212 0.859 0.211 0.86 0.21 0.86 0.21 0.865 0.209 0.866 0.208 0.866 0.208 0.869 0.209 0.869 0.21 0.87 0.21 0.871 0.211 0.871 0.212 0.872 0.212 0.873 0.215 0.873 0.216 0.874 0.216 0.875 0.217 0.875 0.218 0.876 0.218 0.877 0.221 0.877 0.222 0.878 0.222 0.879 0.223 0.879 0.224 0.88 0.224 0.881 0.225 0.881 0.225 0.878 0.226 0.877 0.227 0.877 0.227 0.872 0.228 0.871 0.229 0.871 0.229 0.866 0.23 0.865 0.231 0.865 0.231 0.86 0.232 0.859 0.233 0.859 0.233 0.854 0.234 0.853 0.235 0.853 0.235 0.848 0.236 0.847 0.237 0.847 0.237 0.842 0.238 0.841 0.239 0.841 0.239 0.836 0.24 0.835 0.241 0.835 0.241 0.83 0.242 0.829 0.243 0.829 0.243 0.824 0.244 0.823 0.245 0.823 0.245 0.818 0.246 0.817 0.247 0.817 0.247 0.812 0.248 0.811 0.249 0.811 0.249 0.806 0.25 0.805 0.251 0.805 0.251 0.802
3 0.28 0.908 0.048 0.084 0.286 0.866 0.286 0.867 0.285 0.868 0.276 0.868 0.276 0.869 0.275 0.87 0.274 0.87 0.274 0.871 0.273 0.872 0.272 0.872 0.272 0.877 0.271 0.878 0.27 0.878 0.27 0.885 0.269 0.886 0.268 0.886 0.268 0.895 0.267 0.896 0.266 0.896 0.266 0.901 0.265 0.902 0.264 0.902 0.264 0.911 0.263 0.912 0.262 0.912 0.262 0.917 0.261 0.918 0.26 0.918 0.26 0.927 0.259 0.928 0.258 0.928 0.258 0.935 0.257 0.936 0.256 0.936 0.256 0.941 0.257 0.941 0.258 0.942 0.258 0.943 0.261 0.943 0.262 0.944 0.262 0.945 0.267 0.945 0.268 0.946 0.268 0.947 0.275 0.947 0.276 0.948 0.276 0.949 0.287 0.949 0.287 0.948 0.288 0.947 0.289 0.947 0.289 0.94 0.29 0.939 0.291 0.939 0.291 0.934 0.292 0.933 0.293 0.933 0.293 0.924 0.294 0.923 0.295 0.923 0.295 0.916 0.296 0.915 0.297 0.915 0.297 0.904 0.298 0.903 0.299 0.903 0.299 0.89 0.3 0.889 0.301 0.889 0.301 0.884 0.302 0.883 0.303 0.883 0.303 0.876 0.302 0.876 0.301 0.875 0.301 0.872 0.3 0.872 0.299 0.871 0.299 0.87 0.294 0.87 0.293 0.869 0.293 0.868 0.288 0.868 0.287 0.867 0.287 0.866
3 0.483 0.833 0.062 0.082 0.468 0.792 0.468 0.793 0.467 0.794 0.466 0.794 0.466 0.799 0.465 0.8 0.464 0.8 0.464 0.807 0.463 0.808 0.462 0.808 0.462 0.813 0.461 0.814 0.46 0.814 0.46 0.819 0.459 0.82 0.458 0.82 0.458 0.827 0.457 0.828 0.456 0.828 0.456 0.837 0.455 0.838 0.454 0.838 0.454 0.845 0.453 0.846 0.452 0.846 0.452 0.855 0.453 0.855 0.454 0.856 0.454 0.857 0.455 0.857 0.456 0.858 0.456 0.859 0.457 0.859 0.458 0.86 0.458 0.861 0.459 0.861 0.46 0.862 0.46 0.863 0.461 0.863 0.462 0.864 0.462 0.865 0.463 0.865 0.464 0.866 0.464 0.867 0.465 0.867 0.466 0.868 0.466 0.869 0.467 0.869 0.468 0.87 0.468 0.871 0.469 0.871 0.47 0.872 0.47 0.873 0.477 0.873 0.477 0.872 0.478 0.871 0.483 0.871 0.483 0.87 0.484 0.869 0.487 0.869 0.487 0.868 0.488 0.867 0.493 0.867 0.493 0.866 0.494 0.865 0.497 0.865 0.497 0.864 0.498 0.863 0.499 0.863 0.499 0.862 0.5 0.861 0.501 0.861 0.501 0.856 0.502 0.855 0.503 0.855 0.503 0.848 0.504 0.847 0.505 0.847 0.505 0.84 0.506 0.839 0.507 0.839 0.507 0.832 0.508 0.831 0.509 0.831 0.509 0.824 0.51 0.823 0.511 0.823 0.511 0.816 0.512 0.815 0.513 0.815 0.513 0.804 0.512 0.804 0.511 0.803 0.511 0.802 0.5 0.802 0.499 0.801 0.499 0.8 0.494 0.8 0.493 0.799 0.493 0.798 0.484 0.798 0.483 0.797 0.483 0.796 0.478 0.796 0.477 0.795 0.477 0.794 0.474 0.794 0.473 0.793 0.473 0.792
3 0.357 0.803 0.062 0.082 0.342 0.762 0.342 0.763 0.341 0.764 0.34 0.764 0.34 0.767 0.339 0.768 0.338 0.768 0.338 0.773 0.337 0.774 0.336 0.774 0.336 0.779 0.335 0.78 0.334 0.78 0.334 0.787 0.333 0.788 0.332 0.788 0.332 0.795 0.331 0.796 0.33 0.796 0.33 0.803 0.329 0.804 0.328 0.804 0.328 0.811 0.327 0.812 0.326 0.812 0.326 0.825 0.327 0.825 0.328 0.826 0.328 0.827 0.329 0.827 0.33 0.828 0.33 0.829 0.331 0.829 0.332 0.83 0.332 0.831 0.335 0.831 0.336 0.832 0.336 0.833 0.337 0.833 0.338 0.834 0.338 0.835 0.339 0.835 0.34 0.836 0.34 0.837 0.341 0.837 0.342 0.838 0.342 0.839 0.343 0.839 0.344 0.84 0.344 0.841 0.347 0.841 0.348 0.842 0.348 0.843 0.349 0.843 0.349 0.842 0.35 0.841 0.353 0.841 0.353 0.84 0.354 0.839 0.363 0.839 0.363 0.838 0.364 0.837 0.369 0.837 0.369 0.836 0.37 0.835 0.371 0.835 0.371 0.834 0.372 0.833 0.373 0.833 0.373 0.832 0.374 0.831 0.375 0.831 0.375 0.826 0.376 0.825 0.377 0.825 0.377 0.818 0.378 0.817 0.379 0.817 0.379 0.808 0.38 0.807 0.381 0.807 0.381 0.802 0.382 0.801 0.383 0.801 0.383 0.792 0.384 0.791 0.385 0.791 0.385 0.786 0.386 0.785 0.387 0.785 0.387 0.772 0.378 0.772 0.377 0.771 0.377 0.77 0.37 0.77 0.369 0.769 0.369 0.768 0.362 0.768 0.361 0.767 0.361 0.766 0.354 0.766 0.353 0.765 0.353 0.764 0.348 0.764 0.347 0.763 0.347 0.762
