7 0.47100000000000003 0.47600000000000003 0.022 0.028 0.464 0.462 0.464 0.463 0.463 0.464 0.46 0.464 0.46 0.487 0.461 0.487 0.462 0.488 0.462 0.489 0.477 0.489 0.477 0.484 0.478 0.483 0.479 0.483 0.479 0.476 0.48 0.475 0.481 0.475 0.481 0.466 0.48 0.466 0.479 0.465 0.479 0.464 0.478 0.464 0.477 0.463 0.477 0.462
4 0.517 0.555 0.034 0.034 0.508 0.538 0.508 0.539 0.507 0.54 0.504 0.54 0.504 0.543 0.503 0.544 0.502 0.544 0.502 0.553 0.501 0.554 0.5 0.554 0.5 0.567 0.501 0.567 0.502 0.568 0.502 0.569 0.515 0.569 0.516 0.57 0.516 0.571 0.519 0.571 0.519 0.57 0.52 0.569 0.521 0.569 0.522 0.57 0.522 0.571 0.525 0.571 0.525 0.57 0.526 0.569 0.529 0.569 0.529 0.564 0.53 0.563 0.531 0.563 0.531 0.556 0.532 0.555 0.533 0.555 0.533 0.544 0.532 0.544 0.531 0.543 0.531 0.542 0.526 0.542 0.525 0.541 0.525 0.54 0.512 0.54 0.511 0.539 0.511 0.538
4 0.559 0.445 0.022 0.03 0.55 0.43 0.55 0.435 0.549 0.436 0.548 0.436 0.548 0.451 0.549 0.451 0.55 0.452 0.55 0.457 0.553 0.457 0.554 0.458 0.554 0.459 0.559 0.459 0.559 0.458 0.56 0.457 0.563 0.457 0.563 0.456 0.564 0.455 0.565 0.455 0.565 0.454 0.566 0.453 0.567 0.453 0.567 0.446 0.568 0.445 0.569 0.445 0.569 0.434 0.568 0.434 0.567 0.433 0.567 0.432 0.566 0.432 0.565 0.431 0.565 0.43
4 0.52 0.439 0.032 0.038 0.512 0.42 0.512 0.421 0.511 0.422 0.51 0.422 0.51 0.429 0.509 0.43 0.508 0.43 0.508 0.437 0.507 0.438 0.506 0.438 0.506 0.441 0.505 0.442 0.504 0.442 0.504 0.453 0.505 0.453 0.506 0.454 0.506 0.455 0.515 0.455 0.516 0.456 0.516 0.457 0.531 0.457 0.531 0.452 0.532 0.451 0.533 0.451 0.533 0.434 0.534 0.433 0.535 0.433 0.535 0.422 0.526 0.422 0.525 0.421 0.525 0.42
1 0.621 0.5690000000000001 0.146 0.11 0.564 0.514 0.564 0.515 0.563 0.516 0.562 0.516 0.562 0.517 0.561 0.518 0.56 0.518 0.56 0.531 0.559 0.532 0.558 0.532 0.558 0.551 0.557 0.552 0.556 0.552 0.556 0.559 0.555 0.56 0.554 0.56 0.554 0.575 0.553 0.576 0.552 0.576 0.552 0.585 0.551 0.586 0.55 0.586 0.55 0.595 0.549 0.596 0.548 0.596 0.548 0.599 0.549 0.599 0.55 0.6 0.55 0.601 0.551 0.601 0.552 0.602 0.552 0.603 0.559 0.603 0.56 0.604 0.56 0.605 0.563 0.605 0.564 0.606 0.564 0.607 0.579 0.607 0.58 0.608 0.58 0.609 0.589 0.609 0.59 0.61 0.59 0.611 0.599 0.611 0.6 0.612 0.6 0.613 0.619 0.613 0.62 0.614 0.62 0.615 0.629 0.615 0.63 0.616 0.63 0.617 0.639 0.617 0.64 0.618 0.64 0.619 0.649 0.619 0.65 0.62 0.65 0.621 0.665 0.621 0.666 0.622 0.666 0.623 0.675 0.623 0.675 0.62 0.676 0.619 0.677 0.619 0.677 0.614 0.678 0.613 0.679 0.613 0.679 0.606 0.68 0.605 0.681 0.605 0.681 0.594 0.682 0.593 0.683 0.593 0.683 0.586 0.684 0.585 0.685 0.585 0.685 0.576 0.686 0.575 0.687 0.575 0.687 0.566 0.688 0.565 0.689 0.565 0.689 0.556 0.69 0.555 0.691 0.555 0.691 0.548 0.692 0.547 0.693 0.547 0.693 0.532 0.676 0.532 0.675 0.531 0.675 0.53 0.67 0.53 0.669 0.529 0.669 0.528 0.646 0.528 0.645 0.527 0.645 0.526 0.634 0.526 0.633 0.525 0.633 0.524 0.616 0.524 0.615 0.523 0.615 0.522 0.596 0.522 0.595 0.521 0.595 0.52 0.594 0.52 0.593 0.519 0.593 0.518 0.57 0.518 0.569 0.517 0.569 0.516 0.566 0.516 0.565 0.515 0.565 0.514
0 0.537 0.975 0.046 0.05 0.536 0.95 0.536 0.951 0.535 0.952 0.522 0.952 0.522 0.953 0.521 0.954 0.52 0.954 0.52 0.955 0.519 0.956 0.518 0.956 0.518 0.979 0.517 0.98 0.516 0.98 0.516 0.989 0.515 0.99 0.514 0.99 0.514 0.999 0.557 0.999 0.557 0.98 0.558 0.979 0.559 0.979 0.559 0.954 0.558 0.954 0.557 0.953 0.557 0.952 0.54 0.952 0.539 0.951 0.539 0.95
7 0.429 0.911 0.01 0.01 0.424 0.906 0.424 0.915 0.431 0.915 0.431 0.912 0.432 0.911 0.433 0.911 0.433 0.906
4 0.589 0.5660000000000001 0.03 0.028 0.578 0.552 0.578 0.553 0.577 0.554 0.576 0.554 0.576 0.561 0.575 0.562 0.574 0.562 0.574 0.575 0.575 0.575 0.576 0.576 0.576 0.577 0.581 0.577 0.582 0.578 0.582 0.579 0.597 0.579 0.597 0.578 0.598 0.577 0.599 0.577 0.599 0.574 0.6 0.573 0.601 0.573 0.601 0.564 0.602 0.563 0.603 0.563 0.603 0.556 0.602 0.556 0.601 0.555 0.601 0.554 0.594 0.554 0.593 0.553 0.593 0.552
4 0.963 0.665 0.026000000000000002 0.03 0.958 0.65 0.958 0.651 0.957 0.652 0.952 0.652 0.952 0.657 0.951 0.658 0.95 0.658 0.95 0.673 0.951 0.673 0.952 0.674 0.952 0.675 0.953 0.675 0.954 0.676 0.954 0.677 0.963 0.677 0.964 0.678 0.964 0.679 0.971 0.679 0.971 0.678 0.972 0.677 0.973 0.677 0.973 0.676 0.974 0.675 0.975 0.675 0.975 0.656 0.974 0.656 0.973 0.655 0.973 0.654 0.972 0.654 0.971 0.653 0.971 0.652 0.964 0.652 0.963 0.651 0.963 0.65
5 0.41600000000000004 0.896 0.02 0.02 0.408 0.886 0.408 0.891 0.407 0.892 0.406 0.892 0.406 0.901 0.407 0.901 0.408 0.902 0.408 0.903 0.409 0.903 0.41 0.904 0.41 0.905 0.425 0.905 0.425 0.898 0.424 0.898 0.423 0.897 0.423 0.896 0.42 0.896 0.419 0.895 0.419 0.892 0.418 0.892 0.417 0.891 0.417 0.886
4 0.42 0.976 0.02 0.024 0.414 0.964 0.414 0.965 0.413 0.966 0.412 0.966 0.412 0.967 0.411 0.968 0.41 0.968 0.41 0.985 0.411 0.985 0.412 0.986 0.412 0.987 0.425 0.987 0.425 0.986 0.426 0.985 0.427 0.985 0.427 0.98 0.428 0.979 0.429 0.979 0.429 0.966 0.426 0.966 0.425 0.965 0.425 0.964
4 0.487 0.987 0.018000000000000002 0.026000000000000002 0.48 0.974 0.48 0.975 0.479 0.976 0.478 0.976 0.478 0.995 0.479 0.995 0.48 0.996 0.48 0.999 0.493 0.999 0.493 0.996 0.494 0.995 0.495 0.995 0.495 0.976 0.49 0.976 0.489 0.975 0.489 0.974
5 0.503 0.486 0.022 0.02 0.496 0.476 0.496 0.477 0.495 0.478 0.494 0.478 0.494 0.485 0.493 0.486 0.492 0.486 0.492 0.491 0.493 0.491 0.494 0.492 0.494 0.495 0.509 0.495 0.509 0.494 0.51 0.493 0.511 0.493 0.511 0.488 0.512 0.487 0.513 0.487 0.513 0.48 0.512 0.48 0.511 0.479 0.511 0.478 0.51 0.478 0.509 0.477 0.509 0.476
5 0.621 0.505 0.022 0.022 0.614 0.494 0.614 0.495 0.613 0.496 0.612 0.496 0.612 0.499 0.611 0.5 0.61 0.5 0.61 0.511 0.611 0.511 0.612 0.512 0.612 0.513 0.619 0.513 0.62 0.514 0.62 0.515 0.627 0.515 0.627 0.514 0.628 0.513 0.629 0.513 0.629 0.504 0.63 0.503 0.631 0.503 0.631 0.498 0.63 0.498 0.629 0.497 0.629 0.496 0.62 0.496 0.619 0.495 0.619 0.494
7 0.468 0.918 0.016 0.016 0.472 0.91 0.472 0.911 0.471 0.912 0.46 0.912 0.46 0.923 0.461 0.923 0.462 0.924 0.462 0.925 0.471 0.925 0.471 0.924 0.472 0.923 0.473 0.923 0.473 0.922 0.474 0.921 0.475 0.921 0.475 0.91
5 0.535 0.925 0.022 0.022 0.528 0.916 0.528 0.917 0.527 0.918 0.526 0.918 0.526 0.925 0.525 0.926 0.524 0.926 0.524 0.929 0.525 0.929 0.526 0.93 0.526 0.931 0.527 0.931 0.528 0.932 0.528 0.933 0.533 0.933 0.534 0.934 0.534 0.935 0.539 0.935 0.539 0.934 0.54 0.933 0.541 0.933 0.541 0.926 0.542 0.925 0.543 0.925 0.543 0.918 0.534 0.918 0.533 0.917 0.533 0.916
4 0.45 0.879 0.016 0.018000000000000002 0.444 0.87 0.444 0.877 0.443 0.878 0.442 0.878 0.442 0.885 0.449 0.885 0.45 0.886 0.45 0.887 0.455 0.887 0.455 0.88 0.456 0.879 0.457 0.879 0.457 0.872 0.45 0.872 0.449 0.871 0.449 0.87
4 0.40700000000000003 0.87 0.014 0.016 0.402 0.862 0.402 0.869 0.401 0.87 0.4 0.87 0.4 0.877 0.411 0.877 0.411 0.87 0.412 0.869 0.413 0.869 0.413 0.864 0.408 0.864 0.407 0.863 0.407 0.862
