4 0.445 0.28200000000000003 0.018000000000000002 0.028 0.438 0.268 0.438 0.269 0.437 0.27 0.436 0.27 0.436 0.295 0.451 0.295 0.451 0.29 0.452 0.289 0.453 0.289 0.453 0.27 0.452 0.27 0.451 0.269 0.451 0.268
5 0.292 0.381 0.016 0.022 0.284 0.37 0.284 0.391 0.299 0.391 0.299 0.37
4 0.005 0.051000000000000004 0.01 0.018000000000000002 0.0 0.042 0.0 0.059 0.003 0.059 0.003 0.058 0.004 0.057 0.005 0.057 0.005 0.056 0.006 0.055 0.007 0.055 0.007 0.054 0.008 0.053 0.009 0.053 0.009 0.048 0.008 0.048 0.007 0.047 0.007 0.046 0.006 0.046 0.005 0.045 0.005 0.044 0.002 0.044 0.001 0.043 0.001 0.042
5 0.048 0.018000000000000002 0.04 0.036000000000000004 0.042 0.0 0.042 0.001 0.041 0.002 0.04 0.002 0.04 0.003 0.039 0.004 0.038 0.004 0.038 0.005 0.037 0.006 0.036 0.006 0.036 0.007 0.035 0.008 0.034 0.008 0.034 0.009 0.033 0.01 0.032 0.01 0.032 0.011 0.031 0.012 0.03 0.012 0.03 0.013 0.029 0.014 0.028 0.014 0.028 0.019 0.029 0.019 0.03 0.02 0.03 0.021 0.031 0.021 0.032 0.022 0.032 0.025 0.033 0.025 0.034 0.026 0.034 0.027 0.035 0.027 0.036 0.028 0.036 0.031 0.037 0.031 0.038 0.032 0.038 0.033 0.039 0.033 0.04 0.034 0.04 0.035 0.045 0.035 0.045 0.034 0.046 0.033 0.049 0.033 0.049 0.03 0.05 0.029 0.053 0.029 0.053 0.026 0.054 0.025 0.055 0.025 0.055 0.024 0.056 0.023 0.057 0.023 0.057 0.022 0.058 0.021 0.059 0.021 0.059 0.02 0.06 0.019 0.061 0.019 0.061 0.018 0.062 0.017 0.063 0.017 0.063 0.016 0.064 0.015 0.065 0.015 0.065 0.012 0.066 0.011 0.067 0.011 0.067 0.01 0.066 0.01 0.065 0.009 0.065 0.006 0.064 0.006 0.063 0.005 0.063 0.004 0.062 0.004 0.061 0.003 0.061 0.002 0.06 0.002 0.059 0.001 0.059 0.0
3 0.371 0.761 0.11 0.114 0.356 0.704 0.356 0.705 0.355 0.706 0.352 0.706 0.352 0.707 0.351 0.708 0.326 0.708 0.326 0.709 0.325 0.71 0.322 0.71 0.322 0.711 0.321 0.712 0.32 0.712 0.32 0.719 0.319 0.72 0.318 0.72 0.318 0.733 0.317 0.734 0.316 0.734 0.316 0.779 0.317 0.779 0.318 0.78 0.318 0.805 0.317 0.806 0.316 0.806 0.316 0.809 0.317 0.809 0.318 0.81 0.318 0.813 0.323 0.813 0.324 0.814 0.324 0.815 0.339 0.815 0.34 0.816 0.34 0.817 0.395 0.817 0.395 0.814 0.396 0.813 0.397 0.813 0.397 0.794 0.398 0.793 0.399 0.793 0.399 0.792 0.4 0.791 0.401 0.791 0.401 0.79 0.402 0.789 0.405 0.789 0.405 0.788 0.406 0.787 0.419 0.787 0.419 0.786 0.42 0.785 0.423 0.785 0.423 0.784 0.424 0.783 0.425 0.783 0.425 0.742 0.4 0.742 0.399 0.741 0.399 0.74 0.398 0.74 0.397 0.739 0.397 0.73 0.398 0.729 0.399 0.729 0.399 0.708 0.398 0.708 0.397 0.707 0.397 0.704
3 0.757 0.635 0.07 0.042 0.724 0.614 0.724 0.627 0.723 0.628 0.722 0.628 0.722 0.653 0.725 0.653 0.726 0.654 0.726 0.655 0.739 0.655 0.739 0.654 0.74 0.653 0.777 0.653 0.777 0.652 0.778 0.651 0.789 0.651 0.789 0.65 0.79 0.649 0.791 0.649 0.791 0.622 0.79 0.622 0.789 0.621 0.789 0.62 0.784 0.62 0.783 0.619 0.783 0.618 0.774 0.618 0.773 0.617 0.773 0.616 0.758 0.616 0.757 0.615 0.757 0.614
3 0.754 0.579 0.06 0.038 0.728 0.56 0.728 0.563 0.727 0.564 0.726 0.564 0.726 0.583 0.725 0.584 0.724 0.584 0.724 0.593 0.725 0.593 0.726 0.594 0.726 0.595 0.727 0.595 0.728 0.596 0.728 0.597 0.775 0.597 0.775 0.596 0.776 0.595 0.779 0.595 0.779 0.594 0.78 0.593 0.781 0.593 0.781 0.588 0.782 0.587 0.783 0.587 0.783 0.564 0.782 0.564 0.781 0.563 0.781 0.562 0.74 0.562 0.739 0.561 0.739 0.56
3 0.756 0.442 0.064 0.04 0.73 0.422 0.73 0.423 0.729 0.424 0.728 0.424 0.728 0.427 0.727 0.428 0.726 0.428 0.726 0.437 0.725 0.438 0.724 0.438 0.724 0.459 0.739 0.459 0.74 0.46 0.74 0.461 0.781 0.461 0.781 0.46 0.782 0.459 0.787 0.459 0.787 0.432 0.786 0.432 0.785 0.431 0.785 0.43 0.782 0.43 0.781 0.429 0.781 0.428 0.776 0.428 0.775 0.427 0.775 0.426 0.76 0.426 0.759 0.425 0.759 0.424 0.734 0.424 0.733 0.423 0.733 0.422
3 0.969 0.322 0.038 0.032 0.964 0.306 0.964 0.307 0.963 0.308 0.954 0.308 0.954 0.309 0.953 0.31 0.95 0.31 0.95 0.315 0.951 0.315 0.952 0.316 0.952 0.321 0.953 0.321 0.954 0.322 0.954 0.325 0.955 0.325 0.956 0.326 0.956 0.331 0.957 0.331 0.958 0.332 0.958 0.335 0.977 0.335 0.978 0.336 0.978 0.337 0.985 0.337 0.985 0.334 0.986 0.333 0.987 0.333 0.987 0.328 0.986 0.328 0.985 0.327 0.985 0.308 0.984 0.308 0.983 0.307 0.983 0.306
3 0.652 0.24 0.044 0.04 0.644 0.22 0.644 0.221 0.643 0.222 0.634 0.222 0.634 0.223 0.633 0.224 0.632 0.224 0.632 0.225 0.631 0.226 0.63 0.226 0.63 0.251 0.631 0.251 0.632 0.252 0.632 0.257 0.635 0.257 0.636 0.258 0.636 0.259 0.647 0.259 0.647 0.258 0.648 0.257 0.649 0.257 0.649 0.254 0.65 0.253 0.653 0.253 0.653 0.252 0.654 0.251 0.667 0.251 0.667 0.25 0.668 0.249 0.669 0.249 0.669 0.248 0.67 0.247 0.671 0.247 0.671 0.244 0.672 0.243 0.673 0.243 0.673 0.236 0.672 0.236 0.671 0.235 0.671 0.228 0.67 0.228 0.669 0.227 0.669 0.226 0.666 0.226 0.665 0.225 0.665 0.224 0.664 0.224 0.663 0.223 0.663 0.222 0.662 0.222 0.661 0.221 0.661 0.22
3 0.601 0.241 0.046 0.038 0.584 0.222 0.584 0.223 0.583 0.224 0.58 0.224 0.58 0.227 0.579 0.228 0.578 0.228 0.578 0.229 0.579 0.229 0.58 0.23 0.58 0.253 0.581 0.253 0.582 0.254 0.582 0.257 0.585 0.257 0.586 0.258 0.586 0.259 0.615 0.259 0.615 0.258 0.616 0.257 0.619 0.257 0.619 0.256 0.62 0.255 0.621 0.255 0.621 0.246 0.622 0.245 0.623 0.245 0.623 0.242 0.622 0.242 0.621 0.241 0.621 0.232 0.62 0.232 0.619 0.231 0.619 0.228 0.618 0.228 0.617 0.227 0.617 0.224 0.614 0.224 0.613 0.223 0.613 0.222
3 0.447 0.234 0.034 0.024 0.432 0.222 0.432 0.227 0.431 0.228 0.43 0.228 0.43 0.243 0.431 0.243 0.432 0.244 0.432 0.245 0.461 0.245 0.461 0.238 0.462 0.237 0.463 0.237 0.463 0.224 0.462 0.224 0.461 0.223 0.461 0.222
3 0.978 0.095 0.044 0.05 0.98 0.07 0.98 0.071 0.979 0.072 0.978 0.072 0.978 0.073 0.977 0.074 0.972 0.074 0.972 0.075 0.971 0.076 0.968 0.076 0.968 0.077 0.967 0.078 0.966 0.078 0.966 0.079 0.965 0.08 0.964 0.08 0.964 0.081 0.963 0.082 0.962 0.082 0.962 0.085 0.961 0.086 0.958 0.086 0.958 0.089 0.957 0.09 0.956 0.09 0.956 0.095 0.957 0.095 0.958 0.096 0.958 0.099 0.959 0.099 0.96 0.1 0.96 0.105 0.961 0.105 0.962 0.106 0.962 0.107 0.963 0.107 0.964 0.108 0.964 0.111 0.965 0.111 0.966 0.112 0.966 0.113 0.969 0.113 0.97 0.114 0.97 0.115 0.987 0.115 0.988 0.116 0.988 0.117 0.991 0.117 0.992 0.118 0.992 0.119 0.999 0.119 0.999 0.072 0.992 0.072 0.991 0.071 0.991 0.07
4 0.275 0.711 0.022 0.034 0.274 0.694 0.274 0.695 0.273 0.696 0.272 0.696 0.272 0.697 0.271 0.698 0.27 0.698 0.27 0.701 0.269 0.702 0.268 0.702 0.268 0.709 0.267 0.71 0.266 0.71 0.266 0.721 0.265 0.722 0.264 0.722 0.264 0.725 0.265 0.725 0.266 0.726 0.266 0.727 0.279 0.727 0.279 0.726 0.28 0.725 0.283 0.725 0.283 0.72 0.284 0.719 0.285 0.719 0.285 0.712 0.284 0.712 0.283 0.711 0.283 0.696 0.282 0.696 0.281 0.695 0.281 0.694
4 0.971 0.726 0.014 0.036000000000000004 0.968 0.708 0.968 0.709 0.967 0.71 0.964 0.71 0.964 0.737 0.965 0.737 0.966 0.738 0.966 0.739 0.967 0.739 0.968 0.74 0.968 0.741 0.971 0.741 0.972 0.742 0.972 0.743 0.975 0.743 0.975 0.742 0.976 0.741 0.977 0.741 0.977 0.71 0.976 0.71 0.975 0.709 0.975 0.708
4 0.966 0.926 0.012 0.016 0.966 0.918 0.966 0.919 0.965 0.92 0.962 0.92 0.962 0.921 0.961 0.922 0.96 0.922 0.96 0.929 0.961 0.929 0.962 0.93 0.962 0.931 0.963 0.931 0.964 0.932 0.964 0.933 0.971 0.933 0.971 0.922 0.97 0.922 0.969 0.921 0.969 0.92 0.968 0.92 0.967 0.919 0.967 0.918
4 0.271 0.666 0.022 0.032 0.266 0.65 0.266 0.651 0.265 0.652 0.264 0.652 0.264 0.655 0.263 0.656 0.262 0.656 0.262 0.657 0.261 0.658 0.26 0.658 0.26 0.675 0.261 0.675 0.262 0.676 0.262 0.677 0.265 0.677 0.266 0.678 0.266 0.679 0.271 0.679 0.272 0.68 0.272 0.681 0.279 0.681 0.279 0.68 0.28 0.679 0.281 0.679 0.281 0.652 0.28 0.652 0.279 0.651 0.279 0.65
3 0.761 0.03 0.062 0.06 0.73 0.0 0.73 0.021 0.731 0.021 0.732 0.022 0.732 0.045 0.733 0.045 0.734 0.046 0.734 0.047 0.735 0.047 0.736 0.048 0.736 0.049 0.737 0.049 0.738 0.05 0.738 0.051 0.739 0.051 0.74 0.052 0.74 0.053 0.741 0.053 0.742 0.054 0.742 0.055 0.753 0.055 0.754 0.056 0.754 0.057 0.777 0.057 0.778 0.058 0.778 0.059 0.789 0.059 0.789 0.03 0.79 0.029 0.791 0.029 0.791 0.0
4 0.855 0.308 0.018000000000000002 0.028 0.85 0.294 0.85 0.295 0.849 0.296 0.848 0.296 0.848 0.297 0.847 0.298 0.846 0.298 0.846 0.307 0.847 0.307 0.848 0.308 0.848 0.315 0.849 0.315 0.85 0.316 0.85 0.319 0.851 0.319 0.852 0.32 0.852 0.321 0.861 0.321 0.861 0.32 0.862 0.319 0.863 0.319 0.863 0.298 0.862 0.298 0.861 0.297 0.861 0.296 0.86 0.296 0.859 0.295 0.859 0.294
4 0.617 0.318 0.022 0.024 0.61 0.306 0.61 0.307 0.609 0.308 0.608 0.308 0.608 0.317 0.607 0.318 0.606 0.318 0.606 0.325 0.607 0.325 0.608 0.326 0.608 0.327 0.609 0.327 0.61 0.328 0.61 0.329 0.621 0.329 0.621 0.328 0.622 0.327 0.625 0.327 0.625 0.324 0.626 0.323 0.627 0.323 0.627 0.314 0.626 0.314 0.625 0.313 0.625 0.308 0.624 0.308 0.623 0.307 0.623 0.306
4 0.965 0.97 0.014 0.012 0.96 0.964 0.96 0.967 0.959 0.968 0.958 0.968 0.958 0.971 0.959 0.971 0.96 0.972 0.96 0.973 0.961 0.973 0.962 0.974 0.962 0.975 0.965 0.975 0.965 0.974 0.966 0.973 0.971 0.973 0.971 0.97 0.97 0.97 0.969 0.969 0.969 0.964
4 0.964 0.987 0.012 0.014 0.958 0.98 0.958 0.991 0.959 0.991 0.96 0.992 0.96 0.993 0.969 0.993 0.969 0.98
3 0.41500000000000004 0.515 0.046 0.034 0.416 0.498 0.416 0.499 0.415 0.5 0.392 0.5 0.392 0.529 0.413 0.529 0.414 0.53 0.414 0.531 0.435 0.531 0.435 0.514 0.436 0.513 0.437 0.513 0.437 0.498
3 0.127 0.433 0.038 0.05 0.108 0.408 0.108 0.457 0.145 0.457 0.145 0.408
3 0.23600000000000002 0.441 0.06 0.054 0.208 0.414 0.208 0.441 0.207 0.442 0.206 0.442 0.206 0.467 0.261 0.467 0.261 0.454 0.262 0.453 0.263 0.453 0.263 0.428 0.264 0.427 0.265 0.427 0.265 0.416 0.236 0.416 0.235 0.415 0.235 0.414
7 0.40800000000000003 0.037 0.064 0.054 0.378 0.01 0.378 0.011 0.377 0.012 0.376 0.012 0.376 0.059 0.377 0.059 0.378 0.06 0.378 0.061 0.389 0.061 0.39 0.062 0.39 0.063 0.435 0.063 0.435 0.052 0.436 0.051 0.437 0.051 0.437 0.024 0.438 0.023 0.439 0.023 0.439 0.018 0.438 0.018 0.437 0.017 0.437 0.014 0.418 0.014 0.417 0.013 0.417 0.012 0.396 0.012 0.395 0.011 0.395 0.01
5 0.434 0.387 0.016 0.026000000000000002 0.434 0.374 0.434 0.375 0.433 0.376 0.426 0.376 0.426 0.385 0.427 0.385 0.428 0.386 0.428 0.397 0.435 0.397 0.436 0.398 0.436 0.399 0.441 0.399 0.441 0.388 0.44 0.388 0.439 0.387 0.439 0.374
5 0.556 0.389 0.016 0.042 0.548 0.368 0.548 0.387 0.549 0.387 0.55 0.388 0.55 0.409 0.561 0.409 0.561 0.388 0.562 0.387 0.563 0.387 0.563 0.368
4 0.963 0.23800000000000002 0.014 0.032 0.956 0.222 0.956 0.253 0.969 0.253 0.969 0.222
4 0.964 0.162 0.016 0.032 0.956 0.146 0.956 0.171 0.957 0.171 0.958 0.172 0.958 0.173 0.959 0.173 0.96 0.174 0.96 0.175 0.963 0.175 0.964 0.176 0.964 0.177 0.967 0.177 0.967 0.176 0.968 0.175 0.971 0.175 0.971 0.15 0.968 0.15 0.967 0.149 0.967 0.148 0.96 0.148 0.959 0.147 0.959 0.146
3 0.9410000000000001 0.20800000000000002 0.106 0.152 0.98 0.132 0.98 0.133 0.979 0.134 0.968 0.134 0.968 0.135 0.967 0.136 0.966 0.136 0.966 0.137 0.965 0.138 0.964 0.138 0.964 0.141 0.963 0.142 0.962 0.142 0.962 0.145 0.961 0.146 0.96 0.146 0.96 0.147 0.967 0.147 0.968 0.148 0.968 0.149 0.971 0.149 0.972 0.15 0.972 0.175 0.971 0.176 0.968 0.176 0.968 0.177 0.967 0.178 0.964 0.178 0.963 0.177 0.963 0.176 0.96 0.176 0.959 0.175 0.959 0.174 0.958 0.174 0.957 0.173 0.957 0.172 0.956 0.172 0.955 0.171 0.955 0.152 0.954 0.152 0.954 0.159 0.953 0.16 0.952 0.16 0.951 0.159 0.951 0.158 0.95 0.158 0.95 0.159 0.949 0.16 0.948 0.16 0.948 0.163 0.947 0.164 0.946 0.164 0.946 0.165 0.945 0.166 0.944 0.166 0.944 0.167 0.943 0.168 0.942 0.168 0.942 0.171 0.941 0.172 0.94 0.172 0.94 0.173 0.939 0.174 0.936 0.174 0.936 0.179 0.935 0.18 0.934 0.18 0.934 0.181 0.933 0.182 0.932 0.182 0.932 0.183 0.931 0.184 0.926 0.184 0.926 0.185 0.925 0.186 0.922 0.186 0.922 0.187 0.921 0.188 0.916 0.188 0.916 0.189 0.915 0.19 0.91 0.19 0.91 0.191 0.909 0.192 0.906 0.192 0.906 0.193 0.905 0.194 0.9 0.194 0.9 0.195 0.899 0.196 0.896 0.196 0.896 0.197 0.895 0.198 0.89 0.198 0.89 0.199 0.889 0.2 0.888 0.2 0.888 0.201 0.889 0.201 0.89 0.202 0.89 0.205 0.893 0.205 0.894 0.206 0.894 0.207 0.899 0.207 0.9 0.208 0.9 0.209 0.905 0.209 0.906 0.21 0.906 0.211 0.913 0.211 0.914 0.212 0.914 0.213 0.919 0.213 0.92 0.214 0.92 0.215 0.925 0.215 0.926 0.216 0.926 0.217 0.929 0.217 0.93 0.218 0.93 0.219 0.931 0.219 0.932 0.22 0.932 0.223 0.933 0.223 0.934 0.224 0.934 0.227 0.935 0.227 0.936 0.228 0.936 0.231 0.937 0.231 0.938 0.232 0.938 0.235 0.939 0.235 0.94 0.236 0.94 0.239 0.941 0.239 0.942 0.24 0.942 0.243 0.943 0.243 0.944 0.244 0.944 0.251 0.945 0.251 0.946 0.252 0.946 0.253 0.947 0.253 0.948 0.254 0.948 0.257 0.949 0.257 0.95 0.258 0.95 0.261 0.951 0.261 0.952 0.262 0.952 0.265 0.953 0.265 0.954 0.266 0.954 0.269 0.955 0.269 0.956 0.27 0.956 0.273 0.957 0.273 0.958 0.274 0.958 0.277 0.959 0.277 0.96 0.278 0.96 0.281 0.961 0.281 0.962 0.282 0.962 0.283 0.991 0.283 0.991 0.208 0.99 0.208 0.989 0.207 0.989 0.186 0.99 0.185 0.991 0.185 0.991 0.184 0.992 0.183 0.993 0.183 0.993 0.162 0.992 0.162 0.991 0.161 0.991 0.148 0.99 0.148 0.989 0.147 0.989 0.132
4 0.899 0.309 0.022 0.022 0.888 0.298 0.888 0.319 0.907 0.319 0.907 0.318 0.908 0.317 0.909 0.317 0.909 0.3 0.908 0.3 0.907 0.299 0.907 0.298
3 0.757 0.099 0.062 0.078 0.726 0.06 0.726 0.129 0.733 0.129 0.734 0.13 0.734 0.131 0.749 0.131 0.75 0.132 0.75 0.133 0.763 0.133 0.764 0.134 0.764 0.135 0.779 0.135 0.78 0.136 0.78 0.137 0.787 0.137 0.787 0.068 0.78 0.068 0.779 0.067 0.779 0.066 0.764 0.066 0.763 0.065 0.763 0.064 0.75 0.064 0.749 0.063 0.749 0.062 0.734 0.062 0.733 0.061 0.733 0.06
7 0.759 0.17200000000000001 0.026000000000000002 0.032 0.752 0.156 0.752 0.157 0.751 0.158 0.748 0.158 0.748 0.161 0.747 0.162 0.746 0.162 0.746 0.179 0.747 0.179 0.748 0.18 0.748 0.183 0.751 0.183 0.752 0.184 0.752 0.185 0.753 0.185 0.754 0.186 0.754 0.187 0.763 0.187 0.763 0.186 0.764 0.185 0.767 0.185 0.767 0.184 0.768 0.183 0.769 0.183 0.769 0.18 0.77 0.179 0.771 0.179 0.771 0.162 0.77 0.162 0.769 0.161 0.769 0.16 0.768 0.16 0.767 0.159 0.767 0.158 0.766 0.158 0.765 0.157 0.765 0.156
4 0.401 0.11900000000000001 0.034 0.03 0.388 0.104 0.388 0.105 0.387 0.106 0.384 0.106 0.384 0.129 0.385 0.129 0.386 0.13 0.386 0.131 0.391 0.131 0.392 0.132 0.392 0.133 0.415 0.133 0.415 0.13 0.416 0.129 0.417 0.129 0.417 0.11 0.416 0.11 0.415 0.109 0.415 0.108 0.414 0.108 0.413 0.107 0.413 0.106 0.41 0.106 0.409 0.105 0.409 0.104
5 0.36 0.898 0.016 0.016 0.356 0.89 0.356 0.891 0.355 0.892 0.354 0.892 0.354 0.895 0.353 0.896 0.352 0.896 0.352 0.903 0.353 0.903 0.354 0.904 0.354 0.905 0.365 0.905 0.365 0.902 0.366 0.901 0.367 0.901 0.367 0.892 0.366 0.892 0.365 0.891 0.365 0.89
5 0.33 0.719 0.016 0.018000000000000002 0.322 0.71 0.322 0.723 0.323 0.723 0.324 0.724 0.324 0.725 0.329 0.725 0.33 0.726 0.33 0.727 0.335 0.727 0.335 0.726 0.336 0.725 0.337 0.725 0.337 0.71
5 0.873 0.657 0.05 0.022 0.85 0.646 0.85 0.647 0.849 0.648 0.848 0.648 0.848 0.663 0.849 0.663 0.85 0.664 0.85 0.665 0.867 0.665 0.868 0.666 0.868 0.667 0.871 0.667 0.871 0.666 0.872 0.665 0.893 0.665 0.893 0.664 0.894 0.663 0.895 0.663 0.895 0.662 0.896 0.661 0.897 0.661 0.897 0.66 0.896 0.66 0.895 0.659 0.895 0.648 0.894 0.648 0.893 0.647 0.893 0.646
5 0.806 0.598 0.024 0.024 0.796 0.586 0.796 0.587 0.795 0.588 0.794 0.588 0.794 0.593 0.795 0.593 0.796 0.594 0.796 0.607 0.799 0.607 0.8 0.608 0.8 0.609 0.811 0.609 0.811 0.608 0.812 0.607 0.815 0.607 0.815 0.604 0.816 0.603 0.817 0.603 0.817 0.598 0.816 0.598 0.815 0.597 0.815 0.592 0.814 0.592 0.813 0.591 0.813 0.59 0.808 0.59 0.807 0.589 0.807 0.588 0.804 0.588 0.803 0.587 0.803 0.586
4 0.47300000000000003 0.061 0.03 0.022 0.46 0.05 0.46 0.059 0.459 0.06 0.458 0.06 0.458 0.065 0.459 0.065 0.46 0.066 0.46 0.069 0.461 0.069 0.462 0.07 0.462 0.071 0.485 0.071 0.485 0.066 0.486 0.065 0.487 0.065 0.487 0.052 0.484 0.052 0.483 0.051 0.483 0.05
4 0.169 0.433 0.026000000000000002 0.022 0.162 0.422 0.162 0.423 0.161 0.424 0.158 0.424 0.158 0.425 0.157 0.426 0.156 0.426 0.156 0.441 0.157 0.441 0.158 0.442 0.158 0.443 0.179 0.443 0.179 0.44 0.18 0.439 0.181 0.439 0.181 0.424 0.18 0.424 0.179 0.423 0.179 0.422
4 0.28 0.431 0.02 0.022 0.274 0.42 0.274 0.421 0.273 0.422 0.272 0.422 0.272 0.425 0.271 0.426 0.27 0.426 0.27 0.439 0.271 0.439 0.272 0.44 0.272 0.441 0.287 0.441 0.287 0.44 0.288 0.439 0.289 0.439 0.289 0.422 0.284 0.422 0.283 0.421 0.283 0.42
7 0.635 0.443 0.018000000000000002 0.026000000000000002 0.63 0.43 0.63 0.431 0.629 0.432 0.628 0.432 0.628 0.433 0.627 0.434 0.626 0.434 0.626 0.451 0.627 0.451 0.628 0.452 0.628 0.453 0.631 0.453 0.632 0.454 0.632 0.455 0.639 0.455 0.639 0.454 0.64 0.453 0.641 0.453 0.641 0.452 0.642 0.451 0.643 0.451 0.643 0.434 0.642 0.434 0.641 0.433 0.641 0.432 0.636 0.432 0.635 0.431 0.635 0.43
5 0.882 0.513 0.016 0.042 0.882 0.492 0.882 0.493 0.881 0.494 0.878 0.494 0.878 0.495 0.877 0.496 0.876 0.496 0.876 0.517 0.875 0.518 0.874 0.518 0.874 0.529 0.875 0.529 0.876 0.53 0.876 0.531 0.877 0.531 0.878 0.532 0.878 0.533 0.887 0.533 0.887 0.532 0.888 0.531 0.889 0.531 0.889 0.498 0.888 0.498 0.887 0.497 0.887 0.494 0.886 0.494 0.885 0.493 0.885 0.492
5 0.835 0.704 0.014 0.028 0.83 0.69 0.83 0.691 0.829 0.692 0.828 0.692 0.828 0.715 0.829 0.715 0.83 0.716 0.83 0.717 0.839 0.717 0.839 0.714 0.84 0.713 0.841 0.713 0.841 0.692 0.84 0.692 0.839 0.691 0.839 0.69
5 0.868 0.6950000000000001 0.028 0.018000000000000002 0.856 0.686 0.856 0.689 0.855 0.69 0.854 0.69 0.854 0.701 0.855 0.701 0.856 0.702 0.856 0.703 0.879 0.703 0.879 0.702 0.88 0.701 0.881 0.701 0.881 0.688 0.88 0.688 0.879 0.687 0.879 0.686
4 0.751 0.336 0.022 0.024 0.746 0.324 0.746 0.325 0.745 0.326 0.742 0.326 0.742 0.333 0.741 0.334 0.74 0.334 0.74 0.345 0.741 0.345 0.742 0.346 0.742 0.347 0.759 0.347 0.759 0.346 0.76 0.345 0.761 0.345 0.761 0.328 0.76 0.328 0.759 0.327 0.759 0.326 0.752 0.326 0.751 0.325 0.751 0.324
4 0.906 0.435 0.012 0.014 0.904 0.428 0.904 0.429 0.903 0.43 0.9 0.43 0.9 0.441 0.909 0.441 0.909 0.44 0.91 0.439 0.911 0.439 0.911 0.432 0.91 0.432 0.909 0.431 0.909 0.43 0.906 0.43 0.905 0.429 0.905 0.428
4 0.77 0.51 0.02 0.016 0.76 0.502 0.76 0.513 0.761 0.513 0.762 0.514 0.762 0.515 0.769 0.515 0.77 0.516 0.77 0.517 0.777 0.517 0.777 0.514 0.778 0.513 0.779 0.513 0.779 0.504 0.778 0.504 0.777 0.503 0.777 0.502
3 0.309 0.506 0.046 0.032 0.286 0.49 0.286 0.505 0.287 0.505 0.288 0.506 0.288 0.521 0.297 0.521 0.297 0.52 0.298 0.519 0.319 0.519 0.319 0.518 0.32 0.517 0.331 0.517 0.331 0.514 0.33 0.514 0.329 0.513 0.329 0.504 0.328 0.504 0.327 0.503 0.327 0.494 0.326 0.494 0.325 0.493 0.325 0.49
3 0.306 0.5720000000000001 0.04 0.032 0.288 0.556 0.288 0.571 0.287 0.572 0.286 0.572 0.286 0.585 0.305 0.585 0.306 0.586 0.306 0.587 0.323 0.587 0.323 0.572 0.324 0.571 0.325 0.571 0.325 0.556
4 0.383 0.278 0.018000000000000002 0.024 0.384 0.266 0.384 0.267 0.383 0.268 0.378 0.268 0.378 0.269 0.377 0.27 0.376 0.27 0.376 0.271 0.375 0.272 0.374 0.272 0.374 0.289 0.389 0.289 0.389 0.284 0.39 0.283 0.391 0.283 0.391 0.268 0.388 0.268 0.387 0.267 0.387 0.266
2 0.438 0.762 0.028 0.096 0.426 0.714 0.426 0.715 0.425 0.716 0.424 0.716 0.424 0.729 0.425 0.729 0.426 0.73 0.426 0.731 0.427 0.731 0.428 0.732 0.428 0.783 0.427 0.784 0.426 0.784 0.426 0.787 0.425 0.788 0.424 0.788 0.424 0.803 0.425 0.803 0.426 0.804 0.426 0.807 0.433 0.807 0.434 0.808 0.434 0.809 0.447 0.809 0.447 0.808 0.448 0.807 0.449 0.807 0.449 0.804 0.45 0.803 0.451 0.803 0.451 0.79 0.45 0.79 0.449 0.789 0.449 0.78 0.45 0.779 0.451 0.779 0.451 0.778 0.45 0.778 0.449 0.777 0.449 0.72 0.448 0.72 0.447 0.719 0.447 0.716 0.446 0.716 0.445 0.715 0.445 0.714
4 0.417 0.462 0.014 0.016 0.41 0.454 0.41 0.469 0.423 0.469 0.423 0.454
7 0.879 0.857 0.05 0.034 0.854 0.84 0.854 0.859 0.857 0.859 0.858 0.86 0.858 0.861 0.863 0.861 0.864 0.862 0.864 0.863 0.871 0.863 0.872 0.864 0.872 0.865 0.877 0.865 0.878 0.866 0.878 0.867 0.883 0.867 0.884 0.868 0.884 0.869 0.891 0.869 0.892 0.87 0.892 0.871 0.897 0.871 0.898 0.872 0.898 0.873 0.901 0.873 0.901 0.858 0.902 0.857 0.903 0.857 0.903 0.842 0.878 0.842 0.877 0.841 0.877 0.84
7 0.81 0.707 0.012 0.01 0.806 0.702 0.806 0.703 0.805 0.704 0.804 0.704 0.804 0.709 0.805 0.709 0.806 0.71 0.806 0.711 0.813 0.711 0.813 0.71 0.814 0.709 0.815 0.709 0.815 0.706 0.814 0.706 0.813 0.705 0.813 0.702
5 0.34700000000000003 0.72 0.014 0.016 0.344 0.712 0.344 0.713 0.343 0.714 0.342 0.714 0.342 0.715 0.341 0.716 0.34 0.716 0.34 0.719 0.341 0.719 0.342 0.72 0.342 0.725 0.343 0.725 0.344 0.726 0.344 0.727 0.351 0.727 0.351 0.724 0.352 0.723 0.353 0.723 0.353 0.716 0.352 0.716 0.351 0.715 0.351 0.714 0.346 0.714 0.345 0.713 0.345 0.712
5 0.328 0.798 0.016 0.016 0.322 0.79 0.322 0.791 0.321 0.792 0.32 0.792 0.32 0.803 0.321 0.803 0.322 0.804 0.322 0.805 0.333 0.805 0.333 0.804 0.334 0.803 0.335 0.803 0.335 0.798 0.334 0.798 0.333 0.797 0.333 0.792 0.332 0.792 0.331 0.791 0.331 0.79
5 0.34400000000000003 0.8 0.012 0.016 0.342 0.792 0.342 0.793 0.341 0.794 0.338 0.794 0.338 0.803 0.339 0.803 0.34 0.804 0.34 0.805 0.341 0.805 0.342 0.806 0.342 0.807 0.347 0.807 0.347 0.806 0.348 0.805 0.349 0.805 0.349 0.794 0.348 0.794 0.347 0.793 0.347 0.792
5 0.8290000000000001 0.85 0.014 0.016 0.826 0.842 0.826 0.843 0.825 0.844 0.824 0.844 0.824 0.847 0.823 0.848 0.822 0.848 0.822 0.853 0.823 0.853 0.824 0.854 0.824 0.857 0.833 0.857 0.833 0.856 0.834 0.855 0.835 0.855 0.835 0.846 0.834 0.846 0.833 0.845 0.833 0.844 0.832 0.844 0.831 0.843 0.831 0.842
5 0.799 0.864 0.014 0.016 0.796 0.856 0.796 0.857 0.795 0.858 0.794 0.858 0.794 0.859 0.793 0.86 0.792 0.86 0.792 0.867 0.793 0.867 0.794 0.868 0.794 0.871 0.803 0.871 0.803 0.87 0.804 0.869 0.805 0.869 0.805 0.862 0.804 0.862 0.803 0.861 0.803 0.858 0.8 0.858 0.799 0.857 0.799 0.856
5 0.798 0.894 0.012 0.016 0.796 0.886 0.796 0.887 0.795 0.888 0.794 0.888 0.794 0.889 0.793 0.89 0.792 0.89 0.792 0.899 0.793 0.899 0.794 0.9 0.794 0.901 0.801 0.901 0.801 0.9 0.802 0.899 0.803 0.899 0.803 0.888 0.8 0.888 0.799 0.887 0.799 0.886
2 0.766 0.183 0.068 0.10200000000000001 0.74 0.132 0.74 0.133 0.739 0.134 0.738 0.134 0.738 0.135 0.737 0.136 0.736 0.136 0.736 0.171 0.735 0.172 0.734 0.172 0.734 0.199 0.733 0.2 0.732 0.2 0.732 0.201 0.733 0.201 0.734 0.202 0.734 0.215 0.733 0.216 0.732 0.216 0.732 0.223 0.733 0.223 0.734 0.224 0.734 0.233 0.795 0.233 0.795 0.23 0.796 0.229 0.797 0.229 0.797 0.186 0.798 0.185 0.799 0.185 0.799 0.176 0.798 0.176 0.797 0.175 0.797 0.174 0.792 0.174 0.791 0.173 0.791 0.158 0.79 0.158 0.789 0.157 0.789 0.144 0.788 0.144 0.787 0.143 0.787 0.142 0.782 0.142 0.781 0.141 0.781 0.14 0.772 0.14 0.771 0.139 0.771 0.138 0.766 0.138 0.765 0.137 0.765 0.136 0.758 0.136 0.757 0.135 0.757 0.134 0.746 0.134 0.745 0.133 0.745 0.132
5 0.088 0.383 0.016 0.018000000000000002 0.088 0.374 0.088 0.375 0.087 0.376 0.082 0.376 0.082 0.377 0.081 0.378 0.08 0.378 0.08 0.391 0.093 0.391 0.093 0.39 0.094 0.389 0.095 0.389 0.095 0.382 0.094 0.382 0.093 0.381 0.093 0.376 0.092 0.376 0.091 0.375 0.091 0.374
2 0.544 0.46900000000000003 0.17200000000000001 0.03 0.458 0.454 0.458 0.465 0.459 0.465 0.46 0.466 0.46 0.471 0.479 0.471 0.48 0.472 0.48 0.473 0.487 0.473 0.488 0.474 0.488 0.475 0.487 0.476 0.484 0.476 0.484 0.479 0.487 0.479 0.487 0.476 0.488 0.475 0.491 0.475 0.492 0.476 0.492 0.477 0.509 0.477 0.51 0.478 0.51 0.479 0.519 0.479 0.52 0.48 0.52 0.481 0.521 0.481 0.521 0.48 0.522 0.479 0.527 0.479 0.528 0.48 0.528 0.481 0.531 0.481 0.531 0.48 0.532 0.479 0.539 0.479 0.54 0.48 0.54 0.481 0.547 0.481 0.547 0.48 0.548 0.479 0.557 0.479 0.558 0.48 0.558 0.481 0.559 0.481 0.56 0.482 0.56 0.483 0.561 0.483 0.561 0.482 0.562 0.481 0.601 0.481 0.601 0.48 0.602 0.479 0.605 0.479 0.606 0.48 0.606 0.481 0.607 0.481 0.607 0.48 0.608 0.479 0.609 0.479 0.609 0.478 0.61 0.477 0.611 0.477 0.612 0.478 0.612 0.479 0.617 0.479 0.617 0.478 0.618 0.477 0.621 0.477 0.621 0.476 0.622 0.475 0.623 0.475 0.624 0.476 0.624 0.477 0.627 0.477 0.627 0.476 0.628 0.475 0.629 0.475 0.629 0.472 0.628 0.472 0.627 0.471 0.627 0.47 0.628 0.469 0.629 0.469 0.629 0.462 0.622 0.462 0.621 0.461 0.621 0.46 0.608 0.46 0.607 0.459 0.607 0.458 0.602 0.458 0.602 0.459 0.601 0.46 0.596 0.46 0.595 0.459 0.595 0.458 0.588 0.458 0.588 0.459 0.587 0.46 0.584 0.46 0.583 0.459 0.583 0.458 0.564 0.458 0.564 0.459 0.563 0.46 0.55 0.46 0.549 0.459 0.549 0.458 0.516 0.458 0.515 0.457 0.515 0.456 0.512 0.456 0.512 0.457 0.511 0.458 0.488 0.458 0.487 0.457 0.487 0.456 0.48 0.456 0.479 0.455 0.479 0.454
4 0.906 0.158 0.02 0.02 0.898 0.148 0.898 0.149 0.897 0.15 0.896 0.15 0.896 0.167 0.913 0.167 0.913 0.158 0.914 0.157 0.915 0.157 0.915 0.154 0.914 0.154 0.913 0.153 0.913 0.15 0.912 0.15 0.911 0.149 0.911 0.148
4 0.507 0.28200000000000003 0.018000000000000002 0.02 0.504 0.272 0.504 0.273 0.503 0.274 0.5 0.274 0.5 0.275 0.499 0.276 0.498 0.276 0.498 0.291 0.513 0.291 0.513 0.288 0.514 0.287 0.515 0.287 0.515 0.278 0.514 0.278 0.513 0.277 0.513 0.276 0.512 0.276 0.511 0.275 0.511 0.274 0.508 0.274 0.507 0.273 0.507 0.272
3 0.41500000000000004 0.58 0.046 0.048 0.414 0.556 0.414 0.557 0.413 0.558 0.392 0.558 0.392 0.579 0.393 0.579 0.394 0.58 0.394 0.603 0.415 0.603 0.415 0.602 0.416 0.601 0.437 0.601 0.437 0.58 0.436 0.58 0.435 0.579 0.435 0.556
2 0.35000000000000003 0.992 0.156 0.016 0.272 0.984 0.272 0.999 0.427 0.999 0.427 0.99 0.424 0.99 0.423 0.989 0.423 0.988 0.416 0.988 0.415 0.987 0.415 0.986 0.408 0.986 0.407 0.985 0.407 0.984
2 0.095 0.11800000000000001 0.046 0.04 0.102 0.098 0.102 0.099 0.101 0.1 0.1 0.1 0.1 0.101 0.099 0.102 0.098 0.102 0.098 0.103 0.097 0.104 0.096 0.104 0.096 0.105 0.095 0.106 0.094 0.106 0.094 0.107 0.093 0.108 0.092 0.108 0.092 0.109 0.091 0.11 0.09 0.11 0.09 0.111 0.089 0.112 0.088 0.112 0.088 0.113 0.087 0.114 0.086 0.114 0.086 0.115 0.085 0.116 0.084 0.116 0.084 0.117 0.083 0.118 0.082 0.118 0.082 0.119 0.081 0.12 0.08 0.12 0.08 0.121 0.079 0.122 0.078 0.122 0.078 0.123 0.077 0.124 0.076 0.124 0.076 0.125 0.075 0.126 0.074 0.126 0.074 0.129 0.075 0.129 0.076 0.13 0.076 0.131 0.077 0.131 0.078 0.132 0.078 0.133 0.079 0.133 0.08 0.134 0.08 0.135 0.081 0.135 0.082 0.136 0.082 0.137 0.085 0.137 0.085 0.136 0.086 0.135 0.091 0.135 0.091 0.134 0.092 0.133 0.095 0.133 0.095 0.132 0.096 0.131 0.097 0.131 0.097 0.13 0.098 0.129 0.099 0.129 0.099 0.128 0.1 0.127 0.101 0.127 0.101 0.126 0.102 0.125 0.103 0.125 0.103 0.124 0.104 0.123 0.105 0.123 0.105 0.122 0.106 0.121 0.107 0.121 0.107 0.12 0.108 0.119 0.109 0.119 0.109 0.118 0.11 0.117 0.111 0.117 0.111 0.116 0.112 0.115 0.113 0.115 0.113 0.114 0.114 0.113 0.115 0.113 0.115 0.11 0.114 0.11 0.113 0.109 0.113 0.108 0.112 0.108 0.111 0.107 0.111 0.106 0.11 0.106 0.109 0.105 0.109 0.104 0.108 0.104 0.107 0.103 0.107 0.102 0.106 0.102 0.105 0.101 0.105 0.1 0.104 0.1 0.103 0.099 0.103 0.098
2 0.989 0.513 0.022 0.106 0.988 0.462 0.988 0.469 0.987 0.47 0.986 0.47 0.986 0.491 0.985 0.492 0.984 0.492 0.984 0.513 0.983 0.514 0.982 0.514 0.982 0.533 0.981 0.534 0.98 0.534 0.98 0.555 0.979 0.556 0.978 0.556 0.978 0.563 0.979 0.563 0.979 0.562 0.98 0.561 0.981 0.561 0.981 0.56 0.982 0.559 0.983 0.559 0.983 0.558 0.984 0.557 0.985 0.557 0.985 0.556 0.986 0.555 0.987 0.555 0.987 0.554 0.988 0.553 0.989 0.553 0.989 0.552 0.99 0.551 0.991 0.551 0.991 0.55 0.992 0.549 0.993 0.549 0.993 0.548 0.994 0.547 0.995 0.547 0.995 0.546 0.996 0.545 0.997 0.545 0.997 0.51 0.998 0.509 0.999 0.509 0.999 0.472 0.998 0.472 0.997 0.471 0.997 0.47 0.996 0.47 0.995 0.469 0.995 0.468 0.994 0.468 0.993 0.467 0.993 0.466 0.992 0.466 0.991 0.465 0.991 0.464 0.99 0.464 0.989 0.463 0.989 0.462
7 0.859 0.784 0.014 0.016 0.852 0.776 0.852 0.785 0.853 0.785 0.854 0.786 0.854 0.791 0.863 0.791 0.863 0.79 0.864 0.789 0.865 0.789 0.865 0.778 0.864 0.778 0.863 0.777 0.863 0.776
4 0.907 0.088 0.022 0.02 0.896 0.078 0.896 0.095 0.897 0.095 0.898 0.096 0.898 0.097 0.915 0.097 0.915 0.096 0.916 0.095 0.917 0.095 0.917 0.078
4 0.47100000000000003 0.10300000000000001 0.026000000000000002 0.022 0.458 0.092 0.458 0.097 0.459 0.097 0.46 0.098 0.46 0.109 0.461 0.109 0.462 0.11 0.462 0.111 0.467 0.111 0.468 0.112 0.468 0.113 0.483 0.113 0.483 0.096 0.482 0.096 0.481 0.095 0.481 0.094 0.478 0.094 0.477 0.093 0.477 0.092
2 0.745 0.7020000000000001 0.038 0.056 0.734 0.674 0.734 0.675 0.733 0.676 0.73 0.676 0.73 0.677 0.729 0.678 0.728 0.678 0.728 0.681 0.727 0.682 0.726 0.682 0.726 0.713 0.727 0.713 0.728 0.714 0.728 0.715 0.729 0.715 0.73 0.716 0.73 0.727 0.731 0.727 0.732 0.728 0.732 0.729 0.743 0.729 0.743 0.728 0.744 0.727 0.749 0.727 0.749 0.726 0.75 0.725 0.759 0.725 0.759 0.724 0.76 0.723 0.761 0.723 0.761 0.688 0.762 0.687 0.763 0.687 0.763 0.678 0.762 0.678 0.761 0.677 0.761 0.676 0.76 0.676 0.759 0.675 0.759 0.674
2 0.23700000000000002 0.923 0.042 0.154 0.248 0.846 0.248 0.847 0.247 0.848 0.244 0.848 0.244 0.849 0.243 0.85 0.234 0.85 0.233 0.849 0.233 0.848 0.224 0.848 0.224 0.849 0.223 0.85 0.222 0.85 0.222 0.851 0.221 0.852 0.22 0.852 0.22 0.873 0.219 0.874 0.218 0.874 0.218 0.891 0.219 0.891 0.22 0.892 0.22 0.903 0.219 0.904 0.218 0.904 0.218 0.945 0.217 0.946 0.216 0.946 0.216 0.947 0.217 0.947 0.218 0.948 0.218 0.959 0.217 0.96 0.216 0.96 0.216 0.999 0.255 0.999 0.255 0.96 0.256 0.959 0.257 0.959 0.257 0.952 0.256 0.952 0.255 0.951 0.255 0.946 0.254 0.946 0.253 0.945 0.253 0.91 0.254 0.909 0.255 0.909 0.255 0.906 0.254 0.906 0.253 0.905 0.253 0.904 0.254 0.903 0.255 0.903 0.255 0.848 0.254 0.848 0.253 0.847 0.253 0.846
4 0.096 0.059000000000000004 0.036000000000000004 0.034 0.092 0.042 0.092 0.043 0.091 0.044 0.088 0.044 0.088 0.045 0.087 0.046 0.086 0.046 0.086 0.047 0.085 0.048 0.084 0.048 0.084 0.049 0.083 0.05 0.082 0.05 0.082 0.051 0.081 0.052 0.08 0.052 0.08 0.053 0.079 0.054 0.078 0.054 0.078 0.057 0.079 0.057 0.08 0.058 0.08 0.059 0.081 0.059 0.082 0.06 0.082 0.061 0.083 0.061 0.084 0.062 0.084 0.063 0.085 0.063 0.086 0.064 0.086 0.067 0.087 0.067 0.088 0.068 0.088 0.069 0.089 0.069 0.09 0.07 0.09 0.071 0.091 0.071 0.092 0.072 0.092 0.073 0.093 0.073 0.094 0.074 0.094 0.075 0.101 0.075 0.101 0.074 0.102 0.073 0.103 0.073 0.103 0.072 0.104 0.071 0.105 0.071 0.105 0.07 0.106 0.069 0.107 0.069 0.107 0.068 0.108 0.067 0.109 0.067 0.109 0.066 0.11 0.065 0.111 0.065 0.111 0.064 0.112 0.063 0.113 0.063 0.113 0.056 0.112 0.056 0.111 0.055 0.111 0.054 0.11 0.054 0.109 0.053 0.109 0.052 0.108 0.052 0.107 0.051 0.107 0.05 0.106 0.05 0.105 0.049 0.105 0.048 0.104 0.048 0.103 0.047 0.103 0.046 0.102 0.046 0.101 0.045 0.101 0.044 0.1 0.044 0.099 0.043 0.099 0.042
3 0.079 0.085 0.05 0.054 0.068 0.058 0.068 0.059 0.067 0.06 0.066 0.06 0.066 0.061 0.065 0.062 0.064 0.062 0.064 0.063 0.063 0.064 0.06 0.064 0.06 0.065 0.059 0.066 0.058 0.066 0.058 0.067 0.057 0.068 0.056 0.068 0.056 0.071 0.055 0.072 0.054 0.072 0.054 0.077 0.055 0.077 0.056 0.078 0.056 0.079 0.057 0.079 0.058 0.08 0.058 0.081 0.059 0.081 0.06 0.082 0.06 0.083 0.061 0.083 0.062 0.084 0.062 0.085 0.063 0.085 0.064 0.086 0.064 0.087 0.065 0.087 0.066 0.088 0.066 0.089 0.067 0.089 0.068 0.09 0.068 0.093 0.069 0.093 0.07 0.094 0.07 0.095 0.071 0.095 0.072 0.096 0.072 0.099 0.073 0.099 0.074 0.1 0.074 0.101 0.075 0.101 0.076 0.102 0.076 0.103 0.077 0.103 0.078 0.104 0.078 0.105 0.079 0.105 0.08 0.106 0.08 0.107 0.081 0.107 0.082 0.108 0.082 0.109 0.083 0.109 0.084 0.11 0.084 0.111 0.089 0.111 0.089 0.11 0.09 0.109 0.091 0.109 0.091 0.108 0.092 0.107 0.093 0.107 0.093 0.106 0.094 0.105 0.095 0.105 0.095 0.104 0.096 0.103 0.097 0.103 0.097 0.102 0.098 0.101 0.099 0.101 0.099 0.098 0.1 0.097 0.101 0.097 0.101 0.096 0.102 0.095 0.103 0.095 0.103 0.088 0.102 0.088 0.101 0.087 0.101 0.084 0.1 0.084 0.099 0.083 0.099 0.082 0.098 0.082 0.097 0.081 0.097 0.08 0.096 0.08 0.095 0.079 0.095 0.078 0.094 0.078 0.093 0.077 0.093 0.076 0.092 0.076 0.091 0.075 0.091 0.074 0.09 0.074 0.089 0.073 0.089 0.072 0.088 0.072 0.087 0.071 0.087 0.07 0.086 0.07 0.085 0.069 0.085 0.068 0.084 0.068 0.083 0.067 0.083 0.066 0.082 0.066 0.081 0.065 0.081 0.064 0.08 0.064 0.079 0.063 0.079 0.062 0.078 0.062 0.077 0.061 0.077 0.06 0.076 0.06 0.075 0.059 0.075 0.058
4 0.383 0.17500000000000002 0.022 0.026000000000000002 0.374 0.162 0.374 0.163 0.373 0.164 0.372 0.164 0.372 0.169 0.373 0.169 0.374 0.17 0.374 0.183 0.375 0.183 0.376 0.184 0.376 0.185 0.379 0.185 0.38 0.186 0.38 0.187 0.385 0.187 0.385 0.186 0.386 0.185 0.391 0.185 0.391 0.184 0.392 0.183 0.393 0.183 0.393 0.162
4 0.842 0.189 0.024 0.022 0.832 0.178 0.832 0.183 0.831 0.184 0.83 0.184 0.83 0.185 0.831 0.185 0.832 0.186 0.832 0.195 0.833 0.195 0.834 0.196 0.834 0.197 0.837 0.197 0.838 0.198 0.838 0.199 0.843 0.199 0.843 0.198 0.844 0.197 0.849 0.197 0.849 0.196 0.85 0.195 0.851 0.195 0.851 0.19 0.852 0.189 0.853 0.189 0.853 0.184 0.852 0.184 0.851 0.183 0.851 0.18 0.848 0.18 0.847 0.179 0.847 0.178
5 0.4 0.542 0.04 0.028 0.384 0.53 0.384 0.533 0.383 0.534 0.382 0.534 0.382 0.541 0.381 0.542 0.38 0.542 0.38 0.551 0.381 0.551 0.382 0.552 0.382 0.555 0.415 0.555 0.415 0.554 0.416 0.553 0.417 0.553 0.417 0.544 0.418 0.543 0.419 0.543 0.419 0.532 0.414 0.532 0.413 0.531 0.413 0.53
5 0.316 0.54 0.032 0.032 0.302 0.524 0.302 0.525 0.301 0.526 0.3 0.526 0.3 0.545 0.301 0.545 0.302 0.546 0.302 0.551 0.303 0.551 0.304 0.552 0.304 0.553 0.305 0.553 0.306 0.554 0.306 0.555 0.327 0.555 0.327 0.554 0.328 0.553 0.329 0.553 0.329 0.552 0.33 0.551 0.331 0.551 0.331 0.526 0.318 0.526 0.317 0.525 0.317 0.524
5 0.8140000000000001 0.41600000000000004 0.036000000000000004 0.028 0.798 0.402 0.798 0.403 0.797 0.404 0.796 0.404 0.796 0.405 0.797 0.405 0.798 0.406 0.798 0.425 0.799 0.425 0.8 0.426 0.8 0.427 0.801 0.427 0.802 0.428 0.802 0.429 0.817 0.429 0.817 0.428 0.818 0.427 0.825 0.427 0.825 0.426 0.826 0.425 0.829 0.425 0.829 0.424 0.83 0.423 0.831 0.423 0.831 0.416 0.83 0.416 0.829 0.415 0.829 0.412 0.828 0.412 0.827 0.411 0.827 0.41 0.826 0.41 0.825 0.409 0.825 0.408 0.824 0.408 0.823 0.407 0.823 0.406 0.818 0.406 0.817 0.405 0.817 0.404 0.812 0.404 0.811 0.403 0.811 0.402
5 0.16 0.381 0.02 0.042 0.162 0.36 0.162 0.361 0.161 0.362 0.152 0.362 0.152 0.363 0.151 0.364 0.15 0.364 0.15 0.397 0.151 0.397 0.152 0.398 0.152 0.399 0.155 0.399 0.156 0.4 0.156 0.401 0.163 0.401 0.163 0.4 0.164 0.399 0.167 0.399 0.167 0.398 0.168 0.397 0.169 0.397 0.169 0.372 0.168 0.372 0.167 0.371 0.167 0.362 0.166 0.362 0.165 0.361 0.165 0.36
5 0.676 0.358 0.032 0.024 0.666 0.346 0.666 0.347 0.665 0.348 0.664 0.348 0.664 0.349 0.663 0.35 0.662 0.35 0.662 0.355 0.661 0.356 0.66 0.356 0.66 0.357 0.661 0.357 0.662 0.358 0.662 0.361 0.663 0.361 0.664 0.362 0.664 0.365 0.665 0.365 0.666 0.366 0.666 0.367 0.667 0.367 0.668 0.368 0.668 0.369 0.683 0.369 0.683 0.368 0.684 0.367 0.691 0.367 0.691 0.352 0.69 0.352 0.689 0.351 0.689 0.348 0.686 0.348 0.685 0.347 0.685 0.346 0.68 0.346 0.68 0.347 0.679 0.348 0.676 0.348 0.675 0.347 0.675 0.346
5 0.868 0.353 0.032 0.026000000000000002 0.854 0.34 0.854 0.343 0.853 0.344 0.852 0.344 0.852 0.361 0.853 0.361 0.854 0.362 0.854 0.363 0.855 0.363 0.856 0.364 0.856 0.365 0.867 0.365 0.867 0.364 0.868 0.363 0.869 0.363 0.87 0.364 0.87 0.365 0.873 0.365 0.873 0.364 0.874 0.363 0.879 0.363 0.879 0.362 0.88 0.361 0.881 0.361 0.881 0.354 0.882 0.353 0.883 0.353 0.883 0.348 0.882 0.348 0.881 0.347 0.881 0.342 0.88 0.342 0.879 0.341 0.879 0.34
5 0.626 0.34500000000000003 0.044 0.022 0.604 0.334 0.604 0.353 0.605 0.353 0.606 0.354 0.606 0.355 0.645 0.355 0.645 0.352 0.646 0.351 0.647 0.351 0.647 0.336 0.644 0.336 0.643 0.335 0.643 0.334
5 0.801 0.309 0.026000000000000002 0.046 0.794 0.286 0.794 0.295 0.793 0.296 0.792 0.296 0.792 0.307 0.791 0.308 0.79 0.308 0.79 0.311 0.789 0.312 0.788 0.312 0.788 0.321 0.789 0.321 0.79 0.322 0.79 0.325 0.791 0.325 0.792 0.326 0.792 0.327 0.793 0.327 0.794 0.328 0.794 0.329 0.801 0.329 0.802 0.33 0.802 0.331 0.809 0.331 0.809 0.33 0.81 0.329 0.811 0.329 0.811 0.32 0.812 0.319 0.813 0.319 0.813 0.288 0.812 0.288 0.811 0.287 0.811 0.286
3 0.509 0.23700000000000002 0.034 0.026000000000000002 0.496 0.224 0.496 0.225 0.495 0.226 0.494 0.226 0.494 0.227 0.493 0.228 0.492 0.228 0.492 0.243 0.493 0.243 0.494 0.244 0.494 0.247 0.505 0.247 0.506 0.248 0.506 0.249 0.521 0.249 0.521 0.248 0.522 0.247 0.525 0.247 0.525 0.226 0.506 0.226 0.505 0.225 0.505 0.224
3 0.384 0.232 0.032 0.024 0.372 0.22 0.372 0.221 0.371 0.222 0.37 0.222 0.37 0.225 0.369 0.226 0.368 0.226 0.368 0.241 0.369 0.241 0.37 0.242 0.37 0.243 0.399 0.243 0.399 0.222 0.398 0.222 0.397 0.221 0.397 0.22
3 0.322 0.23 0.032 0.024 0.308 0.218 0.308 0.219 0.307 0.22 0.306 0.22 0.306 0.237 0.307 0.237 0.308 0.238 0.308 0.239 0.319 0.239 0.32 0.24 0.32 0.241 0.333 0.241 0.333 0.24 0.334 0.239 0.337 0.239 0.337 0.22 0.336 0.22 0.335 0.219 0.335 0.218
5 0.867 0.186 0.022 0.04 0.86 0.166 0.86 0.167 0.859 0.168 0.858 0.168 0.858 0.193 0.857 0.194 0.856 0.194 0.856 0.197 0.857 0.197 0.858 0.198 0.858 0.203 0.861 0.203 0.862 0.204 0.862 0.205 0.875 0.205 0.875 0.204 0.876 0.203 0.877 0.203 0.877 0.168 0.874 0.168 0.873 0.167 0.873 0.166
5 0.805 0.1 0.03 0.024 0.792 0.088 0.792 0.089 0.791 0.09 0.79 0.09 0.79 0.105 0.791 0.105 0.792 0.106 0.792 0.109 0.795 0.109 0.796 0.11 0.796 0.111 0.817 0.111 0.817 0.108 0.818 0.107 0.819 0.107 0.819 0.092 0.818 0.092 0.817 0.091 0.817 0.09 0.802 0.09 0.801 0.089 0.801 0.088
5 0.848 0.013000000000000001 0.06 0.026000000000000002 0.818 0.0 0.818 0.011 0.819 0.011 0.82 0.012 0.82 0.013 0.825 0.013 0.826 0.014 0.826 0.015 0.831 0.015 0.832 0.016 0.832 0.017 0.839 0.017 0.84 0.018 0.84 0.019 0.847 0.019 0.848 0.02 0.848 0.021 0.855 0.021 0.856 0.022 0.856 0.023 0.865 0.023 0.866 0.024 0.866 0.025 0.873 0.025 0.873 0.024 0.874 0.023 0.875 0.023 0.875 0.016 0.876 0.015 0.877 0.015 0.877 0.004 0.874 0.004 0.873 0.003 0.873 0.002 0.866 0.002 0.865 0.001 0.865 0.0
4 0.8140000000000001 0.758 0.02 0.032 0.814 0.742 0.814 0.743 0.813 0.744 0.81 0.744 0.81 0.745 0.809 0.746 0.808 0.746 0.808 0.747 0.807 0.748 0.806 0.748 0.806 0.749 0.807 0.749 0.808 0.75 0.808 0.753 0.807 0.754 0.806 0.754 0.806 0.761 0.805 0.762 0.804 0.762 0.804 0.769 0.805 0.769 0.806 0.77 0.806 0.771 0.807 0.771 0.808 0.772 0.808 0.773 0.817 0.773 0.817 0.772 0.818 0.771 0.821 0.771 0.821 0.77 0.822 0.769 0.823 0.769 0.823 0.762 0.822 0.762 0.821 0.761 0.821 0.744 0.818 0.744 0.817 0.743 0.817 0.742
4 0.908 0.589 0.012 0.014 0.902 0.582 0.902 0.593 0.903 0.593 0.904 0.594 0.904 0.595 0.909 0.595 0.909 0.594 0.91 0.593 0.913 0.593 0.913 0.582
4 0.746 0.552 0.024 0.016 0.736 0.544 0.736 0.545 0.735 0.546 0.734 0.546 0.734 0.557 0.737 0.557 0.738 0.558 0.738 0.559 0.749 0.559 0.749 0.558 0.75 0.557 0.757 0.557 0.757 0.55 0.756 0.55 0.755 0.549 0.755 0.548 0.754 0.548 0.753 0.547 0.753 0.546 0.746 0.546 0.745 0.545 0.745 0.544
4 0.901 0.23700000000000002 0.022 0.022 0.894 0.226 0.894 0.227 0.893 0.228 0.892 0.228 0.892 0.229 0.891 0.23 0.89 0.23 0.89 0.241 0.891 0.241 0.892 0.242 0.892 0.247 0.909 0.247 0.909 0.246 0.91 0.245 0.911 0.245 0.911 0.228 0.91 0.228 0.909 0.227 0.909 0.226
3 0.054 0.106 0.052000000000000005 0.056 0.046 0.078 0.046 0.079 0.045 0.08 0.044 0.08 0.044 0.081 0.043 0.082 0.042 0.082 0.042 0.083 0.041 0.084 0.038 0.084 0.038 0.085 0.037 0.086 0.036 0.086 0.036 0.087 0.035 0.088 0.034 0.088 0.034 0.089 0.033 0.09 0.032 0.09 0.032 0.091 0.031 0.092 0.03 0.092 0.03 0.093 0.029 0.094 0.028 0.094 0.028 0.099 0.029 0.099 0.03 0.1 0.03 0.101 0.031 0.101 0.032 0.102 0.032 0.103 0.033 0.103 0.034 0.104 0.034 0.105 0.035 0.105 0.036 0.106 0.036 0.107 0.037 0.107 0.038 0.108 0.038 0.109 0.039 0.109 0.04 0.11 0.04 0.113 0.041 0.113 0.042 0.114 0.042 0.115 0.043 0.115 0.044 0.116 0.044 0.117 0.045 0.117 0.046 0.118 0.046 0.119 0.047 0.119 0.048 0.12 0.048 0.121 0.049 0.121 0.05 0.122 0.05 0.125 0.051 0.125 0.052 0.126 0.052 0.127 0.053 0.127 0.054 0.128 0.054 0.129 0.055 0.129 0.056 0.13 0.056 0.133 0.061 0.133 0.061 0.132 0.062 0.131 0.063 0.131 0.063 0.13 0.064 0.129 0.065 0.129 0.065 0.128 0.066 0.127 0.067 0.127 0.067 0.126 0.068 0.125 0.069 0.125 0.069 0.124 0.07 0.123 0.073 0.123 0.073 0.122 0.074 0.121 0.075 0.121 0.075 0.12 0.076 0.119 0.077 0.119 0.077 0.118 0.078 0.117 0.079 0.117 0.079 0.11 0.078 0.11 0.077 0.109 0.077 0.108 0.076 0.108 0.075 0.107 0.075 0.106 0.074 0.106 0.073 0.105 0.073 0.104 0.072 0.104 0.071 0.103 0.071 0.102 0.07 0.102 0.069 0.101 0.069 0.1 0.066 0.1 0.065 0.099 0.065 0.096 0.064 0.096 0.063 0.095 0.063 0.094 0.062 0.094 0.061 0.093 0.061 0.092 0.06 0.092 0.059 0.091 0.059 0.09 0.058 0.09 0.057 0.089 0.057 0.086 0.056 0.086 0.055 0.085 0.055 0.082 0.054 0.082 0.053 0.081 0.053 0.078
3 0.028 0.127 0.056 0.058 0.016 0.098 0.016 0.099 0.015 0.1 0.012 0.1 0.012 0.101 0.011 0.102 0.008 0.102 0.008 0.103 0.007 0.104 0.006 0.104 0.006 0.105 0.005 0.106 0.004 0.106 0.004 0.107 0.003 0.108 0.002 0.108 0.002 0.109 0.001 0.11 0.0 0.11 0.0 0.117 0.001 0.117 0.002 0.118 0.002 0.119 0.003 0.119 0.004 0.12 0.004 0.121 0.005 0.121 0.006 0.122 0.006 0.123 0.007 0.123 0.008 0.124 0.008 0.125 0.009 0.125 0.01 0.126 0.01 0.127 0.011 0.127 0.012 0.128 0.012 0.129 0.013 0.129 0.014 0.13 0.014 0.131 0.015 0.131 0.016 0.132 0.016 0.133 0.017 0.133 0.018 0.134 0.018 0.135 0.019 0.135 0.02 0.136 0.02 0.137 0.021 0.137 0.022 0.138 0.022 0.139 0.023 0.139 0.024 0.14 0.024 0.141 0.025 0.141 0.026 0.142 0.026 0.143 0.027 0.143 0.028 0.144 0.028 0.145 0.029 0.145 0.03 0.146 0.03 0.147 0.031 0.147 0.032 0.148 0.032 0.149 0.033 0.149 0.034 0.15 0.034 0.153 0.035 0.153 0.036 0.154 0.036 0.155 0.039 0.155 0.039 0.154 0.04 0.153 0.041 0.153 0.041 0.152 0.042 0.151 0.043 0.151 0.043 0.148 0.044 0.147 0.045 0.147 0.045 0.146 0.046 0.145 0.047 0.145 0.047 0.144 0.048 0.143 0.049 0.143 0.049 0.142 0.05 0.141 0.051 0.141 0.051 0.14 0.052 0.139 0.053 0.139 0.053 0.136 0.054 0.135 0.055 0.135 0.055 0.134 0.054 0.134 0.053 0.133 0.053 0.13 0.052 0.13 0.051 0.129 0.051 0.128 0.05 0.128 0.049 0.127 0.049 0.126 0.048 0.126 0.047 0.125 0.047 0.124 0.046 0.124 0.045 0.123 0.045 0.122 0.044 0.122 0.043 0.121 0.043 0.12 0.042 0.12 0.041 0.119 0.041 0.118 0.04 0.118 0.039 0.117 0.039 0.116 0.038 0.116 0.037 0.115 0.037 0.114 0.036 0.114 0.035 0.113 0.035 0.112 0.034 0.112 0.033 0.111 0.033 0.11 0.032 0.11 0.031 0.109 0.031 0.108 0.03 0.108 0.029 0.107 0.029 0.104 0.028 0.104 0.027 0.103 0.027 0.102 0.026 0.102 0.025 0.101 0.025 0.1 0.024 0.1 0.023 0.099 0.023 0.098
4 0.433 0.884 0.018000000000000002 0.032 0.424 0.868 0.424 0.873 0.425 0.873 0.426 0.874 0.426 0.891 0.427 0.891 0.428 0.892 0.428 0.897 0.429 0.897 0.43 0.898 0.43 0.899 0.439 0.899 0.439 0.898 0.44 0.897 0.441 0.897 0.441 0.87 0.44 0.87 0.439 0.869 0.439 0.868
2 0.211 0.013000000000000001 0.046 0.026000000000000002 0.198 0.0 0.198 0.001 0.197 0.002 0.196 0.002 0.196 0.003 0.195 0.004 0.194 0.004 0.194 0.005 0.193 0.006 0.192 0.006 0.192 0.007 0.191 0.008 0.19 0.008 0.19 0.011 0.191 0.011 0.192 0.012 0.192 0.013 0.193 0.013 0.194 0.014 0.194 0.015 0.195 0.015 0.196 0.016 0.196 0.017 0.199 0.017 0.2 0.018 0.2 0.019 0.201 0.019 0.202 0.02 0.202 0.021 0.203 0.021 0.204 0.022 0.204 0.023 0.205 0.023 0.206 0.024 0.206 0.025 0.209 0.025 0.209 0.024 0.21 0.023 0.211 0.023 0.211 0.022 0.212 0.021 0.213 0.021 0.213 0.02 0.214 0.019 0.215 0.019 0.215 0.018 0.216 0.017 0.217 0.017 0.217 0.016 0.218 0.015 0.219 0.015 0.219 0.014 0.22 0.013 0.223 0.013 0.223 0.012 0.224 0.011 0.225 0.011 0.225 0.01 0.226 0.009 0.227 0.009 0.227 0.008 0.228 0.007 0.229 0.007 0.229 0.006 0.23 0.005 0.231 0.005 0.231 0.002 0.23 0.002 0.229 0.001 0.229 0.0
