4 0.265 0.548 0.018000000000000002 0.024 0.262 0.536 0.262 0.537 0.261 0.538 0.256 0.538 0.256 0.553 0.257 0.553 0.258 0.554 0.258 0.557 0.259 0.557 0.26 0.558 0.26 0.559 0.269 0.559 0.269 0.558 0.27 0.557 0.271 0.557 0.271 0.552 0.272 0.551 0.273 0.551 0.273 0.54 0.272 0.54 0.271 0.539 0.271 0.538 0.27 0.538 0.269 0.537 0.269 0.536
4 0.316 0.542 0.024 0.024 0.306 0.53 0.306 0.531 0.305 0.532 0.304 0.532 0.304 0.551 0.307 0.551 0.308 0.552 0.308 0.553 0.313 0.553 0.313 0.552 0.314 0.551 0.325 0.551 0.325 0.55 0.326 0.549 0.327 0.549 0.327 0.532 0.326 0.532 0.325 0.531 0.325 0.53
4 0.221 0.557 0.014 0.018000000000000002 0.216 0.548 0.216 0.549 0.215 0.55 0.214 0.55 0.214 0.563 0.215 0.563 0.216 0.564 0.216 0.565 0.223 0.565 0.223 0.564 0.224 0.563 0.225 0.563 0.225 0.562 0.226 0.561 0.227 0.561 0.227 0.55 0.224 0.55 0.223 0.549 0.223 0.548
7 0.388 0.649 0.032 0.042 0.382 0.628 0.382 0.629 0.381 0.63 0.378 0.63 0.378 0.631 0.377 0.632 0.376 0.632 0.376 0.633 0.375 0.634 0.374 0.634 0.374 0.635 0.373 0.636 0.372 0.636 0.372 0.641 0.373 0.641 0.374 0.642 0.374 0.653 0.375 0.653 0.376 0.654 0.376 0.663 0.377 0.663 0.378 0.664 0.378 0.667 0.381 0.667 0.382 0.668 0.382 0.669 0.387 0.669 0.387 0.668 0.388 0.667 0.399 0.667 0.399 0.666 0.4 0.665 0.401 0.665 0.401 0.664 0.402 0.663 0.403 0.663 0.403 0.654 0.402 0.654 0.401 0.653 0.401 0.64 0.4 0.64 0.399 0.639 0.399 0.634 0.398 0.634 0.397 0.633 0.397 0.63 0.394 0.63 0.393 0.629 0.393 0.628
4 0.40900000000000003 0.6940000000000001 0.022 0.02 0.4 0.684 0.4 0.687 0.399 0.688 0.398 0.688 0.398 0.699 0.399 0.699 0.4 0.7 0.4 0.703 0.417 0.703 0.417 0.702 0.418 0.701 0.419 0.701 0.419 0.69 0.418 0.69 0.417 0.689 0.417 0.686 0.416 0.686 0.415 0.685 0.415 0.684
7 0.304 0.651 0.016 0.022 0.302 0.64 0.302 0.641 0.301 0.642 0.298 0.642 0.298 0.643 0.297 0.644 0.296 0.644 0.296 0.651 0.297 0.651 0.298 0.652 0.298 0.659 0.301 0.659 0.302 0.66 0.302 0.661 0.305 0.661 0.305 0.66 0.306 0.659 0.309 0.659 0.309 0.658 0.31 0.657 0.311 0.657 0.311 0.64
5 0.456 0.668 0.016 0.024 0.448 0.656 0.448 0.673 0.449 0.673 0.45 0.674 0.45 0.677 0.451 0.677 0.452 0.678 0.452 0.679 0.461 0.679 0.461 0.678 0.462 0.677 0.463 0.677 0.463 0.66 0.462 0.66 0.461 0.659 0.461 0.656
7 0.359 0.648 0.01 0.012 0.356 0.642 0.356 0.645 0.355 0.646 0.354 0.646 0.354 0.651 0.355 0.651 0.356 0.652 0.356 0.653 0.361 0.653 0.361 0.652 0.362 0.651 0.363 0.651 0.363 0.646 0.362 0.646 0.361 0.645 0.361 0.642
4 0.355 0.7010000000000001 0.018000000000000002 0.026000000000000002 0.35 0.688 0.35 0.689 0.349 0.69 0.346 0.69 0.346 0.711 0.347 0.711 0.348 0.712 0.348 0.713 0.359 0.713 0.359 0.712 0.36 0.711 0.363 0.711 0.363 0.702 0.362 0.702 0.361 0.701 0.361 0.69 0.36 0.69 0.359 0.689 0.359 0.688
4 0.305 0.708 0.014 0.024 0.306 0.696 0.306 0.697 0.305 0.698 0.3 0.698 0.3 0.699 0.299 0.7 0.298 0.7 0.298 0.713 0.299 0.713 0.3 0.714 0.3 0.719 0.311 0.719 0.311 0.702 0.31 0.702 0.309 0.701 0.309 0.698 0.308 0.698 0.307 0.697 0.307 0.696
4 0.24 0.717 0.028 0.026000000000000002 0.238 0.704 0.238 0.705 0.237 0.706 0.228 0.706 0.228 0.707 0.227 0.708 0.226 0.708 0.226 0.717 0.227 0.717 0.228 0.718 0.228 0.723 0.229 0.723 0.23 0.724 0.23 0.725 0.231 0.725 0.232 0.726 0.232 0.729 0.241 0.729 0.241 0.728 0.242 0.727 0.251 0.727 0.251 0.726 0.252 0.725 0.253 0.725 0.253 0.716 0.252 0.716 0.251 0.715 0.251 0.706 0.25 0.706 0.249 0.705 0.249 0.704
1 0.3 0.71 0.312 0.136 0.254 0.642 0.254 0.643 0.253 0.644 0.242 0.644 0.242 0.645 0.241 0.646 0.228 0.646 0.228 0.647 0.227 0.648 0.206 0.648 0.206 0.649 0.205 0.65 0.194 0.65 0.194 0.651 0.193 0.652 0.184 0.652 0.184 0.653 0.183 0.654 0.162 0.654 0.162 0.655 0.161 0.656 0.146 0.656 0.146 0.659 0.145 0.66 0.144 0.66 0.144 0.687 0.145 0.687 0.146 0.688 0.146 0.689 0.145 0.69 0.144 0.69 0.144 0.695 0.145 0.695 0.146 0.696 0.146 0.723 0.147 0.723 0.148 0.724 0.148 0.745 0.149 0.745 0.15 0.746 0.15 0.763 0.151 0.763 0.152 0.764 0.152 0.771 0.153 0.771 0.154 0.772 0.154 0.775 0.157 0.775 0.158 0.776 0.158 0.777 0.181 0.777 0.181 0.776 0.182 0.775 0.201 0.775 0.201 0.774 0.202 0.773 0.219 0.773 0.219 0.772 0.22 0.771 0.235 0.771 0.235 0.77 0.236 0.769 0.253 0.769 0.253 0.768 0.254 0.767 0.265 0.767 0.265 0.766 0.266 0.765 0.277 0.765 0.277 0.764 0.278 0.763 0.297 0.763 0.297 0.762 0.298 0.761 0.309 0.761 0.309 0.76 0.31 0.759 0.319 0.759 0.319 0.758 0.32 0.757 0.335 0.757 0.335 0.756 0.336 0.755 0.347 0.755 0.347 0.754 0.348 0.753 0.355 0.753 0.355 0.752 0.356 0.751 0.367 0.751 0.367 0.75 0.368 0.749 0.377 0.749 0.377 0.748 0.378 0.747 0.387 0.747 0.387 0.746 0.388 0.745 0.409 0.745 0.409 0.744 0.41 0.743 0.417 0.743 0.417 0.742 0.418 0.741 0.441 0.741 0.441 0.74 0.442 0.739 0.451 0.739 0.451 0.738 0.452 0.737 0.453 0.737 0.453 0.736 0.454 0.735 0.455 0.735 0.455 0.72 0.454 0.72 0.453 0.719 0.453 0.708 0.452 0.708 0.451 0.707 0.451 0.704 0.408 0.704 0.408 0.705 0.407 0.706 0.392 0.706 0.392 0.707 0.391 0.708 0.386 0.708 0.386 0.709 0.385 0.71 0.376 0.71 0.376 0.711 0.375 0.712 0.36 0.712 0.36 0.713 0.359 0.714 0.348 0.714 0.348 0.715 0.347 0.716 0.34 0.716 0.34 0.717 0.339 0.718 0.314 0.718 0.314 0.719 0.313 0.72 0.302 0.72 0.302 0.721 0.301 0.722 0.292 0.722 0.292 0.723 0.291 0.724 0.282 0.724 0.282 0.725 0.281 0.726 0.266 0.726 0.266 0.727 0.265 0.728 0.248 0.728 0.248 0.729 0.247 0.73 0.232 0.73 0.231 0.729 0.231 0.726 0.23 0.726 0.229 0.725 0.229 0.724 0.228 0.724 0.227 0.723 0.227 0.718 0.226 0.718 0.225 0.717 0.225 0.708 0.226 0.707 0.227 0.707 0.227 0.706 0.228 0.705 0.231 0.705 0.231 0.704 0.232 0.703 0.255 0.703 0.255 0.702 0.256 0.701 0.267 0.701 0.267 0.7 0.268 0.699 0.279 0.699 0.279 0.698 0.28 0.697 0.287 0.697 0.287 0.696 0.288 0.695 0.297 0.695 0.297 0.694 0.298 0.693 0.299 0.693 0.3 0.694 0.3 0.695 0.303 0.695 0.303 0.694 0.304 0.693 0.309 0.693 0.309 0.692 0.31 0.691 0.315 0.691 0.315 0.69 0.316 0.689 0.329 0.689 0.329 0.688 0.33 0.687 0.339 0.687 0.339 0.686 0.34 0.685 0.341 0.685 0.341 0.666 0.34 0.666 0.339 0.665 0.339 0.66 0.336 0.66 0.335 0.659 0.335 0.658 0.322 0.658 0.322 0.659 0.321 0.66 0.308 0.66 0.308 0.661 0.307 0.662 0.288 0.662 0.288 0.663 0.287 0.664 0.286 0.664 0.285 0.663 0.285 0.662 0.282 0.662 0.281 0.661 0.281 0.66 0.28 0.66 0.279 0.659 0.279 0.646 0.278 0.646 0.277 0.645 0.277 0.644 0.276 0.644 0.275 0.643 0.275 0.642
