4 0.162 0.9380000000000001 0.016 0.02 0.16 0.928 0.16 0.929 0.159 0.93 0.156 0.93 0.156 0.933 0.155 0.934 0.154 0.934 0.154 0.945 0.157 0.945 0.158 0.946 0.158 0.947 0.167 0.947 0.167 0.946 0.168 0.945 0.169 0.945 0.169 0.934 0.168 0.934 0.167 0.933 0.167 0.93 0.162 0.93 0.161 0.929 0.161 0.928
5 0.176 0.839 0.02 0.018000000000000002 0.17 0.83 0.17 0.831 0.169 0.832 0.168 0.832 0.168 0.833 0.167 0.834 0.166 0.834 0.166 0.843 0.167 0.843 0.168 0.844 0.168 0.847 0.181 0.847 0.181 0.846 0.182 0.845 0.183 0.845 0.183 0.84 0.184 0.839 0.185 0.839 0.185 0.836 0.184 0.836 0.183 0.835 0.183 0.832 0.182 0.832 0.181 0.831 0.181 0.83
4 0.17500000000000002 0.47400000000000003 0.026000000000000002 0.02 0.164 0.464 0.164 0.469 0.163 0.47 0.162 0.47 0.162 0.471 0.163 0.471 0.164 0.472 0.164 0.481 0.165 0.481 0.166 0.482 0.166 0.483 0.183 0.483 0.183 0.482 0.184 0.481 0.187 0.481 0.187 0.468 0.186 0.468 0.185 0.467 0.185 0.464
3 0.401 0.578 0.042 0.076 0.392 0.54 0.392 0.541 0.391 0.542 0.384 0.542 0.384 0.543 0.383 0.544 0.382 0.544 0.382 0.545 0.381 0.546 0.38 0.546 0.38 0.599 0.381 0.599 0.382 0.6 0.382 0.605 0.383 0.605 0.384 0.606 0.384 0.611 0.385 0.611 0.386 0.612 0.386 0.613 0.389 0.613 0.39 0.614 0.39 0.615 0.411 0.615 0.411 0.614 0.412 0.613 0.419 0.613 0.419 0.612 0.42 0.611 0.421 0.611 0.421 0.548 0.42 0.548 0.419 0.547 0.419 0.544 0.418 0.544 0.417 0.543 0.417 0.542 0.414 0.542 0.413 0.541 0.413 0.54
4 0.169 0.542 0.018000000000000002 0.016 0.164 0.534 0.164 0.535 0.163 0.536 0.16 0.536 0.16 0.543 0.161 0.543 0.162 0.544 0.162 0.547 0.163 0.547 0.164 0.548 0.164 0.549 0.173 0.549 0.173 0.548 0.174 0.547 0.175 0.547 0.175 0.546 0.176 0.545 0.177 0.545 0.177 0.538 0.176 0.538 0.175 0.537 0.175 0.536 0.17 0.536 0.169 0.535 0.169 0.534
4 0.405 0.393 0.026000000000000002 0.022 0.396 0.382 0.396 0.383 0.395 0.384 0.394 0.384 0.394 0.385 0.393 0.386 0.392 0.386 0.392 0.401 0.397 0.401 0.398 0.402 0.398 0.403 0.401 0.403 0.401 0.402 0.402 0.401 0.413 0.401 0.413 0.4 0.414 0.399 0.415 0.399 0.415 0.396 0.416 0.395 0.417 0.395 0.417 0.384 0.414 0.384 0.413 0.383 0.413 0.382
4 0.47000000000000003 0.518 0.024 0.024 0.458 0.508 0.458 0.519 0.459 0.519 0.46 0.52 0.46 0.529 0.479 0.529 0.479 0.526 0.48 0.525 0.481 0.525 0.481 0.508
4 0.47400000000000003 0.586 0.024 0.028 0.466 0.572 0.466 0.573 0.465 0.574 0.464 0.574 0.464 0.575 0.463 0.576 0.462 0.576 0.462 0.595 0.463 0.595 0.464 0.596 0.464 0.597 0.467 0.597 0.468 0.598 0.468 0.599 0.475 0.599 0.475 0.598 0.476 0.597 0.485 0.597 0.485 0.574 0.484 0.574 0.483 0.573 0.483 0.572
5 0.441 0.513 0.018000000000000002 0.018000000000000002 0.432 0.504 0.432 0.521 0.449 0.521 0.449 0.504
4 0.466 0.393 0.024 0.018000000000000002 0.456 0.384 0.456 0.385 0.455 0.386 0.454 0.386 0.454 0.397 0.455 0.397 0.456 0.398 0.456 0.401 0.475 0.401 0.475 0.4 0.476 0.399 0.477 0.399 0.477 0.386 0.476 0.386 0.475 0.385 0.475 0.384
5 0.074 0.505 0.02 0.022 0.07 0.494 0.07 0.495 0.069 0.496 0.066 0.496 0.066 0.499 0.065 0.5 0.064 0.5 0.064 0.505 0.065 0.505 0.066 0.506 0.066 0.513 0.067 0.513 0.068 0.514 0.068 0.515 0.081 0.515 0.081 0.512 0.082 0.511 0.083 0.511 0.083 0.502 0.082 0.502 0.081 0.501 0.081 0.494
6 0.188 0.989 0.08 0.022 0.196 0.978 0.196 0.979 0.195 0.98 0.182 0.98 0.182 0.981 0.181 0.982 0.15 0.982 0.15 0.983 0.149 0.984 0.148 0.984 0.148 0.999 0.227 0.999 0.227 0.99 0.226 0.99 0.225 0.989 0.225 0.984 0.224 0.984 0.223 0.983 0.223 0.98 0.222 0.98 0.221 0.979 0.221 0.978
7 0.1 0.532 0.016 0.012 0.096 0.526 0.096 0.527 0.095 0.528 0.092 0.528 0.092 0.535 0.097 0.535 0.098 0.536 0.098 0.537 0.101 0.537 0.101 0.536 0.102 0.535 0.105 0.535 0.105 0.534 0.106 0.533 0.107 0.533 0.107 0.532 0.106 0.532 0.105 0.531 0.105 0.526
7 0.418 0.52 0.016 0.016 0.412 0.512 0.412 0.515 0.411 0.516 0.41 0.516 0.41 0.521 0.411 0.521 0.412 0.522 0.412 0.525 0.413 0.525 0.414 0.526 0.414 0.527 0.419 0.527 0.419 0.526 0.42 0.525 0.423 0.525 0.423 0.524 0.424 0.523 0.425 0.523 0.425 0.518 0.424 0.518 0.423 0.517 0.423 0.514 0.42 0.514 0.419 0.513 0.419 0.512
4 0.509 0.586 0.018000000000000002 0.036000000000000004 0.504 0.568 0.504 0.569 0.503 0.57 0.502 0.57 0.502 0.571 0.501 0.572 0.5 0.572 0.5 0.581 0.501 0.581 0.502 0.582 0.502 0.597 0.503 0.597 0.504 0.598 0.504 0.601 0.505 0.601 0.506 0.602 0.506 0.603 0.513 0.603 0.513 0.602 0.514 0.601 0.515 0.601 0.515 0.598 0.516 0.597 0.517 0.597 0.517 0.574 0.516 0.574 0.515 0.573 0.515 0.572 0.514 0.572 0.513 0.571 0.513 0.57 0.512 0.57 0.511 0.569 0.511 0.568
7 0.129 0.8180000000000001 0.014 0.012 0.124 0.812 0.124 0.815 0.123 0.816 0.122 0.816 0.122 0.819 0.123 0.819 0.124 0.82 0.124 0.823 0.133 0.823 0.133 0.822 0.134 0.821 0.135 0.821 0.135 0.814 0.134 0.814 0.133 0.813 0.133 0.812
7 0.14400000000000002 0.965 0.016 0.01 0.142 0.96 0.142 0.961 0.141 0.962 0.136 0.962 0.136 0.967 0.141 0.967 0.142 0.968 0.142 0.969 0.149 0.969 0.149 0.968 0.15 0.967 0.151 0.967 0.151 0.962 0.15 0.962 0.149 0.961 0.149 0.96
