4 0.17 0.755 0.016 0.026000000000000002 0.17 0.742 0.17 0.743 0.169 0.744 0.164 0.744 0.164 0.745 0.163 0.746 0.162 0.746 0.162 0.753 0.163 0.753 0.164 0.754 0.164 0.767 0.177 0.767 0.177 0.744 0.174 0.744 0.173 0.743 0.173 0.742
4 0.265 0.6980000000000001 0.018000000000000002 0.024 0.258 0.686 0.258 0.687 0.257 0.688 0.256 0.688 0.256 0.707 0.261 0.707 0.262 0.708 0.262 0.709 0.263 0.709 0.263 0.708 0.264 0.707 0.273 0.707 0.273 0.688 0.272 0.688 0.271 0.687 0.271 0.686
4 0.154 0.6990000000000001 0.02 0.022 0.146 0.688 0.146 0.689 0.145 0.69 0.144 0.69 0.144 0.709 0.161 0.709 0.161 0.708 0.162 0.707 0.163 0.707 0.163 0.698 0.162 0.698 0.161 0.697 0.161 0.69 0.158 0.69 0.157 0.689 0.157 0.688
5 0.114 0.773 0.016 0.014 0.11 0.766 0.11 0.767 0.109 0.768 0.108 0.768 0.108 0.769 0.107 0.77 0.106 0.77 0.106 0.775 0.107 0.775 0.108 0.776 0.108 0.779 0.119 0.779 0.119 0.778 0.12 0.777 0.121 0.777 0.121 0.77 0.12 0.77 0.119 0.769 0.119 0.768 0.118 0.768 0.117 0.767 0.117 0.766
7 0.228 0.6950000000000001 0.012 0.01 0.222 0.69 0.222 0.695 0.223 0.695 0.224 0.696 0.224 0.697 0.225 0.697 0.226 0.698 0.226 0.699 0.229 0.699 0.229 0.698 0.23 0.697 0.231 0.697 0.231 0.696 0.232 0.695 0.233 0.695 0.233 0.69
7 0.244 0.422 0.012 0.008 0.238 0.418 0.238 0.423 0.239 0.423 0.24 0.424 0.24 0.425 0.247 0.425 0.247 0.424 0.248 0.423 0.249 0.423 0.249 0.42 0.248 0.42 0.247 0.419 0.247 0.418
4 0.257 0.872 0.022 0.024 0.25 0.86 0.25 0.861 0.249 0.862 0.248 0.862 0.248 0.863 0.247 0.864 0.246 0.864 0.246 0.881 0.249 0.881 0.25 0.882 0.25 0.883 0.263 0.883 0.263 0.882 0.264 0.881 0.265 0.881 0.265 0.876 0.266 0.875 0.267 0.875 0.267 0.864 0.266 0.864 0.265 0.863 0.265 0.862 0.264 0.862 0.263 0.861 0.263 0.86
4 0.269 0.8130000000000001 0.018000000000000002 0.022 0.262 0.802 0.262 0.805 0.261 0.806 0.26 0.806 0.26 0.823 0.275 0.823 0.275 0.822 0.276 0.821 0.277 0.821 0.277 0.806 0.276 0.806 0.275 0.805 0.275 0.802
4 0.154 0.8150000000000001 0.016 0.018000000000000002 0.148 0.806 0.148 0.807 0.147 0.808 0.146 0.808 0.146 0.821 0.147 0.821 0.148 0.822 0.148 0.823 0.161 0.823 0.161 0.806
4 0.23700000000000002 0.758 0.018000000000000002 0.024 0.228 0.746 0.228 0.769 0.245 0.769 0.245 0.76 0.244 0.76 0.243 0.759 0.243 0.748 0.242 0.748 0.241 0.747 0.241 0.746
