5 0.214 0.6940000000000001 0.02 0.02 0.204 0.684 0.204 0.687 0.205 0.687 0.206 0.688 0.206 0.691 0.207 0.691 0.208 0.692 0.208 0.695 0.209 0.695 0.21 0.696 0.21 0.699 0.211 0.699 0.212 0.7 0.212 0.701 0.213 0.701 0.214 0.702 0.214 0.703 0.217 0.703 0.217 0.702 0.218 0.701 0.221 0.701 0.221 0.698 0.222 0.697 0.223 0.697 0.223 0.696 0.22 0.696 0.219 0.695 0.219 0.692 0.218 0.692 0.217 0.691 0.217 0.688 0.214 0.688 0.213 0.687 0.213 0.686 0.212 0.686 0.211 0.685 0.211 0.684
5 0.518 0.434 0.02 0.02 0.514 0.424 0.514 0.425 0.513 0.426 0.51 0.426 0.51 0.427 0.509 0.428 0.508 0.428 0.508 0.437 0.509 0.437 0.51 0.438 0.51 0.439 0.511 0.439 0.512 0.44 0.512 0.441 0.513 0.441 0.514 0.442 0.514 0.443 0.521 0.443 0.521 0.442 0.522 0.441 0.523 0.441 0.523 0.44 0.524 0.439 0.525 0.439 0.525 0.436 0.526 0.435 0.527 0.435 0.527 0.43 0.524 0.43 0.523 0.429 0.523 0.428 0.522 0.428 0.521 0.427 0.521 0.426 0.518 0.426 0.517 0.425 0.517 0.424
5 0.11 0.652 0.024 0.028 0.106 0.638 0.106 0.639 0.105 0.64 0.102 0.64 0.102 0.641 0.101 0.642 0.098 0.642 0.098 0.649 0.099 0.649 0.1 0.65 0.1 0.655 0.101 0.655 0.102 0.656 0.102 0.659 0.103 0.659 0.104 0.66 0.104 0.661 0.105 0.661 0.106 0.662 0.106 0.663 0.107 0.663 0.108 0.664 0.108 0.665 0.113 0.665 0.113 0.664 0.114 0.663 0.115 0.663 0.115 0.662 0.116 0.661 0.117 0.661 0.117 0.66 0.118 0.659 0.119 0.659 0.119 0.658 0.12 0.657 0.121 0.657 0.121 0.65 0.12 0.65 0.119 0.649 0.119 0.648 0.118 0.648 0.117 0.647 0.117 0.646 0.116 0.646 0.115 0.645 0.115 0.644 0.114 0.644 0.113 0.643 0.113 0.64 0.112 0.64 0.111 0.639 0.111 0.638
7 0.319 0.599 0.01 0.01 0.316 0.594 0.316 0.595 0.315 0.596 0.314 0.596 0.314 0.603 0.321 0.603 0.321 0.6 0.322 0.599 0.323 0.599 0.323 0.598 0.322 0.598 0.321 0.597 0.321 0.594
5 0.041 0.745 0.018000000000000002 0.022 0.032 0.734 0.032 0.747 0.033 0.747 0.034 0.748 0.034 0.751 0.035 0.751 0.036 0.752 0.036 0.753 0.037 0.753 0.038 0.754 0.038 0.755 0.043 0.755 0.043 0.746 0.044 0.745 0.047 0.745 0.047 0.744 0.048 0.743 0.049 0.743 0.049 0.74 0.048 0.74 0.047 0.739 0.047 0.738 0.046 0.738 0.045 0.737 0.045 0.736 0.044 0.736 0.043 0.735 0.043 0.734
5 0.135 0.722 0.022 0.02 0.136 0.712 0.136 0.713 0.135 0.714 0.132 0.714 0.132 0.715 0.131 0.716 0.128 0.716 0.128 0.717 0.127 0.718 0.126 0.718 0.126 0.719 0.125 0.72 0.124 0.72 0.124 0.725 0.125 0.725 0.126 0.726 0.126 0.729 0.129 0.729 0.13 0.73 0.13 0.731 0.131 0.731 0.131 0.73 0.132 0.729 0.133 0.729 0.133 0.728 0.134 0.727 0.135 0.727 0.135 0.726 0.136 0.725 0.139 0.725 0.139 0.724 0.14 0.723 0.141 0.723 0.141 0.722 0.142 0.721 0.145 0.721 0.145 0.718 0.144 0.718 0.143 0.717 0.143 0.716 0.142 0.716 0.141 0.715 0.141 0.714 0.14 0.714 0.139 0.713 0.139 0.712
5 0.179 0.712 0.03 0.032 0.172 0.696 0.172 0.697 0.171 0.698 0.168 0.698 0.168 0.699 0.167 0.7 0.166 0.7 0.166 0.701 0.165 0.702 0.164 0.702 0.164 0.705 0.165 0.705 0.166 0.706 0.166 0.709 0.167 0.709 0.168 0.71 0.168 0.711 0.169 0.711 0.17 0.712 0.17 0.713 0.171 0.713 0.172 0.714 0.172 0.715 0.173 0.715 0.174 0.716 0.174 0.719 0.175 0.719 0.176 0.72 0.176 0.721 0.177 0.721 0.178 0.722 0.178 0.723 0.179 0.723 0.18 0.724 0.18 0.725 0.181 0.725 0.182 0.726 0.182 0.727 0.189 0.727 0.189 0.726 0.19 0.725 0.191 0.725 0.191 0.722 0.192 0.721 0.193 0.721 0.193 0.716 0.192 0.716 0.191 0.715 0.191 0.714 0.19 0.714 0.189 0.713 0.189 0.712 0.188 0.712 0.187 0.711 0.187 0.71 0.186 0.71 0.185 0.709 0.185 0.706 0.184 0.706 0.183 0.705 0.183 0.704 0.182 0.704 0.181 0.703 0.181 0.7 0.18 0.7 0.179 0.699 0.179 0.696
7 0.171 0.649 0.03 0.03 0.172 0.634 0.172 0.635 0.171 0.636 0.168 0.636 0.168 0.637 0.167 0.638 0.164 0.638 0.164 0.639 0.163 0.64 0.162 0.64 0.162 0.641 0.161 0.642 0.16 0.642 0.16 0.643 0.159 0.644 0.158 0.644 0.158 0.645 0.157 0.646 0.156 0.646 0.156 0.651 0.157 0.651 0.158 0.652 0.158 0.655 0.159 0.655 0.16 0.656 0.16 0.659 0.161 0.659 0.162 0.66 0.162 0.661 0.163 0.661 0.164 0.662 0.164 0.663 0.173 0.663 0.173 0.662 0.174 0.661 0.175 0.661 0.175 0.66 0.176 0.659 0.179 0.659 0.179 0.658 0.18 0.657 0.181 0.657 0.181 0.656 0.182 0.655 0.183 0.655 0.183 0.652 0.184 0.651 0.185 0.651 0.185 0.644 0.184 0.644 0.183 0.643 0.183 0.64 0.182 0.64 0.181 0.639 0.181 0.638 0.18 0.638 0.179 0.637 0.179 0.636 0.178 0.636 0.177 0.635 0.177 0.634
5 0.587 0.385 0.022 0.022 0.584 0.374 0.584 0.375 0.583 0.376 0.58 0.376 0.58 0.377 0.579 0.378 0.578 0.378 0.578 0.379 0.577 0.38 0.576 0.38 0.576 0.389 0.577 0.389 0.578 0.39 0.578 0.391 0.579 0.391 0.58 0.392 0.58 0.393 0.581 0.393 0.582 0.394 0.582 0.395 0.591 0.395 0.591 0.394 0.592 0.393 0.593 0.393 0.593 0.392 0.594 0.391 0.595 0.391 0.595 0.388 0.596 0.387 0.597 0.387 0.597 0.384 0.596 0.384 0.595 0.383 0.595 0.38 0.594 0.38 0.593 0.379 0.593 0.376 0.59 0.376 0.589 0.375 0.589 0.374
7 0.015 0.807 0.014 0.014 0.012 0.8 0.012 0.801 0.011 0.802 0.01 0.802 0.01 0.805 0.009 0.806 0.008 0.806 0.008 0.807 0.009 0.807 0.01 0.808 0.01 0.811 0.013 0.811 0.014 0.812 0.014 0.813 0.021 0.813 0.021 0.806 0.02 0.806 0.019 0.805 0.019 0.802 0.018 0.802 0.017 0.801 0.017 0.8
5 0.554 0.463 0.02 0.018000000000000002 0.548 0.454 0.548 0.455 0.547 0.456 0.546 0.456 0.546 0.457 0.545 0.458 0.544 0.458 0.544 0.465 0.545 0.465 0.546 0.466 0.546 0.469 0.547 0.469 0.548 0.47 0.548 0.471 0.555 0.471 0.555 0.468 0.556 0.467 0.557 0.467 0.557 0.466 0.558 0.465 0.559 0.465 0.559 0.464 0.56 0.463 0.561 0.463 0.561 0.462 0.562 0.461 0.563 0.461 0.563 0.46 0.562 0.46 0.561 0.459 0.561 0.454
5 0.41000000000000003 0.509 0.024 0.022 0.406 0.498 0.406 0.499 0.405 0.5 0.402 0.5 0.402 0.501 0.401 0.502 0.4 0.502 0.4 0.503 0.399 0.504 0.398 0.504 0.398 0.505 0.399 0.505 0.4 0.506 0.4 0.511 0.401 0.511 0.402 0.512 0.402 0.513 0.403 0.513 0.404 0.514 0.404 0.517 0.405 0.517 0.406 0.518 0.406 0.519 0.413 0.519 0.413 0.518 0.414 0.517 0.417 0.517 0.417 0.514 0.418 0.513 0.419 0.513 0.419 0.512 0.42 0.511 0.421 0.511 0.421 0.506 0.42 0.506 0.419 0.505 0.419 0.504 0.418 0.504 0.417 0.503 0.417 0.5 0.416 0.5 0.415 0.499 0.415 0.498
5 0.325 0.542 0.022 0.02 0.322 0.532 0.322 0.533 0.321 0.534 0.316 0.534 0.316 0.535 0.315 0.536 0.314 0.536 0.314 0.541 0.315 0.541 0.316 0.542 0.316 0.543 0.317 0.543 0.318 0.544 0.318 0.545 0.319 0.545 0.32 0.546 0.32 0.547 0.321 0.547 0.322 0.548 0.322 0.549 0.323 0.549 0.324 0.55 0.324 0.551 0.329 0.551 0.329 0.55 0.33 0.549 0.331 0.549 0.331 0.548 0.332 0.547 0.333 0.547 0.333 0.546 0.334 0.545 0.335 0.545 0.335 0.544 0.334 0.544 0.333 0.543 0.333 0.542 0.332 0.542 0.331 0.541 0.331 0.538 0.33 0.538 0.329 0.537 0.329 0.536 0.328 0.536 0.327 0.535 0.327 0.534 0.326 0.534 0.325 0.533 0.325 0.532
5 0.424 0.554 0.02 0.02 0.426 0.544 0.426 0.545 0.425 0.546 0.42 0.546 0.42 0.547 0.419 0.548 0.416 0.548 0.416 0.551 0.415 0.552 0.414 0.552 0.414 0.557 0.415 0.557 0.416 0.558 0.416 0.561 0.421 0.561 0.422 0.562 0.422 0.563 0.423 0.563 0.423 0.562 0.424 0.561 0.425 0.561 0.425 0.56 0.426 0.559 0.427 0.559 0.427 0.558 0.428 0.557 0.429 0.557 0.429 0.556 0.43 0.555 0.431 0.555 0.431 0.554 0.432 0.553 0.433 0.553 0.433 0.548 0.432 0.548 0.431 0.547 0.431 0.546 0.428 0.546 0.427 0.545 0.427 0.544
5 0.34900000000000003 0.558 0.034 0.036000000000000004 0.346 0.54 0.346 0.541 0.345 0.542 0.342 0.542 0.342 0.543 0.341 0.544 0.336 0.544 0.336 0.545 0.335 0.546 0.334 0.546 0.334 0.547 0.333 0.548 0.332 0.548 0.332 0.551 0.333 0.551 0.334 0.552 0.334 0.553 0.335 0.553 0.336 0.554 0.336 0.557 0.337 0.557 0.338 0.558 0.338 0.559 0.339 0.559 0.34 0.56 0.34 0.563 0.341 0.563 0.342 0.564 0.342 0.565 0.343 0.565 0.344 0.566 0.344 0.567 0.345 0.567 0.346 0.568 0.346 0.571 0.347 0.571 0.348 0.572 0.348 0.573 0.349 0.573 0.35 0.574 0.35 0.575 0.355 0.575 0.355 0.574 0.356 0.573 0.359 0.573 0.359 0.57 0.36 0.569 0.361 0.569 0.361 0.568 0.362 0.567 0.363 0.567 0.363 0.564 0.362 0.564 0.361 0.563 0.361 0.562 0.36 0.562 0.359 0.561 0.359 0.558 0.358 0.558 0.357 0.557 0.357 0.556 0.356 0.556 0.355 0.555 0.355 0.554 0.354 0.554 0.353 0.553 0.353 0.55 0.352 0.55 0.351 0.549 0.351 0.544 0.35 0.544 0.349 0.543 0.349 0.542 0.348 0.542 0.347 0.541 0.347 0.54
5 0.215 0.5760000000000001 0.026000000000000002 0.028 0.216 0.562 0.216 0.563 0.215 0.564 0.212 0.564 0.212 0.565 0.211 0.566 0.21 0.566 0.21 0.567 0.209 0.568 0.206 0.568 0.206 0.569 0.205 0.57 0.204 0.57 0.204 0.571 0.203 0.572 0.202 0.572 0.202 0.573 0.203 0.573 0.204 0.574 0.204 0.577 0.205 0.577 0.206 0.578 0.206 0.581 0.207 0.581 0.208 0.582 0.208 0.583 0.209 0.583 0.21 0.584 0.21 0.587 0.211 0.587 0.212 0.588 0.212 0.589 0.219 0.589 0.219 0.588 0.22 0.587 0.221 0.587 0.221 0.586 0.222 0.585 0.223 0.585 0.223 0.584 0.224 0.583 0.225 0.583 0.225 0.582 0.226 0.581 0.227 0.581 0.227 0.58 0.226 0.58 0.225 0.579 0.225 0.576 0.224 0.576 0.223 0.575 0.223 0.572 0.222 0.572 0.221 0.571 0.221 0.57 0.22 0.57 0.219 0.569 0.219 0.566 0.218 0.566 0.217 0.565 0.217 0.562
5 0.268 0.609 0.024 0.022 0.268 0.598 0.268 0.599 0.267 0.6 0.262 0.6 0.262 0.601 0.261 0.602 0.256 0.602 0.256 0.607 0.257 0.607 0.258 0.608 0.258 0.609 0.259 0.609 0.26 0.61 0.26 0.611 0.261 0.611 0.262 0.612 0.262 0.615 0.263 0.615 0.264 0.616 0.264 0.617 0.265 0.617 0.266 0.618 0.266 0.619 0.273 0.619 0.273 0.618 0.274 0.617 0.275 0.617 0.275 0.616 0.276 0.615 0.277 0.615 0.277 0.612 0.278 0.611 0.279 0.611 0.279 0.61 0.278 0.61 0.277 0.609 0.277 0.608 0.276 0.608 0.275 0.607 0.275 0.606 0.274 0.606 0.273 0.605 0.273 0.602 0.272 0.602 0.271 0.601 0.271 0.598
