5 0.045 0.388 0.018000000000000002 0.02 0.042 0.378 0.042 0.379 0.041 0.38 0.038 0.38 0.038 0.383 0.037 0.384 0.036 0.384 0.036 0.391 0.037 0.391 0.038 0.392 0.038 0.393 0.039 0.393 0.04 0.394 0.04 0.395 0.041 0.395 0.042 0.396 0.042 0.397 0.049 0.397 0.049 0.396 0.05 0.395 0.051 0.395 0.051 0.394 0.052 0.393 0.053 0.393 0.053 0.382 0.052 0.382 0.051 0.381 0.051 0.38 0.05 0.38 0.049 0.379 0.049 0.378
4 0.764 0.23500000000000001 0.024 0.018000000000000002 0.762 0.226 0.762 0.227 0.761 0.228 0.758 0.228 0.758 0.229 0.757 0.23 0.754 0.23 0.754 0.231 0.753 0.232 0.752 0.232 0.752 0.239 0.753 0.239 0.754 0.24 0.754 0.241 0.755 0.241 0.756 0.242 0.756 0.243 0.763 0.243 0.763 0.242 0.764 0.241 0.771 0.241 0.771 0.24 0.772 0.239 0.775 0.239 0.775 0.232 0.774 0.232 0.773 0.231 0.773 0.228 0.772 0.228 0.771 0.227 0.771 0.226
4 0.6930000000000001 0.095 0.018000000000000002 0.018000000000000002 0.69 0.086 0.69 0.087 0.689 0.088 0.684 0.088 0.684 0.089 0.685 0.089 0.686 0.09 0.686 0.095 0.687 0.095 0.688 0.096 0.688 0.101 0.689 0.101 0.69 0.102 0.69 0.103 0.695 0.103 0.695 0.102 0.696 0.101 0.701 0.101 0.701 0.1 0.7 0.1 0.699 0.099 0.699 0.094 0.698 0.094 0.697 0.093 0.697 0.088 0.696 0.088 0.695 0.087 0.695 0.086
5 0.81 0.578 0.02 0.02 0.806 0.568 0.806 0.569 0.805 0.57 0.8 0.57 0.8 0.579 0.801 0.579 0.802 0.58 0.802 0.581 0.803 0.581 0.804 0.582 0.804 0.585 0.807 0.585 0.808 0.586 0.808 0.587 0.815 0.587 0.815 0.586 0.816 0.585 0.817 0.585 0.817 0.58 0.818 0.579 0.819 0.579 0.819 0.576 0.818 0.576 0.817 0.575 0.817 0.572 0.816 0.572 0.815 0.571 0.815 0.57 0.814 0.57 0.813 0.569 0.813 0.568
7 0.117 0.78 0.014 0.016 0.112 0.772 0.112 0.775 0.111 0.776 0.11 0.776 0.11 0.783 0.111 0.783 0.112 0.784 0.112 0.785 0.113 0.785 0.114 0.786 0.114 0.787 0.115 0.787 0.115 0.786 0.116 0.785 0.121 0.785 0.121 0.784 0.122 0.783 0.123 0.783 0.123 0.778 0.122 0.778 0.121 0.777 0.121 0.772
7 0.128 0.779 0.068 0.038 0.134 0.76 0.134 0.761 0.133 0.762 0.132 0.762 0.132 0.763 0.131 0.764 0.126 0.764 0.126 0.765 0.125 0.766 0.112 0.766 0.112 0.767 0.111 0.768 0.11 0.768 0.11 0.773 0.109 0.774 0.108 0.774 0.108 0.779 0.107 0.78 0.106 0.78 0.106 0.781 0.105 0.782 0.102 0.782 0.102 0.783 0.101 0.784 0.1 0.784 0.1 0.785 0.099 0.786 0.098 0.786 0.098 0.787 0.097 0.788 0.094 0.788 0.094 0.795 0.095 0.795 0.096 0.796 0.096 0.797 0.099 0.797 0.099 0.796 0.1 0.795 0.105 0.795 0.105 0.794 0.106 0.793 0.111 0.793 0.111 0.792 0.112 0.791 0.117 0.791 0.117 0.79 0.118 0.789 0.125 0.789 0.125 0.788 0.126 0.787 0.131 0.787 0.131 0.786 0.132 0.785 0.137 0.785 0.137 0.784 0.138 0.783 0.147 0.783 0.147 0.782 0.148 0.781 0.151 0.781 0.151 0.78 0.152 0.779 0.157 0.779 0.157 0.778 0.158 0.777 0.159 0.777 0.159 0.776 0.16 0.775 0.161 0.775 0.161 0.772 0.16 0.772 0.159 0.771 0.159 0.768 0.158 0.768 0.157 0.767 0.157 0.766 0.156 0.766 0.155 0.765 0.155 0.762 0.136 0.762 0.135 0.761 0.135 0.76
3 0.904 0.518 0.07200000000000001 0.064 0.892 0.548 0.892 0.549 0.897 0.549 0.897 0.548
4 0.738 0.484 0.016 0.012 0.738 0.478 0.738 0.479 0.737 0.48 0.732 0.48 0.732 0.481 0.731 0.482 0.73 0.482 0.73 0.487 0.733 0.487 0.734 0.488 0.734 0.489 0.743 0.489 0.743 0.488 0.744 0.487 0.745 0.487 0.745 0.48 0.744 0.48 0.743 0.479 0.743 0.478
3 0.8180000000000001 0.618 0.076 0.068 0.83 0.584 0.83 0.585 0.829 0.586 0.822 0.586 0.822 0.587 0.821 0.588 0.816 0.588 0.816 0.589 0.815 0.59 0.806 0.59 0.806 0.591 0.805 0.592 0.802 0.592 0.802 0.593 0.801 0.594 0.792 0.594 0.792 0.595 0.791 0.596 0.782 0.596 0.782 0.597 0.781 0.598 0.78 0.598 0.78 0.599 0.781 0.599 0.782 0.6 0.782 0.605 0.783 0.605 0.784 0.606 0.784 0.613 0.785 0.613 0.786 0.614 0.786 0.619 0.787 0.619 0.788 0.62 0.788 0.625 0.789 0.625 0.79 0.626 0.79 0.631 0.791 0.631 0.792 0.632 0.792 0.639 0.793 0.639 0.794 0.64 0.794 0.643 0.795 0.643 0.796 0.644 0.796 0.649 0.799 0.649 0.8 0.65 0.8 0.651 0.803 0.651 0.803 0.65 0.804 0.649 0.809 0.649 0.809 0.648 0.81 0.647 0.815 0.647 0.815 0.646 0.816 0.645 0.821 0.645 0.821 0.644 0.822 0.643 0.829 0.643 0.829 0.642 0.83 0.641 0.837 0.641 0.837 0.64 0.838 0.639 0.843 0.639 0.843 0.638 0.844 0.637 0.851 0.637 0.851 0.636 0.852 0.635 0.855 0.635 0.855 0.626 0.854 0.626 0.853 0.625 0.853 0.62 0.852 0.62 0.851 0.619 0.851 0.614 0.85 0.614 0.849 0.613 0.849 0.608 0.848 0.608 0.847 0.607 0.847 0.602 0.846 0.602 0.845 0.601 0.845 0.596 0.844 0.596 0.843 0.595 0.843 0.59 0.842 0.59 0.841 0.589 0.841 0.586 0.84 0.586 0.839 0.585 0.839 0.584
5 0.746 0.182 0.02 0.016 0.748 0.174 0.748 0.175 0.747 0.176 0.74 0.176 0.74 0.177 0.739 0.178 0.736 0.178 0.736 0.183 0.737 0.183 0.738 0.184 0.738 0.189 0.739 0.189 0.739 0.188 0.74 0.187 0.745 0.187 0.745 0.186 0.746 0.185 0.751 0.185 0.751 0.184 0.752 0.183 0.755 0.183 0.755 0.182 0.754 0.182 0.753 0.181 0.753 0.176 0.752 0.176 0.751 0.175 0.751 0.174
4 0.765 0.07200000000000001 0.026000000000000002 0.02 0.76 0.062 0.76 0.063 0.759 0.064 0.754 0.064 0.754 0.065 0.753 0.066 0.752 0.066 0.752 0.071 0.753 0.071 0.754 0.072 0.754 0.077 0.755 0.077 0.756 0.078 0.756 0.079 0.757 0.079 0.758 0.08 0.758 0.081 0.763 0.081 0.763 0.08 0.764 0.079 0.769 0.079 0.769 0.078 0.77 0.077 0.773 0.077 0.773 0.076 0.774 0.075 0.775 0.075 0.775 0.074 0.776 0.073 0.777 0.073 0.777 0.068 0.776 0.068 0.775 0.067 0.775 0.064 0.774 0.064 0.773 0.063 0.773 0.062
4 0.797 0.465 0.018000000000000002 0.022 0.798 0.454 0.798 0.455 0.797 0.456 0.794 0.456 0.794 0.457 0.793 0.458 0.79 0.458 0.79 0.459 0.789 0.46 0.788 0.46 0.788 0.473 0.791 0.473 0.792 0.474 0.792 0.475 0.799 0.475 0.799 0.474 0.8 0.473 0.801 0.473 0.801 0.472 0.802 0.471 0.803 0.471 0.803 0.468 0.804 0.467 0.805 0.467 0.805 0.46 0.804 0.46 0.803 0.459 0.803 0.458 0.802 0.458 0.801 0.457 0.801 0.456 0.8 0.456 0.799 0.455 0.799 0.454
5 0.864 0.581 0.016 0.018000000000000002 0.858 0.572 0.858 0.573 0.857 0.574 0.856 0.574 0.856 0.583 0.857 0.583 0.858 0.584 0.858 0.587 0.861 0.587 0.862 0.588 0.862 0.589 0.865 0.589 0.865 0.588 0.866 0.587 0.871 0.587 0.871 0.58 0.87 0.58 0.869 0.579 0.869 0.574 0.866 0.574 0.865 0.573 0.865 0.572
5 0.121 0.757 0.026000000000000002 0.022 0.126 0.746 0.126 0.747 0.125 0.748 0.12 0.748 0.12 0.749 0.119 0.75 0.112 0.75 0.112 0.751 0.111 0.752 0.108 0.752 0.108 0.759 0.109 0.759 0.11 0.76 0.11 0.763 0.111 0.763 0.112 0.764 0.112 0.765 0.113 0.765 0.114 0.766 0.114 0.767 0.121 0.767 0.121 0.766 0.122 0.765 0.127 0.765 0.127 0.764 0.128 0.763 0.129 0.763 0.129 0.762 0.13 0.761 0.131 0.761 0.131 0.758 0.132 0.757 0.133 0.757 0.133 0.75 0.132 0.75 0.131 0.749 0.131 0.748 0.128 0.748 0.127 0.747 0.127 0.746
7 0.084 0.334 0.012 0.012 0.082 0.328 0.082 0.329 0.081 0.33 0.08 0.33 0.08 0.331 0.079 0.332 0.078 0.332 0.078 0.335 0.079 0.335 0.08 0.336 0.08 0.337 0.081 0.337 0.082 0.338 0.082 0.339 0.085 0.339 0.085 0.338 0.086 0.337 0.087 0.337 0.087 0.336 0.088 0.335 0.089 0.335 0.089 0.328
7 0.1 0.384 0.012 0.016 0.098 0.376 0.098 0.377 0.097 0.378 0.096 0.378 0.096 0.379 0.095 0.38 0.094 0.38 0.094 0.389 0.095 0.389 0.096 0.39 0.096 0.391 0.105 0.391 0.105 0.378 0.104 0.378 0.103 0.377 0.103 0.376
7 0.8160000000000001 0.561 0.02 0.034 0.808 0.544 0.808 0.545 0.807 0.546 0.806 0.546 0.806 0.547 0.807 0.547 0.808 0.548 0.808 0.553 0.809 0.553 0.81 0.554 0.81 0.559 0.811 0.559 0.812 0.56 0.812 0.565 0.813 0.565 0.814 0.566 0.814 0.569 0.815 0.569 0.816 0.57 0.816 0.571 0.817 0.571 0.818 0.572 0.818 0.575 0.819 0.575 0.82 0.576 0.82 0.577 0.825 0.577 0.825 0.548 0.824 0.548 0.823 0.547 0.823 0.546 0.822 0.546 0.821 0.545 0.821 0.544
4 0.621 0.116 0.026000000000000002 0.02 0.616 0.106 0.616 0.107 0.615 0.108 0.612 0.108 0.612 0.109 0.611 0.11 0.608 0.11 0.608 0.119 0.609 0.119 0.61 0.12 0.61 0.123 0.611 0.123 0.612 0.124 0.612 0.125 0.625 0.125 0.625 0.124 0.626 0.123 0.629 0.123 0.629 0.122 0.63 0.121 0.631 0.121 0.631 0.12 0.632 0.119 0.633 0.119 0.633 0.112 0.632 0.112 0.631 0.111 0.631 0.11 0.63 0.11 0.629 0.109 0.629 0.108 0.628 0.108 0.627 0.107 0.627 0.106
7 0.714 0.163 0.016 0.01 0.708 0.158 0.708 0.159 0.707 0.16 0.706 0.16 0.706 0.163 0.707 0.163 0.708 0.164 0.708 0.167 0.719 0.167 0.719 0.166 0.72 0.165 0.721 0.165 0.721 0.16 0.72 0.16 0.719 0.159 0.719 0.158
7 0.884 0.602 0.012 0.012 0.878 0.596 0.878 0.605 0.879 0.605 0.88 0.606 0.88 0.607 0.887 0.607 0.887 0.606 0.888 0.605 0.889 0.605 0.889 0.598 0.888 0.598 0.887 0.597 0.887 0.596
