4 0.385 0.22 0.018000000000000002 0.024 0.382 0.208 0.382 0.209 0.381 0.21 0.378 0.21 0.378 0.213 0.377 0.214 0.376 0.214 0.376 0.219 0.377 0.219 0.378 0.22 0.378 0.225 0.379 0.225 0.38 0.226 0.38 0.229 0.383 0.229 0.384 0.23 0.384 0.231 0.385 0.231 0.385 0.23 0.386 0.229 0.389 0.229 0.389 0.228 0.39 0.227 0.391 0.227 0.391 0.226 0.392 0.225 0.393 0.225 0.393 0.21 0.392 0.21 0.391 0.209 0.391 0.208
5 0.464 0.429 0.012 0.014 0.462 0.422 0.462 0.423 0.461 0.424 0.46 0.424 0.46 0.425 0.459 0.426 0.458 0.426 0.458 0.435 0.465 0.435 0.465 0.434 0.466 0.433 0.467 0.433 0.467 0.432 0.468 0.431 0.469 0.431 0.469 0.424 0.468 0.424 0.467 0.423 0.467 0.422
5 0.789 0.672 0.022 0.048 0.79 0.648 0.79 0.651 0.789 0.652 0.788 0.652 0.788 0.659 0.787 0.66 0.786 0.66 0.786 0.667 0.785 0.668 0.784 0.668 0.784 0.675 0.783 0.676 0.782 0.676 0.782 0.683 0.781 0.684 0.78 0.684 0.78 0.691 0.779 0.692 0.778 0.692 0.778 0.695 0.791 0.695 0.791 0.69 0.792 0.689 0.793 0.689 0.793 0.678 0.794 0.677 0.795 0.677 0.795 0.668 0.796 0.667 0.797 0.667 0.797 0.656 0.798 0.655 0.799 0.655 0.799 0.65 0.794 0.65 0.793 0.649 0.793 0.648
5 0.935 0.712 0.018000000000000002 0.044 0.94 0.69 0.94 0.691 0.939 0.692 0.934 0.692 0.934 0.697 0.933 0.698 0.932 0.698 0.932 0.707 0.931 0.708 0.93 0.708 0.93 0.717 0.929 0.718 0.928 0.718 0.928 0.727 0.927 0.728 0.926 0.728 0.926 0.733 0.941 0.733 0.941 0.712 0.942 0.711 0.943 0.711 0.943 0.69
7 0.797 0.729 0.022 0.018000000000000002 0.794 0.72 0.794 0.721 0.793 0.722 0.788 0.722 0.788 0.723 0.787 0.724 0.786 0.724 0.786 0.727 0.787 0.727 0.788 0.728 0.788 0.731 0.791 0.731 0.792 0.732 0.792 0.733 0.795 0.733 0.796 0.734 0.796 0.735 0.799 0.735 0.8 0.736 0.8 0.737 0.803 0.737 0.803 0.736 0.804 0.735 0.805 0.735 0.805 0.732 0.806 0.731 0.807 0.731 0.807 0.722 0.806 0.722 0.805 0.721 0.805 0.72
7 0.603 0.221 0.018000000000000002 0.022 0.598 0.21 0.598 0.213 0.597 0.214 0.596 0.214 0.596 0.215 0.595 0.216 0.594 0.216 0.594 0.217 0.595 0.217 0.596 0.218 0.596 0.219 0.597 0.219 0.598 0.22 0.598 0.223 0.599 0.223 0.6 0.224 0.6 0.229 0.601 0.229 0.602 0.23 0.602 0.231 0.605 0.231 0.605 0.23 0.606 0.229 0.609 0.229 0.609 0.226 0.61 0.225 0.611 0.225 0.611 0.214 0.61 0.214 0.609 0.213 0.609 0.212 0.606 0.212 0.605 0.211 0.605 0.21
7 0.911 0.754 0.022 0.024 0.904 0.742 0.904 0.743 0.903 0.744 0.902 0.744 0.902 0.755 0.901 0.756 0.9 0.756 0.9 0.761 0.901 0.761 0.902 0.762 0.902 0.763 0.905 0.763 0.906 0.764 0.906 0.765 0.907 0.765 0.907 0.764 0.908 0.763 0.913 0.763 0.913 0.762 0.914 0.761 0.915 0.761 0.915 0.76 0.916 0.759 0.917 0.759 0.917 0.758 0.918 0.757 0.919 0.757 0.919 0.756 0.92 0.755 0.921 0.755 0.921 0.75 0.916 0.75 0.915 0.749 0.915 0.748 0.914 0.748 0.913 0.747 0.913 0.746 0.908 0.746 0.907 0.745 0.907 0.744 0.906 0.744 0.905 0.743 0.905 0.742
2 0.915 0.896 0.042 0.02 0.896 0.886 0.896 0.891 0.895 0.892 0.894 0.892 0.894 0.897 0.897 0.897 0.898 0.898 0.898 0.899 0.907 0.899 0.908 0.9 0.908 0.901 0.917 0.901 0.918 0.902 0.918 0.903 0.927 0.903 0.928 0.904 0.928 0.905 0.931 0.905 0.931 0.902 0.932 0.901 0.933 0.901 0.933 0.896 0.934 0.895 0.935 0.895 0.935 0.892 0.93 0.892 0.929 0.891 0.929 0.89 0.916 0.89 0.915 0.889 0.915 0.888 0.902 0.888 0.901 0.887 0.901 0.886
2 0.748 0.865 0.044 0.026000000000000002 0.73 0.852 0.73 0.855 0.729 0.856 0.728 0.856 0.728 0.863 0.727 0.864 0.726 0.864 0.726 0.867 0.729 0.867 0.73 0.868 0.73 0.869 0.737 0.869 0.738 0.87 0.738 0.871 0.745 0.871 0.746 0.872 0.746 0.873 0.751 0.873 0.752 0.874 0.752 0.875 0.759 0.875 0.76 0.876 0.76 0.877 0.763 0.877 0.763 0.874 0.764 0.873 0.765 0.873 0.765 0.868 0.766 0.867 0.767 0.867 0.767 0.862 0.768 0.861 0.769 0.861 0.769 0.86 0.764 0.86 0.763 0.859 0.763 0.858 0.754 0.858 0.753 0.857 0.753 0.856 0.744 0.856 0.743 0.855 0.743 0.854 0.734 0.854 0.733 0.853 0.733 0.852
7 0.558 0.215 0.02 0.018000000000000002 0.56 0.206 0.56 0.207 0.559 0.208 0.556 0.208 0.556 0.209 0.555 0.21 0.554 0.21 0.554 0.211 0.553 0.212 0.552 0.212 0.552 0.213 0.551 0.214 0.55 0.214 0.55 0.215 0.549 0.216 0.548 0.216 0.548 0.221 0.549 0.221 0.55 0.222 0.55 0.223 0.557 0.223 0.557 0.222 0.558 0.221 0.559 0.221 0.559 0.22 0.56 0.219 0.563 0.219 0.563 0.218 0.564 0.217 0.565 0.217 0.565 0.216 0.566 0.215 0.567 0.215 0.567 0.21 0.566 0.21 0.565 0.209 0.565 0.208 0.564 0.208 0.563 0.207 0.563 0.206
7 0.865 0.775 0.026000000000000002 0.026000000000000002 0.86 0.762 0.86 0.763 0.859 0.764 0.856 0.764 0.856 0.765 0.855 0.766 0.852 0.766 0.852 0.783 0.855 0.783 0.856 0.784 0.856 0.785 0.859 0.785 0.86 0.786 0.86 0.787 0.869 0.787 0.869 0.786 0.87 0.785 0.871 0.785 0.871 0.784 0.872 0.783 0.873 0.783 0.873 0.78 0.874 0.779 0.875 0.779 0.875 0.774 0.876 0.773 0.877 0.773 0.877 0.766 0.876 0.766 0.875 0.765 0.875 0.764 0.872 0.764 0.871 0.763 0.871 0.762
7 0.715 0.718 0.014 0.012 0.71 0.712 0.71 0.713 0.709 0.714 0.708 0.714 0.708 0.721 0.709 0.721 0.71 0.722 0.71 0.723 0.717 0.723 0.717 0.722 0.718 0.721 0.721 0.721 0.721 0.72 0.72 0.72 0.719 0.719 0.719 0.714 0.718 0.714 0.717 0.713 0.717 0.712
4 0.923 0.867 0.01 0.01 0.918 0.862 0.918 0.871 0.925 0.871 0.925 0.868 0.926 0.867 0.927 0.867 0.927 0.864 0.926 0.864 0.925 0.863 0.925 0.862
4 0.837 0.854 0.018000000000000002 0.02 0.836 0.844 0.836 0.845 0.835 0.846 0.83 0.846 0.83 0.849 0.829 0.85 0.828 0.85 0.828 0.857 0.829 0.857 0.83 0.858 0.83 0.859 0.831 0.859 0.832 0.86 0.832 0.861 0.835 0.861 0.836 0.862 0.836 0.863 0.841 0.863 0.841 0.862 0.842 0.861 0.843 0.861 0.843 0.86 0.844 0.859 0.845 0.859 0.845 0.848 0.844 0.848 0.843 0.847 0.843 0.846 0.838 0.846 0.837 0.845 0.837 0.844
4 0.74 0.833 0.016 0.018000000000000002 0.738 0.824 0.738 0.825 0.737 0.826 0.734 0.826 0.734 0.827 0.733 0.828 0.732 0.828 0.732 0.839 0.735 0.839 0.736 0.84 0.736 0.841 0.745 0.841 0.745 0.84 0.746 0.839 0.747 0.839 0.747 0.828 0.746 0.828 0.745 0.827 0.745 0.826 0.74 0.826 0.739 0.825 0.739 0.824
5 0.8300000000000001 0.8 0.024 0.056 0.83 0.772 0.83 0.775 0.829 0.776 0.828 0.776 0.828 0.785 0.827 0.786 0.826 0.786 0.826 0.793 0.825 0.794 0.824 0.794 0.824 0.801 0.823 0.802 0.822 0.802 0.822 0.811 0.821 0.812 0.82 0.812 0.82 0.819 0.819 0.82 0.818 0.82 0.818 0.823 0.819 0.823 0.82 0.824 0.82 0.825 0.825 0.825 0.826 0.826 0.826 0.827 0.827 0.827 0.827 0.824 0.828 0.823 0.829 0.823 0.829 0.816 0.83 0.815 0.831 0.815 0.831 0.81 0.832 0.809 0.833 0.809 0.833 0.802 0.834 0.801 0.835 0.801 0.835 0.794 0.836 0.793 0.837 0.793 0.837 0.788 0.838 0.787 0.839 0.787 0.839 0.78 0.84 0.779 0.841 0.779 0.841 0.776 0.838 0.776 0.837 0.775 0.837 0.774 0.832 0.774 0.831 0.773 0.831 0.772
3 0.449 0.214 0.082 0.128 0.426 0.15 0.426 0.159 0.425 0.16 0.424 0.16 0.424 0.171 0.423 0.172 0.422 0.172 0.422 0.185 0.421 0.186 0.42 0.186 0.42 0.195 0.419 0.196 0.418 0.196 0.418 0.205 0.417 0.206 0.416 0.206 0.416 0.215 0.415 0.216 0.414 0.216 0.414 0.227 0.413 0.228 0.412 0.228 0.412 0.239 0.411 0.24 0.41 0.24 0.41 0.259 0.409 0.26 0.408 0.26 0.408 0.267 0.409 0.267 0.41 0.268 0.41 0.269 0.413 0.269 0.414 0.27 0.414 0.271 0.421 0.271 0.422 0.272 0.422 0.273 0.433 0.273 0.434 0.274 0.434 0.275 0.441 0.275 0.441 0.274 0.442 0.273 0.445 0.273 0.446 0.274 0.446 0.275 0.461 0.275 0.462 0.276 0.462 0.277 0.463 0.277 0.463 0.276 0.464 0.275 0.467 0.275 0.467 0.272 0.468 0.271 0.469 0.271 0.469 0.266 0.47 0.265 0.471 0.265 0.471 0.264 0.472 0.263 0.473 0.263 0.473 0.262 0.474 0.261 0.475 0.261 0.475 0.246 0.476 0.245 0.477 0.245 0.477 0.234 0.478 0.233 0.479 0.233 0.479 0.22 0.48 0.219 0.481 0.219 0.481 0.208 0.482 0.207 0.483 0.207 0.483 0.198 0.484 0.197 0.485 0.197 0.485 0.186 0.486 0.185 0.487 0.185 0.487 0.178 0.488 0.177 0.489 0.177 0.489 0.162 0.486 0.162 0.485 0.161 0.485 0.16 0.482 0.16 0.481 0.159 0.481 0.158 0.47 0.158 0.469 0.157 0.469 0.156 0.458 0.156 0.457 0.155 0.457 0.154 0.45 0.154 0.449 0.153 0.449 0.152 0.44 0.152 0.439 0.151 0.439 0.15
7 0.833 0.657 0.022 0.022 0.83 0.646 0.83 0.647 0.829 0.648 0.824 0.648 0.824 0.651 0.823 0.652 0.822 0.652 0.822 0.663 0.823 0.663 0.824 0.664 0.824 0.665 0.827 0.665 0.828 0.666 0.828 0.667 0.839 0.667 0.839 0.664 0.84 0.663 0.841 0.663 0.841 0.66 0.842 0.659 0.843 0.659 0.843 0.65 0.842 0.65 0.841 0.649 0.841 0.648 0.84 0.648 0.839 0.647 0.839 0.646
3 0.229 0.17200000000000001 0.09 0.132 0.21 0.106 0.21 0.109 0.209 0.11 0.208 0.11 0.208 0.113 0.207 0.114 0.206 0.114 0.206 0.125 0.205 0.126 0.204 0.126 0.204 0.133 0.203 0.134 0.202 0.134 0.202 0.149 0.201 0.15 0.2 0.15 0.2 0.167 0.199 0.168 0.198 0.168 0.198 0.179 0.197 0.18 0.196 0.18 0.196 0.193 0.195 0.194 0.194 0.194 0.194 0.205 0.193 0.206 0.192 0.206 0.192 0.213 0.191 0.214 0.19 0.214 0.19 0.217 0.189 0.218 0.188 0.218 0.188 0.219 0.187 0.22 0.186 0.22 0.186 0.223 0.185 0.224 0.184 0.224 0.184 0.225 0.185 0.225 0.186 0.226 0.186 0.231 0.201 0.231 0.202 0.232 0.202 0.233 0.219 0.233 0.22 0.234 0.22 0.235 0.227 0.235 0.228 0.236 0.228 0.237 0.245 0.237 0.245 0.236 0.246 0.235 0.247 0.235 0.247 0.234 0.248 0.233 0.249 0.233 0.249 0.228 0.25 0.227 0.251 0.227 0.251 0.22 0.252 0.219 0.253 0.219 0.253 0.21 0.254 0.209 0.255 0.209 0.255 0.2 0.256 0.199 0.257 0.199 0.257 0.186 0.258 0.185 0.259 0.185 0.259 0.178 0.26 0.177 0.261 0.177 0.261 0.164 0.262 0.163 0.263 0.163 0.263 0.152 0.264 0.151 0.265 0.151 0.265 0.14 0.266 0.139 0.267 0.139 0.267 0.134 0.268 0.133 0.269 0.133 0.269 0.13 0.27 0.129 0.271 0.129 0.271 0.126 0.272 0.125 0.273 0.125 0.273 0.118 0.272 0.118 0.271 0.117 0.271 0.116 0.266 0.116 0.265 0.115 0.265 0.114 0.256 0.114 0.255 0.113 0.255 0.112 0.244 0.112 0.243 0.111 0.243 0.11 0.234 0.11 0.233 0.109 0.233 0.108 0.224 0.108 0.223 0.107 0.223 0.106
4 0.857 0.337 0.026000000000000002 0.022 0.846 0.326 0.846 0.327 0.845 0.328 0.844 0.328 0.844 0.333 0.845 0.333 0.846 0.334 0.846 0.341 0.847 0.341 0.848 0.342 0.848 0.343 0.849 0.343 0.85 0.344 0.85 0.345 0.859 0.345 0.86 0.346 0.86 0.347 0.861 0.347 0.861 0.346 0.862 0.345 0.865 0.345 0.865 0.342 0.866 0.341 0.867 0.341 0.867 0.336 0.868 0.335 0.869 0.335 0.869 0.332 0.868 0.332 0.867 0.331 0.867 0.33 0.86 0.33 0.859 0.329 0.859 0.328 0.852 0.328 0.851 0.327 0.851 0.326
4 0.807 0.329 0.022 0.022 0.798 0.318 0.798 0.319 0.797 0.32 0.796 0.32 0.796 0.335 0.801 0.335 0.802 0.336 0.802 0.337 0.807 0.337 0.808 0.338 0.808 0.339 0.815 0.339 0.815 0.336 0.816 0.335 0.817 0.335 0.817 0.322 0.816 0.322 0.815 0.321 0.815 0.32 0.806 0.32 0.805 0.319 0.805 0.318
7 0.8260000000000001 0.281 0.028 0.03 0.822 0.266 0.822 0.267 0.821 0.268 0.82 0.268 0.82 0.269 0.819 0.27 0.816 0.27 0.816 0.271 0.815 0.272 0.814 0.272 0.814 0.275 0.813 0.276 0.812 0.276 0.812 0.281 0.813 0.281 0.814 0.282 0.814 0.289 0.815 0.289 0.816 0.29 0.816 0.291 0.817 0.291 0.818 0.292 0.818 0.293 0.821 0.293 0.822 0.294 0.822 0.295 0.829 0.295 0.829 0.294 0.83 0.293 0.833 0.293 0.833 0.288 0.834 0.287 0.835 0.287 0.835 0.284 0.836 0.283 0.837 0.283 0.837 0.272 0.838 0.271 0.839 0.271 0.839 0.27 0.838 0.27 0.837 0.269 0.837 0.266
7 0.767 0.645 0.022 0.022 0.762 0.634 0.762 0.635 0.761 0.636 0.76 0.636 0.76 0.637 0.759 0.638 0.758 0.638 0.758 0.641 0.757 0.642 0.756 0.642 0.756 0.653 0.759 0.653 0.76 0.654 0.76 0.655 0.769 0.655 0.769 0.654 0.77 0.653 0.771 0.653 0.771 0.652 0.772 0.651 0.773 0.651 0.773 0.648 0.774 0.647 0.775 0.647 0.775 0.644 0.776 0.643 0.777 0.643 0.777 0.638 0.776 0.638 0.775 0.637 0.775 0.636 0.772 0.636 0.771 0.635 0.771 0.634
2 0.687 0.297 0.19 0.21 0.624 0.192 0.624 0.197 0.623 0.198 0.622 0.198 0.622 0.207 0.621 0.208 0.62 0.208 0.62 0.219 0.619 0.22 0.618 0.22 0.618 0.229 0.617 0.23 0.616 0.23 0.616 0.241 0.615 0.242 0.614 0.242 0.614 0.253 0.613 0.254 0.612 0.254 0.612 0.263 0.611 0.264 0.61 0.264 0.61 0.275 0.609 0.276 0.608 0.276 0.608 0.285 0.607 0.286 0.606 0.286 0.606 0.297 0.605 0.298 0.604 0.298 0.604 0.309 0.603 0.31 0.602 0.31 0.602 0.319 0.601 0.32 0.6 0.32 0.6 0.331 0.599 0.332 0.598 0.332 0.598 0.343 0.597 0.344 0.596 0.344 0.596 0.353 0.595 0.354 0.594 0.354 0.594 0.365 0.593 0.366 0.592 0.366 0.592 0.371 0.597 0.371 0.598 0.372 0.598 0.373 0.609 0.373 0.61 0.374 0.61 0.375 0.619 0.375 0.62 0.376 0.62 0.377 0.631 0.377 0.632 0.378 0.632 0.379 0.643 0.379 0.644 0.38 0.644 0.381 0.653 0.381 0.654 0.382 0.654 0.383 0.665 0.383 0.666 0.384 0.666 0.385 0.677 0.385 0.678 0.386 0.678 0.387 0.687 0.387 0.688 0.388 0.688 0.389 0.699 0.389 0.7 0.39 0.7 0.391 0.711 0.391 0.712 0.392 0.712 0.393 0.723 0.393 0.724 0.394 0.724 0.395 0.735 0.395 0.736 0.396 0.736 0.397 0.745 0.397 0.746 0.398 0.746 0.399 0.757 0.399 0.758 0.4 0.758 0.401 0.763 0.401 0.763 0.398 0.764 0.397 0.765 0.397 0.765 0.388 0.766 0.387 0.767 0.387 0.767 0.378 0.768 0.377 0.769 0.377 0.769 0.368 0.77 0.367 0.771 0.367 0.771 0.358 0.772 0.357 0.773 0.357 0.773 0.348 0.774 0.347 0.775 0.347 0.775 0.34 0.776 0.339 0.777 0.339 0.777 0.33 0.778 0.329 0.779 0.329 0.779 0.32 0.78 0.319 0.781 0.319 0.781 0.316 0.774 0.316 0.773 0.315 0.773 0.314 0.76 0.314 0.759 0.313 0.759 0.312 0.744 0.312 0.743 0.311 0.743 0.31 0.73 0.31 0.729 0.309 0.729 0.308 0.722 0.308 0.721 0.307 0.721 0.3 0.722 0.299 0.723 0.299 0.723 0.284 0.724 0.283 0.725 0.283 0.725 0.268 0.726 0.267 0.727 0.267 0.727 0.254 0.728 0.253 0.729 0.253 0.729 0.238 0.73 0.237 0.731 0.237 0.731 0.222 0.732 0.221 0.733 0.221 0.733 0.214 0.728 0.214 0.727 0.213 0.727 0.212 0.718 0.212 0.717 0.211 0.717 0.21 0.708 0.21 0.707 0.209 0.707 0.208 0.698 0.208 0.697 0.207 0.697 0.206 0.688 0.206 0.687 0.205 0.687 0.204 0.678 0.204 0.677 0.203 0.677 0.202 0.668 0.202 0.667 0.201 0.667 0.2 0.658 0.2 0.657 0.199 0.657 0.198 0.648 0.198 0.647 0.197 0.647 0.196 0.638 0.196 0.637 0.195 0.637 0.194 0.628 0.194 0.627 0.193 0.627 0.192
