5 0.436 0.775 0.024 0.018000000000000002 0.426 0.766 0.426 0.767 0.425 0.768 0.424 0.768 0.424 0.781 0.425 0.781 0.426 0.782 0.426 0.783 0.435 0.783 0.435 0.782 0.436 0.781 0.441 0.781 0.441 0.78 0.442 0.779 0.445 0.779 0.445 0.776 0.446 0.775 0.447 0.775 0.447 0.774 0.446 0.774 0.445 0.773 0.445 0.77 0.444 0.77 0.443 0.769 0.443 0.768 0.438 0.768 0.437 0.767 0.437 0.766
7 0.115 0.544 0.03 0.036000000000000004 0.102 0.526 0.102 0.527 0.101 0.528 0.1 0.528 0.1 0.559 0.103 0.559 0.104 0.56 0.104 0.561 0.125 0.561 0.125 0.56 0.126 0.559 0.129 0.559 0.129 0.554 0.128 0.554 0.127 0.553 0.127 0.54 0.126 0.54 0.125 0.539 0.125 0.528 0.124 0.528 0.123 0.527 0.123 0.526 0.12 0.526 0.12 0.527 0.119 0.528 0.106 0.528 0.105 0.527 0.105 0.526
5 0.552 0.867 0.02 0.022 0.548 0.856 0.548 0.857 0.547 0.858 0.546 0.858 0.546 0.859 0.545 0.86 0.544 0.86 0.544 0.863 0.543 0.864 0.542 0.864 0.542 0.877 0.557 0.877 0.557 0.876 0.558 0.875 0.559 0.875 0.559 0.874 0.56 0.873 0.561 0.873 0.561 0.87 0.56 0.87 0.559 0.869 0.559 0.86 0.558 0.86 0.557 0.859 0.557 0.858 0.554 0.858 0.553 0.857 0.553 0.856
7 0.544 0.803 0.024 0.03 0.538 0.788 0.538 0.789 0.537 0.79 0.534 0.79 0.534 0.791 0.533 0.792 0.532 0.792 0.532 0.815 0.535 0.815 0.536 0.816 0.536 0.817 0.547 0.817 0.547 0.816 0.548 0.815 0.553 0.815 0.553 0.812 0.554 0.811 0.555 0.811 0.555 0.79 0.554 0.79 0.553 0.789 0.553 0.788
7 0.89 0.524 0.024 0.028 0.878 0.51 0.878 0.535 0.879 0.535 0.88 0.536 0.88 0.537 0.899 0.537 0.899 0.536 0.9 0.535 0.901 0.535 0.901 0.512 0.9 0.512 0.899 0.511 0.899 0.51
7 0.588 0.746 0.012 0.012 0.584 0.74 0.584 0.741 0.583 0.742 0.582 0.742 0.582 0.749 0.585 0.749 0.586 0.75 0.586 0.751 0.591 0.751 0.591 0.75 0.592 0.749 0.593 0.749 0.593 0.74
5 0.512 0.647 0.036000000000000004 0.022 0.504 0.636 0.504 0.637 0.503 0.638 0.498 0.638 0.498 0.639 0.497 0.64 0.496 0.64 0.496 0.645 0.495 0.646 0.494 0.646 0.494 0.657 0.517 0.657 0.517 0.656 0.518 0.655 0.527 0.655 0.527 0.654 0.528 0.653 0.529 0.653 0.529 0.638 0.506 0.638 0.505 0.637 0.505 0.636
5 0.509 0.793 0.03 0.026000000000000002 0.508 0.78 0.508 0.781 0.507 0.782 0.496 0.782 0.496 0.783 0.495 0.784 0.494 0.784 0.494 0.797 0.495 0.797 0.496 0.798 0.496 0.805 0.521 0.805 0.521 0.8 0.522 0.799 0.523 0.799 0.523 0.782 0.522 0.782 0.521 0.781 0.521 0.78
5 0.491 0.8200000000000001 0.022 0.024 0.486 0.808 0.486 0.809 0.485 0.81 0.48 0.81 0.48 0.825 0.481 0.825 0.482 0.826 0.482 0.829 0.483 0.829 0.484 0.83 0.484 0.831 0.497 0.831 0.497 0.83 0.498 0.829 0.499 0.829 0.499 0.828 0.5 0.827 0.501 0.827 0.501 0.81 0.498 0.81 0.497 0.809 0.497 0.808
7 0.9380000000000001 0.557 0.016 0.014 0.934 0.55 0.934 0.551 0.933 0.552 0.932 0.552 0.932 0.555 0.931 0.556 0.93 0.556 0.93 0.557 0.931 0.557 0.932 0.558 0.932 0.561 0.933 0.561 0.934 0.562 0.934 0.563 0.941 0.563 0.941 0.562 0.942 0.561 0.943 0.561 0.943 0.558 0.944 0.557 0.945 0.557 0.945 0.556 0.944 0.556 0.943 0.555 0.943 0.552 0.94 0.552 0.939 0.551 0.939 0.55
7 0.068 0.5720000000000001 0.028 0.024 0.056 0.56 0.056 0.561 0.055 0.562 0.054 0.562 0.054 0.581 0.055 0.581 0.056 0.582 0.056 0.583 0.077 0.583 0.077 0.582 0.078 0.581 0.079 0.581 0.079 0.574 0.08 0.573 0.081 0.573 0.081 0.566 0.08 0.566 0.079 0.565 0.079 0.562 0.078 0.562 0.077 0.561 0.077 0.56
7 0.652 0.531 0.02 0.026000000000000002 0.642 0.518 0.642 0.539 0.643 0.539 0.644 0.54 0.644 0.541 0.645 0.541 0.646 0.542 0.646 0.543 0.657 0.543 0.657 0.542 0.658 0.541 0.661 0.541 0.661 0.518
7 0.354 0.536 0.028 0.032 0.358 0.52 0.358 0.521 0.357 0.522 0.342 0.522 0.342 0.523 0.341 0.524 0.34 0.524 0.34 0.549 0.341 0.549 0.342 0.55 0.342 0.551 0.365 0.551 0.365 0.55 0.366 0.549 0.367 0.549 0.367 0.522 0.366 0.522 0.365 0.521 0.365 0.52
