4 0.366 0.8160000000000001 0.024 0.024 0.356 0.804 0.356 0.807 0.355 0.808 0.354 0.808 0.354 0.825 0.355 0.825 0.356 0.826 0.356 0.827 0.373 0.827 0.373 0.826 0.374 0.825 0.375 0.825 0.375 0.814 0.376 0.813 0.377 0.813 0.377 0.81 0.376 0.81 0.375 0.809 0.375 0.806 0.374 0.806 0.373 0.805 0.373 0.804
5 0.382 0.756 0.016 0.02 0.378 0.746 0.378 0.747 0.377 0.748 0.376 0.748 0.376 0.751 0.375 0.752 0.374 0.752 0.374 0.763 0.377 0.763 0.378 0.764 0.378 0.765 0.383 0.765 0.383 0.764 0.384 0.763 0.385 0.763 0.385 0.762 0.386 0.761 0.387 0.761 0.387 0.754 0.388 0.753 0.389 0.753 0.389 0.748 0.388 0.748 0.387 0.747 0.387 0.746
5 0.384 0.731 0.012 0.014 0.38 0.724 0.38 0.725 0.379 0.726 0.378 0.726 0.378 0.735 0.379 0.735 0.38 0.736 0.38 0.737 0.387 0.737 0.387 0.734 0.388 0.733 0.389 0.733 0.389 0.726 0.388 0.726 0.387 0.725 0.387 0.724
4 0.383 0.681 0.018000000000000002 0.018000000000000002 0.382 0.672 0.382 0.673 0.381 0.674 0.376 0.674 0.376 0.677 0.375 0.678 0.374 0.678 0.374 0.679 0.375 0.679 0.376 0.68 0.376 0.687 0.377 0.687 0.378 0.688 0.378 0.689 0.379 0.689 0.379 0.688 0.38 0.687 0.389 0.687 0.389 0.686 0.39 0.685 0.391 0.685 0.391 0.674 0.39 0.674 0.389 0.673 0.389 0.672
7 0.417 0.732 0.018000000000000002 0.012 0.412 0.726 0.412 0.727 0.411 0.728 0.408 0.728 0.408 0.735 0.413 0.735 0.414 0.736 0.414 0.737 0.419 0.737 0.419 0.736 0.42 0.735 0.423 0.735 0.423 0.734 0.424 0.733 0.425 0.733 0.425 0.728 0.424 0.728 0.423 0.727 0.423 0.726
6 0.793 0.10300000000000001 0.106 0.05 0.744 0.078 0.744 0.079 0.743 0.08 0.742 0.08 0.742 0.105 0.741 0.106 0.74 0.106 0.74 0.107 0.741 0.107 0.742 0.108 0.742 0.127 0.807 0.127 0.807 0.126 0.808 0.125 0.813 0.125 0.813 0.124 0.814 0.123 0.839 0.123 0.839 0.122 0.84 0.121 0.841 0.121 0.841 0.118 0.842 0.117 0.843 0.117 0.843 0.094 0.844 0.093 0.845 0.093 0.845 0.082 0.844 0.082 0.843 0.081 0.843 0.08 0.84 0.08 0.839 0.079 0.839 0.078
2 0.665 0.051000000000000004 0.11800000000000001 0.042 0.67 0.03 0.67 0.031 0.669 0.032 0.626 0.032 0.626 0.033 0.625 0.034 0.622 0.034 0.622 0.035 0.621 0.036 0.62 0.036 0.62 0.039 0.619 0.04 0.618 0.04 0.618 0.041 0.617 0.042 0.616 0.042 0.616 0.045 0.615 0.046 0.614 0.046 0.614 0.049 0.613 0.05 0.612 0.05 0.612 0.053 0.611 0.054 0.61 0.054 0.61 0.057 0.609 0.058 0.608 0.058 0.608 0.061 0.607 0.062 0.606 0.062 0.606 0.069 0.609 0.069 0.609 0.068 0.61 0.067 0.613 0.067 0.614 0.068 0.614 0.069 0.655 0.069 0.656 0.07 0.656 0.071 0.667 0.071 0.667 0.07 0.668 0.069 0.671 0.069 0.672 0.07 0.672 0.071 0.681 0.071 0.681 0.07 0.682 0.069 0.687 0.069 0.688 0.07 0.688 0.071 0.695 0.071 0.695 0.07 0.696 0.069 0.719 0.069 0.719 0.068 0.72 0.067 0.721 0.067 0.721 0.052 0.722 0.051 0.723 0.051 0.723 0.04 0.722 0.04 0.721 0.039 0.721 0.034 0.716 0.034 0.715 0.033 0.715 0.032 0.68 0.032 0.679 0.031 0.679 0.03
4 0.512 0.811 0.02 0.022 0.504 0.8 0.504 0.805 0.503 0.806 0.502 0.806 0.502 0.819 0.507 0.819 0.508 0.82 0.508 0.821 0.519 0.821 0.519 0.818 0.52 0.817 0.521 0.817 0.521 0.802 0.514 0.802 0.513 0.801 0.513 0.8
2 0.909 0.859 0.034 0.078 0.902 0.82 0.902 0.821 0.901 0.822 0.898 0.822 0.898 0.823 0.897 0.824 0.896 0.824 0.896 0.825 0.895 0.826 0.894 0.826 0.894 0.863 0.893 0.864 0.892 0.864 0.892 0.889 0.893 0.889 0.894 0.89 0.894 0.891 0.895 0.891 0.896 0.892 0.896 0.893 0.899 0.893 0.9 0.894 0.9 0.895 0.905 0.895 0.906 0.896 0.906 0.897 0.913 0.897 0.913 0.896 0.914 0.895 0.915 0.895 0.915 0.894 0.916 0.893 0.917 0.893 0.917 0.888 0.918 0.887 0.919 0.887 0.919 0.87 0.92 0.869 0.921 0.869 0.921 0.848 0.922 0.847 0.923 0.847 0.923 0.836 0.924 0.835 0.925 0.835 0.925 0.822 0.924 0.822 0.923 0.821 0.923 0.82
4 0.371 0.791 0.026000000000000002 0.018000000000000002 0.36 0.782 0.36 0.785 0.359 0.786 0.358 0.786 0.358 0.797 0.367 0.797 0.368 0.798 0.368 0.799 0.377 0.799 0.377 0.798 0.378 0.797 0.381 0.797 0.381 0.79 0.382 0.789 0.383 0.789 0.383 0.784 0.382 0.784 0.381 0.783 0.381 0.782
6 0.976 0.34500000000000003 0.036000000000000004 0.066 0.962 0.312 0.962 0.313 0.961 0.314 0.96 0.314 0.96 0.327 0.959 0.328 0.958 0.328 0.958 0.375 0.985 0.375 0.986 0.376 0.986 0.377 0.989 0.377 0.989 0.376 0.99 0.375 0.991 0.375 0.991 0.374 0.992 0.373 0.993 0.373 0.993 0.314 0.992 0.314 0.991 0.313 0.991 0.312
5 0.244 0.366 0.02 0.032 0.236 0.35 0.236 0.351 0.235 0.352 0.234 0.352 0.234 0.379 0.237 0.379 0.238 0.38 0.238 0.381 0.247 0.381 0.247 0.38 0.248 0.379 0.253 0.379 0.253 0.37 0.252 0.37 0.251 0.369 0.251 0.366 0.252 0.365 0.253 0.365 0.253 0.36 0.252 0.36 0.251 0.359 0.251 0.354 0.25 0.354 0.249 0.353 0.249 0.352 0.246 0.352 0.245 0.351 0.245 0.35
3 0.21 0.984 0.08 0.032 0.17 0.968 0.17 0.975 0.171 0.975 0.172 0.976 0.172 0.991 0.173 0.991 0.174 0.992 0.174 0.999 0.243 0.999 0.243 0.998 0.244 0.997 0.245 0.997 0.245 0.988 0.246 0.987 0.247 0.987 0.247 0.98 0.248 0.979 0.249 0.979 0.249 0.976 0.24 0.976 0.239 0.975 0.239 0.974 0.22 0.974 0.219 0.973 0.219 0.972 0.2 0.972 0.199 0.971 0.199 0.97 0.18 0.97 0.179 0.969 0.179 0.968
5 0.744 0.04 0.02 0.04 0.738 0.02 0.738 0.021 0.737 0.022 0.734 0.022 0.734 0.057 0.735 0.057 0.736 0.058 0.736 0.059 0.751 0.059 0.751 0.058 0.752 0.057 0.753 0.057 0.753 0.024 0.752 0.024 0.751 0.023 0.751 0.02
6 0.098 0.445 0.112 0.062 0.048 0.414 0.048 0.415 0.047 0.416 0.046 0.416 0.046 0.427 0.045 0.428 0.044 0.428 0.044 0.451 0.043 0.452 0.042 0.452 0.042 0.465 0.053 0.465 0.054 0.466 0.054 0.467 0.075 0.467 0.076 0.468 0.076 0.469 0.093 0.469 0.094 0.47 0.094 0.471 0.111 0.471 0.112 0.472 0.112 0.473 0.125 0.473 0.126 0.474 0.126 0.475 0.145 0.475 0.145 0.474 0.146 0.473 0.147 0.473 0.147 0.462 0.148 0.461 0.149 0.461 0.149 0.446 0.15 0.445 0.151 0.445 0.151 0.434 0.152 0.433 0.153 0.433 0.153 0.424 0.152 0.424 0.151 0.423 0.151 0.422 0.122 0.422 0.121 0.421 0.121 0.42 0.106 0.42 0.105 0.419 0.105 0.418 0.08 0.418 0.079 0.417 0.079 0.416 0.062 0.416 0.061 0.415 0.061 0.414
3 0.331 0.685 0.074 0.07 0.304 0.65 0.304 0.651 0.303 0.652 0.302 0.652 0.302 0.655 0.301 0.656 0.3 0.656 0.3 0.669 0.299 0.67 0.298 0.67 0.298 0.685 0.297 0.686 0.296 0.686 0.296 0.707 0.295 0.708 0.294 0.708 0.294 0.713 0.295 0.713 0.296 0.714 0.296 0.715 0.297 0.715 0.298 0.716 0.298 0.717 0.311 0.717 0.312 0.718 0.312 0.719 0.343 0.719 0.343 0.718 0.344 0.717 0.355 0.717 0.355 0.716 0.356 0.715 0.359 0.715 0.359 0.714 0.36 0.713 0.363 0.713 0.363 0.712 0.362 0.712 0.361 0.711 0.361 0.698 0.36 0.698 0.359 0.697 0.359 0.678 0.36 0.677 0.361 0.677 0.361 0.67 0.362 0.669 0.363 0.669 0.363 0.666 0.364 0.665 0.365 0.665 0.365 0.66 0.366 0.659 0.367 0.659 0.367 0.658 0.366 0.658 0.365 0.657 0.365 0.656 0.364 0.656 0.363 0.655 0.363 0.654 0.348 0.654 0.347 0.653 0.347 0.652 0.336 0.652 0.335 0.651 0.335 0.65
3 0.784 0.033 0.052000000000000005 0.054 0.762 0.006 0.762 0.007 0.761 0.008 0.758 0.008 0.758 0.057 0.759 0.057 0.76 0.058 0.76 0.059 0.807 0.059 0.807 0.058 0.808 0.057 0.809 0.057 0.809 0.014 0.808 0.014 0.807 0.013 0.807 0.01 0.804 0.01 0.803 0.009 0.803 0.008 0.77 0.008 0.769 0.007 0.769 0.006
3 0.318 0.798 0.076 0.076 0.29 0.76 0.29 0.761 0.289 0.762 0.288 0.762 0.288 0.775 0.287 0.776 0.286 0.776 0.286 0.783 0.285 0.784 0.284 0.784 0.284 0.803 0.283 0.804 0.282 0.804 0.282 0.819 0.281 0.82 0.28 0.82 0.28 0.833 0.281 0.833 0.282 0.834 0.282 0.835 0.289 0.835 0.289 0.834 0.29 0.833 0.295 0.833 0.295 0.832 0.296 0.831 0.307 0.831 0.307 0.83 0.308 0.829 0.323 0.829 0.323 0.828 0.324 0.827 0.337 0.827 0.337 0.826 0.338 0.825 0.347 0.825 0.347 0.824 0.348 0.823 0.349 0.823 0.349 0.814 0.35 0.813 0.351 0.813 0.351 0.804 0.352 0.803 0.353 0.803 0.353 0.786 0.354 0.785 0.355 0.785 0.355 0.77 0.354 0.77 0.353 0.769 0.353 0.766 0.35 0.766 0.349 0.765 0.349 0.764 0.344 0.764 0.343 0.763 0.343 0.762 0.316 0.762 0.315 0.761 0.315 0.76
