3 0.465 0.515 0.046 0.042 0.458 0.494 0.458 0.495 0.457 0.496 0.452 0.496 0.452 0.497 0.451 0.498 0.446 0.498 0.446 0.499 0.445 0.5 0.444 0.5 0.444 0.503 0.443 0.504 0.442 0.504 0.442 0.515 0.443 0.515 0.444 0.516 0.444 0.521 0.445 0.521 0.446 0.522 0.446 0.523 0.449 0.523 0.45 0.524 0.45 0.525 0.451 0.525 0.452 0.526 0.452 0.527 0.455 0.527 0.456 0.528 0.456 0.529 0.457 0.529 0.458 0.53 0.458 0.531 0.463 0.531 0.464 0.532 0.464 0.533 0.467 0.533 0.468 0.534 0.468 0.535 0.471 0.535 0.471 0.534 0.472 0.533 0.475 0.533 0.475 0.532 0.476 0.531 0.477 0.531 0.477 0.53 0.478 0.529 0.479 0.529 0.479 0.528 0.48 0.527 0.481 0.527 0.481 0.524 0.482 0.523 0.483 0.523 0.483 0.52 0.484 0.519 0.485 0.519 0.485 0.516 0.486 0.515 0.487 0.515 0.487 0.504 0.486 0.504 0.485 0.503 0.485 0.5 0.484 0.5 0.483 0.499 0.483 0.498 0.482 0.498 0.481 0.497 0.481 0.496 0.472 0.496 0.471 0.495 0.471 0.494
7 0.496 0.443 0.02 0.014 0.488 0.436 0.488 0.437 0.487 0.438 0.486 0.438 0.486 0.443 0.489 0.443 0.49 0.444 0.49 0.445 0.493 0.445 0.494 0.446 0.494 0.447 0.499 0.447 0.5 0.448 0.5 0.449 0.501 0.449 0.501 0.448 0.502 0.447 0.505 0.447 0.505 0.442 0.504 0.442 0.503 0.441 0.503 0.44 0.5 0.44 0.499 0.439 0.499 0.438 0.496 0.438 0.495 0.437 0.495 0.436
4 0.9430000000000001 0.659 0.03 0.026000000000000002 0.95 0.646 0.95 0.647 0.949 0.648 0.944 0.648 0.944 0.649 0.943 0.65 0.938 0.65 0.938 0.651 0.937 0.652 0.932 0.652 0.932 0.653 0.931 0.654 0.93 0.654 0.93 0.657 0.931 0.657 0.932 0.658 0.932 0.659 0.933 0.659 0.934 0.66 0.934 0.661 0.937 0.661 0.938 0.662 0.938 0.665 0.939 0.665 0.94 0.666 0.94 0.667 0.941 0.667 0.942 0.668 0.942 0.669 0.945 0.669 0.945 0.668 0.946 0.667 0.957 0.667 0.957 0.648 0.956 0.648 0.955 0.647 0.955 0.646
5 0.34900000000000003 0.977 0.018000000000000002 0.018000000000000002 0.346 0.968 0.346 0.969 0.345 0.97 0.342 0.97 0.342 0.973 0.341 0.974 0.34 0.974 0.34 0.981 0.341 0.981 0.342 0.982 0.342 0.983 0.343 0.983 0.344 0.984 0.344 0.985 0.355 0.985 0.355 0.984 0.356 0.983 0.357 0.983 0.357 0.98 0.356 0.98 0.355 0.979 0.355 0.976 0.354 0.976 0.353 0.975 0.353 0.972 0.352 0.972 0.351 0.971 0.351 0.968
4 0.507 0.531 0.022 0.026000000000000002 0.504 0.518 0.504 0.519 0.503 0.52 0.502 0.52 0.502 0.523 0.501 0.524 0.5 0.524 0.5 0.527 0.499 0.528 0.498 0.528 0.498 0.531 0.497 0.532 0.496 0.532 0.496 0.539 0.497 0.539 0.498 0.54 0.498 0.541 0.501 0.541 0.502 0.542 0.502 0.543 0.509 0.543 0.509 0.542 0.51 0.541 0.511 0.541 0.511 0.54 0.512 0.539 0.513 0.539 0.513 0.536 0.514 0.535 0.515 0.535 0.515 0.532 0.516 0.531 0.517 0.531 0.517 0.522 0.516 0.522 0.515 0.521 0.515 0.52 0.512 0.52 0.511 0.519 0.511 0.518
4 0.55 0.514 0.016 0.02 0.544 0.504 0.544 0.505 0.543 0.506 0.542 0.506 0.542 0.517 0.543 0.517 0.544 0.518 0.544 0.521 0.547 0.521 0.548 0.522 0.548 0.523 0.555 0.523 0.555 0.52 0.556 0.519 0.557 0.519 0.557 0.508 0.556 0.508 0.555 0.507 0.555 0.506 0.554 0.506 0.553 0.505 0.553 0.504
5 0.874 0.723 0.016 0.014 0.87 0.716 0.87 0.717 0.869 0.718 0.868 0.718 0.868 0.719 0.867 0.72 0.866 0.72 0.866 0.725 0.867 0.725 0.868 0.726 0.868 0.727 0.871 0.727 0.872 0.728 0.872 0.729 0.873 0.729 0.873 0.728 0.874 0.727 0.879 0.727 0.879 0.726 0.88 0.725 0.881 0.725 0.881 0.718 0.88 0.718 0.879 0.717 0.879 0.716
5 0.47500000000000003 0.434 0.022 0.02 0.47 0.424 0.47 0.425 0.469 0.426 0.468 0.426 0.468 0.427 0.467 0.428 0.466 0.428 0.466 0.429 0.465 0.43 0.464 0.43 0.464 0.435 0.465 0.435 0.466 0.436 0.466 0.437 0.467 0.437 0.468 0.438 0.468 0.439 0.471 0.439 0.472 0.44 0.472 0.441 0.477 0.441 0.478 0.442 0.478 0.443 0.481 0.443 0.481 0.442 0.482 0.441 0.483 0.441 0.483 0.44 0.484 0.439 0.485 0.439 0.485 0.432 0.484 0.432 0.483 0.431 0.483 0.43 0.482 0.43 0.481 0.429 0.481 0.428 0.48 0.428 0.479 0.427 0.479 0.426 0.476 0.426 0.475 0.425 0.475 0.424
3 0.875 0.147 0.03 0.034 0.866 0.13 0.866 0.133 0.865 0.134 0.864 0.134 0.864 0.137 0.863 0.138 0.862 0.138 0.862 0.143 0.861 0.144 0.86 0.144 0.86 0.155 0.861 0.155 0.862 0.156 0.862 0.157 0.863 0.157 0.864 0.158 0.864 0.159 0.867 0.159 0.868 0.16 0.868 0.161 0.871 0.161 0.872 0.162 0.872 0.163 0.883 0.163 0.883 0.162 0.884 0.161 0.885 0.161 0.885 0.16 0.886 0.159 0.887 0.159 0.887 0.156 0.888 0.155 0.889 0.155 0.889 0.14 0.888 0.14 0.887 0.139 0.887 0.138 0.886 0.138 0.885 0.137 0.885 0.136 0.882 0.136 0.881 0.135 0.881 0.134 0.878 0.134 0.877 0.133 0.877 0.132 0.876 0.132 0.875 0.131 0.875 0.13
3 0.553 0.41300000000000003 0.05 0.038 0.536 0.394 0.536 0.395 0.535 0.396 0.534 0.396 0.534 0.397 0.533 0.398 0.532 0.398 0.532 0.401 0.531 0.402 0.53 0.402 0.53 0.409 0.529 0.41 0.528 0.41 0.528 0.411 0.529 0.411 0.53 0.412 0.53 0.415 0.533 0.415 0.534 0.416 0.534 0.417 0.537 0.417 0.538 0.418 0.538 0.419 0.543 0.419 0.544 0.42 0.544 0.421 0.547 0.421 0.548 0.422 0.548 0.423 0.551 0.423 0.552 0.424 0.552 0.425 0.553 0.425 0.554 0.426 0.554 0.427 0.557 0.427 0.558 0.428 0.558 0.429 0.561 0.429 0.562 0.43 0.562 0.431 0.569 0.431 0.569 0.43 0.57 0.429 0.571 0.429 0.571 0.426 0.572 0.425 0.573 0.425 0.573 0.422 0.574 0.421 0.575 0.421 0.575 0.418 0.576 0.417 0.577 0.417 0.577 0.412 0.574 0.412 0.573 0.411 0.573 0.41 0.57 0.41 0.569 0.409 0.569 0.408 0.566 0.408 0.565 0.407 0.565 0.406 0.562 0.406 0.561 0.405 0.561 0.404 0.558 0.404 0.557 0.403 0.557 0.402 0.554 0.402 0.553 0.401 0.553 0.4 0.55 0.4 0.549 0.399 0.549 0.398 0.546 0.398 0.545 0.397 0.545 0.396 0.542 0.396 0.541 0.395 0.541 0.394
2 0.85 0.195 0.2 0.146 0.78 0.122 0.78 0.123 0.779 0.124 0.778 0.124 0.778 0.127 0.777 0.128 0.776 0.128 0.776 0.129 0.775 0.13 0.774 0.13 0.774 0.133 0.773 0.134 0.772 0.134 0.772 0.137 0.771 0.138 0.77 0.138 0.77 0.139 0.769 0.14 0.768 0.14 0.768 0.143 0.767 0.144 0.766 0.144 0.766 0.147 0.765 0.148 0.764 0.148 0.764 0.149 0.763 0.15 0.762 0.15 0.762 0.153 0.761 0.154 0.76 0.154 0.76 0.157 0.759 0.158 0.758 0.158 0.758 0.159 0.757 0.16 0.756 0.16 0.756 0.163 0.755 0.164 0.754 0.164 0.754 0.167 0.753 0.168 0.752 0.168 0.752 0.169 0.751 0.17 0.75 0.17 0.75 0.171 0.751 0.171 0.752 0.172 0.752 0.173 0.755 0.173 0.756 0.174 0.756 0.175 0.757 0.175 0.758 0.176 0.758 0.177 0.761 0.177 0.762 0.178 0.762 0.179 0.765 0.179 0.766 0.18 0.766 0.181 0.769 0.181 0.77 0.182 0.77 0.183 0.773 0.183 0.774 0.184 0.774 0.185 0.775 0.185 0.776 0.186 0.776 0.187 0.779 0.187 0.78 0.188 0.78 0.189 0.783 0.189 0.784 0.19 0.784 0.191 0.787 0.191 0.788 0.192 0.788 0.193 0.791 0.193 0.792 0.194 0.792 0.195 0.793 0.195 0.794 0.196 0.794 0.197 0.797 0.197 0.798 0.198 0.798 0.199 0.801 0.199 0.802 0.2 0.802 0.201 0.805 0.201 0.806 0.202 0.806 0.203 0.809 0.203 0.81 0.204 0.81 0.205 0.811 0.205 0.812 0.206 0.812 0.207 0.815 0.207 0.816 0.208 0.816 0.209 0.819 0.209 0.82 0.21 0.82 0.211 0.823 0.211 0.824 0.212 0.824 0.213 0.825 0.213 0.826 0.214 0.826 0.215 0.829 0.215 0.83 0.216 0.83 0.217 0.833 0.217 0.834 0.218 0.834 0.219 0.837 0.219 0.838 0.22 0.838 0.221 0.841 0.221 0.842 0.222 0.842 0.223 0.843 0.223 0.844 0.224 0.844 0.225 0.847 0.225 0.848 0.226 0.848 0.227 0.851 0.227 0.852 0.228 0.852 0.229 0.855 0.229 0.856 0.23 0.856 0.231 0.859 0.231 0.86 0.232 0.86 0.233 0.861 0.233 0.862 0.234 0.862 0.235 0.865 0.235 0.866 0.236 0.866 0.237 0.869 0.237 0.87 0.238 0.87 0.239 0.873 0.239 0.874 0.24 0.874 0.241 0.877 0.241 0.878 0.242 0.878 0.243 0.879 0.243 0.88 0.244 0.88 0.245 0.883 0.245 0.884 0.246 0.884 0.247 0.887 0.247 0.888 0.248 0.888 0.249 0.891 0.249 0.892 0.25 0.892 0.251 0.895 0.251 0.896 0.252 0.896 0.253 0.897 0.253 0.898 0.254 0.898 0.255 0.901 0.255 0.902 0.256 0.902 0.257 0.905 0.257 0.906 0.258 0.906 0.259 0.909 0.259 0.91 0.26 0.91 0.261 0.911 0.261 0.912 0.262 0.912 0.263 0.915 0.263 0.916 0.264 0.916 0.265 0.919 0.265 0.92 0.266 0.92 0.267 0.921 0.267 0.921 0.266 0.922 0.265 0.923 0.265 0.923 0.262 0.924 0.261 0.925 0.261 0.925 0.258 0.926 0.257 0.927 0.257 0.927 0.254 0.928 0.253 0.929 0.253 0.929 0.25 0.93 0.249 0.931 0.249 0.931 0.246 0.932 0.245 0.933 0.245 0.933 0.242 0.934 0.241 0.935 0.241 0.935 0.238 0.936 0.237 0.937 0.237 0.937 0.234 0.938 0.233 0.939 0.233 0.939 0.232 0.94 0.231 0.941 0.231 0.941 0.228 0.942 0.227 0.943 0.227 0.943 0.224 0.944 0.223 0.945 0.223 0.945 0.22 0.946 0.219 0.947 0.219 0.947 0.216 0.948 0.215 0.949 0.215 0.949 0.214 0.948 0.214 0.947 0.213 0.947 0.212 0.942 0.212 0.941 0.211 0.941 0.21 0.938 0.21 0.937 0.209 0.937 0.208 0.934 0.208 0.933 0.207 0.933 0.206 0.928 0.206 0.927 0.205 0.927 0.204 0.924 0.204 0.923 0.203 0.923 0.202 0.92 0.202 0.919 0.201 0.919 0.2 0.914 0.2 0.913 0.199 0.913 0.198 0.91 0.198 0.909 0.197 0.909 0.196 0.906 0.196 0.905 0.195 0.905 0.194 0.9 0.194 0.899 0.193 0.899 0.192 0.896 0.192 0.895 0.191 0.895 0.19 0.89 0.19 0.889 0.189 0.889 0.188 0.886 0.188 0.885 0.187 0.885 0.186 0.882 0.186 0.881 0.185 0.881 0.184 0.876 0.184 0.875 0.183 0.875 0.182 0.872 0.182 0.871 0.181 0.871 0.18 0.868 0.18 0.867 0.179 0.867 0.178 0.866 0.178 0.865 0.177 0.865 0.176 0.862 0.176 0.861 0.175 0.861 0.174 0.858 0.174 0.857 0.173 0.857 0.172 0.856 0.172 0.855 0.171 0.855 0.17 0.852 0.17 0.851 0.169 0.851 0.168 0.85 0.168 0.849 0.167 0.849 0.166 0.846 0.166 0.845 0.165 0.845 0.164 0.844 0.164 0.843 0.163 0.843 0.162 0.84 0.162 0.839 0.161 0.839 0.16 0.838 0.16 0.837 0.159 0.837 0.158 0.834 0.158 0.833 0.157 0.833 0.156 0.83 0.156 0.829 0.155 0.829 0.154 0.828 0.154 0.827 0.153 0.827 0.152 0.824 0.152 0.823 0.151 0.823 0.15 0.822 0.15 0.821 0.149 0.821 0.148 0.818 0.148 0.817 0.147 0.817 0.146 0.816 0.146 0.815 0.145 0.815 0.144 0.812 0.144 0.811 0.143 0.811 0.142 0.81 0.142 0.809 0.141 0.809 0.14 0.806 0.14 0.805 0.139 0.805 0.138 0.802 0.138 0.801 0.137 0.801 0.136 0.8 0.136 0.799 0.135 0.799 0.134 0.796 0.134 0.795 0.133 0.795 0.132 0.794 0.132 0.793 0.131 0.793 0.13 0.79 0.13 0.789 0.129 0.789 0.128 0.788 0.128 0.787 0.127 0.787 0.126 0.784 0.126 0.783 0.125 0.783 0.124 0.782 0.124 0.781 0.123 0.781 0.122
7 0.849 0.684 0.014 0.012 0.846 0.678 0.846 0.679 0.845 0.68 0.844 0.68 0.844 0.683 0.843 0.684 0.842 0.684 0.842 0.685 0.843 0.685 0.844 0.686 0.844 0.687 0.845 0.687 0.846 0.688 0.846 0.689 0.855 0.689 0.855 0.686 0.854 0.686 0.853 0.685 0.853 0.682 0.852 0.682 0.851 0.681 0.851 0.68 0.85 0.68 0.849 0.679 0.849 0.678
4 0.876 0.758 0.024 0.028 0.876 0.744 0.876 0.745 0.875 0.746 0.872 0.746 0.872 0.747 0.871 0.748 0.868 0.748 0.868 0.751 0.867 0.752 0.866 0.752 0.866 0.753 0.865 0.754 0.864 0.754 0.864 0.757 0.865 0.757 0.866 0.758 0.866 0.765 0.867 0.765 0.868 0.766 0.868 0.769 0.871 0.769 0.872 0.77 0.872 0.771 0.875 0.771 0.875 0.77 0.876 0.769 0.879 0.769 0.879 0.768 0.88 0.767 0.885 0.767 0.885 0.764 0.886 0.763 0.887 0.763 0.887 0.754 0.886 0.754 0.885 0.753 0.885 0.75 0.884 0.75 0.883 0.749 0.883 0.748 0.882 0.748 0.881 0.747 0.881 0.746 0.88 0.746 0.879 0.745 0.879 0.744
2 0.419 0.5700000000000001 0.106 0.08 0.384 0.53 0.384 0.531 0.383 0.532 0.382 0.532 0.382 0.535 0.381 0.536 0.38 0.536 0.38 0.537 0.379 0.538 0.378 0.538 0.378 0.539 0.377 0.54 0.376 0.54 0.376 0.543 0.375 0.544 0.374 0.544 0.374 0.547 0.373 0.548 0.372 0.548 0.372 0.553 0.371 0.554 0.37 0.554 0.37 0.559 0.369 0.56 0.368 0.56 0.368 0.567 0.367 0.568 0.366 0.568 0.366 0.573 0.369 0.573 0.37 0.574 0.37 0.575 0.371 0.575 0.372 0.576 0.372 0.577 0.377 0.577 0.378 0.578 0.378 0.579 0.381 0.579 0.382 0.58 0.382 0.581 0.387 0.581 0.388 0.582 0.388 0.583 0.391 0.583 0.392 0.584 0.392 0.585 0.395 0.585 0.396 0.586 0.396 0.587 0.399 0.587 0.4 0.588 0.4 0.589 0.401 0.589 0.402 0.59 0.402 0.591 0.405 0.591 0.406 0.592 0.406 0.595 0.411 0.595 0.412 0.596 0.412 0.597 0.415 0.597 0.416 0.598 0.416 0.599 0.421 0.599 0.422 0.6 0.422 0.601 0.427 0.601 0.428 0.602 0.428 0.603 0.429 0.603 0.43 0.604 0.43 0.605 0.433 0.605 0.434 0.606 0.434 0.607 0.441 0.607 0.442 0.608 0.442 0.609 0.443 0.609 0.443 0.608 0.444 0.607 0.445 0.607 0.445 0.606 0.446 0.605 0.447 0.605 0.447 0.602 0.448 0.601 0.449 0.601 0.449 0.6 0.45 0.599 0.451 0.599 0.451 0.598 0.452 0.597 0.453 0.597 0.453 0.594 0.454 0.593 0.455 0.593 0.455 0.592 0.456 0.591 0.457 0.591 0.457 0.588 0.458 0.587 0.459 0.587 0.459 0.586 0.46 0.585 0.461 0.585 0.461 0.584 0.462 0.583 0.463 0.583 0.463 0.58 0.464 0.579 0.465 0.579 0.465 0.574 0.466 0.573 0.467 0.573 0.467 0.572 0.468 0.571 0.469 0.571 0.469 0.566 0.47 0.565 0.471 0.565 0.471 0.564 0.47 0.564 0.469 0.563 0.469 0.562 0.468 0.562 0.467 0.561 0.467 0.56 0.464 0.56 0.463 0.559 0.463 0.558 0.46 0.558 0.459 0.557 0.459 0.556 0.456 0.556 0.455 0.555 0.455 0.554 0.45 0.554 0.449 0.553 0.449 0.552 0.446 0.552 0.445 0.551 0.445 0.55 0.442 0.55 0.441 0.549 0.441 0.548 0.438 0.548 0.437 0.547 0.437 0.546 0.434 0.546 0.433 0.545 0.433 0.544 0.43 0.544 0.429 0.543 0.429 0.542 0.428 0.542 0.427 0.541 0.427 0.54 0.424 0.54 0.423 0.539 0.423 0.538 0.42 0.538 0.419 0.537 0.419 0.536 0.416 0.536 0.415 0.535 0.415 0.534 0.41 0.534 0.409 0.533 0.409 0.532 0.404 0.532 0.403 0.531 0.403 0.53
7 0.336 0.895 0.02 0.026000000000000002 0.328 0.882 0.328 0.883 0.327 0.884 0.326 0.884 0.326 0.885 0.327 0.885 0.328 0.886 0.328 0.891 0.329 0.891 0.33 0.892 0.33 0.893 0.331 0.893 0.332 0.894 0.332 0.899 0.333 0.899 0.334 0.9 0.334 0.903 0.335 0.903 0.336 0.904 0.336 0.907 0.345 0.907 0.345 0.9 0.344 0.9 0.343 0.899 0.343 0.898 0.342 0.898 0.341 0.897 0.341 0.894 0.34 0.894 0.339 0.893 0.339 0.888 0.338 0.888 0.337 0.887 0.337 0.884 0.336 0.884 0.335 0.883 0.335 0.882
5 0.32 0.875 0.016 0.018000000000000002 0.314 0.866 0.314 0.867 0.313 0.868 0.312 0.868 0.312 0.875 0.313 0.875 0.314 0.876 0.314 0.877 0.315 0.877 0.316 0.878 0.316 0.881 0.317 0.881 0.318 0.882 0.318 0.883 0.325 0.883 0.325 0.882 0.326 0.881 0.327 0.881 0.327 0.876 0.326 0.876 0.325 0.875 0.325 0.87 0.324 0.87 0.323 0.869 0.323 0.866
3 0.9530000000000001 0.771 0.046 0.034 0.952 0.754 0.952 0.755 0.951 0.756 0.946 0.756 0.946 0.757 0.945 0.758 0.942 0.758 0.942 0.759 0.941 0.76 0.94 0.76 0.94 0.761 0.939 0.762 0.936 0.762 0.936 0.763 0.935 0.764 0.932 0.764 0.932 0.767 0.931 0.768 0.93 0.768 0.93 0.769 0.931 0.769 0.932 0.77 0.932 0.773 0.933 0.773 0.934 0.774 0.934 0.783 0.935 0.783 0.936 0.784 0.936 0.785 0.937 0.785 0.938 0.786 0.938 0.787 0.947 0.787 0.947 0.786 0.948 0.785 0.957 0.785 0.957 0.784 0.958 0.783 0.961 0.783 0.961 0.782 0.962 0.781 0.969 0.781 0.969 0.78 0.97 0.779 0.975 0.779 0.975 0.774 0.974 0.774 0.973 0.773 0.973 0.768 0.972 0.768 0.971 0.767 0.971 0.764 0.97 0.764 0.969 0.763 0.969 0.762 0.966 0.762 0.965 0.761 0.965 0.76 0.964 0.76 0.963 0.759 0.963 0.758 0.962 0.758 0.961 0.757 0.961 0.756 0.958 0.756 0.957 0.755 0.957 0.754
5 0.976 0.687 0.028 0.022 0.976 0.676 0.976 0.677 0.975 0.678 0.972 0.678 0.972 0.679 0.971 0.68 0.968 0.68 0.968 0.681 0.967 0.682 0.964 0.682 0.964 0.683 0.963 0.684 0.962 0.684 0.962 0.689 0.963 0.689 0.964 0.69 0.964 0.693 0.965 0.693 0.966 0.694 0.966 0.695 0.975 0.695 0.976 0.696 0.976 0.697 0.985 0.697 0.985 0.696 0.986 0.695 0.989 0.695 0.989 0.682 0.988 0.682 0.987 0.681 0.987 0.678 0.986 0.678 0.985 0.677 0.985 0.676
4 0.419 0.44 0.018000000000000002 0.02 0.414 0.43 0.414 0.431 0.413 0.432 0.412 0.432 0.412 0.435 0.411 0.436 0.41 0.436 0.41 0.443 0.411 0.443 0.412 0.444 0.412 0.447 0.413 0.447 0.414 0.448 0.414 0.449 0.419 0.449 0.419 0.448 0.42 0.447 0.423 0.447 0.423 0.444 0.424 0.443 0.425 0.443 0.425 0.44 0.426 0.439 0.427 0.439 0.427 0.434 0.426 0.434 0.425 0.433 0.425 0.432 0.424 0.432 0.423 0.431 0.423 0.43
6 0.8130000000000001 0.074 0.074 0.096 0.814 0.026 0.814 0.027 0.813 0.028 0.812 0.028 0.812 0.029 0.811 0.03 0.81 0.03 0.81 0.031 0.809 0.032 0.808 0.032 0.808 0.035 0.807 0.036 0.806 0.036 0.806 0.039 0.805 0.04 0.804 0.04 0.804 0.045 0.803 0.046 0.802 0.046 0.802 0.049 0.801 0.05 0.8 0.05 0.8 0.055 0.799 0.056 0.798 0.056 0.798 0.057 0.797 0.058 0.796 0.058 0.796 0.063 0.795 0.064 0.794 0.064 0.794 0.067 0.793 0.068 0.792 0.068 0.792 0.071 0.791 0.072 0.79 0.072 0.79 0.075 0.789 0.076 0.788 0.076 0.788 0.081 0.787 0.082 0.786 0.082 0.786 0.083 0.785 0.084 0.784 0.084 0.784 0.089 0.783 0.09 0.782 0.09 0.782 0.095 0.781 0.096 0.78 0.096 0.78 0.101 0.779 0.102 0.778 0.102 0.778 0.107 0.777 0.108 0.776 0.108 0.776 0.111 0.777 0.111 0.778 0.112 0.778 0.113 0.779 0.113 0.78 0.114 0.78 0.115 0.783 0.115 0.784 0.116 0.784 0.117 0.789 0.117 0.79 0.118 0.79 0.119 0.795 0.119 0.796 0.12 0.796 0.121 0.815 0.121 0.815 0.12 0.816 0.119 0.817 0.119 0.817 0.118 0.818 0.117 0.819 0.117 0.819 0.114 0.82 0.113 0.821 0.113 0.821 0.11 0.822 0.109 0.823 0.109 0.823 0.106 0.824 0.105 0.825 0.105 0.825 0.1 0.826 0.099 0.827 0.099 0.827 0.096 0.828 0.095 0.829 0.095 0.829 0.092 0.83 0.091 0.831 0.091 0.831 0.088 0.832 0.087 0.833 0.087 0.833 0.084 0.834 0.083 0.835 0.083 0.835 0.082 0.836 0.081 0.837 0.081 0.837 0.076 0.838 0.075 0.839 0.075 0.839 0.074 0.84 0.073 0.841 0.073 0.841 0.07 0.842 0.069 0.843 0.069 0.843 0.066 0.844 0.065 0.845 0.065 0.845 0.064 0.846 0.063 0.847 0.063 0.847 0.05 0.848 0.049 0.849 0.049 0.849 0.04 0.848 0.04 0.847 0.039 0.847 0.038 0.844 0.038 0.843 0.037 0.843 0.036 0.84 0.036 0.839 0.035 0.839 0.034 0.836 0.034 0.835 0.033 0.835 0.032 0.832 0.032 0.831 0.031 0.831 0.03 0.826 0.03 0.825 0.029 0.825 0.028 0.822 0.028 0.821 0.027 0.821 0.026
3 0.28500000000000003 0.973 0.034 0.054 0.27 0.946 0.27 0.949 0.269 0.95 0.268 0.95 0.268 0.979 0.269 0.979 0.27 0.98 0.27 0.985 0.271 0.985 0.272 0.986 0.272 0.991 0.273 0.991 0.274 0.992 0.274 0.995 0.275 0.995 0.276 0.996 0.276 0.999 0.301 0.999 0.301 0.994 0.3 0.994 0.299 0.993 0.299 0.988 0.298 0.988 0.297 0.987 0.297 0.984 0.296 0.984 0.295 0.983 0.295 0.98 0.294 0.98 0.293 0.979 0.293 0.978 0.292 0.978 0.291 0.977 0.291 0.974 0.29 0.974 0.289 0.973 0.289 0.97 0.288 0.97 0.287 0.969 0.287 0.964 0.286 0.964 0.285 0.963 0.285 0.96 0.284 0.96 0.283 0.959 0.283 0.956 0.282 0.956 0.281 0.955 0.281 0.952 0.28 0.952 0.279 0.951 0.279 0.95 0.278 0.95 0.277 0.949 0.277 0.948 0.276 0.948 0.275 0.947 0.275 0.946
3 0.406 0.9390000000000001 0.052000000000000005 0.074 0.404 0.902 0.404 0.903 0.403 0.904 0.398 0.904 0.398 0.905 0.397 0.906 0.394 0.906 0.394 0.907 0.393 0.908 0.388 0.908 0.388 0.909 0.387 0.91 0.382 0.91 0.382 0.911 0.381 0.912 0.38 0.912 0.38 0.913 0.381 0.913 0.382 0.914 0.382 0.917 0.383 0.917 0.384 0.918 0.384 0.921 0.385 0.921 0.386 0.922 0.386 0.925 0.387 0.925 0.388 0.926 0.388 0.931 0.389 0.931 0.39 0.932 0.39 0.935 0.391 0.935 0.392 0.936 0.392 0.939 0.393 0.939 0.394 0.94 0.394 0.943 0.395 0.943 0.396 0.944 0.396 0.947 0.397 0.947 0.398 0.948 0.398 0.951 0.399 0.951 0.4 0.952 0.4 0.955 0.401 0.955 0.402 0.956 0.402 0.961 0.403 0.961 0.404 0.962 0.404 0.965 0.405 0.965 0.406 0.966 0.406 0.969 0.407 0.969 0.408 0.97 0.408 0.973 0.409 0.973 0.41 0.974 0.41 0.975 0.411 0.975 0.411 0.974 0.412 0.973 0.417 0.973 0.417 0.972 0.418 0.971 0.423 0.971 0.423 0.97 0.424 0.969 0.429 0.969 0.429 0.968 0.43 0.967 0.431 0.967 0.431 0.966 0.43 0.966 0.429 0.965 0.429 0.96 0.428 0.96 0.427 0.959 0.427 0.956 0.426 0.956 0.425 0.955 0.425 0.95 0.424 0.95 0.423 0.949 0.423 0.946 0.422 0.946 0.421 0.945 0.421 0.94 0.42 0.94 0.419 0.939 0.419 0.936 0.418 0.936 0.417 0.935 0.417 0.93 0.416 0.93 0.415 0.929 0.415 0.924 0.414 0.924 0.413 0.923 0.413 0.92 0.412 0.92 0.411 0.919 0.411 0.914 0.41 0.914 0.409 0.913 0.409 0.91 0.408 0.91 0.407 0.909 0.407 0.904 0.406 0.904 0.405 0.903 0.405 0.902
