5 0.076 0.617 0.02 0.034 0.068 0.6 0.068 0.601 0.067 0.602 0.066 0.602 0.066 0.611 0.067 0.611 0.068 0.612 0.068 0.617 0.069 0.617 0.07 0.618 0.07 0.623 0.071 0.623 0.072 0.624 0.072 0.629 0.073 0.629 0.074 0.63 0.074 0.633 0.081 0.633 0.081 0.632 0.082 0.631 0.083 0.631 0.083 0.63 0.084 0.629 0.085 0.629 0.085 0.624 0.084 0.624 0.083 0.623 0.083 0.62 0.082 0.62 0.081 0.619 0.081 0.61 0.08 0.61 0.079 0.609 0.079 0.602 0.078 0.602 0.077 0.601 0.077 0.6
2 0.459 0.654 0.05 0.024 0.476 0.642 0.476 0.643 0.475 0.644 0.47 0.644 0.47 0.645 0.469 0.646 0.464 0.646 0.464 0.647 0.463 0.648 0.458 0.648 0.458 0.649 0.457 0.65 0.45 0.65 0.45 0.651 0.449 0.652 0.444 0.652 0.444 0.653 0.443 0.654 0.438 0.654 0.438 0.655 0.437 0.656 0.434 0.656 0.434 0.659 0.435 0.659 0.436 0.66 0.436 0.665 0.439 0.665 0.439 0.664 0.44 0.663 0.445 0.663 0.445 0.662 0.446 0.661 0.453 0.661 0.453 0.66 0.454 0.659 0.459 0.659 0.459 0.658 0.46 0.657 0.465 0.657 0.465 0.656 0.466 0.655 0.473 0.655 0.473 0.654 0.474 0.653 0.479 0.653 0.479 0.652 0.48 0.651 0.483 0.651 0.483 0.65 0.482 0.65 0.481 0.649 0.481 0.644 0.48 0.644 0.479 0.643 0.479 0.642
2 0.628 0.597 0.044 0.022 0.64 0.586 0.64 0.587 0.639 0.588 0.634 0.588 0.634 0.589 0.633 0.59 0.628 0.59 0.628 0.591 0.627 0.592 0.622 0.592 0.622 0.593 0.621 0.594 0.616 0.594 0.616 0.595 0.615 0.596 0.61 0.596 0.61 0.597 0.609 0.598 0.606 0.598 0.606 0.599 0.607 0.599 0.608 0.6 0.608 0.605 0.609 0.605 0.61 0.606 0.61 0.607 0.613 0.607 0.613 0.606 0.614 0.605 0.619 0.605 0.619 0.604 0.62 0.603 0.625 0.603 0.625 0.602 0.626 0.601 0.633 0.601 0.633 0.6 0.634 0.599 0.639 0.599 0.639 0.598 0.64 0.597 0.645 0.597 0.645 0.596 0.646 0.595 0.649 0.595 0.649 0.594 0.648 0.594 0.647 0.593 0.647 0.592 0.646 0.592 0.645 0.591 0.645 0.588 0.644 0.588 0.643 0.587 0.643 0.586
4 0.389 0.429 0.022 0.026000000000000002 0.392 0.416 0.392 0.417 0.391 0.418 0.386 0.418 0.386 0.419 0.385 0.42 0.38 0.42 0.38 0.421 0.379 0.422 0.378 0.422 0.378 0.423 0.379 0.423 0.38 0.424 0.38 0.429 0.381 0.429 0.382 0.43 0.382 0.433 0.383 0.433 0.384 0.434 0.384 0.439 0.385 0.439 0.386 0.44 0.386 0.441 0.387 0.441 0.387 0.44 0.388 0.439 0.391 0.439 0.391 0.438 0.392 0.437 0.397 0.437 0.397 0.436 0.398 0.435 0.399 0.435 0.399 0.432 0.398 0.432 0.397 0.431 0.397 0.426 0.396 0.426 0.395 0.425 0.395 0.42 0.394 0.42 0.393 0.419 0.393 0.416
4 0.004 0.758 0.008 0.028 0.0 0.744 0.0 0.771 0.003 0.771 0.003 0.77 0.004 0.769 0.005 0.769 0.005 0.768 0.006 0.767 0.007 0.767 0.007 0.748 0.006 0.748 0.005 0.747 0.005 0.744
4 0.033 0.747 0.018000000000000002 0.03 0.028 0.732 0.028 0.733 0.027 0.734 0.024 0.734 0.024 0.743 0.025 0.743 0.026 0.744 0.026 0.751 0.027 0.751 0.028 0.752 0.028 0.757 0.029 0.757 0.03 0.758 0.03 0.761 0.037 0.761 0.037 0.76 0.038 0.759 0.039 0.759 0.039 0.756 0.04 0.755 0.041 0.755 0.041 0.75 0.04 0.75 0.039 0.749 0.039 0.736 0.038 0.736 0.037 0.735 0.037 0.734 0.036 0.734 0.035 0.733 0.035 0.732
4 0.078 0.738 0.028 0.032 0.078 0.722 0.078 0.723 0.077 0.724 0.07 0.724 0.07 0.725 0.069 0.726 0.066 0.726 0.066 0.727 0.065 0.728 0.064 0.728 0.064 0.737 0.065 0.737 0.066 0.738 0.066 0.743 0.067 0.743 0.068 0.744 0.068 0.749 0.069 0.749 0.07 0.75 0.07 0.753 0.081 0.753 0.081 0.752 0.082 0.751 0.085 0.751 0.085 0.75 0.086 0.749 0.089 0.749 0.089 0.746 0.09 0.745 0.091 0.745 0.091 0.74 0.09 0.74 0.089 0.739 0.089 0.736 0.088 0.736 0.087 0.735 0.087 0.732 0.086 0.732 0.085 0.731 0.085 0.728 0.084 0.728 0.083 0.727 0.083 0.724 0.082 0.724 0.081 0.723 0.081 0.722
4 0.11900000000000001 0.72 0.022 0.028 0.118 0.706 0.118 0.707 0.117 0.708 0.112 0.708 0.112 0.709 0.111 0.71 0.11 0.71 0.11 0.711 0.109 0.712 0.108 0.712 0.108 0.721 0.109 0.721 0.11 0.722 0.11 0.727 0.111 0.727 0.112 0.728 0.112 0.731 0.113 0.731 0.114 0.732 0.114 0.733 0.125 0.733 0.125 0.732 0.126 0.731 0.127 0.731 0.127 0.728 0.128 0.727 0.129 0.727 0.129 0.714 0.128 0.714 0.127 0.713 0.127 0.708 0.124 0.708 0.123 0.707 0.123 0.706
4 0.23500000000000001 0.679 0.018000000000000002 0.022 0.234 0.668 0.234 0.669 0.233 0.67 0.23 0.67 0.23 0.671 0.229 0.672 0.228 0.672 0.228 0.673 0.227 0.674 0.226 0.674 0.226 0.683 0.227 0.683 0.228 0.684 0.228 0.687 0.229 0.687 0.23 0.688 0.23 0.689 0.241 0.689 0.241 0.688 0.242 0.687 0.243 0.687 0.243 0.674 0.242 0.674 0.241 0.673 0.241 0.67 0.24 0.67 0.239 0.669 0.239 0.668
5 0.591 0.404 0.022 0.032 0.582 0.388 0.582 0.389 0.581 0.39 0.58 0.39 0.58 0.397 0.581 0.397 0.582 0.398 0.582 0.403 0.583 0.403 0.584 0.404 0.584 0.407 0.585 0.407 0.586 0.408 0.586 0.411 0.587 0.411 0.588 0.412 0.588 0.415 0.589 0.415 0.59 0.416 0.59 0.419 0.599 0.419 0.599 0.418 0.6 0.417 0.601 0.417 0.601 0.408 0.6 0.408 0.599 0.407 0.599 0.404 0.598 0.404 0.597 0.403 0.597 0.398 0.596 0.398 0.595 0.397 0.595 0.392 0.594 0.392 0.593 0.391 0.593 0.39 0.592 0.39 0.591 0.389 0.591 0.388
5 0.455 0.444 0.03 0.044 0.448 0.422 0.448 0.423 0.447 0.424 0.444 0.424 0.444 0.425 0.443 0.426 0.44 0.426 0.44 0.435 0.441 0.435 0.442 0.436 0.442 0.439 0.443 0.439 0.444 0.44 0.444 0.445 0.445 0.445 0.446 0.446 0.446 0.449 0.447 0.449 0.448 0.45 0.448 0.453 0.449 0.453 0.45 0.454 0.45 0.457 0.451 0.457 0.452 0.458 0.452 0.461 0.453 0.461 0.454 0.462 0.454 0.463 0.455 0.463 0.456 0.464 0.456 0.465 0.463 0.465 0.463 0.464 0.464 0.463 0.467 0.463 0.467 0.462 0.468 0.461 0.469 0.461 0.469 0.452 0.468 0.452 0.467 0.451 0.467 0.448 0.466 0.448 0.465 0.447 0.465 0.446 0.464 0.446 0.463 0.445 0.463 0.444 0.462 0.444 0.461 0.443 0.461 0.44 0.46 0.44 0.459 0.439 0.459 0.434 0.458 0.434 0.457 0.433 0.457 0.424 0.456 0.424 0.455 0.423 0.455 0.422
5 0.603 0.439 0.03 0.026000000000000002 0.606 0.428 0.606 0.429 0.605 0.43 0.6 0.43 0.6 0.431 0.599 0.432 0.594 0.432 0.594 0.433 0.593 0.434 0.592 0.434 0.592 0.435 0.591 0.436 0.588 0.436 0.588 0.445 0.589 0.445 0.59 0.446 0.59 0.449 0.593 0.449 0.594 0.45 0.594 0.451 0.595 0.451 0.595 0.45 0.596 0.449 0.603 0.449 0.603 0.448 0.604 0.447 0.607 0.447 0.607 0.446 0.608 0.445 0.611 0.445 0.611 0.444 0.612 0.443 0.613 0.443 0.613 0.442 0.614 0.441 0.615 0.441 0.615 0.44 0.616 0.439 0.617 0.439 0.617 0.432 0.616 0.432 0.615 0.431 0.615 0.428
5 0.448 0.494 0.036000000000000004 0.016 0.446 0.486 0.446 0.487 0.445 0.488 0.44 0.488 0.44 0.489 0.439 0.49 0.434 0.49 0.434 0.491 0.433 0.492 0.432 0.492 0.432 0.497 0.431 0.498 0.43 0.498 0.43 0.501 0.451 0.501 0.451 0.5 0.452 0.499 0.455 0.499 0.455 0.498 0.456 0.497 0.459 0.497 0.459 0.496 0.46 0.495 0.463 0.495 0.463 0.494 0.464 0.493 0.465 0.493 0.465 0.488 0.464 0.488 0.463 0.487 0.463 0.486
5 0.359 0.528 0.022 0.02 0.35 0.518 0.35 0.519 0.349 0.52 0.348 0.52 0.348 0.525 0.349 0.525 0.35 0.526 0.35 0.529 0.351 0.529 0.352 0.53 0.352 0.533 0.355 0.533 0.356 0.534 0.356 0.537 0.357 0.537 0.357 0.534 0.358 0.533 0.359 0.533 0.359 0.532 0.36 0.531 0.367 0.531 0.368 0.532 0.368 0.533 0.369 0.533 0.369 0.528 0.368 0.528 0.367 0.527 0.367 0.526 0.364 0.526 0.363 0.525 0.363 0.522 0.362 0.522 0.361 0.521 0.361 0.518
4 0.176 0.6970000000000001 0.02 0.018000000000000002 0.172 0.688 0.172 0.689 0.171 0.69 0.17 0.69 0.17 0.691 0.169 0.692 0.168 0.692 0.168 0.695 0.167 0.696 0.166 0.696 0.166 0.701 0.167 0.701 0.168 0.702 0.168 0.703 0.169 0.703 0.17 0.704 0.17 0.705 0.181 0.705 0.181 0.7 0.182 0.699 0.183 0.699 0.183 0.698 0.184 0.697 0.185 0.697 0.185 0.692 0.184 0.692 0.183 0.691 0.183 0.69 0.182 0.69 0.181 0.689 0.181 0.688
7 0.927 0.20800000000000002 0.018000000000000002 0.02 0.92 0.198 0.92 0.199 0.919 0.2 0.918 0.2 0.918 0.209 0.919 0.209 0.92 0.21 0.92 0.211 0.921 0.211 0.922 0.212 0.922 0.213 0.923 0.213 0.924 0.214 0.924 0.215 0.925 0.215 0.926 0.216 0.926 0.217 0.931 0.217 0.931 0.216 0.932 0.215 0.933 0.215 0.933 0.214 0.934 0.213 0.935 0.213 0.935 0.212 0.934 0.212 0.933 0.211 0.933 0.206 0.932 0.206 0.931 0.205 0.931 0.2 0.93 0.2 0.929 0.199 0.929 0.198
5 0.905 0.24 0.054 0.028 0.914 0.226 0.914 0.227 0.913 0.228 0.906 0.228 0.906 0.229 0.905 0.23 0.898 0.23 0.898 0.231 0.897 0.232 0.894 0.232 0.894 0.233 0.893 0.234 0.89 0.234 0.89 0.235 0.889 0.236 0.886 0.236 0.886 0.237 0.885 0.238 0.882 0.238 0.882 0.239 0.881 0.24 0.878 0.24 0.878 0.247 0.879 0.247 0.88 0.248 0.88 0.253 0.883 0.253 0.883 0.252 0.884 0.251 0.889 0.251 0.889 0.25 0.89 0.249 0.895 0.249 0.895 0.248 0.896 0.247 0.903 0.247 0.903 0.246 0.904 0.245 0.911 0.245 0.911 0.244 0.912 0.243 0.921 0.243 0.921 0.242 0.922 0.241 0.923 0.241 0.923 0.24 0.924 0.239 0.927 0.239 0.927 0.238 0.928 0.237 0.931 0.237 0.931 0.232 0.93 0.232 0.929 0.231 0.929 0.226
7 0.922 0.302 0.048 0.044 0.916 0.28 0.916 0.281 0.915 0.282 0.91 0.282 0.91 0.283 0.909 0.284 0.904 0.284 0.904 0.285 0.903 0.286 0.902 0.286 0.902 0.287 0.901 0.288 0.9 0.288 0.9 0.291 0.899 0.292 0.898 0.292 0.898 0.305 0.899 0.305 0.9 0.306 0.9 0.309 0.901 0.309 0.902 0.31 0.902 0.311 0.903 0.311 0.904 0.312 0.904 0.315 0.907 0.315 0.908 0.316 0.908 0.319 0.909 0.319 0.91 0.32 0.91 0.321 0.913 0.321 0.914 0.322 0.914 0.323 0.927 0.323 0.927 0.322 0.928 0.321 0.931 0.321 0.931 0.32 0.932 0.319 0.935 0.319 0.935 0.318 0.936 0.317 0.937 0.317 0.937 0.316 0.938 0.315 0.939 0.315 0.939 0.314 0.94 0.313 0.941 0.313 0.941 0.312 0.942 0.311 0.943 0.311 0.943 0.31 0.944 0.309 0.945 0.309 0.945 0.298 0.944 0.298 0.943 0.297 0.943 0.29 0.942 0.29 0.941 0.289 0.941 0.286 0.94 0.286 0.939 0.285 0.939 0.284 0.938 0.284 0.937 0.283 0.937 0.282 0.936 0.282 0.935 0.281 0.935 0.28
7 0.836 0.298 0.012 0.012 0.83 0.292 0.83 0.299 0.831 0.299 0.832 0.3 0.832 0.303 0.841 0.303 0.841 0.294 0.84 0.294 0.839 0.293 0.839 0.292
7 0.839 0.299 0.018000000000000002 0.018000000000000002 0.832 0.29 0.832 0.291 0.831 0.292 0.83 0.292 0.83 0.299 0.831 0.299 0.832 0.3 0.832 0.305 0.835 0.305 0.836 0.306 0.836 0.307 0.843 0.307 0.843 0.306 0.844 0.305 0.847 0.305 0.847 0.298 0.846 0.298 0.845 0.297 0.845 0.294 0.844 0.294 0.843 0.293 0.843 0.292 0.836 0.292 0.835 0.291 0.835 0.29
7 0.389 0.368 0.058 0.032 0.406 0.352 0.406 0.353 0.405 0.354 0.4 0.354 0.4 0.355 0.399 0.356 0.396 0.356 0.396 0.357 0.395 0.358 0.39 0.358 0.39 0.359 0.389 0.36 0.382 0.36 0.382 0.361 0.381 0.362 0.376 0.362 0.376 0.363 0.375 0.364 0.37 0.364 0.37 0.365 0.369 0.366 0.364 0.366 0.364 0.367 0.363 0.368 0.362 0.368 0.362 0.369 0.361 0.37 0.36 0.37 0.36 0.377 0.361 0.377 0.362 0.378 0.362 0.381 0.363 0.381 0.364 0.382 0.364 0.383 0.369 0.383 0.369 0.382 0.37 0.381 0.371 0.381 0.371 0.378 0.372 0.377 0.375 0.377 0.375 0.376 0.376 0.375 0.381 0.375 0.381 0.374 0.382 0.373 0.387 0.373 0.387 0.372 0.388 0.371 0.393 0.371 0.393 0.37 0.394 0.369 0.397 0.369 0.397 0.368 0.398 0.367 0.403 0.367 0.403 0.366 0.404 0.365 0.407 0.365 0.407 0.364 0.408 0.363 0.413 0.363 0.413 0.362 0.414 0.361 0.415 0.361 0.415 0.36 0.416 0.359 0.417 0.359 0.417 0.354 0.416 0.354 0.415 0.353 0.415 0.352
5 0.965 0.366 0.042 0.024 0.978 0.354 0.978 0.355 0.977 0.356 0.972 0.356 0.972 0.357 0.971 0.358 0.966 0.358 0.966 0.359 0.965 0.36 0.96 0.36 0.96 0.361 0.959 0.362 0.954 0.362 0.954 0.363 0.953 0.364 0.95 0.364 0.95 0.365 0.949 0.366 0.946 0.366 0.946 0.367 0.945 0.368 0.944 0.368 0.944 0.375 0.945 0.375 0.946 0.376 0.946 0.377 0.961 0.377 0.961 0.376 0.962 0.375 0.969 0.375 0.969 0.374 0.97 0.373 0.975 0.373 0.975 0.372 0.976 0.371 0.983 0.371 0.983 0.37 0.984 0.369 0.985 0.369 0.985 0.362 0.984 0.362 0.983 0.361 0.983 0.356 0.98 0.356 0.979 0.355 0.979 0.354
5 0.191 0.589 0.022 0.022 0.196 0.578 0.196 0.579 0.195 0.58 0.19 0.58 0.19 0.581 0.189 0.582 0.186 0.582 0.186 0.583 0.185 0.584 0.184 0.584 0.184 0.585 0.183 0.586 0.182 0.586 0.182 0.589 0.181 0.59 0.18 0.59 0.18 0.591 0.181 0.591 0.182 0.592 0.182 0.595 0.183 0.595 0.184 0.596 0.184 0.599 0.193 0.599 0.193 0.598 0.194 0.597 0.197 0.597 0.197 0.596 0.198 0.595 0.199 0.595 0.199 0.594 0.2 0.593 0.201 0.593 0.201 0.584 0.2 0.584 0.199 0.583 0.199 0.58 0.198 0.58 0.197 0.579 0.197 0.578
7 0.258 0.057 0.044 0.042 0.266 0.036 0.266 0.037 0.265 0.038 0.258 0.038 0.258 0.039 0.257 0.04 0.252 0.04 0.252 0.041 0.251 0.042 0.244 0.042 0.244 0.043 0.243 0.044 0.238 0.044 0.238 0.045 0.237 0.046 0.236 0.046 0.236 0.057 0.237 0.057 0.238 0.058 0.238 0.061 0.239 0.061 0.24 0.062 0.24 0.069 0.241 0.069 0.242 0.07 0.242 0.073 0.243 0.073 0.244 0.074 0.244 0.077 0.257 0.077 0.257 0.076 0.258 0.075 0.265 0.075 0.265 0.074 0.266 0.073 0.271 0.073 0.271 0.072 0.272 0.071 0.277 0.071 0.277 0.07 0.278 0.069 0.279 0.069 0.279 0.058 0.278 0.058 0.277 0.057 0.277 0.052 0.276 0.052 0.275 0.051 0.275 0.046 0.274 0.046 0.273 0.045 0.273 0.038 0.272 0.038 0.271 0.037 0.271 0.036
7 0.28200000000000003 0.129 0.044 0.042 0.286 0.108 0.286 0.109 0.285 0.11 0.28 0.11 0.28 0.111 0.279 0.112 0.274 0.112 0.274 0.113 0.273 0.114 0.266 0.114 0.266 0.115 0.265 0.116 0.262 0.116 0.262 0.117 0.261 0.118 0.26 0.118 0.26 0.127 0.261 0.127 0.262 0.128 0.262 0.131 0.263 0.131 0.264 0.132 0.264 0.139 0.265 0.139 0.266 0.14 0.266 0.145 0.267 0.145 0.268 0.146 0.268 0.149 0.279 0.149 0.279 0.148 0.28 0.147 0.285 0.147 0.285 0.146 0.286 0.145 0.291 0.145 0.291 0.144 0.292 0.143 0.297 0.143 0.297 0.142 0.298 0.141 0.301 0.141 0.301 0.138 0.302 0.137 0.303 0.137 0.303 0.134 0.302 0.134 0.301 0.133 0.301 0.126 0.3 0.126 0.299 0.125 0.299 0.12 0.298 0.12 0.297 0.119 0.297 0.112 0.296 0.112 0.295 0.111 0.295 0.11 0.294 0.11 0.293 0.109 0.293 0.108
7 0.306 0.201 0.044 0.042 0.308 0.18 0.308 0.181 0.307 0.182 0.302 0.182 0.302 0.183 0.301 0.184 0.296 0.184 0.296 0.185 0.295 0.186 0.286 0.186 0.286 0.187 0.285 0.188 0.284 0.188 0.284 0.199 0.285 0.199 0.286 0.2 0.286 0.207 0.287 0.207 0.288 0.208 0.288 0.213 0.289 0.213 0.29 0.214 0.29 0.217 0.291 0.217 0.292 0.218 0.292 0.219 0.293 0.219 0.294 0.22 0.294 0.221 0.299 0.221 0.299 0.22 0.3 0.219 0.309 0.219 0.309 0.218 0.31 0.217 0.315 0.217 0.315 0.216 0.316 0.215 0.321 0.215 0.321 0.214 0.322 0.213 0.325 0.213 0.325 0.21 0.326 0.209 0.327 0.209 0.327 0.202 0.326 0.202 0.325 0.201 0.325 0.196 0.324 0.196 0.323 0.195 0.323 0.19 0.322 0.19 0.321 0.189 0.321 0.184 0.32 0.184 0.319 0.183 0.319 0.18
4 0.581 0.358 0.018000000000000002 0.02 0.574 0.348 0.574 0.349 0.573 0.35 0.572 0.35 0.572 0.357 0.573 0.357 0.574 0.358 0.574 0.363 0.575 0.363 0.576 0.364 0.576 0.365 0.577 0.365 0.578 0.366 0.578 0.367 0.585 0.367 0.585 0.366 0.586 0.365 0.587 0.365 0.587 0.362 0.588 0.361 0.589 0.361 0.589 0.358 0.588 0.358 0.587 0.357 0.587 0.352 0.586 0.352 0.585 0.351 0.585 0.348
4 0.528 0.449 0.02 0.026000000000000002 0.526 0.438 0.526 0.439 0.525 0.44 0.522 0.44 0.522 0.441 0.521 0.442 0.52 0.442 0.52 0.443 0.519 0.444 0.518 0.444 0.518 0.457 0.519 0.457 0.52 0.458 0.52 0.459 0.521 0.459 0.522 0.46 0.522 0.461 0.527 0.461 0.527 0.46 0.528 0.459 0.531 0.459 0.531 0.458 0.532 0.457 0.533 0.457 0.533 0.456 0.534 0.455 0.535 0.455 0.535 0.454 0.536 0.453 0.537 0.453 0.537 0.448 0.536 0.448 0.535 0.447 0.535 0.444 0.534 0.444 0.533 0.443 0.533 0.442 0.532 0.442 0.531 0.441 0.531 0.44 0.53 0.44 0.529 0.439 0.529 0.438
4 0.194 0.482 0.024 0.028 0.192 0.468 0.192 0.469 0.191 0.47 0.19 0.47 0.19 0.471 0.189 0.472 0.184 0.472 0.184 0.473 0.183 0.474 0.182 0.474 0.182 0.481 0.183 0.481 0.184 0.482 0.184 0.489 0.185 0.489 0.186 0.49 0.186 0.491 0.187 0.491 0.188 0.492 0.188 0.493 0.189 0.493 0.19 0.494 0.19 0.495 0.199 0.495 0.199 0.494 0.2 0.493 0.201 0.493 0.201 0.492 0.202 0.491 0.203 0.491 0.203 0.49 0.204 0.489 0.205 0.489 0.205 0.484 0.204 0.484 0.203 0.483 0.203 0.478 0.202 0.478 0.201 0.477 0.201 0.474 0.198 0.474 0.197 0.473 0.197 0.472 0.196 0.472 0.195 0.471 0.195 0.47 0.194 0.47 0.193 0.469 0.193 0.468
4 0.154 0.497 0.016 0.022 0.148 0.486 0.148 0.491 0.147 0.492 0.146 0.492 0.146 0.495 0.147 0.495 0.148 0.496 0.148 0.501 0.149 0.501 0.15 0.502 0.15 0.505 0.153 0.505 0.154 0.506 0.154 0.507 0.155 0.507 0.155 0.506 0.156 0.505 0.157 0.505 0.157 0.504 0.158 0.503 0.159 0.503 0.159 0.502 0.16 0.501 0.161 0.501 0.161 0.49 0.16 0.49 0.159 0.489 0.159 0.488 0.156 0.488 0.155 0.487 0.155 0.486
4 0.008 0.505 0.016 0.034 0.0 0.488 0.0 0.521 0.001 0.521 0.001 0.52 0.002 0.519 0.007 0.519 0.007 0.518 0.008 0.517 0.013 0.517 0.013 0.516 0.014 0.515 0.015 0.515 0.015 0.506 0.014 0.506 0.013 0.505 0.013 0.5 0.012 0.5 0.011 0.499 0.011 0.496 0.01 0.496 0.009 0.495 0.009 0.494 0.008 0.494 0.007 0.493 0.007 0.492 0.006 0.492 0.005 0.491 0.005 0.49 0.004 0.49 0.003 0.489 0.003 0.488
4 0.114 0.51 0.028 0.028 0.108 0.496 0.108 0.497 0.107 0.498 0.102 0.498 0.102 0.499 0.101 0.5 0.1 0.5 0.1 0.511 0.101 0.511 0.102 0.512 0.102 0.517 0.103 0.517 0.104 0.518 0.104 0.519 0.105 0.519 0.106 0.52 0.106 0.521 0.107 0.521 0.108 0.522 0.108 0.523 0.119 0.523 0.119 0.522 0.12 0.521 0.123 0.521 0.123 0.52 0.124 0.519 0.125 0.519 0.125 0.518 0.126 0.517 0.127 0.517 0.127 0.504 0.126 0.504 0.125 0.503 0.125 0.5 0.124 0.5 0.123 0.499 0.123 0.498 0.122 0.498 0.121 0.497 0.121 0.496
4 0.057 0.527 0.018000000000000002 0.022 0.056 0.516 0.056 0.517 0.055 0.518 0.052 0.518 0.052 0.519 0.051 0.52 0.05 0.52 0.05 0.521 0.049 0.522 0.048 0.522 0.048 0.533 0.049 0.533 0.05 0.534 0.05 0.535 0.055 0.535 0.056 0.536 0.056 0.537 0.057 0.537 0.057 0.536 0.058 0.535 0.061 0.535 0.061 0.534 0.062 0.533 0.063 0.533 0.063 0.532 0.064 0.531 0.065 0.531 0.065 0.522 0.064 0.522 0.063 0.521 0.063 0.52 0.062 0.52 0.061 0.519 0.061 0.518 0.058 0.518 0.057 0.517 0.057 0.516
4 0.358 0.639 0.016 0.022 0.356 0.628 0.356 0.629 0.355 0.63 0.352 0.63 0.352 0.631 0.351 0.632 0.35 0.632 0.35 0.643 0.351 0.643 0.352 0.644 0.352 0.647 0.353 0.647 0.354 0.648 0.354 0.649 0.363 0.649 0.363 0.648 0.364 0.647 0.365 0.647 0.365 0.634 0.364 0.634 0.363 0.633 0.363 0.63 0.36 0.63 0.359 0.629 0.359 0.628
4 0.296 0.66 0.02 0.024 0.29 0.648 0.29 0.649 0.289 0.65 0.286 0.65 0.286 0.663 0.287 0.663 0.288 0.664 0.288 0.667 0.289 0.667 0.29 0.668 0.29 0.669 0.291 0.669 0.292 0.67 0.292 0.671 0.297 0.671 0.297 0.67 0.298 0.669 0.299 0.669 0.299 0.668 0.3 0.667 0.303 0.667 0.303 0.664 0.304 0.663 0.305 0.663 0.305 0.66 0.304 0.66 0.303 0.659 0.303 0.652 0.302 0.652 0.301 0.651 0.301 0.65 0.3 0.65 0.299 0.649 0.299 0.648
