4 0.482 0.632 0.028 0.024 0.474 0.62 0.474 0.621 0.473 0.622 0.47 0.622 0.47 0.623 0.469 0.624 0.468 0.624 0.468 0.635 0.469 0.635 0.47 0.636 0.47 0.641 0.471 0.641 0.472 0.642 0.472 0.643 0.489 0.643 0.489 0.642 0.49 0.641 0.493 0.641 0.493 0.628 0.494 0.627 0.495 0.627 0.495 0.626 0.494 0.626 0.493 0.625 0.493 0.62
4 0.456 0.509 0.032 0.03 0.464 0.494 0.464 0.495 0.463 0.496 0.452 0.496 0.452 0.497 0.451 0.498 0.442 0.498 0.442 0.499 0.441 0.5 0.44 0.5 0.44 0.521 0.441 0.521 0.442 0.522 0.442 0.523 0.453 0.523 0.453 0.522 0.454 0.521 0.463 0.521 0.463 0.52 0.464 0.519 0.471 0.519 0.471 0.506 0.47 0.506 0.469 0.505 0.469 0.496 0.468 0.496 0.467 0.495 0.467 0.494
7 0.449 0.20400000000000001 0.018000000000000002 0.012 0.446 0.198 0.446 0.199 0.445 0.2 0.442 0.2 0.442 0.201 0.441 0.202 0.44 0.202 0.44 0.207 0.441 0.207 0.442 0.208 0.442 0.209 0.455 0.209 0.455 0.206 0.456 0.205 0.457 0.205 0.457 0.2 0.456 0.2 0.455 0.199 0.455 0.198
7 0.496 0.331 0.052000000000000005 0.014 0.504 0.324 0.504 0.325 0.503 0.326 0.478 0.326 0.478 0.327 0.477 0.328 0.472 0.328 0.472 0.329 0.471 0.33 0.47 0.33 0.47 0.333 0.471 0.333 0.472 0.334 0.472 0.335 0.503 0.335 0.503 0.334 0.504 0.333 0.521 0.333 0.521 0.328 0.52 0.328 0.519 0.327 0.519 0.326 0.51 0.326 0.509 0.325 0.509 0.324
4 0.256 0.139 0.036000000000000004 0.026000000000000002 0.262 0.126 0.262 0.127 0.261 0.128 0.246 0.128 0.246 0.129 0.245 0.13 0.24 0.13 0.24 0.131 0.239 0.132 0.238 0.132 0.238 0.137 0.239 0.137 0.24 0.138 0.24 0.147 0.241 0.147 0.242 0.148 0.242 0.149 0.245 0.149 0.246 0.15 0.246 0.151 0.253 0.151 0.253 0.15 0.254 0.149 0.263 0.149 0.263 0.148 0.264 0.147 0.271 0.147 0.271 0.146 0.272 0.145 0.273 0.145 0.273 0.138 0.272 0.138 0.271 0.137 0.271 0.13 0.27 0.13 0.269 0.129 0.269 0.128 0.268 0.128 0.267 0.127 0.267 0.126
4 0.379 0.049 0.026000000000000002 0.03 0.378 0.034 0.378 0.035 0.377 0.036 0.368 0.036 0.368 0.037 0.367 0.038 0.366 0.038 0.366 0.055 0.367 0.055 0.368 0.056 0.368 0.061 0.371 0.061 0.372 0.062 0.372 0.063 0.389 0.063 0.389 0.062 0.39 0.061 0.391 0.061 0.391 0.052 0.39 0.052 0.389 0.051 0.389 0.036 0.388 0.036 0.387 0.035 0.387 0.034
3 0.032 0.929 0.064 0.11 0.0 0.874 0.0 0.977 0.007 0.977 0.008 0.978 0.008 0.979 0.021 0.979 0.022 0.98 0.022 0.981 0.039 0.981 0.04 0.982 0.04 0.983 0.043 0.983 0.043 0.982 0.044 0.981 0.045 0.981 0.045 0.978 0.046 0.977 0.047 0.977 0.047 0.97 0.048 0.969 0.049 0.969 0.049 0.964 0.05 0.963 0.051 0.963 0.051 0.96 0.052 0.959 0.053 0.959 0.053 0.95 0.054 0.949 0.055 0.949 0.055 0.94 0.056 0.939 0.057 0.939 0.057 0.926 0.058 0.925 0.059 0.925 0.059 0.912 0.06 0.911 0.061 0.911 0.061 0.896 0.062 0.895 0.063 0.895 0.063 0.886 0.062 0.886 0.061 0.885 0.061 0.884 0.06 0.884 0.059 0.883 0.059 0.882 0.048 0.882 0.047 0.881 0.047 0.88 0.032 0.88 0.031 0.879 0.031 0.878 0.016 0.878 0.015 0.877 0.015 0.876 0.004 0.876 0.003 0.875 0.003 0.874
7 0.392 0.123 0.024 0.022 0.388 0.112 0.388 0.113 0.387 0.114 0.384 0.114 0.384 0.115 0.383 0.116 0.382 0.116 0.382 0.119 0.381 0.12 0.38 0.12 0.38 0.127 0.381 0.127 0.382 0.128 0.382 0.131 0.383 0.131 0.384 0.132 0.384 0.133 0.385 0.133 0.385 0.132 0.386 0.131 0.391 0.131 0.391 0.13 0.392 0.129 0.397 0.129 0.397 0.128 0.398 0.127 0.401 0.127 0.401 0.126 0.402 0.125 0.403 0.125 0.403 0.12 0.4 0.12 0.399 0.119 0.399 0.118 0.396 0.118 0.395 0.117 0.395 0.114 0.392 0.114 0.391 0.113 0.391 0.112
3 0.326 0.156 0.092 0.096 0.354 0.108 0.354 0.109 0.353 0.11 0.346 0.11 0.346 0.111 0.345 0.112 0.338 0.112 0.338 0.113 0.337 0.114 0.326 0.114 0.326 0.115 0.325 0.116 0.316 0.116 0.316 0.117 0.315 0.118 0.304 0.118 0.304 0.119 0.303 0.12 0.294 0.12 0.294 0.121 0.293 0.122 0.282 0.122 0.282 0.123 0.281 0.124 0.28 0.124 0.28 0.141 0.281 0.141 0.282 0.142 0.282 0.155 0.283 0.155 0.284 0.156 0.284 0.177 0.285 0.177 0.286 0.178 0.286 0.199 0.287 0.199 0.288 0.2 0.288 0.203 0.299 0.203 0.299 0.202 0.3 0.201 0.311 0.201 0.311 0.2 0.312 0.199 0.323 0.199 0.323 0.198 0.324 0.197 0.331 0.197 0.331 0.196 0.332 0.195 0.339 0.195 0.339 0.194 0.34 0.193 0.349 0.193 0.349 0.192 0.35 0.191 0.363 0.191 0.363 0.19 0.364 0.189 0.367 0.189 0.367 0.188 0.368 0.187 0.369 0.187 0.369 0.186 0.37 0.185 0.371 0.185 0.371 0.174 0.37 0.174 0.369 0.173 0.369 0.162 0.368 0.162 0.367 0.161 0.367 0.146 0.366 0.146 0.365 0.145 0.365 0.13 0.364 0.13 0.363 0.129 0.363 0.116 0.362 0.116 0.361 0.115 0.361 0.11 0.36 0.11 0.359 0.109 0.359 0.108
7 0.5710000000000001 0.839 0.018000000000000002 0.03 0.568 0.824 0.568 0.825 0.567 0.826 0.566 0.826 0.566 0.835 0.565 0.836 0.564 0.836 0.564 0.839 0.563 0.84 0.562 0.84 0.562 0.851 0.563 0.851 0.564 0.852 0.564 0.853 0.571 0.853 0.571 0.852 0.572 0.851 0.573 0.851 0.573 0.85 0.574 0.849 0.577 0.849 0.577 0.848 0.578 0.847 0.579 0.847 0.579 0.844 0.578 0.844 0.577 0.843 0.577 0.83 0.576 0.83 0.575 0.829 0.575 0.826 0.574 0.826 0.573 0.825 0.573 0.824
4 0.548 0.638 0.04 0.032 0.56 0.622 0.56 0.623 0.559 0.624 0.554 0.624 0.554 0.625 0.553 0.626 0.542 0.626 0.542 0.627 0.541 0.628 0.536 0.628 0.536 0.629 0.535 0.63 0.532 0.63 0.532 0.631 0.531 0.632 0.528 0.632 0.528 0.651 0.531 0.651 0.532 0.652 0.532 0.653 0.541 0.653 0.541 0.652 0.542 0.651 0.561 0.651 0.562 0.652 0.562 0.653 0.567 0.653 0.567 0.638 0.566 0.638 0.565 0.637 0.565 0.624 0.564 0.624 0.563 0.623 0.563 0.622
4 0.505 0.774 0.022 0.024 0.5 0.762 0.5 0.763 0.499 0.764 0.496 0.764 0.496 0.765 0.495 0.766 0.494 0.766 0.494 0.781 0.495 0.781 0.496 0.782 0.496 0.783 0.497 0.783 0.498 0.784 0.498 0.785 0.509 0.785 0.509 0.784 0.51 0.783 0.515 0.783 0.515 0.766 0.514 0.766 0.513 0.765 0.513 0.762
4 0.5720000000000001 0.768 0.024 0.02 0.572 0.758 0.572 0.759 0.571 0.76 0.562 0.76 0.562 0.763 0.561 0.764 0.56 0.764 0.56 0.771 0.561 0.771 0.562 0.772 0.562 0.775 0.563 0.775 0.564 0.776 0.564 0.777 0.571 0.777 0.571 0.776 0.572 0.775 0.577 0.775 0.577 0.774 0.578 0.773 0.579 0.773 0.579 0.772 0.58 0.771 0.581 0.771 0.581 0.768 0.582 0.767 0.583 0.767 0.583 0.766 0.582 0.766 0.581 0.765 0.581 0.76 0.578 0.76 0.577 0.759 0.577 0.758
4 0.528 0.893 0.032 0.026000000000000002 0.526 0.88 0.526 0.881 0.525 0.882 0.524 0.882 0.524 0.883 0.523 0.884 0.518 0.884 0.518 0.885 0.517 0.886 0.514 0.886 0.514 0.887 0.513 0.888 0.512 0.888 0.512 0.897 0.513 0.897 0.514 0.898 0.514 0.903 0.515 0.903 0.516 0.904 0.516 0.905 0.535 0.905 0.535 0.904 0.536 0.903 0.541 0.903 0.541 0.902 0.542 0.901 0.543 0.901 0.543 0.888 0.542 0.888 0.541 0.887 0.541 0.884 0.538 0.884 0.537 0.883 0.537 0.882 0.536 0.882 0.535 0.881 0.535 0.88
4 0.601 0.888 0.018000000000000002 0.02 0.6 0.878 0.6 0.879 0.599 0.88 0.596 0.88 0.596 0.881 0.595 0.882 0.594 0.882 0.594 0.883 0.593 0.884 0.592 0.884 0.592 0.893 0.593 0.893 0.594 0.894 0.594 0.895 0.595 0.895 0.596 0.896 0.596 0.897 0.607 0.897 0.607 0.896 0.608 0.895 0.609 0.895 0.609 0.88 0.608 0.88 0.607 0.879 0.607 0.878
5 0.376 0.022 0.024 0.024 0.37 0.01 0.37 0.011 0.369 0.012 0.366 0.012 0.366 0.013 0.365 0.014 0.364 0.014 0.364 0.019 0.365 0.019 0.366 0.02 0.366 0.031 0.367 0.031 0.368 0.032 0.368 0.033 0.383 0.033 0.383 0.032 0.384 0.031 0.387 0.031 0.387 0.016 0.386 0.016 0.385 0.015 0.385 0.012 0.384 0.012 0.383 0.011 0.383 0.01
5 0.421 0.264 0.026000000000000002 0.028 0.422 0.25 0.422 0.251 0.421 0.252 0.416 0.252 0.416 0.253 0.415 0.254 0.41 0.254 0.41 0.255 0.409 0.256 0.408 0.256 0.408 0.265 0.409 0.265 0.41 0.266 0.41 0.277 0.411 0.277 0.411 0.276 0.412 0.275 0.423 0.275 0.424 0.276 0.424 0.277 0.425 0.277 0.425 0.276 0.426 0.275 0.431 0.275 0.431 0.272 0.432 0.271 0.433 0.271 0.433 0.254 0.432 0.254 0.431 0.253 0.431 0.25
4 0.36 0.245 0.028 0.022 0.356 0.234 0.356 0.235 0.355 0.236 0.348 0.236 0.348 0.237 0.347 0.238 0.346 0.238 0.346 0.253 0.347 0.253 0.348 0.254 0.348 0.255 0.361 0.255 0.361 0.254 0.362 0.253 0.369 0.253 0.369 0.252 0.37 0.251 0.371 0.251 0.371 0.25 0.372 0.249 0.373 0.249 0.373 0.244 0.372 0.244 0.371 0.243 0.371 0.236 0.37 0.236 0.369 0.235 0.369 0.234
5 0.488 0.378 0.02 0.02 0.492 0.368 0.492 0.369 0.491 0.37 0.484 0.37 0.484 0.371 0.483 0.372 0.482 0.372 0.481 0.371 0.481 0.37 0.478 0.37 0.478 0.381 0.479 0.381 0.48 0.382 0.48 0.385 0.481 0.385 0.482 0.386 0.482 0.387 0.493 0.387 0.493 0.386 0.494 0.385 0.495 0.385 0.495 0.384 0.496 0.383 0.497 0.383 0.497 0.374 0.496 0.374 0.495 0.373 0.495 0.368
4 0.41300000000000003 0.39 0.018000000000000002 0.02 0.408 0.38 0.408 0.381 0.407 0.382 0.404 0.382 0.404 0.393 0.405 0.393 0.406 0.394 0.406 0.397 0.407 0.397 0.408 0.398 0.408 0.399 0.417 0.399 0.417 0.398 0.418 0.397 0.419 0.397 0.419 0.396 0.42 0.395 0.421 0.395 0.421 0.384 0.42 0.384 0.419 0.383 0.419 0.382 0.418 0.382 0.417 0.381 0.417 0.38
4 0.262 0.197 0.036000000000000004 0.026000000000000002 0.262 0.184 0.262 0.185 0.261 0.186 0.246 0.186 0.246 0.187 0.245 0.188 0.244 0.188 0.244 0.193 0.245 0.193 0.246 0.194 0.246 0.199 0.247 0.199 0.248 0.2 0.248 0.203 0.249 0.203 0.25 0.204 0.25 0.205 0.251 0.205 0.252 0.206 0.252 0.207 0.253 0.207 0.254 0.208 0.254 0.209 0.263 0.209 0.263 0.208 0.264 0.207 0.269 0.207 0.269 0.206 0.27 0.205 0.279 0.205 0.279 0.186 0.278 0.186 0.277 0.185 0.277 0.184
5 0.512 0.497 0.02 0.022 0.512 0.486 0.512 0.487 0.511 0.488 0.506 0.488 0.506 0.489 0.505 0.49 0.502 0.49 0.502 0.503 0.503 0.503 0.504 0.504 0.504 0.507 0.519 0.507 0.519 0.506 0.52 0.505 0.521 0.505 0.521 0.49 0.52 0.49 0.519 0.489 0.519 0.486
5 0.535 0.618 0.022 0.024 0.538 0.606 0.538 0.607 0.537 0.608 0.534 0.608 0.534 0.609 0.533 0.61 0.526 0.61 0.526 0.611 0.525 0.612 0.524 0.612 0.524 0.627 0.525 0.627 0.526 0.628 0.526 0.629 0.535 0.629 0.535 0.628 0.536 0.627 0.541 0.627 0.541 0.626 0.542 0.625 0.543 0.625 0.543 0.624 0.544 0.623 0.545 0.623 0.545 0.614 0.544 0.614 0.543 0.613 0.543 0.608 0.542 0.608 0.541 0.607 0.541 0.606
7 0.603 0.729 0.014 0.018000000000000002 0.596 0.72 0.596 0.733 0.597 0.733 0.598 0.734 0.598 0.735 0.601 0.735 0.602 0.736 0.602 0.737 0.603 0.737 0.603 0.736 0.604 0.735 0.607 0.735 0.607 0.734 0.608 0.733 0.609 0.733 0.609 0.722 0.606 0.722 0.605 0.721 0.605 0.72
5 0.555 0.739 0.026000000000000002 0.022 0.56 0.728 0.56 0.729 0.559 0.73 0.554 0.73 0.554 0.731 0.553 0.732 0.548 0.732 0.548 0.733 0.547 0.734 0.542 0.734 0.542 0.745 0.543 0.745 0.544 0.746 0.544 0.749 0.557 0.749 0.557 0.748 0.558 0.747 0.565 0.747 0.565 0.746 0.566 0.745 0.567 0.745 0.567 0.736 0.566 0.736 0.565 0.735 0.565 0.73 0.562 0.73 0.561 0.729 0.561 0.728
4 0.532 0.525 0.032 0.022 0.534 0.514 0.534 0.515 0.533 0.516 0.526 0.516 0.526 0.517 0.525 0.518 0.518 0.518 0.518 0.519 0.517 0.52 0.516 0.52 0.516 0.531 0.517 0.531 0.518 0.532 0.518 0.535 0.531 0.535 0.531 0.534 0.532 0.533 0.541 0.533 0.541 0.532 0.542 0.531 0.547 0.531 0.547 0.516 0.546 0.516 0.545 0.515 0.545 0.514
4 0.515 0.34600000000000003 0.022 0.02 0.514 0.336 0.514 0.337 0.513 0.338 0.504 0.338 0.504 0.345 0.505 0.345 0.506 0.346 0.506 0.355 0.525 0.355 0.525 0.346 0.524 0.346 0.523 0.345 0.523 0.336
4 0.403 0.162 0.022 0.02 0.41 0.152 0.41 0.153 0.409 0.154 0.406 0.154 0.406 0.155 0.405 0.156 0.392 0.156 0.392 0.165 0.393 0.165 0.394 0.166 0.394 0.169 0.395 0.169 0.396 0.17 0.396 0.171 0.403 0.171 0.403 0.17 0.404 0.169 0.413 0.169 0.413 0.154 0.412 0.154 0.411 0.153 0.411 0.152
5 0.579 0.861 0.026000000000000002 0.026000000000000002 0.578 0.848 0.578 0.849 0.577 0.85 0.576 0.85 0.576 0.851 0.575 0.852 0.574 0.852 0.574 0.853 0.573 0.854 0.57 0.854 0.57 0.855 0.569 0.856 0.568 0.856 0.568 0.857 0.567 0.858 0.566 0.858 0.566 0.867 0.567 0.867 0.568 0.868 0.568 0.871 0.569 0.871 0.57 0.872 0.57 0.873 0.579 0.873 0.579 0.872 0.58 0.871 0.589 0.871 0.589 0.866 0.59 0.865 0.591 0.865 0.591 0.864 0.59 0.864 0.589 0.863 0.589 0.85 0.588 0.85 0.587 0.849 0.587 0.848
5 0.399 0.14200000000000002 0.026000000000000002 0.028 0.402 0.128 0.402 0.129 0.401 0.13 0.396 0.13 0.396 0.131 0.395 0.132 0.39 0.132 0.39 0.133 0.389 0.134 0.388 0.134 0.388 0.135 0.387 0.136 0.386 0.136 0.386 0.141 0.387 0.141 0.388 0.142 0.388 0.151 0.389 0.151 0.39 0.152 0.39 0.155 0.405 0.155 0.405 0.154 0.406 0.153 0.409 0.153 0.409 0.15 0.41 0.149 0.411 0.149 0.411 0.146 0.41 0.146 0.409 0.145 0.409 0.134 0.408 0.134 0.407 0.133 0.407 0.13 0.406 0.13 0.405 0.129 0.405 0.128
6 0.268 0.264 0.052000000000000005 0.08 0.28 0.224 0.28 0.225 0.279 0.226 0.27 0.226 0.27 0.227 0.269 0.228 0.258 0.228 0.258 0.229 0.257 0.23 0.248 0.23 0.248 0.231 0.247 0.232 0.242 0.232 0.242 0.235 0.243 0.235 0.244 0.236 0.244 0.245 0.245 0.245 0.246 0.246 0.246 0.255 0.247 0.255 0.248 0.256 0.248 0.265 0.249 0.265 0.25 0.266 0.25 0.275 0.251 0.275 0.252 0.276 0.252 0.285 0.253 0.285 0.254 0.286 0.254 0.295 0.255 0.295 0.256 0.296 0.256 0.301 0.275 0.301 0.276 0.302 0.276 0.303 0.293 0.303 0.293 0.294 0.292 0.294 0.291 0.293 0.291 0.274 0.29 0.274 0.289 0.273 0.289 0.254 0.288 0.254 0.287 0.253 0.287 0.234 0.286 0.234 0.285 0.233 0.285 0.224
7 0.47100000000000003 0.354 0.014 0.044 0.466 0.332 0.466 0.333 0.465 0.334 0.464 0.334 0.464 0.341 0.465 0.341 0.466 0.342 0.466 0.353 0.467 0.353 0.468 0.354 0.468 0.365 0.469 0.365 0.47 0.366 0.47 0.373 0.471 0.373 0.472 0.374 0.472 0.375 0.475 0.375 0.475 0.374 0.476 0.373 0.477 0.373 0.477 0.37 0.476 0.37 0.475 0.369 0.475 0.352 0.474 0.352 0.473 0.351 0.473 0.342 0.472 0.342 0.471 0.341 0.471 0.334 0.468 0.334 0.467 0.333 0.467 0.332
7 0.514 0.47200000000000003 0.012 0.024 0.51 0.46 0.51 0.461 0.509 0.462 0.508 0.462 0.508 0.477 0.509 0.477 0.51 0.478 0.51 0.481 0.511 0.481 0.512 0.482 0.512 0.483 0.517 0.483 0.517 0.482 0.518 0.481 0.519 0.481 0.519 0.472 0.518 0.472 0.517 0.471 0.517 0.46
7 0.506 0.404 0.024 0.012 0.504 0.398 0.504 0.399 0.503 0.4 0.496 0.4 0.496 0.401 0.495 0.402 0.494 0.402 0.494 0.405 0.495 0.405 0.496 0.406 0.496 0.409 0.511 0.409 0.511 0.408 0.512 0.407 0.517 0.407 0.517 0.398
