4 0.6880000000000001 0.113 0.016 0.018000000000000002 0.682 0.104 0.682 0.105 0.681 0.106 0.68 0.106 0.68 0.119 0.683 0.119 0.684 0.12 0.684 0.121 0.689 0.121 0.689 0.12 0.69 0.119 0.693 0.119 0.693 0.116 0.694 0.115 0.695 0.115 0.695 0.112 0.694 0.112 0.693 0.111 0.693 0.108 0.692 0.108 0.691 0.107 0.691 0.106 0.69 0.106 0.689 0.105 0.689 0.104
3 0.773 0.03 0.042 0.052000000000000005 0.756 0.004 0.756 0.005 0.755 0.006 0.754 0.006 0.754 0.011 0.753 0.012 0.752 0.012 0.752 0.047 0.753 0.047 0.754 0.048 0.754 0.049 0.757 0.049 0.758 0.05 0.758 0.051 0.763 0.051 0.764 0.052 0.764 0.053 0.767 0.053 0.768 0.054 0.768 0.055 0.773 0.055 0.773 0.054 0.774 0.053 0.781 0.053 0.781 0.052 0.782 0.051 0.787 0.051 0.787 0.05 0.788 0.049 0.789 0.049 0.789 0.048 0.79 0.047 0.791 0.047 0.791 0.026 0.792 0.025 0.793 0.025 0.793 0.006 0.792 0.006 0.791 0.005 0.791 0.004
5 0.291 0.099 0.014 0.01 0.286 0.094 0.286 0.095 0.285 0.096 0.284 0.096 0.284 0.103 0.297 0.103 0.297 0.096 0.296 0.096 0.295 0.095 0.295 0.094
5 0.232 0.093 0.016 0.014 0.226 0.086 0.226 0.089 0.225 0.09 0.224 0.09 0.224 0.095 0.225 0.095 0.226 0.096 0.226 0.097 0.227 0.097 0.228 0.098 0.228 0.099 0.233 0.099 0.233 0.098 0.234 0.097 0.237 0.097 0.237 0.096 0.238 0.095 0.239 0.095 0.239 0.088 0.238 0.088 0.237 0.087 0.237 0.086
4 0.401 0.036000000000000004 0.01 0.012 0.396 0.03 0.396 0.037 0.397 0.037 0.398 0.038 0.398 0.039 0.399 0.039 0.4 0.04 0.4 0.041 0.403 0.041 0.403 0.04 0.404 0.039 0.405 0.039 0.405 0.032 0.404 0.032 0.403 0.031 0.403 0.03
5 0.11800000000000001 0.046 0.02 0.028 0.112 0.032 0.112 0.033 0.111 0.034 0.11 0.034 0.11 0.035 0.109 0.036 0.108 0.036 0.108 0.053 0.115 0.053 0.116 0.054 0.116 0.055 0.119 0.055 0.12 0.056 0.12 0.057 0.125 0.057 0.125 0.052 0.126 0.051 0.127 0.051 0.127 0.038 0.126 0.038 0.125 0.037 0.125 0.036 0.124 0.036 0.123 0.035 0.123 0.034 0.12 0.034 0.119 0.033 0.119 0.032
4 0.853 0.193 0.022 0.022 0.85 0.182 0.85 0.183 0.849 0.184 0.846 0.184 0.846 0.185 0.845 0.186 0.844 0.186 0.844 0.191 0.843 0.192 0.842 0.192 0.842 0.201 0.843 0.201 0.844 0.202 0.844 0.203 0.859 0.203 0.859 0.202 0.86 0.201 0.861 0.201 0.861 0.192 0.862 0.191 0.863 0.191 0.863 0.186 0.862 0.186 0.861 0.185 0.861 0.184 0.854 0.184 0.853 0.183 0.853 0.182
2 0.99 0.201 0.02 0.042 0.988 0.18 0.988 0.181 0.987 0.182 0.986 0.182 0.986 0.189 0.985 0.19 0.984 0.19 0.984 0.195 0.983 0.196 0.982 0.196 0.982 0.207 0.981 0.208 0.98 0.208 0.98 0.213 0.981 0.213 0.982 0.214 0.982 0.219 0.993 0.219 0.994 0.22 0.994 0.221 0.999 0.221 0.999 0.18
2 0.751 0.225 0.07 0.038 0.72 0.206 0.72 0.213 0.719 0.214 0.718 0.214 0.718 0.227 0.717 0.228 0.716 0.228 0.716 0.233 0.721 0.233 0.722 0.234 0.722 0.235 0.735 0.235 0.736 0.236 0.736 0.237 0.749 0.237 0.75 0.238 0.75 0.239 0.761 0.239 0.762 0.24 0.762 0.241 0.775 0.241 0.776 0.242 0.776 0.243 0.781 0.243 0.781 0.236 0.782 0.235 0.783 0.235 0.783 0.22 0.784 0.219 0.785 0.219 0.785 0.212 0.774 0.212 0.773 0.211 0.773 0.21 0.752 0.21 0.751 0.209 0.751 0.208 0.73 0.208 0.729 0.207 0.729 0.206
4 0.9560000000000001 0.023 0.028 0.026000000000000002 0.944 0.01 0.944 0.011 0.943 0.012 0.942 0.012 0.942 0.027 0.943 0.027 0.944 0.028 0.944 0.031 0.945 0.031 0.946 0.032 0.946 0.033 0.951 0.033 0.952 0.034 0.952 0.035 0.963 0.035 0.963 0.034 0.964 0.033 0.967 0.033 0.967 0.032 0.968 0.031 0.969 0.031 0.969 0.012 0.968 0.012 0.967 0.011 0.967 0.01
3 0.885 0.189 0.042 0.078 0.874 0.15 0.874 0.151 0.873 0.152 0.872 0.152 0.872 0.159 0.871 0.16 0.87 0.16 0.87 0.169 0.869 0.17 0.868 0.17 0.868 0.181 0.867 0.182 0.866 0.182 0.866 0.203 0.865 0.204 0.864 0.204 0.864 0.205 0.865 0.205 0.866 0.206 0.866 0.221 0.867 0.221 0.868 0.222 0.868 0.223 0.879 0.223 0.88 0.224 0.88 0.225 0.891 0.225 0.892 0.226 0.892 0.227 0.899 0.227 0.899 0.226 0.9 0.225 0.901 0.225 0.901 0.222 0.902 0.221 0.903 0.221 0.903 0.174 0.904 0.173 0.905 0.173 0.905 0.154 0.904 0.154 0.903 0.153 0.903 0.152 0.902 0.152 0.901 0.151 0.901 0.15
3 0.769 0.17 0.062 0.07200000000000001 0.75 0.134 0.75 0.135 0.749 0.136 0.748 0.136 0.748 0.137 0.747 0.138 0.746 0.138 0.746 0.143 0.745 0.144 0.744 0.144 0.744 0.149 0.743 0.15 0.742 0.15 0.742 0.159 0.741 0.16 0.74 0.16 0.74 0.171 0.739 0.172 0.738 0.172 0.738 0.193 0.739 0.193 0.74 0.194 0.74 0.201 0.743 0.201 0.744 0.202 0.744 0.203 0.755 0.203 0.756 0.204 0.756 0.205 0.793 0.205 0.793 0.204 0.794 0.203 0.795 0.203 0.795 0.2 0.796 0.199 0.797 0.199 0.797 0.182 0.798 0.181 0.799 0.181 0.799 0.14 0.798 0.14 0.797 0.139 0.797 0.138 0.786 0.138 0.785 0.137 0.785 0.136 0.772 0.136 0.771 0.135 0.771 0.134
3 0.635 0.165 0.054 0.074 0.632 0.128 0.632 0.129 0.631 0.13 0.626 0.13 0.626 0.131 0.625 0.132 0.62 0.132 0.62 0.133 0.619 0.134 0.616 0.134 0.616 0.135 0.615 0.136 0.614 0.136 0.614 0.137 0.613 0.138 0.612 0.138 0.612 0.143 0.611 0.144 0.61 0.144 0.61 0.155 0.609 0.156 0.608 0.156 0.608 0.197 0.609 0.197 0.61 0.198 0.61 0.199 0.627 0.199 0.628 0.2 0.628 0.201 0.647 0.201 0.647 0.2 0.648 0.199 0.651 0.199 0.651 0.198 0.652 0.197 0.653 0.197 0.653 0.194 0.654 0.193 0.655 0.193 0.655 0.184 0.656 0.183 0.657 0.183 0.657 0.166 0.658 0.165 0.659 0.165 0.659 0.144 0.66 0.143 0.661 0.143 0.661 0.132 0.66 0.132 0.659 0.131 0.659 0.13 0.654 0.13 0.653 0.129 0.653 0.128
3 0.398 0.14300000000000002 0.068 0.046 0.37 0.12 0.37 0.121 0.369 0.122 0.368 0.122 0.368 0.129 0.367 0.13 0.366 0.13 0.366 0.139 0.365 0.14 0.364 0.14 0.364 0.151 0.365 0.151 0.366 0.152 0.366 0.157 0.367 0.157 0.368 0.158 0.368 0.161 0.369 0.161 0.37 0.162 0.37 0.163 0.377 0.163 0.378 0.164 0.378 0.165 0.417 0.165 0.417 0.164 0.418 0.163 0.427 0.163 0.427 0.162 0.428 0.161 0.429 0.161 0.429 0.16 0.43 0.159 0.431 0.159 0.431 0.14 0.43 0.14 0.429 0.139 0.429 0.126 0.428 0.126 0.427 0.125 0.427 0.122 0.426 0.122 0.425 0.121 0.425 0.12
3 0.233 0.13 0.058 0.052000000000000005 0.22 0.104 0.22 0.105 0.219 0.106 0.212 0.106 0.212 0.107 0.211 0.108 0.208 0.108 0.208 0.111 0.207 0.112 0.206 0.112 0.206 0.119 0.205 0.12 0.204 0.12 0.204 0.143 0.205 0.143 0.206 0.144 0.206 0.149 0.207 0.149 0.208 0.15 0.208 0.151 0.209 0.151 0.21 0.152 0.21 0.153 0.219 0.153 0.22 0.154 0.22 0.155 0.259 0.155 0.259 0.152 0.26 0.151 0.261 0.151 0.261 0.108 0.26 0.108 0.259 0.107 0.259 0.106 0.232 0.106 0.231 0.105 0.231 0.104
5 0.392 0.096 0.012 0.016 0.39 0.088 0.39 0.089 0.389 0.09 0.388 0.09 0.388 0.091 0.387 0.092 0.386 0.092 0.386 0.099 0.387 0.099 0.388 0.1 0.388 0.103 0.395 0.103 0.395 0.1 0.396 0.099 0.397 0.099 0.397 0.088
3 0.6980000000000001 0.027 0.068 0.046 0.672 0.004 0.672 0.005 0.671 0.006 0.666 0.006 0.666 0.021 0.665 0.022 0.664 0.022 0.664 0.039 0.665 0.039 0.666 0.04 0.666 0.041 0.669 0.041 0.67 0.042 0.67 0.043 0.677 0.043 0.678 0.044 0.678 0.045 0.687 0.045 0.688 0.046 0.688 0.047 0.693 0.047 0.694 0.048 0.694 0.049 0.701 0.049 0.701 0.048 0.702 0.047 0.717 0.047 0.717 0.046 0.718 0.045 0.723 0.045 0.723 0.044 0.724 0.043 0.727 0.043 0.727 0.04 0.728 0.039 0.729 0.039 0.729 0.01 0.73 0.009 0.731 0.009 0.731 0.006 0.73 0.006 0.729 0.005 0.729 0.004
3 0.896 0.031 0.056 0.05 0.872 0.006 0.872 0.007 0.871 0.008 0.87 0.008 0.87 0.023 0.869 0.024 0.868 0.024 0.868 0.035 0.869 0.035 0.87 0.036 0.87 0.039 0.873 0.039 0.874 0.04 0.874 0.041 0.879 0.041 0.88 0.042 0.88 0.043 0.881 0.043 0.882 0.044 0.882 0.045 0.883 0.045 0.884 0.046 0.884 0.047 0.885 0.047 0.886 0.048 0.886 0.049 0.887 0.049 0.888 0.05 0.888 0.051 0.891 0.051 0.892 0.052 0.892 0.053 0.893 0.053 0.894 0.054 0.894 0.055 0.899 0.055 0.899 0.054 0.9 0.053 0.901 0.053 0.901 0.052 0.902 0.051 0.905 0.051 0.905 0.05 0.906 0.049 0.907 0.049 0.907 0.048 0.908 0.047 0.911 0.047 0.911 0.046 0.912 0.045 0.913 0.045 0.913 0.044 0.914 0.043 0.915 0.043 0.915 0.042 0.916 0.041 0.919 0.041 0.919 0.04 0.92 0.039 0.921 0.039 0.921 0.036 0.922 0.035 0.923 0.035 0.923 0.006
3 0.268 0.024 0.076 0.048 0.236 0.0 0.236 0.001 0.235 0.002 0.232 0.002 0.232 0.005 0.231 0.006 0.23 0.006 0.23 0.013 0.231 0.013 0.232 0.014 0.232 0.015 0.233 0.015 0.234 0.016 0.234 0.017 0.235 0.017 0.236 0.018 0.236 0.021 0.237 0.021 0.238 0.022 0.238 0.025 0.239 0.025 0.24 0.026 0.24 0.033 0.241 0.033 0.242 0.034 0.242 0.037 0.243 0.037 0.244 0.038 0.244 0.047 0.255 0.047 0.255 0.046 0.256 0.045 0.259 0.045 0.259 0.044 0.26 0.043 0.261 0.043 0.261 0.042 0.262 0.041 0.263 0.041 0.263 0.04 0.264 0.039 0.267 0.039 0.267 0.038 0.268 0.037 0.269 0.037 0.269 0.036 0.27 0.035 0.271 0.035 0.271 0.034 0.272 0.033 0.273 0.033 0.273 0.032 0.274 0.031 0.277 0.031 0.277 0.03 0.278 0.029 0.279 0.029 0.279 0.028 0.28 0.027 0.283 0.027 0.283 0.026 0.284 0.025 0.285 0.025 0.285 0.024 0.286 0.023 0.287 0.023 0.287 0.022 0.288 0.021 0.289 0.021 0.289 0.02 0.29 0.019 0.291 0.019 0.291 0.018 0.292 0.017 0.295 0.017 0.295 0.016 0.296 0.015 0.299 0.015 0.299 0.014 0.3 0.013 0.301 0.013 0.301 0.012 0.302 0.011 0.303 0.011 0.303 0.01 0.304 0.009 0.305 0.009 0.305 0.006 0.304 0.006 0.303 0.005 0.303 0.002 0.302 0.002 0.301 0.001 0.301 0.0
5 0.84 0.097 0.024 0.014 0.836 0.09 0.836 0.091 0.835 0.092 0.832 0.092 0.832 0.093 0.831 0.094 0.83 0.094 0.83 0.095 0.829 0.096 0.828 0.096 0.828 0.101 0.831 0.101 0.832 0.102 0.832 0.103 0.849 0.103 0.849 0.1 0.85 0.099 0.851 0.099 0.851 0.098 0.85 0.098 0.849 0.097 0.849 0.092 0.848 0.092 0.847 0.091 0.847 0.09
5 0.343 0.126 0.014 0.012 0.338 0.12 0.338 0.121 0.337 0.122 0.336 0.122 0.336 0.129 0.337 0.129 0.338 0.13 0.338 0.131 0.347 0.131 0.347 0.13 0.348 0.129 0.349 0.129 0.349 0.12
7 0.111 0.46900000000000003 0.022 0.022 0.102 0.458 0.102 0.459 0.101 0.46 0.1 0.46 0.1 0.477 0.105 0.477 0.106 0.478 0.106 0.479 0.115 0.479 0.115 0.478 0.116 0.477 0.117 0.477 0.117 0.476 0.118 0.475 0.119 0.475 0.119 0.472 0.12 0.471 0.121 0.471 0.121 0.462 0.12 0.462 0.119 0.461 0.119 0.458
0 0.079 0.1 0.11 0.08 0.03 0.06 0.03 0.061 0.029 0.062 0.028 0.062 0.028 0.063 0.027 0.064 0.026 0.064 0.026 0.091 0.025 0.092 0.024 0.092 0.024 0.131 0.033 0.131 0.034 0.132 0.034 0.133 0.049 0.133 0.05 0.134 0.05 0.135 0.057 0.135 0.058 0.136 0.058 0.137 0.075 0.137 0.076 0.138 0.076 0.139 0.119 0.139 0.119 0.138 0.12 0.137 0.125 0.137 0.125 0.122 0.126 0.121 0.127 0.121 0.127 0.114 0.128 0.113 0.129 0.113 0.129 0.098 0.13 0.097 0.131 0.097 0.131 0.082 0.132 0.081 0.133 0.081 0.133 0.07 0.114 0.07 0.113 0.069 0.113 0.068 0.104 0.068 0.103 0.067 0.103 0.066 0.082 0.066 0.081 0.065 0.081 0.064 0.058 0.064 0.057 0.063 0.057 0.062 0.038 0.062 0.037 0.061 0.037 0.06
5 0.353 0.064 0.01 0.012 0.348 0.058 0.348 0.067 0.353 0.067 0.354 0.068 0.354 0.069 0.357 0.069 0.357 0.058
5 0.197 0.046 0.018000000000000002 0.016 0.188 0.038 0.188 0.051 0.197 0.051 0.198 0.052 0.198 0.053 0.205 0.053 0.205 0.04 0.196 0.04 0.195 0.039 0.195 0.038
5 0.617 0.089 0.022 0.042 0.616 0.068 0.616 0.069 0.615 0.07 0.614 0.07 0.614 0.071 0.613 0.072 0.612 0.072 0.612 0.073 0.611 0.074 0.61 0.074 0.61 0.081 0.609 0.082 0.608 0.082 0.608 0.087 0.607 0.088 0.606 0.088 0.606 0.105 0.607 0.105 0.608 0.106 0.608 0.107 0.609 0.107 0.61 0.108 0.61 0.109 0.619 0.109 0.619 0.108 0.62 0.107 0.621 0.107 0.621 0.106 0.622 0.105 0.623 0.105 0.623 0.088 0.624 0.087 0.625 0.087 0.625 0.082 0.626 0.081 0.627 0.081 0.627 0.072 0.626 0.072 0.625 0.071 0.625 0.07 0.624 0.07 0.623 0.069 0.623 0.068
5 0.718 0.127 0.016 0.01 0.71 0.122 0.71 0.131 0.725 0.131 0.725 0.124 0.718 0.124 0.717 0.123 0.717 0.122
7 0.151 0.166 0.026000000000000002 0.024 0.142 0.154 0.142 0.155 0.141 0.156 0.14 0.156 0.14 0.159 0.139 0.16 0.138 0.16 0.138 0.173 0.139 0.173 0.14 0.174 0.14 0.175 0.149 0.175 0.15 0.176 0.15 0.177 0.159 0.177 0.159 0.176 0.16 0.175 0.161 0.175 0.161 0.17 0.162 0.169 0.163 0.169 0.163 0.158 0.162 0.158 0.161 0.157 0.161 0.156 0.148 0.156 0.147 0.155 0.147 0.154
7 0.111 0.164 0.026000000000000002 0.02 0.1 0.154 0.1 0.157 0.099 0.158 0.098 0.158 0.098 0.169 0.099 0.169 0.1 0.17 0.1 0.171 0.101 0.171 0.102 0.172 0.102 0.173 0.113 0.173 0.113 0.172 0.114 0.171 0.121 0.171 0.121 0.17 0.122 0.169 0.123 0.169 0.123 0.154
