4 0.872 0.559 0.016 0.022 0.868 0.548 0.868 0.549 0.867 0.55 0.866 0.55 0.866 0.551 0.865 0.552 0.864 0.552 0.864 0.567 0.869 0.567 0.87 0.568 0.87 0.569 0.877 0.569 0.877 0.564 0.878 0.563 0.879 0.563 0.879 0.552 0.878 0.552 0.877 0.551 0.877 0.55 0.874 0.55 0.873 0.549 0.873 0.548
5 0.098 0.449 0.036000000000000004 0.026000000000000002 0.094 0.436 0.094 0.437 0.093 0.438 0.082 0.438 0.082 0.439 0.081 0.44 0.08 0.44 0.08 0.457 0.081 0.457 0.082 0.458 0.082 0.459 0.083 0.459 0.084 0.46 0.084 0.461 0.109 0.461 0.109 0.46 0.11 0.459 0.113 0.459 0.113 0.456 0.114 0.455 0.115 0.455 0.115 0.44 0.114 0.44 0.113 0.439 0.113 0.438 0.112 0.438 0.111 0.437 0.111 0.436
5 0.8280000000000001 0.488 0.012 0.016 0.826 0.48 0.826 0.481 0.825 0.482 0.824 0.482 0.824 0.487 0.823 0.488 0.822 0.488 0.822 0.493 0.823 0.493 0.824 0.494 0.824 0.495 0.831 0.495 0.831 0.494 0.832 0.493 0.833 0.493 0.833 0.482 0.828 0.482 0.827 0.481 0.827 0.48
5 0.8280000000000001 0.489 0.012 0.014 0.826 0.482 0.826 0.483 0.825 0.484 0.824 0.484 0.824 0.487 0.823 0.488 0.822 0.488 0.822 0.493 0.823 0.493 0.824 0.494 0.824 0.495 0.831 0.495 0.831 0.494 0.832 0.493 0.833 0.493 0.833 0.488 0.832 0.488 0.831 0.487 0.831 0.484 0.828 0.484 0.827 0.483 0.827 0.482
6 0.899 0.37 0.074 0.08 0.864 0.33 0.864 0.339 0.863 0.34 0.862 0.34 0.862 0.401 0.863 0.401 0.864 0.402 0.864 0.403 0.867 0.403 0.868 0.404 0.868 0.405 0.885 0.405 0.886 0.406 0.886 0.407 0.895 0.407 0.896 0.408 0.896 0.409 0.929 0.409 0.929 0.398 0.93 0.397 0.931 0.397 0.931 0.376 0.932 0.375 0.933 0.375 0.933 0.352 0.934 0.351 0.935 0.351 0.935 0.342 0.934 0.342 0.933 0.341 0.933 0.336 0.926 0.336 0.925 0.335 0.925 0.334 0.896 0.334 0.895 0.333 0.895 0.332 0.878 0.332 0.877 0.331 0.877 0.33
4 0.074 0.505 0.02 0.026000000000000002 0.068 0.492 0.068 0.493 0.067 0.494 0.066 0.494 0.066 0.495 0.065 0.496 0.064 0.496 0.064 0.499 0.065 0.499 0.066 0.5 0.066 0.507 0.065 0.508 0.064 0.508 0.064 0.513 0.065 0.513 0.066 0.514 0.066 0.515 0.077 0.515 0.078 0.516 0.078 0.517 0.081 0.517 0.081 0.516 0.082 0.515 0.083 0.515 0.083 0.496 0.082 0.496 0.081 0.495 0.081 0.494 0.08 0.494 0.079 0.493 0.079 0.492
4 0.92 0.434 0.02 0.02 0.912 0.424 0.912 0.427 0.911 0.428 0.91 0.428 0.91 0.439 0.911 0.439 0.912 0.44 0.912 0.441 0.913 0.441 0.914 0.442 0.914 0.443 0.925 0.443 0.925 0.442 0.926 0.441 0.927 0.441 0.927 0.44 0.928 0.439 0.929 0.439 0.929 0.426 0.928 0.426 0.927 0.425 0.927 0.424
4 0.879 0.43 0.018000000000000002 0.024 0.872 0.418 0.872 0.419 0.871 0.42 0.87 0.42 0.87 0.441 0.885 0.441 0.885 0.44 0.886 0.439 0.887 0.439 0.887 0.42 0.886 0.42 0.885 0.419 0.885 0.418
7 0.852 0.483 0.02 0.014 0.846 0.476 0.846 0.477 0.845 0.478 0.844 0.478 0.844 0.479 0.843 0.48 0.842 0.48 0.842 0.483 0.843 0.483 0.844 0.484 0.844 0.487 0.847 0.487 0.848 0.488 0.848 0.489 0.857 0.489 0.857 0.488 0.858 0.487 0.861 0.487 0.861 0.476
5 0.483 0.433 0.01 0.01 0.478 0.428 0.478 0.437 0.487 0.437 0.487 0.428
5 0.481 0.495 0.006 0.01 0.478 0.49 0.478 0.499 0.483 0.499 0.483 0.49
7 0.485 0.462 0.01 0.04 0.48 0.442 0.48 0.481 0.489 0.481 0.489 0.442
4 0.20800000000000002 0.51 0.02 0.028 0.2 0.496 0.2 0.497 0.199 0.498 0.198 0.498 0.198 0.521 0.201 0.521 0.202 0.522 0.202 0.523 0.215 0.523 0.215 0.522 0.216 0.521 0.217 0.521 0.217 0.502 0.216 0.502 0.215 0.501 0.215 0.5 0.214 0.5 0.213 0.499 0.213 0.498 0.204 0.498 0.203 0.497 0.203 0.496
