4 0.403 0.609 0.01 0.01 0.398 0.604 0.398 0.613 0.405 0.613 0.405 0.612 0.406 0.611 0.407 0.611 0.407 0.606 0.406 0.606 0.405 0.605 0.405 0.604
7 0.113 0.581 0.018000000000000002 0.014 0.106 0.574 0.106 0.575 0.105 0.576 0.104 0.576 0.104 0.579 0.105 0.579 0.106 0.58 0.106 0.581 0.107 0.581 0.108 0.582 0.108 0.583 0.109 0.583 0.11 0.584 0.11 0.585 0.111 0.585 0.112 0.586 0.112 0.587 0.121 0.587 0.121 0.578 0.12 0.578 0.119 0.577 0.119 0.576 0.114 0.576 0.113 0.575 0.113 0.574
4 0.6930000000000001 0.739 0.018000000000000002 0.018000000000000002 0.686 0.73 0.686 0.731 0.685 0.732 0.684 0.732 0.684 0.733 0.685 0.733 0.686 0.734 0.686 0.741 0.687 0.741 0.688 0.742 0.688 0.747 0.699 0.747 0.699 0.746 0.7 0.745 0.701 0.745 0.701 0.732 0.7 0.732 0.699 0.731 0.699 0.73
4 0.149 0.656 0.018000000000000002 0.02 0.144 0.646 0.144 0.647 0.143 0.648 0.142 0.648 0.142 0.657 0.141 0.658 0.14 0.658 0.14 0.661 0.141 0.661 0.142 0.662 0.142 0.665 0.155 0.665 0.155 0.664 0.156 0.663 0.157 0.663 0.157 0.648 0.154 0.648 0.153 0.647 0.153 0.646
4 0.097 0.654 0.018000000000000002 0.02 0.09 0.644 0.09 0.645 0.089 0.646 0.088 0.646 0.088 0.661 0.089 0.661 0.09 0.662 0.09 0.663 0.101 0.663 0.101 0.662 0.102 0.661 0.103 0.661 0.103 0.66 0.104 0.659 0.105 0.659 0.105 0.648 0.104 0.648 0.103 0.647 0.103 0.644
4 0.066 0.544 0.016 0.016 0.058 0.536 0.058 0.549 0.061 0.549 0.062 0.55 0.062 0.551 0.069 0.551 0.069 0.55 0.07 0.549 0.071 0.549 0.071 0.548 0.072 0.547 0.073 0.547 0.073 0.54 0.072 0.54 0.071 0.539 0.071 0.536
4 0.398 0.737 0.012 0.01 0.394 0.732 0.394 0.735 0.393 0.736 0.392 0.736 0.392 0.737 0.393 0.737 0.394 0.738 0.394 0.741 0.401 0.741 0.401 0.738 0.402 0.737 0.403 0.737 0.403 0.734 0.402 0.734 0.401 0.733 0.401 0.732
5 0.6970000000000001 0.658 0.01 0.008 0.692 0.654 0.692 0.661 0.701 0.661 0.701 0.654
4 0.661 0.64 0.01 0.012 0.656 0.634 0.656 0.645 0.665 0.645 0.665 0.634
5 0.209 0.632 0.018000000000000002 0.016 0.21 0.624 0.21 0.625 0.209 0.626 0.204 0.626 0.204 0.627 0.203 0.628 0.202 0.628 0.202 0.629 0.201 0.63 0.2 0.63 0.2 0.635 0.201 0.635 0.202 0.636 0.202 0.637 0.203 0.637 0.204 0.638 0.204 0.639 0.213 0.639 0.213 0.638 0.214 0.637 0.215 0.637 0.215 0.636 0.216 0.635 0.217 0.635 0.217 0.628 0.216 0.628 0.215 0.627 0.215 0.626 0.214 0.626 0.213 0.625 0.213 0.624
7 0.2 0.605 0.04 0.038 0.182 0.586 0.182 0.587 0.181 0.588 0.18 0.588 0.18 0.595 0.181 0.595 0.182 0.596 0.182 0.607 0.183 0.607 0.184 0.608 0.184 0.615 0.185 0.615 0.186 0.616 0.186 0.617 0.187 0.617 0.188 0.618 0.188 0.619 0.189 0.619 0.19 0.62 0.19 0.621 0.199 0.621 0.2 0.622 0.2 0.623 0.215 0.623 0.215 0.622 0.216 0.621 0.217 0.621 0.217 0.602 0.218 0.601 0.219 0.601 0.219 0.588 0.218 0.588 0.217 0.587 0.217 0.586
