5 0.135 0.253 0.022 0.022 0.134 0.242 0.134 0.243 0.133 0.244 0.126 0.244 0.126 0.245 0.125 0.246 0.124 0.246 0.124 0.261 0.125 0.261 0.126 0.262 0.126 0.263 0.143 0.263 0.143 0.262 0.144 0.261 0.145 0.261 0.145 0.244 0.142 0.244 0.141 0.243 0.141 0.242
7 0.91 0.385 0.06 0.022 0.882 0.374 0.882 0.375 0.881 0.376 0.88 0.376 0.88 0.377 0.881 0.377 0.882 0.378 0.882 0.381 0.883 0.381 0.884 0.382 0.884 0.385 0.885 0.385 0.886 0.386 0.886 0.387 0.887 0.387 0.888 0.388 0.888 0.391 0.891 0.391 0.892 0.392 0.892 0.393 0.909 0.393 0.91 0.394 0.91 0.395 0.935 0.395 0.935 0.394 0.936 0.393 0.939 0.393 0.939 0.388 0.938 0.388 0.937 0.387 0.937 0.386 0.936 0.386 0.935 0.385 0.935 0.38 0.934 0.38 0.933 0.379 0.933 0.376 0.924 0.376 0.923 0.375 0.923 0.374
7 0.556 0.454 0.012 0.008 0.552 0.45 0.552 0.451 0.551 0.452 0.55 0.452 0.55 0.455 0.551 0.455 0.552 0.456 0.552 0.457 0.559 0.457 0.559 0.454 0.56 0.453 0.561 0.453 0.561 0.452 0.56 0.452 0.559 0.451 0.559 0.45
7 0.108 0.233 0.012 0.014 0.104 0.226 0.104 0.229 0.103 0.23 0.102 0.23 0.102 0.237 0.103 0.237 0.104 0.238 0.104 0.239 0.111 0.239 0.111 0.238 0.112 0.237 0.113 0.237 0.113 0.228 0.112 0.228 0.111 0.227 0.111 0.226
4 0.555 0.506 0.026000000000000002 0.02 0.546 0.496 0.546 0.497 0.545 0.498 0.544 0.498 0.544 0.503 0.543 0.504 0.542 0.504 0.542 0.511 0.543 0.511 0.544 0.512 0.544 0.513 0.545 0.513 0.546 0.514 0.546 0.515 0.565 0.515 0.565 0.514 0.566 0.513 0.567 0.513 0.567 0.498 0.566 0.498 0.565 0.497 0.565 0.496
7 0.114 0.147 0.008 0.01 0.112 0.142 0.112 0.143 0.111 0.144 0.11 0.144 0.11 0.151 0.115 0.151 0.115 0.15 0.116 0.149 0.117 0.149 0.117 0.144 0.116 0.144 0.115 0.143 0.115 0.142
4 0.44 0.483 0.024 0.026000000000000002 0.43 0.47 0.43 0.471 0.429 0.472 0.428 0.472 0.428 0.493 0.429 0.493 0.43 0.494 0.43 0.495 0.437 0.495 0.437 0.494 0.438 0.493 0.439 0.493 0.439 0.492 0.44 0.491 0.447 0.491 0.447 0.49 0.448 0.489 0.449 0.489 0.449 0.48 0.45 0.479 0.451 0.479 0.451 0.478 0.45 0.478 0.449 0.477 0.449 0.47
7 0.5710000000000001 0.47400000000000003 0.006 0.008 0.568 0.47 0.568 0.475 0.569 0.475 0.57 0.476 0.57 0.477 0.573 0.477 0.573 0.47
6 0.619 0.46900000000000003 0.046 0.074 0.598 0.432 0.598 0.435 0.597 0.436 0.596 0.436 0.596 0.503 0.597 0.503 0.598 0.504 0.598 0.505 0.639 0.505 0.639 0.498 0.64 0.497 0.641 0.497 0.641 0.434 0.64 0.434 0.639 0.433 0.639 0.432
6 0.085 0.417 0.074 0.074 0.086 0.38 0.086 0.381 0.085 0.382 0.052 0.382 0.052 0.383 0.051 0.384 0.05 0.384 0.05 0.385 0.049 0.386 0.048 0.386 0.048 0.453 0.119 0.453 0.119 0.452 0.12 0.451 0.121 0.451 0.121 0.382 0.118 0.382 0.117 0.381 0.117 0.38
5 0.497 0.503 0.014 0.014 0.494 0.496 0.494 0.497 0.493 0.498 0.492 0.498 0.492 0.499 0.491 0.5 0.49 0.5 0.49 0.507 0.493 0.507 0.494 0.508 0.494 0.509 0.501 0.509 0.501 0.508 0.502 0.507 0.503 0.507 0.503 0.496
2 0.499 0.664 0.13 0.048 0.474 0.64 0.474 0.641 0.473 0.642 0.436 0.642 0.436 0.643 0.435 0.644 0.434 0.644 0.434 0.657 0.435 0.657 0.436 0.658 0.436 0.683 0.437 0.683 0.438 0.684 0.438 0.685 0.439 0.685 0.44 0.686 0.44 0.687 0.449 0.687 0.449 0.686 0.45 0.685 0.557 0.685 0.557 0.684 0.558 0.683 0.559 0.683 0.559 0.676 0.56 0.675 0.561 0.675 0.561 0.654 0.562 0.653 0.563 0.653 0.563 0.648 0.562 0.648 0.561 0.647 0.561 0.644 0.56 0.644 0.559 0.643 0.559 0.642 0.504 0.642 0.503 0.641 0.503 0.64
4 0.555 0.544 0.038 0.024 0.566 0.532 0.566 0.533 0.565 0.534 0.536 0.534 0.536 0.543 0.537 0.543 0.538 0.544 0.538 0.545 0.537 0.546 0.536 0.546 0.536 0.553 0.539 0.553 0.54 0.554 0.54 0.555 0.573 0.555 0.573 0.534 0.572 0.534 0.571 0.533 0.571 0.532
