7 0.026000000000000002 0.639 0.012 0.01 0.02 0.634 0.02 0.641 0.021 0.641 0.022 0.642 0.022 0.643 0.027 0.643 0.027 0.642 0.028 0.641 0.029 0.641 0.029 0.64 0.03 0.639 0.031 0.639 0.031 0.634
5 0.989 0.9500000000000001 0.022 0.024 0.982 0.938 0.982 0.939 0.981 0.94 0.98 0.94 0.98 0.941 0.979 0.942 0.978 0.942 0.978 0.959 0.981 0.959 0.982 0.96 0.982 0.961 0.999 0.961 0.999 0.94 0.992 0.94 0.991 0.939 0.991 0.938
6 0.301 0.34500000000000003 0.07 0.106 0.304 0.292 0.304 0.293 0.303 0.294 0.3 0.294 0.3 0.295 0.299 0.296 0.294 0.296 0.294 0.297 0.293 0.298 0.288 0.298 0.288 0.299 0.287 0.3 0.282 0.3 0.282 0.301 0.281 0.302 0.276 0.302 0.276 0.303 0.275 0.304 0.27 0.304 0.27 0.305 0.269 0.306 0.268 0.306 0.268 0.309 0.267 0.31 0.266 0.31 0.266 0.311 0.267 0.311 0.268 0.312 0.268 0.319 0.269 0.319 0.27 0.32 0.27 0.329 0.271 0.329 0.272 0.33 0.272 0.337 0.273 0.337 0.274 0.338 0.274 0.343 0.275 0.343 0.276 0.344 0.276 0.351 0.277 0.351 0.278 0.352 0.278 0.357 0.279 0.357 0.28 0.358 0.28 0.365 0.281 0.365 0.282 0.366 0.282 0.373 0.283 0.373 0.284 0.374 0.284 0.379 0.285 0.379 0.286 0.38 0.286 0.383 0.287 0.383 0.288 0.384 0.288 0.389 0.289 0.389 0.29 0.39 0.29 0.393 0.291 0.393 0.292 0.394 0.292 0.395 0.293 0.395 0.294 0.396 0.294 0.397 0.305 0.397 0.305 0.396 0.306 0.395 0.309 0.395 0.309 0.394 0.31 0.393 0.315 0.393 0.315 0.388 0.316 0.387 0.319 0.387 0.319 0.386 0.32 0.385 0.323 0.385 0.323 0.384 0.324 0.383 0.329 0.383 0.329 0.382 0.33 0.381 0.331 0.381 0.331 0.38 0.332 0.379 0.335 0.379 0.335 0.364 0.334 0.364 0.333 0.363 0.333 0.354 0.332 0.354 0.331 0.353 0.331 0.348 0.33 0.348 0.329 0.347 0.329 0.342 0.328 0.342 0.327 0.341 0.327 0.338 0.326 0.338 0.325 0.337 0.325 0.33 0.324 0.33 0.323 0.329 0.323 0.322 0.322 0.322 0.321 0.321 0.321 0.318 0.32 0.318 0.319 0.317 0.319 0.31 0.318 0.31 0.317 0.309 0.317 0.302 0.316 0.302 0.315 0.301 0.315 0.296 0.314 0.296 0.313 0.295 0.313 0.292
7 0.41500000000000004 0.215 0.018000000000000002 0.01 0.414 0.21 0.414 0.211 0.413 0.212 0.41 0.212 0.41 0.213 0.409 0.214 0.406 0.214 0.406 0.217 0.407 0.217 0.408 0.218 0.408 0.219 0.421 0.219 0.421 0.218 0.422 0.217 0.423 0.217 0.423 0.21
7 0.448 0.309 0.02 0.03 0.45 0.294 0.45 0.295 0.449 0.296 0.448 0.296 0.448 0.301 0.447 0.302 0.446 0.302 0.446 0.307 0.445 0.308 0.444 0.308 0.444 0.311 0.443 0.312 0.442 0.312 0.442 0.313 0.441 0.314 0.438 0.314 0.438 0.319 0.439 0.319 0.44 0.32 0.44 0.321 0.443 0.321 0.444 0.322 0.444 0.323 0.447 0.323 0.447 0.322 0.448 0.321 0.451 0.321 0.451 0.32 0.452 0.319 0.453 0.319 0.453 0.318 0.454 0.317 0.455 0.317 0.455 0.308 0.456 0.307 0.457 0.307 0.457 0.294
7 0.031 0.55 0.022 0.028 0.028 0.536 0.028 0.537 0.027 0.538 0.026 0.538 0.026 0.539 0.025 0.54 0.024 0.54 0.024 0.541 0.023 0.542 0.022 0.542 0.022 0.545 0.021 0.546 0.02 0.546 0.02 0.561 0.021 0.561 0.022 0.562 0.022 0.563 0.035 0.563 0.035 0.562 0.036 0.561 0.037 0.561 0.037 0.558 0.038 0.557 0.039 0.557 0.039 0.552 0.04 0.551 0.041 0.551 0.041 0.548 0.04 0.548 0.039 0.547 0.039 0.54 0.038 0.54 0.037 0.539 0.037 0.536
7 0.507 0.504 0.022 0.02 0.498 0.494 0.498 0.495 0.497 0.496 0.496 0.496 0.496 0.509 0.497 0.509 0.498 0.51 0.498 0.511 0.499 0.511 0.5 0.512 0.5 0.513 0.513 0.513 0.513 0.512 0.514 0.511 0.517 0.511 0.517 0.496 0.512 0.496 0.511 0.495 0.511 0.494
7 0.052000000000000005 0.735 0.012 0.01 0.048 0.73 0.048 0.733 0.047 0.734 0.046 0.734 0.046 0.737 0.047 0.737 0.048 0.738 0.048 0.739 0.053 0.739 0.053 0.738 0.054 0.737 0.055 0.737 0.055 0.734 0.056 0.733 0.057 0.733 0.057 0.732 0.056 0.732 0.055 0.731 0.055 0.73
7 0.045 0.647 0.01 0.01 0.042 0.642 0.042 0.643 0.041 0.644 0.04 0.644 0.04 0.649 0.041 0.649 0.042 0.65 0.042 0.651 0.045 0.651 0.045 0.65 0.046 0.649 0.047 0.649 0.047 0.648 0.048 0.647 0.049 0.647 0.049 0.642
7 0.532 0.596 0.012 0.012 0.526 0.59 0.526 0.599 0.527 0.599 0.528 0.6 0.528 0.601 0.533 0.601 0.533 0.6 0.534 0.599 0.535 0.599 0.535 0.598 0.536 0.597 0.537 0.597 0.537 0.592 0.536 0.592 0.535 0.591 0.535 0.59
7 0.46 0.484 0.012 0.012 0.454 0.478 0.454 0.487 0.457 0.487 0.458 0.488 0.458 0.489 0.461 0.489 0.461 0.488 0.462 0.487 0.463 0.487 0.463 0.486 0.464 0.485 0.465 0.485 0.465 0.482 0.464 0.482 0.463 0.481 0.463 0.478
7 0.485 0.402 0.01 0.024 0.48 0.39 0.48 0.409 0.481 0.409 0.482 0.41 0.482 0.411 0.483 0.411 0.484 0.412 0.484 0.413 0.487 0.413 0.487 0.41 0.488 0.409 0.489 0.409 0.489 0.406 0.488 0.406 0.487 0.405 0.487 0.394 0.486 0.394 0.485 0.393 0.485 0.39
7 0.42 0.356 0.012 0.012 0.416 0.35 0.416 0.351 0.415 0.352 0.414 0.352 0.414 0.359 0.415 0.359 0.416 0.36 0.416 0.361 0.423 0.361 0.423 0.36 0.424 0.359 0.425 0.359 0.425 0.352 0.424 0.352 0.423 0.351 0.423 0.35
7 0.446 0.318 0.016 0.012 0.446 0.312 0.446 0.313 0.445 0.314 0.44 0.314 0.44 0.315 0.439 0.316 0.438 0.316 0.438 0.317 0.439 0.317 0.44 0.318 0.44 0.321 0.443 0.321 0.444 0.322 0.444 0.323 0.447 0.323 0.447 0.322 0.448 0.321 0.451 0.321 0.451 0.32 0.452 0.319 0.453 0.319 0.453 0.314 0.452 0.314 0.451 0.313 0.451 0.312
