5 0.761 0.46900000000000003 0.022 0.014 0.756 0.462 0.756 0.463 0.755 0.464 0.754 0.464 0.754 0.465 0.753 0.466 0.752 0.466 0.752 0.469 0.751 0.47 0.75 0.47 0.75 0.471 0.751 0.471 0.752 0.472 0.752 0.473 0.753 0.473 0.754 0.474 0.754 0.475 0.761 0.475 0.761 0.474 0.762 0.473 0.765 0.473 0.765 0.472 0.766 0.471 0.769 0.471 0.769 0.47 0.77 0.469 0.771 0.469 0.771 0.468 0.77 0.468 0.769 0.467 0.769 0.464 0.768 0.464 0.767 0.463 0.767 0.462
3 0.037 0.669 0.074 0.126 0.034 0.606 0.034 0.607 0.033 0.608 0.02 0.608 0.02 0.609 0.019 0.61 0.008 0.61 0.008 0.611 0.007 0.612 0.0 0.612 0.0 0.731 0.007 0.731 0.007 0.73 0.008 0.729 0.017 0.729 0.017 0.728 0.018 0.727 0.029 0.727 0.029 0.726 0.03 0.725 0.037 0.725 0.037 0.724 0.038 0.723 0.049 0.723 0.049 0.722 0.05 0.721 0.055 0.721 0.055 0.72 0.056 0.719 0.065 0.719 0.065 0.718 0.066 0.717 0.067 0.717 0.067 0.716 0.068 0.715 0.069 0.715 0.069 0.712 0.07 0.711 0.071 0.711 0.071 0.71 0.072 0.709 0.073 0.709 0.073 0.702 0.072 0.702 0.071 0.701 0.071 0.696 0.07 0.696 0.069 0.695 0.069 0.69 0.068 0.69 0.067 0.689 0.067 0.676 0.066 0.676 0.065 0.675 0.065 0.668 0.064 0.668 0.063 0.667 0.063 0.66 0.062 0.66 0.061 0.659 0.061 0.648 0.06 0.648 0.059 0.647 0.059 0.61 0.058 0.61 0.057 0.609 0.057 0.608 0.052 0.608 0.051 0.607 0.051 0.606
5 0.319 0.551 0.022 0.018000000000000002 0.318 0.542 0.318 0.543 0.317 0.544 0.31 0.544 0.31 0.545 0.309 0.546 0.308 0.546 0.308 0.551 0.309 0.551 0.31 0.552 0.31 0.555 0.313 0.555 0.314 0.556 0.314 0.559 0.315 0.559 0.315 0.556 0.316 0.555 0.319 0.555 0.319 0.554 0.32 0.553 0.323 0.553 0.323 0.552 0.324 0.551 0.327 0.551 0.327 0.55 0.328 0.549 0.329 0.549 0.329 0.546 0.328 0.546 0.327 0.545 0.327 0.544 0.326 0.544 0.325 0.543 0.325 0.542
6 0.312 0.203 0.112 0.078 0.348 0.164 0.348 0.165 0.347 0.166 0.336 0.166 0.336 0.167 0.335 0.168 0.324 0.168 0.324 0.169 0.323 0.17 0.308 0.17 0.308 0.171 0.307 0.172 0.298 0.172 0.298 0.173 0.297 0.174 0.284 0.174 0.284 0.175 0.283 0.176 0.272 0.176 0.272 0.177 0.271 0.178 0.26 0.178 0.26 0.179 0.259 0.18 0.256 0.18 0.256 0.185 0.257 0.185 0.258 0.186 0.258 0.195 0.259 0.195 0.26 0.196 0.26 0.211 0.261 0.211 0.262 0.212 0.262 0.219 0.263 0.219 0.264 0.22 0.264 0.229 0.265 0.229 0.266 0.23 0.266 0.235 0.267 0.235 0.268 0.236 0.268 0.239 0.269 0.239 0.27 0.24 0.27 0.241 0.299 0.241 0.299 0.24 0.3 0.239 0.301 0.239 0.301 0.238 0.302 0.237 0.307 0.237 0.307 0.236 0.308 0.235 0.321 0.235 0.321 0.234 0.322 0.233 0.333 0.233 0.333 0.232 0.334 0.231 0.355 0.231 0.355 0.23 0.356 0.229 0.365 0.229 0.365 0.228 0.366 0.227 0.367 0.227 0.367 0.208 0.366 0.208 0.365 0.207 0.365 0.178 0.364 0.178 0.363 0.177 0.363 0.17 0.362 0.17 0.361 0.169 0.361 0.166 0.36 0.166 0.359 0.165 0.359 0.164
7 0.28200000000000003 0.012 0.016 0.012 0.282 0.006 0.282 0.007 0.281 0.008 0.274 0.008 0.274 0.013 0.275 0.013 0.276 0.014 0.276 0.015 0.279 0.015 0.28 0.016 0.28 0.017 0.283 0.017 0.283 0.016 0.284 0.015 0.287 0.015 0.287 0.014 0.288 0.013 0.289 0.013 0.289 0.008 0.284 0.008 0.283 0.007 0.283 0.006
7 0.38 0.049 0.016 0.014 0.372 0.042 0.372 0.053 0.377 0.053 0.378 0.054 0.378 0.055 0.383 0.055 0.383 0.054 0.384 0.053 0.385 0.053 0.385 0.052 0.386 0.051 0.387 0.051 0.387 0.044 0.386 0.044 0.385 0.043 0.385 0.042
7 0.004 0.058 0.008 0.012 0.0 0.052 0.0 0.063 0.003 0.063 0.003 0.062 0.004 0.061 0.005 0.061 0.005 0.06 0.006 0.059 0.007 0.059 0.007 0.054 0.006 0.054 0.005 0.053 0.005 0.052
5 0.014 0.133 0.028 0.026000000000000002 0.02 0.12 0.02 0.121 0.019 0.122 0.006 0.122 0.006 0.123 0.005 0.124 0.0 0.124 0.0 0.145 0.013 0.145 0.013 0.144 0.014 0.143 0.023 0.143 0.023 0.142 0.024 0.141 0.025 0.141 0.025 0.14 0.026 0.139 0.027 0.139 0.027 0.122 0.026 0.122 0.025 0.121 0.025 0.12
5 0.34900000000000003 0.07 0.054 0.024 0.352 0.058 0.352 0.059 0.351 0.06 0.34 0.06 0.34 0.061 0.339 0.062 0.322 0.062 0.322 0.071 0.323 0.071 0.324 0.072 0.324 0.079 0.325 0.079 0.326 0.08 0.326 0.081 0.337 0.081 0.337 0.08 0.338 0.079 0.351 0.079 0.351 0.078 0.352 0.077 0.357 0.077 0.357 0.076 0.358 0.075 0.361 0.075 0.361 0.074 0.362 0.073 0.365 0.073 0.365 0.072 0.366 0.071 0.371 0.071 0.371 0.07 0.372 0.069 0.375 0.069 0.375 0.066 0.372 0.066 0.371 0.065 0.371 0.062 0.37 0.062 0.369 0.061 0.369 0.06 0.368 0.06 0.367 0.059 0.367 0.058
4 0.34500000000000003 0.51 0.022 0.04 0.336 0.49 0.336 0.491 0.335 0.492 0.334 0.492 0.334 0.507 0.335 0.507 0.336 0.508 0.336 0.513 0.337 0.513 0.338 0.514 0.338 0.515 0.339 0.515 0.34 0.516 0.34 0.519 0.341 0.519 0.342 0.52 0.342 0.521 0.343 0.521 0.344 0.522 0.344 0.527 0.345 0.527 0.346 0.528 0.346 0.529 0.351 0.529 0.351 0.528 0.352 0.527 0.353 0.527 0.353 0.52 0.354 0.519 0.355 0.519 0.355 0.508 0.354 0.508 0.353 0.507 0.353 0.494 0.352 0.494 0.351 0.493 0.351 0.492 0.35 0.492 0.349 0.491 0.349 0.49
4 0.008 0.496 0.016 0.028 0.0 0.482 0.0 0.509 0.005 0.509 0.005 0.508 0.006 0.507 0.011 0.507 0.011 0.506 0.012 0.505 0.013 0.505 0.013 0.5 0.014 0.499 0.015 0.499 0.015 0.494 0.014 0.494 0.013 0.493 0.013 0.486 0.012 0.486 0.011 0.485 0.011 0.484 0.004 0.484 0.003 0.483 0.003 0.482
4 0.499 0.485 0.022 0.026000000000000002 0.492 0.472 0.492 0.473 0.491 0.474 0.49 0.474 0.49 0.475 0.489 0.476 0.488 0.476 0.488 0.495 0.489 0.495 0.49 0.496 0.49 0.497 0.503 0.497 0.503 0.496 0.504 0.495 0.509 0.495 0.509 0.486 0.508 0.486 0.507 0.485 0.507 0.478 0.506 0.478 0.505 0.477 0.505 0.474 0.504 0.474 0.503 0.473 0.503 0.472
4 0.787 0.458 0.018000000000000002 0.016 0.782 0.45 0.782 0.451 0.781 0.452 0.78 0.452 0.78 0.455 0.779 0.456 0.778 0.456 0.778 0.465 0.785 0.465 0.785 0.464 0.786 0.463 0.791 0.463 0.791 0.462 0.792 0.461 0.793 0.461 0.793 0.46 0.794 0.459 0.795 0.459 0.795 0.45
4 0.063 0.122 0.03 0.02 0.058 0.112 0.058 0.113 0.057 0.114 0.05 0.114 0.05 0.115 0.049 0.116 0.048 0.116 0.048 0.125 0.049 0.125 0.05 0.126 0.05 0.129 0.051 0.129 0.052 0.13 0.052 0.131 0.075 0.131 0.075 0.13 0.076 0.129 0.077 0.129 0.077 0.116 0.076 0.116 0.075 0.115 0.075 0.112
4 0.042 0.044 0.02 0.024 0.038 0.032 0.038 0.033 0.037 0.034 0.032 0.034 0.032 0.051 0.033 0.051 0.034 0.052 0.034 0.053 0.035 0.053 0.036 0.054 0.036 0.055 0.047 0.055 0.047 0.054 0.048 0.053 0.049 0.053 0.049 0.052 0.05 0.051 0.051 0.051 0.051 0.034 0.05 0.034 0.049 0.033 0.049 0.032
3 0.361 0.603 0.082 0.122 0.366 0.542 0.366 0.543 0.365 0.544 0.352 0.544 0.352 0.545 0.351 0.546 0.342 0.546 0.342 0.547 0.341 0.548 0.336 0.548 0.336 0.549 0.335 0.55 0.332 0.55 0.332 0.551 0.331 0.552 0.326 0.552 0.326 0.553 0.325 0.554 0.322 0.554 0.322 0.555 0.321 0.556 0.32 0.556 0.32 0.579 0.321 0.579 0.322 0.58 0.322 0.591 0.323 0.591 0.324 0.592 0.324 0.601 0.325 0.601 0.326 0.602 0.326 0.611 0.327 0.611 0.328 0.612 0.328 0.617 0.329 0.617 0.33 0.618 0.33 0.629 0.331 0.629 0.332 0.63 0.332 0.639 0.333 0.639 0.334 0.64 0.334 0.655 0.335 0.655 0.336 0.656 0.336 0.661 0.337 0.661 0.338 0.662 0.338 0.663 0.345 0.663 0.345 0.662 0.346 0.661 0.355 0.661 0.355 0.66 0.356 0.659 0.363 0.659 0.363 0.658 0.364 0.657 0.367 0.657 0.367 0.656 0.368 0.655 0.373 0.655 0.373 0.654 0.374 0.653 0.379 0.653 0.379 0.652 0.38 0.651 0.385 0.651 0.385 0.65 0.386 0.649 0.393 0.649 0.393 0.648 0.394 0.647 0.399 0.647 0.399 0.644 0.4 0.643 0.401 0.643 0.401 0.638 0.4 0.638 0.399 0.637 0.399 0.628 0.398 0.628 0.397 0.627 0.397 0.616 0.396 0.616 0.395 0.615 0.395 0.606 0.394 0.606 0.393 0.605 0.393 0.598 0.392 0.598 0.391 0.597 0.391 0.586 0.39 0.586 0.389 0.585 0.389 0.576 0.388 0.576 0.387 0.575 0.387 0.568 0.386 0.568 0.385 0.567 0.385 0.562 0.384 0.562 0.383 0.561 0.383 0.554 0.382 0.554 0.381 0.553 0.381 0.55 0.38 0.55 0.379 0.549 0.379 0.544 0.378 0.544 0.377 0.543 0.377 0.542
4 0.631 0.023 0.022 0.022 0.628 0.012 0.628 0.013 0.627 0.014 0.622 0.014 0.622 0.015 0.621 0.016 0.62 0.016 0.62 0.017 0.621 0.017 0.622 0.018 0.622 0.031 0.623 0.031 0.624 0.032 0.624 0.033 0.639 0.033 0.639 0.032 0.64 0.031 0.641 0.031 0.641 0.016 0.64 0.016 0.639 0.015 0.639 0.014 0.638 0.014 0.637 0.013 0.637 0.012
3 0.482 0.452 0.112 0.128 0.512 0.388 0.512 0.389 0.511 0.39 0.502 0.39 0.502 0.391 0.501 0.392 0.492 0.392 0.492 0.393 0.491 0.394 0.482 0.394 0.482 0.395 0.481 0.396 0.472 0.396 0.472 0.397 0.471 0.398 0.456 0.398 0.456 0.399 0.455 0.4 0.446 0.4 0.446 0.401 0.445 0.402 0.438 0.402 0.438 0.403 0.437 0.404 0.436 0.404 0.436 0.405 0.435 0.406 0.426 0.406 0.426 0.411 0.427 0.411 0.428 0.412 0.428 0.415 0.429 0.415 0.43 0.416 0.43 0.421 0.431 0.421 0.432 0.422 0.432 0.425 0.433 0.425 0.434 0.426 0.434 0.435 0.435 0.435 0.436 0.436 0.436 0.441 0.437 0.441 0.438 0.442 0.438 0.449 0.439 0.449 0.44 0.45 0.44 0.461 0.441 0.461 0.442 0.462 0.442 0.469 0.443 0.469 0.444 0.47 0.444 0.479 0.445 0.479 0.446 0.48 0.446 0.487 0.447 0.487 0.448 0.488 0.448 0.497 0.449 0.497 0.45 0.498 0.45 0.503 0.451 0.503 0.452 0.504 0.452 0.509 0.453 0.509 0.454 0.51 0.454 0.511 0.457 0.511 0.458 0.512 0.458 0.513 0.461 0.513 0.462 0.514 0.462 0.515 0.467 0.515 0.467 0.514 0.468 0.513 0.487 0.513 0.487 0.512 0.488 0.511 0.501 0.511 0.501 0.51 0.502 0.509 0.507 0.509 0.507 0.508 0.508 0.507 0.511 0.507 0.511 0.506 0.512 0.505 0.521 0.505 0.521 0.504 0.522 0.503 0.523 0.503 0.523 0.502 0.524 0.501 0.525 0.501 0.525 0.498 0.526 0.497 0.527 0.497 0.527 0.494 0.528 0.493 0.529 0.493 0.529 0.492 0.53 0.491 0.533 0.491 0.533 0.49 0.534 0.489 0.535 0.489 0.535 0.488 0.536 0.487 0.537 0.487 0.537 0.472 0.536 0.472 0.535 0.471 0.535 0.458 0.534 0.458 0.533 0.457 0.533 0.446 0.532 0.446 0.531 0.445 0.531 0.436 0.53 0.436 0.529 0.435 0.529 0.422 0.528 0.422 0.527 0.421 0.527 0.408 0.526 0.408 0.525 0.407 0.525 0.392 0.524 0.392 0.523 0.391 0.523 0.388
3 0.513 0.577 0.082 0.11 0.514 0.522 0.514 0.523 0.513 0.524 0.504 0.524 0.504 0.525 0.503 0.526 0.5 0.526 0.5 0.527 0.499 0.528 0.492 0.528 0.492 0.529 0.491 0.53 0.486 0.53 0.486 0.531 0.485 0.532 0.48 0.532 0.48 0.533 0.479 0.534 0.474 0.534 0.474 0.535 0.473 0.536 0.472 0.536 0.472 0.547 0.473 0.547 0.474 0.548 0.474 0.555 0.475 0.555 0.476 0.556 0.476 0.565 0.477 0.565 0.478 0.566 0.478 0.579 0.479 0.579 0.48 0.58 0.48 0.589 0.481 0.589 0.482 0.59 0.482 0.601 0.483 0.601 0.484 0.602 0.484 0.609 0.485 0.609 0.486 0.61 0.486 0.621 0.487 0.621 0.488 0.622 0.488 0.629 0.489 0.629 0.49 0.63 0.49 0.631 0.503 0.631 0.503 0.63 0.504 0.629 0.513 0.629 0.514 0.63 0.514 0.631 0.527 0.631 0.527 0.63 0.528 0.629 0.543 0.629 0.543 0.628 0.544 0.627 0.551 0.627 0.551 0.626 0.552 0.625 0.553 0.625 0.553 0.612 0.552 0.612 0.551 0.611 0.551 0.6 0.55 0.6 0.549 0.599 0.549 0.59 0.548 0.59 0.547 0.589 0.547 0.58 0.546 0.58 0.545 0.579 0.545 0.57 0.544 0.57 0.543 0.569 0.543 0.558 0.542 0.558 0.541 0.557 0.541 0.55 0.54 0.55 0.539 0.549 0.539 0.538 0.538 0.538 0.537 0.537 0.537 0.532 0.536 0.532 0.535 0.531 0.535 0.524 0.534 0.524 0.533 0.523 0.533 0.522
3 0.804 0.524 0.076 0.116 0.778 0.468 0.778 0.469 0.777 0.47 0.776 0.47 0.776 0.471 0.775 0.472 0.772 0.472 0.772 0.473 0.771 0.474 0.768 0.474 0.768 0.477 0.767 0.478 0.766 0.478 0.766 0.507 0.767 0.507 0.768 0.508 0.768 0.529 0.769 0.529 0.77 0.53 0.77 0.539 0.771 0.539 0.772 0.54 0.772 0.551 0.773 0.551 0.774 0.552 0.774 0.567 0.775 0.567 0.776 0.568 0.776 0.577 0.777 0.577 0.778 0.578 0.778 0.579 0.779 0.579 0.78 0.58 0.78 0.581 0.785 0.581 0.785 0.58 0.786 0.579 0.793 0.579 0.793 0.578 0.794 0.577 0.801 0.577 0.801 0.576 0.802 0.575 0.809 0.575 0.809 0.574 0.81 0.573 0.815 0.573 0.815 0.572 0.816 0.571 0.819 0.571 0.819 0.57 0.82 0.569 0.831 0.569 0.831 0.568 0.832 0.567 0.837 0.567 0.837 0.566 0.838 0.565 0.841 0.565 0.841 0.552 0.84 0.552 0.839 0.551 0.839 0.542 0.838 0.542 0.837 0.541 0.837 0.538 0.838 0.537 0.839 0.537 0.839 0.536 0.838 0.536 0.837 0.535 0.837 0.528 0.836 0.528 0.835 0.527 0.835 0.518 0.834 0.518 0.833 0.517 0.833 0.504 0.832 0.504 0.831 0.503 0.831 0.494 0.83 0.494 0.829 0.493 0.829 0.484 0.828 0.484 0.827 0.483 0.827 0.48 0.826 0.48 0.825 0.479 0.825 0.478 0.82 0.478 0.819 0.477 0.819 0.476 0.802 0.476 0.801 0.475 0.801 0.474 0.796 0.474 0.795 0.473 0.795 0.472 0.794 0.472 0.794 0.473 0.793 0.474 0.788 0.474 0.787 0.473 0.787 0.472 0.782 0.472 0.781 0.471 0.781 0.47 0.78 0.47 0.779 0.469 0.779 0.468
3 0.642 0.07 0.056 0.076 0.648 0.032 0.648 0.033 0.647 0.034 0.626 0.034 0.626 0.035 0.625 0.036 0.614 0.036 0.614 0.043 0.615 0.043 0.616 0.044 0.616 0.061 0.617 0.061 0.618 0.062 0.618 0.079 0.619 0.079 0.62 0.08 0.62 0.097 0.621 0.097 0.622 0.098 0.622 0.107 0.645 0.107 0.645 0.106 0.646 0.105 0.669 0.105 0.669 0.1 0.668 0.1 0.667 0.099 0.667 0.088 0.666 0.088 0.665 0.087 0.665 0.076 0.664 0.076 0.663 0.075 0.663 0.062 0.662 0.062 0.661 0.061 0.661 0.05 0.66 0.05 0.659 0.049 0.659 0.038 0.658 0.038 0.657 0.037 0.657 0.032
7 0.9430000000000001 0.42 0.018000000000000002 0.016 0.936 0.412 0.936 0.413 0.935 0.414 0.934 0.414 0.934 0.425 0.935 0.425 0.936 0.426 0.936 0.427 0.945 0.427 0.945 0.426 0.946 0.425 0.949 0.425 0.949 0.424 0.95 0.423 0.951 0.423 0.951 0.418 0.95 0.418 0.949 0.417 0.949 0.416 0.948 0.416 0.947 0.415 0.947 0.414 0.946 0.414 0.945 0.413 0.945 0.412
7 0.405 0.502 0.01 0.008 0.402 0.498 0.402 0.499 0.401 0.5 0.4 0.5 0.4 0.501 0.401 0.501 0.402 0.502 0.402 0.503 0.403 0.503 0.404 0.504 0.404 0.505 0.405 0.505 0.405 0.504 0.406 0.503 0.409 0.503 0.409 0.498
7 0.429 0.496 0.01 0.012 0.424 0.49 0.424 0.499 0.427 0.499 0.428 0.5 0.428 0.501 0.431 0.501 0.431 0.5 0.432 0.499 0.433 0.499 0.433 0.49
7 0.523 0.5 0.014 0.012 0.52 0.494 0.52 0.495 0.519 0.496 0.516 0.496 0.516 0.499 0.517 0.499 0.518 0.5 0.518 0.501 0.519 0.501 0.52 0.502 0.52 0.503 0.523 0.503 0.524 0.504 0.524 0.505 0.525 0.505 0.525 0.504 0.526 0.503 0.527 0.503 0.527 0.502 0.528 0.501 0.529 0.501 0.529 0.494
7 0.094 0.596 0.008 0.008 0.092 0.592 0.092 0.593 0.091 0.594 0.09 0.594 0.09 0.597 0.091 0.597 0.092 0.598 0.092 0.599 0.097 0.599 0.097 0.594 0.096 0.594 0.095 0.593 0.095 0.592
0 0.091 0.155 0.05 0.042 0.102 0.134 0.102 0.135 0.101 0.136 0.086 0.136 0.086 0.137 0.085 0.138 0.074 0.138 0.074 0.139 0.073 0.14 0.068 0.14 0.068 0.141 0.067 0.142 0.066 0.142 0.066 0.155 0.067 0.155 0.068 0.156 0.068 0.159 0.069 0.159 0.07 0.16 0.07 0.163 0.071 0.163 0.072 0.164 0.072 0.165 0.073 0.165 0.074 0.166 0.074 0.169 0.075 0.169 0.076 0.17 0.076 0.171 0.077 0.171 0.078 0.172 0.078 0.173 0.081 0.173 0.082 0.174 0.082 0.175 0.093 0.175 0.093 0.174 0.094 0.173 0.103 0.173 0.103 0.172 0.104 0.171 0.107 0.171 0.107 0.17 0.108 0.169 0.111 0.169 0.111 0.168 0.112 0.167 0.113 0.167 0.113 0.166 0.114 0.165 0.115 0.165 0.115 0.16 0.114 0.16 0.113 0.159 0.113 0.15 0.112 0.15 0.111 0.149 0.111 0.14 0.11 0.14 0.109 0.139 0.109 0.136 0.104 0.136 0.103 0.135 0.103 0.134
3 0.9530000000000001 0.506 0.078 0.112 0.978 0.45 0.978 0.451 0.977 0.452 0.96 0.452 0.96 0.453 0.959 0.454 0.942 0.454 0.942 0.455 0.941 0.456 0.924 0.456 0.924 0.457 0.923 0.458 0.914 0.458 0.914 0.465 0.915 0.465 0.916 0.466 0.916 0.483 0.917 0.483 0.918 0.484 0.918 0.501 0.919 0.501 0.92 0.502 0.92 0.517 0.921 0.517 0.922 0.518 0.922 0.535 0.923 0.535 0.924 0.536 0.924 0.553 0.925 0.553 0.926 0.554 0.926 0.561 0.933 0.561 0.933 0.56 0.934 0.559 0.949 0.559 0.949 0.558 0.95 0.557 0.967 0.557 0.967 0.556 0.968 0.555 0.983 0.555 0.983 0.554 0.984 0.553 0.991 0.553 0.991 0.528 0.99 0.528 0.989 0.527 0.989 0.476 0.988 0.476 0.987 0.475 0.987 0.45
3 0.712 0.067 0.06 0.078 0.708 0.028 0.708 0.029 0.707 0.03 0.682 0.03 0.682 0.039 0.683 0.039 0.684 0.04 0.684 0.057 0.685 0.057 0.686 0.058 0.686 0.077 0.687 0.077 0.688 0.078 0.688 0.095 0.689 0.095 0.69 0.096 0.69 0.105 0.741 0.105 0.741 0.098 0.74 0.098 0.739 0.097 0.739 0.082 0.738 0.082 0.737 0.081 0.737 0.068 0.736 0.068 0.735 0.067 0.735 0.052 0.734 0.052 0.733 0.051 0.733 0.036 0.732 0.036 0.731 0.035 0.731 0.028
3 0.354 0.113 0.116 0.11 0.39 0.058 0.39 0.059 0.389 0.06 0.384 0.06 0.384 0.061 0.383 0.062 0.382 0.062 0.382 0.063 0.381 0.064 0.38 0.064 0.38 0.067 0.379 0.068 0.378 0.068 0.378 0.069 0.377 0.07 0.376 0.07 0.376 0.071 0.375 0.072 0.372 0.072 0.372 0.073 0.371 0.074 0.37 0.074 0.37 0.075 0.369 0.076 0.366 0.076 0.366 0.077 0.365 0.078 0.352 0.078 0.352 0.079 0.351 0.08 0.346 0.08 0.346 0.081 0.345 0.082 0.326 0.082 0.325 0.081 0.325 0.08 0.324 0.08 0.323 0.079 0.323 0.076 0.322 0.076 0.321 0.075 0.321 0.072 0.32 0.072 0.319 0.071 0.319 0.07 0.316 0.07 0.316 0.071 0.315 0.072 0.312 0.072 0.312 0.077 0.311 0.078 0.308 0.078 0.307 0.077 0.307 0.076 0.298 0.076 0.298 0.077 0.297 0.078 0.296 0.078 0.296 0.083 0.297 0.083 0.298 0.084 0.298 0.099 0.299 0.099 0.3 0.1 0.3 0.113 0.301 0.113 0.302 0.114 0.302 0.129 0.303 0.129 0.304 0.13 0.304 0.139 0.305 0.139 0.306 0.14 0.306 0.147 0.307 0.147 0.308 0.148 0.308 0.155 0.309 0.155 0.31 0.156 0.31 0.163 0.309 0.164 0.308 0.164 0.308 0.167 0.321 0.167 0.321 0.166 0.322 0.165 0.335 0.165 0.335 0.164 0.336 0.163 0.349 0.163 0.349 0.162 0.35 0.161 0.365 0.161 0.365 0.16 0.366 0.159 0.371 0.159 0.371 0.158 0.372 0.157 0.379 0.157 0.379 0.156 0.38 0.155 0.385 0.155 0.385 0.154 0.386 0.153 0.393 0.153 0.393 0.152 0.394 0.151 0.407 0.151 0.407 0.15 0.408 0.149 0.409 0.149 0.409 0.148 0.41 0.147 0.411 0.147 0.411 0.138 0.41 0.138 0.409 0.137 0.409 0.128 0.408 0.128 0.407 0.127 0.407 0.118 0.406 0.118 0.405 0.117 0.405 0.11 0.404 0.11 0.403 0.109 0.403 0.096 0.402 0.096 0.401 0.095 0.401 0.086 0.4 0.086 0.399 0.085 0.399 0.074 0.398 0.074 0.397 0.073 0.397 0.066 0.396 0.066 0.395 0.065 0.395 0.058
3 0.027 0.186 0.054 0.08 0.014 0.146 0.014 0.147 0.013 0.148 0.0 0.148 0.0 0.223 0.005 0.223 0.006 0.224 0.006 0.225 0.027 0.225 0.027 0.224 0.028 0.223 0.041 0.223 0.041 0.222 0.042 0.221 0.051 0.221 0.051 0.22 0.052 0.219 0.053 0.219 0.053 0.216 0.052 0.216 0.051 0.215 0.051 0.184 0.05 0.184 0.049 0.183 0.049 0.17 0.048 0.17 0.047 0.169 0.047 0.166 0.046 0.166 0.045 0.165 0.045 0.158 0.044 0.158 0.043 0.157 0.043 0.152 0.042 0.152 0.041 0.151 0.041 0.148 0.038 0.148 0.037 0.147 0.037 0.146
3 0.924 0.37 0.12 0.12 0.958 0.31 0.958 0.311 0.957 0.312 0.948 0.312 0.948 0.313 0.947 0.314 0.938 0.314 0.938 0.315 0.937 0.316 0.928 0.316 0.928 0.317 0.927 0.318 0.912 0.318 0.912 0.319 0.911 0.32 0.9 0.32 0.9 0.321 0.899 0.322 0.89 0.322 0.89 0.323 0.889 0.324 0.88 0.324 0.88 0.325 0.879 0.326 0.868 0.326 0.868 0.327 0.867 0.328 0.866 0.328 0.866 0.329 0.865 0.33 0.864 0.33 0.864 0.333 0.865 0.333 0.866 0.334 0.866 0.339 0.867 0.339 0.868 0.34 0.868 0.347 0.869 0.347 0.87 0.348 0.87 0.351 0.871 0.351 0.872 0.352 0.872 0.359 0.873 0.359 0.874 0.36 0.874 0.363 0.875 0.363 0.876 0.364 0.876 0.369 0.877 0.369 0.878 0.37 0.878 0.377 0.879 0.377 0.88 0.378 0.88 0.385 0.881 0.385 0.882 0.386 0.882 0.391 0.883 0.391 0.884 0.392 0.884 0.399 0.885 0.399 0.886 0.4 0.886 0.405 0.887 0.405 0.888 0.406 0.888 0.411 0.889 0.411 0.89 0.412 0.89 0.417 0.891 0.417 0.892 0.418 0.892 0.423 0.893 0.423 0.894 0.424 0.894 0.425 0.895 0.425 0.896 0.426 0.896 0.427 0.913 0.427 0.913 0.426 0.914 0.425 0.921 0.425 0.922 0.426 0.922 0.427 0.933 0.427 0.934 0.428 0.934 0.429 0.945 0.429 0.945 0.428 0.946 0.427 0.965 0.427 0.965 0.426 0.966 0.425 0.975 0.425 0.975 0.424 0.976 0.423 0.979 0.423 0.979 0.42 0.98 0.419 0.981 0.419 0.981 0.412 0.982 0.411 0.983 0.411 0.983 0.382 0.982 0.382 0.981 0.381 0.981 0.37 0.98 0.37 0.979 0.369 0.979 0.362 0.978 0.362 0.977 0.361 0.977 0.356 0.976 0.356 0.975 0.355 0.975 0.348 0.974 0.348 0.973 0.347 0.973 0.338 0.972 0.338 0.971 0.337 0.971 0.328 0.97 0.328 0.969 0.327 0.969 0.318 0.968 0.318 0.967 0.317 0.967 0.312 0.966 0.312 0.965 0.311 0.965 0.31
5 0.974 0.432 0.02 0.016 0.978 0.424 0.978 0.425 0.977 0.426 0.972 0.426 0.972 0.427 0.971 0.428 0.966 0.428 0.966 0.431 0.965 0.432 0.964 0.432 0.964 0.435 0.965 0.435 0.966 0.436 0.966 0.437 0.967 0.437 0.968 0.438 0.968 0.439 0.977 0.439 0.977 0.438 0.978 0.437 0.983 0.437 0.983 0.428 0.982 0.428 0.981 0.427 0.981 0.424
3 0.772 0.398 0.116 0.12 0.8 0.338 0.8 0.339 0.799 0.34 0.79 0.34 0.79 0.341 0.789 0.342 0.778 0.342 0.778 0.343 0.777 0.344 0.768 0.344 0.768 0.345 0.767 0.346 0.756 0.346 0.756 0.347 0.755 0.348 0.744 0.348 0.744 0.349 0.743 0.35 0.732 0.35 0.732 0.351 0.731 0.352 0.724 0.352 0.724 0.353 0.723 0.354 0.716 0.354 0.716 0.355 0.715 0.356 0.714 0.356 0.714 0.361 0.715 0.361 0.716 0.362 0.716 0.367 0.717 0.367 0.718 0.368 0.718 0.371 0.719 0.371 0.72 0.372 0.72 0.379 0.721 0.379 0.722 0.38 0.722 0.385 0.723 0.385 0.724 0.386 0.724 0.391 0.725 0.391 0.726 0.392 0.726 0.395 0.727 0.395 0.728 0.396 0.728 0.403 0.729 0.403 0.73 0.404 0.73 0.407 0.731 0.407 0.732 0.408 0.732 0.415 0.733 0.415 0.734 0.416 0.734 0.423 0.735 0.423 0.736 0.424 0.736 0.437 0.737 0.437 0.738 0.438 0.738 0.443 0.739 0.443 0.74 0.444 0.74 0.447 0.741 0.447 0.742 0.448 0.742 0.453 0.743 0.453 0.744 0.454 0.744 0.455 0.747 0.455 0.748 0.456 0.748 0.457 0.753 0.457 0.753 0.456 0.754 0.455 0.755 0.455 0.755 0.454 0.756 0.453 0.759 0.453 0.759 0.452 0.76 0.451 0.761 0.451 0.761 0.45 0.762 0.449 0.783 0.449 0.783 0.448 0.784 0.447 0.791 0.447 0.791 0.446 0.792 0.445 0.803 0.445 0.803 0.444 0.804 0.443 0.811 0.443 0.811 0.442 0.812 0.441 0.821 0.441 0.821 0.44 0.822 0.439 0.827 0.439 0.827 0.438 0.828 0.437 0.829 0.437 0.829 0.43 0.828 0.43 0.827 0.429 0.827 0.418 0.826 0.418 0.825 0.417 0.825 0.408 0.824 0.408 0.823 0.407 0.823 0.396 0.822 0.396 0.821 0.395 0.821 0.384 0.82 0.384 0.819 0.383 0.819 0.372 0.818 0.372 0.817 0.371 0.817 0.358 0.816 0.358 0.815 0.357 0.815 0.348 0.814 0.348 0.813 0.347 0.813 0.34 0.812 0.34 0.811 0.339 0.811 0.338
3 0.333 0.48 0.114 0.128 0.362 0.416 0.362 0.417 0.361 0.418 0.35 0.418 0.35 0.419 0.349 0.42 0.34 0.42 0.34 0.421 0.339 0.422 0.328 0.422 0.328 0.423 0.327 0.424 0.318 0.424 0.318 0.425 0.317 0.426 0.306 0.426 0.306 0.427 0.305 0.428 0.296 0.428 0.296 0.429 0.295 0.43 0.284 0.43 0.284 0.431 0.283 0.432 0.278 0.432 0.278 0.433 0.277 0.434 0.276 0.434 0.276 0.439 0.277 0.439 0.278 0.44 0.278 0.445 0.279 0.445 0.28 0.446 0.28 0.453 0.281 0.453 0.282 0.454 0.282 0.461 0.283 0.461 0.284 0.462 0.284 0.469 0.285 0.469 0.286 0.47 0.286 0.479 0.287 0.479 0.288 0.48 0.288 0.487 0.289 0.487 0.29 0.488 0.29 0.495 0.291 0.495 0.292 0.496 0.292 0.509 0.293 0.509 0.294 0.51 0.294 0.519 0.295 0.519 0.296 0.52 0.296 0.525 0.297 0.525 0.298 0.526 0.298 0.531 0.299 0.531 0.3 0.532 0.3 0.535 0.301 0.535 0.302 0.536 0.302 0.537 0.303 0.537 0.304 0.538 0.304 0.539 0.305 0.539 0.306 0.54 0.306 0.541 0.327 0.541 0.328 0.542 0.328 0.543 0.335 0.543 0.335 0.542 0.336 0.541 0.339 0.541 0.339 0.54 0.34 0.539 0.349 0.539 0.349 0.538 0.35 0.537 0.361 0.537 0.361 0.536 0.362 0.535 0.369 0.535 0.369 0.534 0.37 0.533 0.379 0.533 0.379 0.532 0.38 0.531 0.381 0.531 0.381 0.53 0.382 0.529 0.383 0.529 0.383 0.526 0.384 0.525 0.385 0.525 0.385 0.524 0.386 0.523 0.387 0.523 0.387 0.522 0.388 0.521 0.389 0.521 0.389 0.518 0.388 0.518 0.387 0.517 0.387 0.508 0.386 0.508 0.385 0.507 0.385 0.496 0.384 0.496 0.383 0.495 0.383 0.484 0.382 0.484 0.381 0.483 0.381 0.472 0.38 0.472 0.379 0.471 0.379 0.46 0.378 0.46 0.377 0.459 0.377 0.446 0.376 0.446 0.375 0.445 0.375 0.434 0.374 0.434 0.373 0.433 0.373 0.422 0.372 0.422 0.371 0.421 0.371 0.418 0.37 0.418 0.369 0.417 0.369 0.416
