4 0.91 0.672 0.012 0.016 0.908 0.664 0.908 0.665 0.907 0.666 0.906 0.666 0.906 0.667 0.905 0.668 0.904 0.668 0.904 0.679 0.913 0.679 0.913 0.674 0.914 0.673 0.915 0.673 0.915 0.664
3 0.918 0.6950000000000001 0.136 0.09 0.872 0.65 0.872 0.651 0.871 0.652 0.868 0.652 0.868 0.665 0.867 0.666 0.866 0.666 0.866 0.673 0.865 0.674 0.864 0.674 0.864 0.687 0.863 0.688 0.862 0.688 0.862 0.693 0.861 0.694 0.86 0.694 0.86 0.699 0.859 0.7 0.858 0.7 0.858 0.707 0.857 0.708 0.856 0.708 0.856 0.713 0.855 0.714 0.854 0.714 0.854 0.715 0.853 0.716 0.852 0.716 0.852 0.731 0.853 0.731 0.854 0.732 0.854 0.733 0.863 0.733 0.864 0.734 0.864 0.735 0.891 0.735 0.892 0.736 0.892 0.737 0.915 0.737 0.916 0.738 0.916 0.739 0.971 0.739 0.971 0.732 0.972 0.731 0.973 0.731 0.973 0.72 0.974 0.719 0.975 0.719 0.975 0.702 0.976 0.701 0.977 0.701 0.977 0.692 0.978 0.691 0.979 0.691 0.979 0.68 0.98 0.679 0.981 0.679 0.981 0.674 0.982 0.673 0.983 0.673 0.983 0.67 0.984 0.669 0.985 0.669 0.985 0.654 0.978 0.654 0.977 0.653 0.977 0.652 0.928 0.652 0.927 0.651 0.927 0.65 0.922 0.65 0.922 0.651 0.921 0.652 0.898 0.652 0.897 0.651 0.897 0.65
4 0.214 0.605 0.024 0.026000000000000002 0.204 0.592 0.204 0.593 0.203 0.594 0.202 0.594 0.202 0.615 0.205 0.615 0.206 0.616 0.206 0.617 0.221 0.617 0.221 0.616 0.222 0.615 0.223 0.615 0.223 0.61 0.224 0.609 0.225 0.609 0.225 0.594 0.224 0.594 0.223 0.593 0.223 0.592
7 0.267 0.602 0.01 0.008 0.262 0.598 0.262 0.603 0.263 0.603 0.264 0.604 0.264 0.605 0.271 0.605 0.271 0.598
4 0.793 0.506 0.018000000000000002 0.02 0.786 0.496 0.786 0.497 0.785 0.498 0.784 0.498 0.784 0.509 0.785 0.509 0.786 0.51 0.786 0.513 0.787 0.513 0.788 0.514 0.788 0.515 0.799 0.515 0.799 0.512 0.8 0.511 0.801 0.511 0.801 0.498 0.794 0.498 0.793 0.497 0.793 0.496
4 0.8160000000000001 0.662 0.024 0.016 0.806 0.654 0.806 0.655 0.805 0.656 0.804 0.656 0.804 0.667 0.805 0.667 0.806 0.668 0.806 0.669 0.823 0.669 0.823 0.668 0.824 0.667 0.825 0.667 0.825 0.664 0.826 0.663 0.827 0.663 0.827 0.656 0.826 0.656 0.825 0.655 0.825 0.654
4 0.046 0.9550000000000001 0.024 0.026000000000000002 0.036 0.942 0.036 0.943 0.035 0.944 0.034 0.944 0.034 0.965 0.035 0.965 0.036 0.966 0.036 0.967 0.053 0.967 0.053 0.966 0.054 0.965 0.055 0.965 0.055 0.962 0.056 0.961 0.057 0.961 0.057 0.946 0.056 0.946 0.055 0.945 0.055 0.944 0.052 0.944 0.051 0.943 0.051 0.942
3 0.454 0.5670000000000001 0.048 0.158 0.442 0.488 0.442 0.489 0.441 0.49 0.44 0.49 0.44 0.495 0.439 0.496 0.438 0.496 0.438 0.527 0.437 0.528 0.436 0.528 0.436 0.573 0.437 0.573 0.438 0.574 0.438 0.589 0.437 0.59 0.436 0.59 0.436 0.593 0.437 0.593 0.438 0.594 0.438 0.601 0.437 0.602 0.436 0.602 0.436 0.615 0.435 0.616 0.434 0.616 0.434 0.617 0.433 0.618 0.432 0.618 0.432 0.619 0.431 0.62 0.43 0.62 0.43 0.627 0.431 0.627 0.432 0.628 0.432 0.641 0.433 0.641 0.434 0.642 0.434 0.643 0.435 0.643 0.436 0.644 0.436 0.645 0.469 0.645 0.469 0.644 0.47 0.643 0.471 0.643 0.471 0.608 0.472 0.607 0.473 0.607 0.473 0.606 0.472 0.606 0.471 0.605 0.471 0.602 0.472 0.601 0.473 0.601 0.473 0.558 0.474 0.557 0.475 0.557 0.475 0.512 0.476 0.511 0.477 0.511 0.477 0.49 0.474 0.49 0.473 0.489 0.473 0.488
4 0.07 0.5640000000000001 0.02 0.016 0.062 0.556 0.062 0.557 0.061 0.558 0.06 0.558 0.06 0.569 0.063 0.569 0.064 0.57 0.064 0.571 0.071 0.571 0.071 0.57 0.072 0.569 0.075 0.569 0.075 0.568 0.076 0.567 0.077 0.567 0.077 0.566 0.078 0.565 0.079 0.565 0.079 0.56 0.078 0.56 0.077 0.559 0.077 0.558 0.074 0.558 0.073 0.557 0.073 0.556
4 0.933 0.553 0.042 0.026000000000000002 0.914 0.54 0.914 0.541 0.913 0.542 0.912 0.542 0.912 0.549 0.913 0.549 0.914 0.55 0.914 0.555 0.915 0.555 0.916 0.556 0.916 0.561 0.917 0.561 0.918 0.562 0.918 0.563 0.939 0.563 0.94 0.564 0.94 0.565 0.947 0.565 0.947 0.564 0.948 0.563 0.949 0.563 0.949 0.562 0.95 0.561 0.951 0.561 0.951 0.556 0.952 0.555 0.953 0.555 0.953 0.548 0.952 0.548 0.951 0.547 0.951 0.546 0.95 0.546 0.949 0.545 0.949 0.544 0.946 0.544 0.945 0.543 0.945 0.542 0.934 0.542 0.933 0.541 0.933 0.54
4 0.799 0.551 0.018000000000000002 0.018000000000000002 0.792 0.542 0.792 0.543 0.791 0.544 0.79 0.544 0.79 0.553 0.791 0.553 0.792 0.554 0.792 0.557 0.801 0.557 0.802 0.558 0.802 0.559 0.803 0.559 0.803 0.558 0.804 0.557 0.805 0.557 0.805 0.556 0.806 0.555 0.807 0.555 0.807 0.55 0.806 0.55 0.805 0.549 0.805 0.542
6 0.492 0.627 0.036000000000000004 0.14200000000000002 0.486 0.556 0.486 0.557 0.485 0.558 0.48 0.558 0.48 0.561 0.479 0.562 0.478 0.562 0.478 0.585 0.477 0.586 0.476 0.586 0.476 0.643 0.475 0.644 0.474 0.644 0.474 0.693 0.475 0.693 0.476 0.694 0.476 0.695 0.477 0.695 0.478 0.696 0.478 0.697 0.505 0.697 0.505 0.696 0.506 0.695 0.507 0.695 0.507 0.692 0.506 0.692 0.505 0.691 0.505 0.644 0.506 0.643 0.507 0.643 0.507 0.602 0.508 0.601 0.509 0.601 0.509 0.558 0.496 0.558 0.495 0.557 0.495 0.556
4 0.805 0.704 0.026000000000000002 0.02 0.794 0.694 0.794 0.695 0.793 0.696 0.792 0.696 0.792 0.711 0.793 0.711 0.794 0.712 0.794 0.713 0.815 0.713 0.815 0.71 0.816 0.709 0.817 0.709 0.817 0.696 0.816 0.696 0.815 0.695 0.815 0.694
3 0.388 0.668 0.07200000000000001 0.056 0.358 0.64 0.358 0.649 0.357 0.65 0.356 0.65 0.356 0.661 0.355 0.662 0.354 0.662 0.354 0.677 0.353 0.678 0.352 0.678 0.352 0.681 0.353 0.681 0.354 0.682 0.354 0.687 0.355 0.687 0.356 0.688 0.356 0.689 0.359 0.689 0.36 0.69 0.36 0.691 0.367 0.691 0.368 0.692 0.368 0.693 0.389 0.693 0.39 0.694 0.39 0.695 0.419 0.695 0.419 0.694 0.42 0.693 0.421 0.693 0.421 0.65 0.422 0.649 0.423 0.649 0.423 0.64
4 0.9450000000000001 0.675 0.014 0.018000000000000002 0.94 0.666 0.94 0.669 0.939 0.67 0.938 0.67 0.938 0.681 0.941 0.681 0.942 0.682 0.942 0.683 0.943 0.683 0.943 0.682 0.944 0.681 0.949 0.681 0.949 0.672 0.95 0.671 0.951 0.671 0.951 0.67 0.95 0.67 0.949 0.669 0.949 0.666
4 0.07100000000000001 0.531 0.018000000000000002 0.018000000000000002 0.066 0.522 0.066 0.523 0.065 0.524 0.064 0.524 0.064 0.525 0.063 0.526 0.062 0.526 0.062 0.537 0.063 0.537 0.064 0.538 0.064 0.539 0.075 0.539 0.075 0.538 0.076 0.537 0.077 0.537 0.077 0.534 0.078 0.533 0.079 0.533 0.079 0.528 0.078 0.528 0.077 0.527 0.077 0.522
4 0.361 0.615 0.018000000000000002 0.026000000000000002 0.358 0.602 0.358 0.603 0.357 0.604 0.356 0.604 0.356 0.605 0.355 0.606 0.354 0.606 0.354 0.611 0.353 0.612 0.352 0.612 0.352 0.625 0.353 0.625 0.354 0.626 0.354 0.627 0.365 0.627 0.365 0.626 0.366 0.625 0.367 0.625 0.367 0.622 0.368 0.621 0.369 0.621 0.369 0.604 0.368 0.604 0.367 0.603 0.367 0.602
4 0.291 0.515 0.022 0.026000000000000002 0.282 0.502 0.282 0.503 0.281 0.504 0.28 0.504 0.28 0.525 0.283 0.525 0.284 0.526 0.284 0.527 0.299 0.527 0.299 0.526 0.3 0.525 0.301 0.525 0.301 0.514 0.3 0.514 0.299 0.513 0.299 0.506 0.298 0.506 0.297 0.505 0.297 0.504 0.296 0.504 0.295 0.503 0.295 0.502
4 0.20500000000000002 0.512 0.018000000000000002 0.024 0.2 0.5 0.2 0.501 0.199 0.502 0.198 0.502 0.198 0.503 0.197 0.504 0.196 0.504 0.196 0.519 0.197 0.519 0.198 0.52 0.198 0.521 0.199 0.521 0.2 0.522 0.2 0.523 0.209 0.523 0.209 0.522 0.21 0.521 0.211 0.521 0.211 0.52 0.212 0.519 0.213 0.519 0.213 0.504 0.212 0.504 0.211 0.503 0.211 0.502 0.21 0.502 0.209 0.501 0.209 0.5
3 0.666 0.936 0.036000000000000004 0.028 0.65 0.922 0.65 0.923 0.649 0.924 0.648 0.924 0.648 0.947 0.657 0.947 0.658 0.948 0.658 0.949 0.681 0.949 0.681 0.93 0.682 0.929 0.683 0.929 0.683 0.926 0.682 0.926 0.681 0.925 0.681 0.924 0.654 0.924 0.653 0.923 0.653 0.922
4 0.295 0.609 0.026000000000000002 0.026000000000000002 0.288 0.596 0.288 0.597 0.287 0.598 0.284 0.598 0.284 0.605 0.283 0.606 0.282 0.606 0.282 0.615 0.283 0.615 0.284 0.616 0.284 0.621 0.301 0.621 0.301 0.62 0.302 0.619 0.305 0.619 0.305 0.614 0.306 0.613 0.307 0.613 0.307 0.6 0.306 0.6 0.305 0.599 0.305 0.598 0.302 0.598 0.301 0.597 0.301 0.596
4 0.154 0.602 0.02 0.02 0.146 0.592 0.146 0.593 0.145 0.594 0.144 0.594 0.144 0.609 0.145 0.609 0.146 0.61 0.146 0.611 0.157 0.611 0.157 0.61 0.158 0.609 0.161 0.609 0.161 0.606 0.162 0.605 0.163 0.605 0.163 0.596 0.162 0.596 0.161 0.595 0.161 0.594 0.16 0.594 0.159 0.593 0.159 0.592
7 0.14100000000000001 0.527 0.01 0.018000000000000002 0.136 0.518 0.136 0.531 0.137 0.531 0.138 0.532 0.138 0.535 0.145 0.535 0.145 0.518
4 0.10300000000000001 0.603 0.014 0.018000000000000002 0.1 0.594 0.1 0.595 0.099 0.596 0.098 0.596 0.098 0.597 0.097 0.598 0.096 0.598 0.096 0.609 0.097 0.609 0.098 0.61 0.098 0.611 0.107 0.611 0.107 0.608 0.108 0.607 0.109 0.607 0.109 0.596 0.108 0.596 0.107 0.595 0.107 0.594
4 0.23900000000000002 0.516 0.014 0.024 0.232 0.504 0.232 0.525 0.239 0.525 0.24 0.526 0.24 0.527 0.241 0.527 0.241 0.526 0.242 0.525 0.245 0.525 0.245 0.506 0.242 0.506 0.241 0.505 0.241 0.504
2 0.228 0.669 0.248 0.03 0.108 0.654 0.108 0.655 0.107 0.656 0.106 0.656 0.106 0.659 0.105 0.66 0.104 0.66 0.104 0.669 0.105 0.669 0.106 0.67 0.106 0.671 0.109 0.671 0.11 0.672 0.11 0.673 0.147 0.673 0.148 0.674 0.148 0.675 0.171 0.675 0.172 0.676 0.172 0.677 0.221 0.677 0.222 0.678 0.222 0.679 0.261 0.679 0.262 0.68 0.262 0.681 0.297 0.681 0.298 0.682 0.298 0.683 0.351 0.683 0.351 0.67 0.348 0.67 0.347 0.669 0.347 0.668 0.334 0.668 0.333 0.667 0.333 0.666 0.326 0.666 0.325 0.665 0.325 0.664 0.31 0.664 0.309 0.663 0.309 0.662 0.286 0.662 0.285 0.661 0.285 0.66 0.28 0.66 0.28 0.661 0.279 0.662 0.272 0.662 0.271 0.661 0.271 0.66 0.25 0.66 0.249 0.659 0.249 0.658 0.194 0.658 0.193 0.657 0.193 0.656 0.192 0.656 0.192 0.657 0.191 0.658 0.19 0.658 0.189 0.657 0.189 0.656 0.13 0.656 0.129 0.655 0.129 0.654
3 0.253 0.448 0.322 0.064 0.096 0.416 0.096 0.417 0.095 0.418 0.094 0.418 0.094 0.433 0.093 0.434 0.092 0.434 0.092 0.459 0.093 0.459 0.094 0.46 0.094 0.461 0.099 0.461 0.1 0.462 0.1 0.463 0.113 0.463 0.114 0.464 0.114 0.465 0.133 0.465 0.134 0.466 0.134 0.467 0.139 0.467 0.139 0.466 0.14 0.465 0.141 0.465 0.141 0.462 0.142 0.461 0.145 0.461 0.146 0.462 0.146 0.465 0.161 0.465 0.162 0.466 0.162 0.467 0.167 0.467 0.167 0.466 0.168 0.465 0.171 0.465 0.171 0.464 0.172 0.463 0.193 0.463 0.194 0.464 0.194 0.465 0.195 0.465 0.196 0.466 0.196 0.467 0.201 0.467 0.202 0.468 0.202 0.469 0.221 0.469 0.222 0.47 0.222 0.471 0.259 0.471 0.26 0.472 0.26 0.473 0.301 0.473 0.302 0.474 0.302 0.475 0.353 0.475 0.354 0.476 0.354 0.477 0.381 0.477 0.382 0.478 0.382 0.479 0.405 0.479 0.405 0.478 0.406 0.477 0.407 0.477 0.407 0.476 0.408 0.475 0.409 0.475 0.409 0.472 0.41 0.471 0.411 0.471 0.411 0.448 0.412 0.447 0.413 0.447 0.413 0.436 0.412 0.436 0.411 0.435 0.411 0.434 0.404 0.434 0.403 0.433 0.403 0.432 0.366 0.432 0.365 0.431 0.365 0.43 0.328 0.43 0.327 0.429 0.327 0.428 0.288 0.428 0.287 0.427 0.287 0.426 0.246 0.426 0.245 0.425 0.245 0.424 0.22 0.424 0.219 0.423 0.219 0.422 0.2 0.422 0.2 0.423 0.199 0.424 0.186 0.424 0.185 0.423 0.185 0.422 0.176 0.422 0.175 0.421 0.175 0.42 0.138 0.42 0.137 0.419 0.137 0.418 0.12 0.418 0.119 0.417 0.119 0.416
7 0.789 0.9400000000000001 0.01 0.012 0.786 0.934 0.786 0.935 0.785 0.936 0.784 0.936 0.784 0.943 0.787 0.943 0.788 0.944 0.788 0.945 0.791 0.945 0.791 0.944 0.792 0.943 0.793 0.943 0.793 0.936 0.792 0.936 0.791 0.935 0.791 0.934
4 0.11 0.498 0.016 0.024 0.104 0.486 0.104 0.487 0.103 0.488 0.102 0.488 0.102 0.507 0.107 0.507 0.108 0.508 0.108 0.509 0.113 0.509 0.113 0.508 0.114 0.507 0.115 0.507 0.115 0.506 0.116 0.505 0.117 0.505 0.117 0.492 0.116 0.492 0.115 0.491 0.115 0.488 0.112 0.488 0.111 0.487 0.111 0.486
3 0.02 0.544 0.04 0.152 0.012 0.468 0.012 0.469 0.011 0.47 0.008 0.47 0.008 0.485 0.007 0.486 0.006 0.486 0.006 0.507 0.005 0.508 0.004 0.508 0.004 0.527 0.003 0.528 0.002 0.528 0.002 0.567 0.001 0.568 0.0 0.568 0.0 0.619 0.027 0.619 0.027 0.618 0.028 0.617 0.029 0.617 0.029 0.612 0.03 0.611 0.031 0.611 0.031 0.584 0.032 0.583 0.033 0.583 0.033 0.538 0.034 0.537 0.035 0.537 0.035 0.52 0.036 0.519 0.037 0.519 0.037 0.494 0.038 0.493 0.039 0.493 0.039 0.47 0.034 0.47 0.033 0.469 0.033 0.468 0.03 0.468 0.03 0.469 0.029 0.47 0.022 0.47 0.021 0.469 0.021 0.468
3 0.724 0.9400000000000001 0.032 0.028 0.71 0.926 0.71 0.927 0.709 0.928 0.708 0.928 0.708 0.949 0.709 0.949 0.71 0.95 0.71 0.951 0.729 0.951 0.73 0.952 0.73 0.953 0.733 0.953 0.733 0.952 0.734 0.951 0.737 0.951 0.737 0.942 0.738 0.941 0.739 0.941 0.739 0.928 0.738 0.928 0.737 0.927 0.737 0.926
2 0.742 0.599 0.04 0.15 0.738 0.524 0.738 0.525 0.737 0.526 0.732 0.526 0.732 0.529 0.731 0.53 0.73 0.53 0.73 0.581 0.729 0.582 0.728 0.582 0.728 0.591 0.727 0.592 0.726 0.592 0.726 0.599 0.725 0.6 0.724 0.6 0.724 0.625 0.723 0.626 0.722 0.626 0.722 0.659 0.723 0.659 0.724 0.66 0.724 0.671 0.725 0.671 0.726 0.672 0.726 0.673 0.745 0.673 0.745 0.672 0.746 0.671 0.747 0.671 0.747 0.662 0.748 0.661 0.749 0.661 0.749 0.65 0.75 0.649 0.751 0.649 0.751 0.64 0.752 0.639 0.753 0.639 0.753 0.634 0.754 0.633 0.755 0.633 0.755 0.624 0.754 0.624 0.753 0.623 0.753 0.62 0.754 0.619 0.755 0.619 0.755 0.576 0.756 0.575 0.757 0.575 0.757 0.572 0.758 0.571 0.759 0.571 0.759 0.562 0.76 0.561 0.761 0.561 0.761 0.54 0.76 0.54 0.759 0.539 0.759 0.528 0.758 0.528 0.757 0.527 0.757 0.526 0.74 0.526 0.739 0.525 0.739 0.524
2 0.423 0.6 0.03 0.052000000000000005 0.414 0.574 0.414 0.575 0.413 0.576 0.412 0.576 0.412 0.577 0.411 0.578 0.41 0.578 0.41 0.585 0.409 0.586 0.408 0.586 0.408 0.609 0.409 0.609 0.41 0.61 0.41 0.613 0.411 0.613 0.412 0.614 0.412 0.615 0.413 0.615 0.414 0.616 0.414 0.617 0.415 0.617 0.416 0.618 0.416 0.621 0.417 0.621 0.418 0.622 0.418 0.625 0.429 0.625 0.429 0.62 0.43 0.619 0.431 0.619 0.431 0.618 0.432 0.617 0.433 0.617 0.433 0.61 0.434 0.609 0.435 0.609 0.435 0.602 0.436 0.601 0.437 0.601 0.437 0.594 0.436 0.594 0.435 0.593 0.435 0.59 0.436 0.589 0.437 0.589 0.437 0.576 0.428 0.576 0.427 0.575 0.427 0.574
7 0.836 0.5660000000000001 0.008 0.008 0.832 0.562 0.832 0.569 0.837 0.569 0.837 0.566 0.838 0.565 0.839 0.565 0.839 0.564 0.838 0.564 0.837 0.563 0.837 0.562
4 0.052000000000000005 0.903 0.024 0.026000000000000002 0.042 0.89 0.042 0.891 0.041 0.892 0.04 0.892 0.04 0.913 0.041 0.913 0.042 0.914 0.042 0.915 0.059 0.915 0.059 0.914 0.06 0.913 0.061 0.913 0.061 0.912 0.062 0.911 0.063 0.911 0.063 0.892 0.06 0.892 0.059 0.891 0.059 0.89
7 0.25 0.584 0.008 0.008 0.248 0.58 0.248 0.581 0.247 0.582 0.246 0.582 0.246 0.587 0.253 0.587 0.253 0.582 0.252 0.582 0.251 0.581 0.251 0.58
4 0.368 0.512 0.016 0.02 0.362 0.502 0.362 0.503 0.361 0.504 0.36 0.504 0.36 0.519 0.361 0.519 0.362 0.52 0.362 0.521 0.373 0.521 0.373 0.52 0.374 0.519 0.375 0.519 0.375 0.506 0.374 0.506 0.373 0.505 0.373 0.502
7 0.713 0.904 0.01 0.016 0.71 0.896 0.71 0.897 0.709 0.898 0.708 0.898 0.708 0.909 0.709 0.909 0.71 0.91 0.71 0.911 0.713 0.911 0.713 0.91 0.714 0.909 0.715 0.909 0.715 0.908 0.716 0.907 0.717 0.907 0.717 0.898 0.714 0.898 0.713 0.897 0.713 0.896
5 0.9400000000000001 0.602 0.02 0.028 0.93 0.588 0.93 0.611 0.931 0.611 0.932 0.612 0.932 0.613 0.933 0.613 0.934 0.614 0.934 0.615 0.947 0.615 0.947 0.612 0.948 0.611 0.949 0.611 0.949 0.59 0.934 0.59 0.933 0.589 0.933 0.588
5 0.137 0.502 0.034 0.024 0.122 0.49 0.122 0.493 0.121 0.494 0.12 0.494 0.12 0.509 0.121 0.509 0.122 0.51 0.122 0.511 0.123 0.511 0.124 0.512 0.124 0.513 0.153 0.513 0.153 0.492 0.14 0.492 0.139 0.491 0.139 0.49
