2 0.556 0.106 0.036000000000000004 0.07200000000000001 0.538 0.07 0.538 0.087 0.539 0.087 0.54 0.088 0.54 0.103 0.541 0.103 0.542 0.104 0.542 0.115 0.543 0.115 0.544 0.116 0.544 0.135 0.545 0.135 0.546 0.136 0.546 0.139 0.549 0.139 0.55 0.14 0.55 0.141 0.557 0.141 0.557 0.14 0.558 0.139 0.573 0.139 0.573 0.106 0.572 0.106 0.571 0.105 0.571 0.08 0.57 0.08 0.569 0.079 0.569 0.072 0.566 0.072 0.565 0.071 0.565 0.07
4 0.271 0.648 0.03 0.024 0.26 0.636 0.26 0.637 0.259 0.638 0.258 0.638 0.258 0.643 0.257 0.644 0.256 0.644 0.256 0.653 0.257 0.653 0.258 0.654 0.258 0.655 0.259 0.655 0.26 0.656 0.26 0.657 0.265 0.657 0.266 0.658 0.266 0.659 0.279 0.659 0.279 0.658 0.28 0.657 0.281 0.657 0.281 0.652 0.282 0.651 0.283 0.651 0.283 0.65 0.284 0.649 0.285 0.649 0.285 0.642 0.282 0.642 0.281 0.641 0.281 0.64 0.278 0.64 0.277 0.639 0.277 0.638 0.274 0.638 0.273 0.637 0.273 0.636
7 0.8150000000000001 0.40700000000000003 0.014 0.034 0.81 0.39 0.81 0.391 0.809 0.392 0.808 0.392 0.808 0.395 0.809 0.395 0.81 0.396 0.81 0.401 0.811 0.401 0.812 0.402 0.812 0.423 0.821 0.423 0.821 0.402 0.82 0.402 0.819 0.401 0.819 0.398 0.818 0.398 0.817 0.397 0.817 0.394 0.816 0.394 0.815 0.393 0.815 0.392 0.812 0.392 0.811 0.391 0.811 0.39
7 0.887 0.369 0.01 0.014 0.884 0.362 0.884 0.363 0.883 0.364 0.882 0.364 0.882 0.371 0.883 0.371 0.884 0.372 0.884 0.373 0.887 0.373 0.888 0.374 0.888 0.375 0.889 0.375 0.889 0.374 0.89 0.373 0.891 0.373 0.891 0.366 0.89 0.366 0.889 0.365 0.889 0.364 0.888 0.364 0.887 0.363 0.887 0.362
3 0.61 0.808 0.08 0.1 0.602 0.758 0.602 0.759 0.601 0.76 0.6 0.76 0.6 0.761 0.599 0.762 0.598 0.762 0.598 0.767 0.597 0.768 0.596 0.768 0.596 0.773 0.595 0.774 0.594 0.774 0.594 0.779 0.593 0.78 0.592 0.78 0.592 0.785 0.591 0.786 0.59 0.786 0.59 0.793 0.589 0.794 0.588 0.794 0.588 0.801 0.587 0.802 0.586 0.802 0.586 0.805 0.585 0.806 0.584 0.806 0.584 0.813 0.583 0.814 0.582 0.814 0.582 0.819 0.581 0.82 0.58 0.82 0.58 0.825 0.579 0.826 0.578 0.826 0.578 0.831 0.577 0.832 0.576 0.832 0.576 0.835 0.575 0.836 0.574 0.836 0.574 0.841 0.573 0.842 0.572 0.842 0.572 0.851 0.571 0.852 0.57 0.852 0.57 0.855 0.571 0.855 0.572 0.856 0.572 0.857 0.577 0.857 0.577 0.856 0.578 0.855 0.579 0.855 0.579 0.854 0.58 0.853 0.583 0.853 0.583 0.852 0.584 0.851 0.587 0.851 0.587 0.85 0.588 0.849 0.591 0.849 0.591 0.848 0.592 0.847 0.595 0.847 0.595 0.846 0.596 0.845 0.601 0.845 0.601 0.844 0.602 0.843 0.607 0.843 0.607 0.842 0.608 0.841 0.611 0.841 0.611 0.84 0.612 0.839 0.613 0.839 0.613 0.838 0.614 0.837 0.615 0.837 0.615 0.834 0.616 0.833 0.617 0.833 0.617 0.83 0.618 0.829 0.619 0.829 0.619 0.824 0.62 0.823 0.621 0.823 0.621 0.818 0.622 0.817 0.623 0.817 0.623 0.816 0.624 0.815 0.631 0.815 0.632 0.816 0.632 0.817 0.641 0.817 0.641 0.814 0.642 0.813 0.643 0.813 0.643 0.806 0.644 0.805 0.645 0.805 0.645 0.796 0.646 0.795 0.647 0.795 0.647 0.786 0.648 0.785 0.649 0.785 0.649 0.778 0.648 0.778 0.647 0.777 0.647 0.776 0.644 0.776 0.643 0.775 0.643 0.774 0.638 0.774 0.637 0.773 0.637 0.772 0.634 0.772 0.633 0.771 0.633 0.77 0.63 0.77 0.629 0.769 0.629 0.768 0.628 0.768 0.627 0.767 0.627 0.766 0.624 0.766 0.623 0.765 0.623 0.764 0.62 0.764 0.619 0.763 0.619 0.762 0.612 0.762 0.611 0.761 0.611 0.76 0.606 0.76 0.605 0.759 0.605 0.758
7 0.863 0.419 0.022 0.018000000000000002 0.852 0.41 0.852 0.425 0.853 0.425 0.854 0.426 0.854 0.427 0.871 0.427 0.871 0.426 0.872 0.425 0.873 0.425 0.873 0.416 0.872 0.416 0.871 0.415 0.871 0.412 0.87 0.412 0.869 0.411 0.869 0.41
4 0.6960000000000001 0.107 0.02 0.026000000000000002 0.688 0.094 0.688 0.095 0.687 0.096 0.686 0.096 0.686 0.111 0.687 0.111 0.688 0.112 0.688 0.117 0.689 0.117 0.69 0.118 0.69 0.119 0.695 0.119 0.695 0.118 0.696 0.117 0.701 0.117 0.701 0.116 0.702 0.115 0.703 0.115 0.703 0.114 0.704 0.113 0.705 0.113 0.705 0.096 0.704 0.096 0.703 0.095 0.703 0.094
4 0.422 0.6930000000000001 0.024 0.022 0.412 0.682 0.412 0.683 0.411 0.684 0.41 0.684 0.41 0.691 0.411 0.691 0.412 0.692 0.412 0.693 0.413 0.693 0.414 0.694 0.414 0.695 0.415 0.695 0.416 0.696 0.416 0.697 0.417 0.697 0.418 0.698 0.418 0.701 0.421 0.701 0.422 0.702 0.422 0.703 0.427 0.703 0.427 0.702 0.428 0.701 0.429 0.701 0.429 0.698 0.43 0.697 0.431 0.697 0.431 0.696 0.432 0.695 0.433 0.695 0.433 0.69 0.432 0.69 0.431 0.689 0.431 0.688 0.43 0.688 0.429 0.687 0.429 0.686 0.428 0.686 0.427 0.685 0.427 0.684 0.424 0.684 0.423 0.683 0.423 0.682
4 0.64 0.67 0.016 0.012 0.632 0.664 0.632 0.669 0.633 0.669 0.634 0.67 0.634 0.673 0.637 0.673 0.638 0.674 0.638 0.675 0.647 0.675 0.647 0.668 0.646 0.668 0.645 0.667 0.645 0.666 0.644 0.666 0.643 0.665 0.643 0.664
7 0.744 0.061 0.008 0.006 0.74 0.058 0.74 0.063 0.745 0.063 0.745 0.062 0.746 0.061 0.747 0.061 0.747 0.06 0.746 0.06 0.745 0.059 0.745 0.058
4 0.247 0.705 0.038 0.03 0.234 0.69 0.234 0.693 0.233 0.694 0.232 0.694 0.232 0.699 0.231 0.7 0.23 0.7 0.23 0.705 0.229 0.706 0.228 0.706 0.228 0.709 0.229 0.709 0.23 0.71 0.23 0.711 0.231 0.711 0.232 0.712 0.232 0.713 0.239 0.713 0.24 0.714 0.24 0.715 0.247 0.715 0.248 0.716 0.248 0.717 0.253 0.717 0.254 0.718 0.254 0.719 0.255 0.719 0.255 0.718 0.256 0.717 0.257 0.717 0.257 0.716 0.258 0.715 0.259 0.715 0.259 0.714 0.26 0.713 0.261 0.713 0.261 0.708 0.262 0.707 0.263 0.707 0.263 0.704 0.264 0.703 0.265 0.703 0.265 0.7 0.264 0.7 0.263 0.699 0.263 0.696 0.258 0.696 0.257 0.695 0.257 0.694 0.252 0.694 0.251 0.693 0.251 0.692 0.246 0.692 0.245 0.691 0.245 0.69
1 0.373 0.734 0.126 0.176 0.368 0.646 0.368 0.647 0.367 0.648 0.366 0.648 0.366 0.649 0.365 0.65 0.364 0.65 0.364 0.653 0.363 0.654 0.362 0.654 0.362 0.657 0.361 0.658 0.36 0.658 0.36 0.661 0.359 0.662 0.358 0.662 0.358 0.665 0.357 0.666 0.356 0.666 0.356 0.669 0.355 0.67 0.354 0.67 0.354 0.673 0.353 0.674 0.352 0.674 0.352 0.677 0.351 0.678 0.35 0.678 0.35 0.683 0.349 0.684 0.348 0.684 0.348 0.687 0.347 0.688 0.346 0.688 0.346 0.691 0.345 0.692 0.344 0.692 0.344 0.697 0.343 0.698 0.342 0.698 0.342 0.701 0.341 0.702 0.34 0.702 0.34 0.705 0.339 0.706 0.338 0.706 0.338 0.707 0.337 0.708 0.336 0.708 0.336 0.713 0.335 0.714 0.334 0.714 0.334 0.715 0.333 0.716 0.332 0.716 0.332 0.721 0.331 0.722 0.33 0.722 0.33 0.725 0.329 0.726 0.328 0.726 0.328 0.731 0.327 0.732 0.326 0.732 0.326 0.735 0.325 0.736 0.324 0.736 0.324 0.739 0.323 0.74 0.322 0.74 0.322 0.743 0.321 0.744 0.32 0.744 0.32 0.747 0.319 0.748 0.318 0.748 0.318 0.751 0.317 0.752 0.316 0.752 0.316 0.757 0.315 0.758 0.314 0.758 0.314 0.761 0.313 0.762 0.312 0.762 0.312 0.769 0.311 0.77 0.31 0.77 0.31 0.771 0.311 0.771 0.312 0.772 0.312 0.775 0.313 0.775 0.314 0.776 0.314 0.777 0.317 0.777 0.318 0.778 0.318 0.779 0.319 0.779 0.32 0.78 0.32 0.781 0.323 0.781 0.324 0.782 0.324 0.783 0.325 0.783 0.326 0.784 0.326 0.785 0.329 0.785 0.33 0.786 0.33 0.787 0.331 0.787 0.332 0.788 0.332 0.789 0.335 0.789 0.336 0.79 0.336 0.793 0.337 0.793 0.338 0.794 0.338 0.795 0.341 0.795 0.342 0.796 0.342 0.797 0.343 0.797 0.344 0.798 0.344 0.799 0.345 0.799 0.346 0.8 0.346 0.801 0.349 0.801 0.35 0.802 0.35 0.803 0.353 0.803 0.354 0.804 0.354 0.805 0.357 0.805 0.358 0.806 0.358 0.807 0.361 0.807 0.362 0.808 0.362 0.809 0.365 0.809 0.366 0.81 0.366 0.811 0.367 0.811 0.368 0.812 0.368 0.813 0.371 0.813 0.372 0.814 0.372 0.815 0.375 0.815 0.376 0.816 0.376 0.817 0.377 0.817 0.378 0.818 0.378 0.819 0.381 0.819 0.382 0.82 0.382 0.821 0.395 0.821 0.395 0.82 0.396 0.819 0.397 0.819 0.397 0.816 0.398 0.815 0.399 0.815 0.399 0.812 0.4 0.811 0.401 0.811 0.401 0.808 0.402 0.807 0.403 0.807 0.403 0.804 0.404 0.803 0.405 0.803 0.405 0.798 0.406 0.797 0.407 0.797 0.407 0.792 0.408 0.791 0.409 0.791 0.409 0.788 0.41 0.787 0.411 0.787 0.411 0.784 0.412 0.783 0.413 0.783 0.413 0.78 0.414 0.779 0.415 0.779 0.415 0.776 0.416 0.775 0.417 0.775 0.417 0.772 0.418 0.771 0.419 0.771 0.419 0.768 0.42 0.767 0.421 0.767 0.421 0.762 0.422 0.761 0.423 0.761 0.423 0.758 0.424 0.757 0.425 0.757 0.425 0.756 0.426 0.755 0.427 0.755 0.427 0.75 0.428 0.749 0.429 0.749 0.429 0.746 0.43 0.745 0.431 0.745 0.431 0.742 0.432 0.741 0.433 0.741 0.433 0.738 0.434 0.737 0.435 0.737 0.435 0.728 0.434 0.728 0.433 0.727 0.433 0.726 0.432 0.726 0.431 0.725 0.431 0.724 0.428 0.724 0.427 0.723 0.427 0.722 0.42 0.722 0.419 0.721 0.419 0.72 0.416 0.72 0.415 0.719 0.415 0.718 0.412 0.718 0.411 0.717 0.411 0.716 0.408 0.716 0.407 0.715 0.407 0.714 0.4 0.714 0.399 0.713 0.399 0.712 0.398 0.712 0.397 0.711 0.397 0.71 0.394 0.71 0.393 0.709 0.393 0.698 0.394 0.697 0.395 0.697 0.395 0.694 0.396 0.693 0.397 0.693 0.397 0.69 0.398 0.689 0.399 0.689 0.399 0.688 0.4 0.687 0.401 0.687 0.401 0.68 0.402 0.679 0.403 0.679 0.403 0.676 0.404 0.675 0.405 0.675 0.405 0.666 0.404 0.666 0.403 0.665 0.403 0.664 0.402 0.664 0.401 0.663 0.401 0.66 0.398 0.66 0.397 0.659 0.397 0.658 0.394 0.658 0.393 0.657 0.393 0.656 0.39 0.656 0.389 0.655 0.389 0.654 0.386 0.654 0.385 0.653 0.385 0.652 0.384 0.652 0.383 0.651 0.383 0.65 0.382 0.65 0.381 0.649 0.381 0.648 0.378 0.648 0.377 0.647 0.377 0.646
4 0.23 0.382 0.02 0.02 0.224 0.372 0.224 0.373 0.223 0.374 0.222 0.374 0.222 0.375 0.221 0.376 0.22 0.376 0.22 0.383 0.221 0.383 0.222 0.384 0.222 0.385 0.223 0.385 0.224 0.386 0.224 0.387 0.225 0.387 0.226 0.388 0.226 0.389 0.227 0.389 0.228 0.39 0.228 0.391 0.233 0.391 0.233 0.39 0.234 0.389 0.235 0.389 0.235 0.386 0.236 0.385 0.237 0.385 0.237 0.384 0.238 0.383 0.239 0.383 0.239 0.376 0.238 0.376 0.237 0.375 0.237 0.374 0.234 0.374 0.233 0.373 0.233 0.372
7 0.841 0.418 0.01 0.016 0.836 0.41 0.836 0.423 0.837 0.423 0.838 0.424 0.838 0.425 0.843 0.425 0.843 0.424 0.844 0.423 0.845 0.423 0.845 0.41
7 0.646 0.099 0.012 0.01 0.644 0.094 0.644 0.095 0.643 0.096 0.642 0.096 0.642 0.097 0.641 0.098 0.64 0.098 0.64 0.101 0.641 0.101 0.642 0.102 0.642 0.103 0.649 0.103 0.649 0.102 0.65 0.101 0.651 0.101 0.651 0.098 0.65 0.098 0.649 0.097 0.649 0.094
3 0.098 0.309 0.08 0.114 0.11 0.252 0.11 0.253 0.109 0.254 0.106 0.254 0.106 0.257 0.105 0.258 0.104 0.258 0.104 0.261 0.103 0.262 0.102 0.262 0.102 0.265 0.101 0.266 0.1 0.266 0.1 0.269 0.099 0.27 0.098 0.27 0.098 0.273 0.097 0.274 0.096 0.274 0.096 0.277 0.095 0.278 0.094 0.278 0.094 0.281 0.093 0.282 0.092 0.282 0.092 0.285 0.091 0.286 0.09 0.286 0.09 0.289 0.089 0.29 0.088 0.29 0.088 0.293 0.087 0.294 0.086 0.294 0.086 0.297 0.085 0.298 0.084 0.298 0.084 0.301 0.083 0.302 0.082 0.302 0.082 0.305 0.081 0.306 0.08 0.306 0.08 0.309 0.079 0.31 0.078 0.31 0.078 0.313 0.077 0.314 0.076 0.314 0.076 0.317 0.075 0.318 0.074 0.318 0.074 0.321 0.073 0.322 0.072 0.322 0.072 0.325 0.071 0.326 0.07 0.326 0.07 0.329 0.069 0.33 0.068 0.33 0.068 0.333 0.067 0.334 0.066 0.334 0.066 0.337 0.065 0.338 0.064 0.338 0.064 0.341 0.063 0.342 0.062 0.342 0.062 0.345 0.061 0.346 0.06 0.346 0.06 0.349 0.059 0.35 0.058 0.35 0.058 0.353 0.059 0.353 0.06 0.354 0.06 0.355 0.063 0.355 0.064 0.356 0.064 0.357 0.069 0.357 0.07 0.358 0.07 0.359 0.071 0.359 0.072 0.36 0.072 0.361 0.075 0.361 0.076 0.362 0.076 0.363 0.081 0.363 0.082 0.364 0.082 0.365 0.089 0.365 0.089 0.364 0.09 0.363 0.091 0.363 0.091 0.362 0.092 0.361 0.093 0.361 0.093 0.36 0.094 0.359 0.095 0.359 0.095 0.356 0.096 0.355 0.097 0.355 0.097 0.352 0.098 0.351 0.099 0.351 0.099 0.348 0.1 0.347 0.101 0.347 0.101 0.346 0.102 0.345 0.103 0.345 0.103 0.342 0.104 0.341 0.105 0.341 0.105 0.338 0.106 0.337 0.107 0.337 0.107 0.334 0.108 0.333 0.109 0.333 0.109 0.33 0.11 0.329 0.111 0.329 0.111 0.326 0.112 0.325 0.113 0.325 0.113 0.322 0.114 0.321 0.115 0.321 0.115 0.32 0.116 0.319 0.117 0.319 0.117 0.316 0.118 0.315 0.119 0.315 0.119 0.312 0.12 0.311 0.121 0.311 0.121 0.306 0.122 0.305 0.123 0.305 0.123 0.304 0.124 0.303 0.125 0.303 0.125 0.3 0.126 0.299 0.127 0.299 0.127 0.294 0.128 0.293 0.129 0.293 0.129 0.29 0.13 0.289 0.131 0.289 0.131 0.286 0.132 0.285 0.133 0.285 0.133 0.284 0.134 0.283 0.135 0.283 0.135 0.278 0.136 0.277 0.137 0.277 0.137 0.266 0.136 0.266 0.135 0.265 0.135 0.264 0.134 0.264 0.133 0.263 0.133 0.262 0.13 0.262 0.129 0.261 0.129 0.26 0.126 0.26 0.125 0.259 0.125 0.258 0.122 0.258 0.121 0.257 0.121 0.256 0.118 0.256 0.117 0.255 0.117 0.254 0.114 0.254 0.113 0.253 0.113 0.252
7 0.5650000000000001 0.379 0.034 0.034 0.56 0.362 0.56 0.363 0.559 0.364 0.558 0.364 0.558 0.367 0.557 0.368 0.556 0.368 0.556 0.371 0.555 0.372 0.554 0.372 0.554 0.375 0.553 0.376 0.552 0.376 0.552 0.377 0.551 0.378 0.55 0.378 0.55 0.383 0.549 0.384 0.548 0.384 0.548 0.385 0.549 0.385 0.55 0.386 0.55 0.387 0.553 0.387 0.554 0.388 0.554 0.389 0.557 0.389 0.558 0.39 0.558 0.391 0.563 0.391 0.564 0.392 0.564 0.393 0.567 0.393 0.568 0.394 0.568 0.395 0.573 0.395 0.573 0.394 0.574 0.393 0.575 0.393 0.575 0.388 0.576 0.387 0.577 0.387 0.577 0.386 0.578 0.385 0.579 0.385 0.579 0.38 0.58 0.379 0.581 0.379 0.581 0.37 0.58 0.37 0.579 0.369 0.579 0.368 0.578 0.368 0.577 0.367 0.577 0.366 0.572 0.366 0.571 0.365 0.571 0.364 0.568 0.364 0.567 0.363 0.567 0.362
7 0.745 0.027 0.018000000000000002 0.014 0.738 0.02 0.738 0.021 0.737 0.022 0.736 0.022 0.736 0.031 0.737 0.031 0.738 0.032 0.738 0.033 0.745 0.033 0.745 0.032 0.746 0.031 0.751 0.031 0.751 0.03 0.752 0.029 0.753 0.029 0.753 0.024 0.752 0.024 0.751 0.023 0.751 0.022 0.75 0.022 0.749 0.021 0.749 0.02
5 0.723 0.034 0.022 0.028 0.718 0.02 0.718 0.021 0.717 0.022 0.714 0.022 0.714 0.023 0.713 0.024 0.712 0.024 0.712 0.045 0.713 0.045 0.714 0.046 0.714 0.047 0.719 0.047 0.719 0.046 0.72 0.045 0.727 0.045 0.727 0.044 0.728 0.043 0.729 0.043 0.729 0.042 0.73 0.041 0.731 0.041 0.731 0.036 0.732 0.035 0.733 0.035 0.733 0.024 0.732 0.024 0.731 0.023 0.731 0.02
5 0.188 0.31 0.02 0.024 0.184 0.298 0.184 0.299 0.183 0.3 0.182 0.3 0.182 0.301 0.181 0.302 0.18 0.302 0.18 0.305 0.179 0.306 0.178 0.306 0.178 0.315 0.179 0.315 0.18 0.316 0.18 0.317 0.181 0.317 0.182 0.318 0.182 0.319 0.183 0.319 0.184 0.32 0.184 0.321 0.189 0.321 0.189 0.32 0.19 0.319 0.191 0.319 0.191 0.318 0.192 0.317 0.193 0.317 0.193 0.314 0.194 0.313 0.195 0.313 0.195 0.308 0.196 0.307 0.197 0.307 0.197 0.306 0.196 0.306 0.195 0.305 0.195 0.304 0.194 0.304 0.193 0.303 0.193 0.302 0.192 0.302 0.191 0.301 0.191 0.3 0.19 0.3 0.189 0.299 0.189 0.298
5 0.652 0.858 0.028 0.024 0.644 0.846 0.644 0.847 0.643 0.848 0.642 0.848 0.642 0.853 0.641 0.854 0.64 0.854 0.64 0.857 0.639 0.858 0.638 0.858 0.638 0.863 0.641 0.863 0.642 0.864 0.642 0.865 0.647 0.865 0.648 0.866 0.648 0.867 0.651 0.867 0.652 0.868 0.652 0.869 0.659 0.869 0.659 0.868 0.66 0.867 0.661 0.867 0.661 0.864 0.662 0.863 0.663 0.863 0.663 0.86 0.664 0.859 0.665 0.859 0.665 0.854 0.664 0.854 0.663 0.853 0.663 0.85 0.66 0.85 0.659 0.849 0.659 0.848 0.656 0.848 0.655 0.847 0.655 0.846
6 0.317 0.836 0.11800000000000001 0.112 0.286 0.78 0.286 0.781 0.285 0.782 0.284 0.782 0.284 0.783 0.283 0.784 0.282 0.784 0.282 0.787 0.281 0.788 0.28 0.788 0.28 0.793 0.279 0.794 0.278 0.794 0.278 0.797 0.277 0.798 0.276 0.798 0.276 0.801 0.275 0.802 0.274 0.802 0.274 0.805 0.273 0.806 0.272 0.806 0.272 0.809 0.271 0.81 0.27 0.81 0.27 0.813 0.269 0.814 0.268 0.814 0.268 0.817 0.267 0.818 0.266 0.818 0.266 0.821 0.265 0.822 0.264 0.822 0.264 0.827 0.263 0.828 0.262 0.828 0.262 0.839 0.261 0.84 0.26 0.84 0.26 0.847 0.259 0.848 0.258 0.848 0.258 0.853 0.259 0.853 0.26 0.854 0.26 0.855 0.261 0.855 0.262 0.856 0.262 0.857 0.265 0.857 0.266 0.858 0.266 0.859 0.269 0.859 0.27 0.86 0.27 0.861 0.273 0.861 0.274 0.862 0.274 0.863 0.279 0.863 0.28 0.864 0.28 0.865 0.283 0.865 0.284 0.866 0.284 0.867 0.289 0.867 0.29 0.868 0.29 0.869 0.293 0.869 0.294 0.87 0.294 0.871 0.295 0.871 0.296 0.872 0.296 0.873 0.299 0.873 0.3 0.874 0.3 0.875 0.303 0.875 0.304 0.876 0.304 0.877 0.305 0.877 0.306 0.878 0.306 0.879 0.309 0.879 0.31 0.88 0.31 0.881 0.313 0.881 0.314 0.882 0.314 0.883 0.317 0.883 0.318 0.884 0.318 0.885 0.321 0.885 0.322 0.886 0.322 0.887 0.325 0.887 0.326 0.888 0.326 0.889 0.331 0.889 0.332 0.89 0.332 0.891 0.343 0.891 0.343 0.89 0.344 0.889 0.345 0.889 0.345 0.884 0.346 0.883 0.347 0.883 0.347 0.882 0.348 0.881 0.349 0.881 0.349 0.878 0.35 0.877 0.351 0.877 0.351 0.874 0.352 0.873 0.353 0.873 0.353 0.868 0.354 0.867 0.355 0.867 0.355 0.864 0.356 0.863 0.357 0.863 0.357 0.858 0.358 0.857 0.359 0.857 0.359 0.854 0.36 0.853 0.361 0.853 0.361 0.85 0.362 0.849 0.363 0.849 0.363 0.846 0.364 0.845 0.365 0.845 0.365 0.84 0.366 0.839 0.367 0.839 0.367 0.836 0.368 0.835 0.369 0.835 0.369 0.834 0.37 0.833 0.371 0.833 0.371 0.83 0.372 0.829 0.373 0.829 0.373 0.826 0.374 0.825 0.375 0.825 0.375 0.82 0.374 0.82 0.373 0.819 0.373 0.818 0.37 0.818 0.369 0.817 0.369 0.816 0.368 0.816 0.367 0.815 0.367 0.814 0.366 0.814 0.365 0.813 0.365 0.812 0.362 0.812 0.361 0.811 0.361 0.81 0.356 0.81 0.355 0.809 0.355 0.808 0.352 0.808 0.351 0.807 0.351 0.806 0.348 0.806 0.347 0.805 0.347 0.804 0.344 0.804 0.343 0.803 0.343 0.802 0.34 0.802 0.339 0.801 0.339 0.8 0.336 0.8 0.335 0.799 0.335 0.798 0.33 0.798 0.329 0.797 0.329 0.796 0.324 0.796 0.323 0.795 0.323 0.794 0.32 0.794 0.319 0.793 0.319 0.792 0.316 0.792 0.315 0.791 0.315 0.79 0.31 0.79 0.309 0.789 0.309 0.788 0.306 0.788 0.305 0.787 0.305 0.786 0.302 0.786 0.301 0.785 0.301 0.784 0.296 0.784 0.295 0.783 0.295 0.782 0.288 0.782 0.287 0.781 0.287 0.78
0 0.399 0.63 0.042 0.056 0.396 0.602 0.396 0.603 0.395 0.604 0.394 0.604 0.394 0.607 0.393 0.608 0.392 0.608 0.392 0.611 0.391 0.612 0.39 0.612 0.39 0.617 0.389 0.618 0.388 0.618 0.388 0.621 0.387 0.622 0.386 0.622 0.386 0.625 0.385 0.626 0.384 0.626 0.384 0.631 0.383 0.632 0.382 0.632 0.382 0.635 0.381 0.636 0.38 0.636 0.38 0.639 0.379 0.64 0.378 0.64 0.378 0.647 0.381 0.647 0.382 0.648 0.382 0.649 0.383 0.649 0.384 0.65 0.384 0.651 0.387 0.651 0.388 0.652 0.388 0.653 0.391 0.653 0.392 0.654 0.392 0.655 0.393 0.655 0.394 0.656 0.394 0.657 0.403 0.657 0.403 0.652 0.404 0.651 0.405 0.651 0.405 0.65 0.406 0.649 0.407 0.649 0.407 0.644 0.408 0.643 0.409 0.643 0.409 0.638 0.41 0.637 0.411 0.637 0.411 0.634 0.412 0.633 0.413 0.633 0.413 0.632 0.414 0.631 0.415 0.631 0.415 0.626 0.416 0.625 0.417 0.625 0.417 0.62 0.418 0.619 0.419 0.619 0.419 0.618 0.418 0.618 0.417 0.617 0.417 0.614 0.414 0.614 0.413 0.613 0.413 0.612 0.41 0.612 0.409 0.611 0.409 0.61 0.408 0.61 0.407 0.609 0.407 0.608 0.404 0.608 0.403 0.607 0.403 0.606 0.402 0.606 0.401 0.605 0.401 0.604 0.398 0.604 0.397 0.603 0.397 0.602
1 0.199 0.356 0.10200000000000001 0.164 0.228 0.372 0.228 0.373 0.229 0.373 0.229 0.372
