3 0.485 0.587 0.13 0.078 0.472 0.548 0.472 0.549 0.471 0.55 0.466 0.55 0.466 0.551 0.465 0.552 0.458 0.552 0.458 0.553 0.457 0.554 0.45 0.554 0.45 0.555 0.449 0.556 0.442 0.556 0.442 0.557 0.441 0.558 0.436 0.558 0.436 0.559 0.435 0.56 0.426 0.56 0.426 0.569 0.425 0.57 0.424 0.57 0.424 0.595 0.423 0.596 0.422 0.596 0.422 0.609 0.421 0.61 0.42 0.61 0.42 0.615 0.421 0.615 0.422 0.616 0.422 0.617 0.423 0.617 0.424 0.618 0.424 0.619 0.429 0.619 0.43 0.62 0.43 0.621 0.441 0.621 0.442 0.622 0.442 0.623 0.453 0.623 0.454 0.624 0.454 0.625 0.505 0.625 0.505 0.624 0.506 0.623 0.523 0.623 0.523 0.622 0.524 0.621 0.547 0.621 0.547 0.62 0.548 0.619 0.549 0.619 0.549 0.566 0.548 0.566 0.547 0.565 0.547 0.564 0.546 0.564 0.545 0.563 0.545 0.562 0.542 0.562 0.541 0.561 0.541 0.56 0.534 0.56 0.533 0.559 0.533 0.558 0.526 0.558 0.525 0.557 0.525 0.556 0.52 0.556 0.519 0.555 0.519 0.554 0.514 0.554 0.513 0.553 0.513 0.552 0.504 0.552 0.503 0.551 0.503 0.55 0.486 0.55 0.485 0.549 0.485 0.548
4 0.033 0.395 0.018000000000000002 0.026000000000000002 0.026 0.382 0.026 0.383 0.025 0.384 0.024 0.384 0.024 0.407 0.039 0.407 0.039 0.406 0.04 0.405 0.041 0.405 0.041 0.386 0.04 0.386 0.039 0.385 0.039 0.384 0.036 0.384 0.035 0.383 0.035 0.382
7 0.5690000000000001 0.521 0.014 0.014 0.564 0.514 0.564 0.515 0.563 0.516 0.562 0.516 0.562 0.525 0.563 0.525 0.564 0.526 0.564 0.527 0.573 0.527 0.573 0.526 0.574 0.525 0.575 0.525 0.575 0.516 0.574 0.516 0.573 0.515 0.573 0.514
7 0.59 0.5750000000000001 0.012 0.018000000000000002 0.586 0.566 0.586 0.567 0.585 0.568 0.584 0.568 0.584 0.581 0.585 0.581 0.586 0.582 0.586 0.583 0.589 0.583 0.589 0.582 0.59 0.581 0.593 0.581 0.593 0.576 0.594 0.575 0.595 0.575 0.595 0.574 0.594 0.574 0.593 0.573 0.593 0.57 0.592 0.57 0.591 0.569 0.591 0.568 0.59 0.568 0.589 0.567 0.589 0.566
7 0.769 0.612 0.018000000000000002 0.012 0.762 0.606 0.762 0.607 0.761 0.608 0.76 0.608 0.76 0.617 0.771 0.617 0.771 0.616 0.772 0.615 0.777 0.615 0.777 0.606
3 0.9520000000000001 0.544 0.08 0.064 0.924 0.512 0.924 0.513 0.923 0.514 0.916 0.514 0.916 0.515 0.915 0.516 0.914 0.516 0.914 0.519 0.913 0.52 0.912 0.52 0.912 0.571 0.943 0.571 0.944 0.572 0.944 0.573 0.959 0.573 0.96 0.574 0.96 0.575 0.987 0.575 0.987 0.572 0.988 0.571 0.989 0.571 0.989 0.54 0.99 0.539 0.991 0.539 0.991 0.52 0.99 0.52 0.989 0.519 0.989 0.518 0.986 0.518 0.985 0.517 0.985 0.516 0.978 0.516 0.977 0.515 0.977 0.514 0.976 0.514 0.976 0.515 0.975 0.516 0.968 0.516 0.967 0.515 0.967 0.514 0.946 0.514 0.945 0.513 0.945 0.512
3 0.325 0.586 0.054 0.052000000000000005 0.318 0.56 0.318 0.561 0.317 0.562 0.316 0.562 0.316 0.563 0.315 0.564 0.31 0.564 0.31 0.565 0.309 0.566 0.308 0.566 0.308 0.567 0.307 0.568 0.304 0.568 0.304 0.571 0.303 0.572 0.302 0.572 0.302 0.573 0.301 0.574 0.3 0.574 0.3 0.575 0.299 0.576 0.298 0.576 0.298 0.603 0.299 0.603 0.3 0.604 0.3 0.609 0.307 0.609 0.308 0.61 0.308 0.611 0.331 0.611 0.331 0.61 0.332 0.609 0.347 0.609 0.347 0.606 0.348 0.605 0.349 0.605 0.349 0.574 0.348 0.574 0.347 0.573 0.347 0.572 0.344 0.572 0.343 0.571 0.343 0.57 0.342 0.57 0.341 0.569 0.341 0.568 0.338 0.568 0.337 0.567 0.337 0.566 0.334 0.566 0.333 0.565 0.333 0.564 0.33 0.564 0.329 0.563 0.329 0.562 0.328 0.562 0.327 0.561 0.327 0.56
7 0.499 0.508 0.014 0.032 0.5 0.492 0.5 0.493 0.499 0.494 0.492 0.494 0.492 0.503 0.493 0.503 0.494 0.504 0.494 0.505 0.495 0.505 0.496 0.506 0.496 0.523 0.501 0.523 0.501 0.52 0.502 0.519 0.503 0.519 0.503 0.506 0.504 0.505 0.505 0.505 0.505 0.496 0.504 0.496 0.503 0.495 0.503 0.494 0.502 0.494 0.501 0.493 0.501 0.492
4 0.01 0.394 0.02 0.028 0.004 0.38 0.004 0.383 0.003 0.384 0.002 0.384 0.002 0.395 0.001 0.396 0.0 0.396 0.0 0.403 0.001 0.403 0.002 0.404 0.002 0.405 0.005 0.405 0.006 0.406 0.006 0.407 0.015 0.407 0.015 0.406 0.016 0.405 0.017 0.405 0.017 0.394 0.018 0.393 0.019 0.393 0.019 0.384 0.018 0.384 0.017 0.383 0.017 0.382 0.016 0.382 0.015 0.381 0.015 0.38
5 0.99 0.595 0.02 0.034 0.982 0.578 0.982 0.583 0.981 0.584 0.98 0.584 0.98 0.609 0.983 0.609 0.984 0.61 0.984 0.611 0.997 0.611 0.997 0.61 0.998 0.609 0.999 0.609 0.999 0.578
5 0.756 0.636 0.024 0.02 0.746 0.626 0.746 0.627 0.745 0.628 0.744 0.628 0.744 0.645 0.765 0.645 0.765 0.644 0.766 0.643 0.767 0.643 0.767 0.63 0.764 0.63 0.763 0.629 0.763 0.628 0.76 0.628 0.759 0.627 0.759 0.626
5 0.47500000000000003 0.54 0.022 0.02 0.468 0.53 0.468 0.531 0.467 0.532 0.466 0.532 0.466 0.533 0.465 0.534 0.464 0.534 0.464 0.541 0.465 0.541 0.466 0.542 0.466 0.547 0.467 0.547 0.468 0.548 0.468 0.549 0.473 0.549 0.473 0.548 0.474 0.547 0.485 0.547 0.485 0.534 0.484 0.534 0.483 0.533 0.483 0.532 0.474 0.532 0.473 0.531 0.473 0.53
6 0.053 0.294 0.106 0.1 0.0 0.244 0.0 0.339 0.029 0.339 0.03 0.34 0.03 0.341 0.073 0.341 0.074 0.342 0.074 0.343 0.101 0.343 0.101 0.34 0.102 0.339 0.103 0.339 0.103 0.324 0.104 0.323 0.105 0.323 0.105 0.302 0.104 0.302 0.103 0.301 0.103 0.262 0.104 0.261 0.105 0.261 0.105 0.258 0.104 0.258 0.103 0.257 0.103 0.254 0.098 0.254 0.097 0.253 0.097 0.252 0.084 0.252 0.083 0.251 0.083 0.25 0.058 0.25 0.057 0.249 0.057 0.248 0.044 0.248 0.043 0.247 0.043 0.246 0.026 0.246 0.025 0.245 0.025 0.244
5 0.192 0.548 0.02 0.012 0.184 0.542 0.184 0.543 0.183 0.544 0.182 0.544 0.182 0.545 0.183 0.545 0.184 0.546 0.184 0.553 0.197 0.553 0.197 0.552 0.198 0.551 0.199 0.551 0.199 0.548 0.2 0.547 0.201 0.547 0.201 0.544 0.2 0.544 0.199 0.543 0.199 0.542
4 0.418 0.495 0.024 0.026000000000000002 0.408 0.482 0.408 0.483 0.407 0.484 0.406 0.484 0.406 0.505 0.407 0.505 0.408 0.506 0.408 0.507 0.425 0.507 0.425 0.506 0.426 0.505 0.427 0.505 0.427 0.502 0.428 0.501 0.429 0.501 0.429 0.482
4 0.064 0.516 0.024 0.02 0.054 0.506 0.054 0.507 0.053 0.508 0.052 0.508 0.052 0.523 0.053 0.523 0.054 0.524 0.054 0.525 0.073 0.525 0.073 0.524 0.074 0.523 0.075 0.523 0.075 0.51 0.074 0.51 0.073 0.509 0.073 0.508 0.066 0.508 0.065 0.507 0.065 0.506
4 0.073 0.406 0.018000000000000002 0.028 0.068 0.392 0.068 0.393 0.067 0.394 0.066 0.394 0.066 0.399 0.065 0.4 0.064 0.4 0.064 0.415 0.065 0.415 0.066 0.416 0.066 0.417 0.069 0.417 0.07 0.418 0.07 0.419 0.075 0.419 0.075 0.418 0.076 0.417 0.077 0.417 0.077 0.416 0.078 0.415 0.079 0.415 0.079 0.408 0.08 0.407 0.081 0.407 0.081 0.394 0.08 0.394 0.079 0.393 0.079 0.392
4 0.218 0.47700000000000004 0.024 0.03 0.208 0.462 0.208 0.465 0.207 0.466 0.206 0.466 0.206 0.485 0.207 0.485 0.208 0.486 0.208 0.489 0.209 0.489 0.21 0.49 0.21 0.491 0.227 0.491 0.227 0.49 0.228 0.489 0.229 0.489 0.229 0.466 0.228 0.466 0.227 0.465 0.227 0.464 0.22 0.464 0.219 0.463 0.219 0.462
4 0.329 0.482 0.026000000000000002 0.028 0.322 0.468 0.322 0.469 0.321 0.47 0.318 0.47 0.318 0.475 0.317 0.476 0.316 0.476 0.316 0.493 0.317 0.493 0.318 0.494 0.318 0.495 0.341 0.495 0.341 0.47 0.324 0.47 0.323 0.469 0.323 0.468
4 0.455 0.511 0.03 0.026000000000000002 0.444 0.498 0.444 0.499 0.443 0.5 0.442 0.5 0.442 0.505 0.441 0.506 0.44 0.506 0.44 0.517 0.441 0.517 0.442 0.518 0.442 0.519 0.443 0.519 0.444 0.52 0.444 0.521 0.447 0.521 0.448 0.522 0.448 0.523 0.467 0.523 0.467 0.522 0.468 0.521 0.469 0.521 0.469 0.498
4 0.877 0.6990000000000001 0.026000000000000002 0.026000000000000002 0.866 0.686 0.866 0.687 0.865 0.688 0.864 0.688 0.864 0.707 0.865 0.707 0.866 0.708 0.866 0.709 0.869 0.709 0.87 0.71 0.87 0.711 0.885 0.711 0.885 0.71 0.886 0.709 0.887 0.709 0.887 0.704 0.888 0.703 0.889 0.703 0.889 0.688 0.888 0.688 0.887 0.687 0.887 0.686
4 0.905 0.6980000000000001 0.026000000000000002 0.024 0.896 0.686 0.896 0.687 0.895 0.688 0.894 0.688 0.894 0.693 0.893 0.694 0.892 0.694 0.892 0.705 0.893 0.705 0.894 0.706 0.894 0.707 0.895 0.707 0.896 0.708 0.896 0.709 0.911 0.709 0.911 0.708 0.912 0.707 0.913 0.707 0.913 0.706 0.914 0.705 0.915 0.705 0.915 0.698 0.916 0.697 0.917 0.697 0.917 0.69 0.916 0.69 0.915 0.689 0.915 0.688 0.91 0.688 0.909 0.687 0.909 0.686
7 0.774 0.629 0.012 0.03 0.772 0.616 0.772 0.621 0.771 0.622 0.77 0.622 0.77 0.641 0.769 0.642 0.768 0.642 0.768 0.643 0.777 0.643 0.777 0.642 0.778 0.641 0.779 0.641 0.779 0.616
4 0.5690000000000001 0.486 0.022 0.028 0.558 0.472 0.558 0.493 0.559 0.493 0.56 0.494 0.56 0.497 0.563 0.497 0.564 0.498 0.564 0.499 0.575 0.499 0.575 0.498 0.576 0.497 0.577 0.497 0.577 0.496 0.578 0.495 0.579 0.495 0.579 0.474 0.564 0.474 0.563 0.473 0.563 0.472
4 0.6920000000000001 0.47300000000000003 0.02 0.022 0.686 0.462 0.686 0.463 0.685 0.464 0.684 0.464 0.684 0.469 0.683 0.47 0.682 0.47 0.682 0.477 0.683 0.477 0.684 0.478 0.684 0.479 0.687 0.479 0.688 0.48 0.688 0.481 0.689 0.481 0.69 0.482 0.69 0.483 0.695 0.483 0.695 0.482 0.696 0.481 0.697 0.481 0.697 0.48 0.698 0.479 0.699 0.479 0.699 0.474 0.7 0.473 0.701 0.473 0.701 0.468 0.7 0.468 0.699 0.467 0.699 0.464 0.698 0.464 0.697 0.463 0.697 0.462
