4 0.455 0.494 0.014 0.02 0.45 0.484 0.45 0.485 0.449 0.486 0.448 0.486 0.448 0.503 0.457 0.503 0.457 0.502 0.458 0.501 0.459 0.501 0.459 0.5 0.46 0.499 0.461 0.499 0.461 0.486 0.46 0.486 0.459 0.485 0.459 0.484
4 0.47600000000000003 0.586 0.02 0.012 0.468 0.58 0.468 0.583 0.467 0.584 0.466 0.584 0.466 0.585 0.467 0.585 0.468 0.586 0.468 0.589 0.469 0.589 0.47 0.59 0.47 0.591 0.483 0.591 0.483 0.59 0.484 0.589 0.485 0.589 0.485 0.58
3 0.401 0.452 0.066 0.076 0.422 0.414 0.422 0.415 0.421 0.416 0.402 0.416 0.402 0.417 0.401 0.418 0.388 0.418 0.388 0.419 0.387 0.42 0.384 0.42 0.384 0.421 0.383 0.422 0.378 0.422 0.378 0.423 0.377 0.424 0.372 0.424 0.372 0.425 0.371 0.426 0.37 0.426 0.37 0.427 0.369 0.428 0.368 0.428 0.368 0.447 0.369 0.447 0.37 0.448 0.37 0.453 0.369 0.454 0.368 0.454 0.368 0.463 0.369 0.463 0.37 0.464 0.37 0.465 0.371 0.465 0.372 0.466 0.372 0.467 0.373 0.467 0.374 0.468 0.374 0.469 0.375 0.469 0.376 0.47 0.376 0.471 0.377 0.471 0.378 0.472 0.378 0.473 0.379 0.473 0.38 0.474 0.38 0.475 0.381 0.475 0.382 0.476 0.382 0.477 0.383 0.477 0.384 0.478 0.384 0.479 0.385 0.479 0.386 0.48 0.386 0.481 0.387 0.481 0.388 0.482 0.388 0.483 0.389 0.483 0.39 0.484 0.39 0.485 0.391 0.485 0.392 0.486 0.392 0.487 0.395 0.487 0.396 0.488 0.396 0.489 0.397 0.489 0.397 0.488 0.398 0.487 0.399 0.487 0.399 0.486 0.4 0.485 0.403 0.485 0.403 0.484 0.404 0.483 0.405 0.483 0.405 0.482 0.406 0.481 0.407 0.481 0.407 0.48 0.408 0.479 0.409 0.479 0.409 0.478 0.41 0.477 0.411 0.477 0.411 0.476 0.412 0.475 0.413 0.475 0.413 0.472 0.414 0.471 0.415 0.471 0.415 0.47 0.416 0.469 0.417 0.469 0.417 0.468 0.418 0.467 0.419 0.467 0.419 0.466 0.42 0.465 0.421 0.465 0.421 0.464 0.422 0.463 0.423 0.463 0.423 0.462 0.424 0.461 0.425 0.461 0.425 0.458 0.426 0.457 0.427 0.457 0.427 0.454 0.428 0.453 0.429 0.453 0.429 0.45 0.43 0.449 0.431 0.449 0.431 0.436 0.432 0.435 0.433 0.435 0.433 0.434 0.432 0.434 0.431 0.433 0.431 0.426 0.432 0.425 0.433 0.425 0.433 0.422 0.43 0.422 0.429 0.421 0.429 0.418 0.428 0.418 0.427 0.417 0.427 0.416 0.426 0.416 0.425 0.415 0.425 0.414
2 0.657 0.537 0.09 0.098 0.672 0.488 0.672 0.489 0.671 0.49 0.662 0.49 0.662 0.491 0.661 0.492 0.652 0.492 0.652 0.493 0.651 0.494 0.65 0.494 0.65 0.495 0.649 0.496 0.648 0.496 0.648 0.497 0.647 0.498 0.644 0.498 0.644 0.499 0.643 0.5 0.64 0.5 0.64 0.501 0.639 0.502 0.638 0.502 0.638 0.503 0.637 0.504 0.634 0.504 0.634 0.505 0.633 0.506 0.632 0.506 0.632 0.507 0.631 0.508 0.63 0.508 0.63 0.521 0.629 0.522 0.628 0.522 0.628 0.523 0.627 0.524 0.624 0.524 0.624 0.525 0.623 0.526 0.614 0.526 0.614 0.529 0.613 0.53 0.612 0.53 0.612 0.537 0.613 0.537 0.614 0.538 0.614 0.541 0.615 0.541 0.616 0.542 0.616 0.545 0.617 0.545 0.618 0.546 0.618 0.551 0.619 0.551 0.62 0.552 0.62 0.555 0.621 0.555 0.622 0.556 0.622 0.559 0.623 0.559 0.624 0.56 0.624 0.571 0.623 0.572 0.622 0.572 0.622 0.583 0.623 0.583 0.624 0.584 0.624 0.585 0.631 0.585 0.631 0.584 0.632 0.583 0.641 0.583 0.641 0.582 0.642 0.581 0.655 0.581 0.655 0.58 0.656 0.579 0.673 0.579 0.673 0.578 0.674 0.577 0.695 0.577 0.695 0.576 0.696 0.575 0.701 0.575 0.701 0.552 0.7 0.552 0.699 0.551 0.699 0.536 0.698 0.536 0.697 0.535 0.697 0.516 0.696 0.516 0.695 0.515 0.695 0.498 0.694 0.498 0.693 0.497 0.693 0.494 0.692 0.494 0.691 0.493 0.691 0.492 0.688 0.492 0.687 0.491 0.687 0.49 0.682 0.49 0.681 0.489 0.681 0.488
7 0.497 0.872 0.01 0.008 0.494 0.868 0.494 0.869 0.493 0.87 0.492 0.87 0.492 0.875 0.501 0.875 0.501 0.868
3 0.56 0.963 0.048 0.074 0.568 0.926 0.568 0.927 0.567 0.928 0.552 0.928 0.552 0.929 0.551 0.93 0.538 0.93 0.538 0.931 0.537 0.932 0.536 0.932 0.536 0.949 0.537 0.949 0.538 0.95 0.538 0.981 0.539 0.981 0.54 0.982 0.54 0.999 0.583 0.999 0.583 0.978 0.582 0.978 0.581 0.977 0.581 0.962 0.58 0.962 0.579 0.961 0.579 0.944 0.578 0.944 0.577 0.943 0.577 0.93 0.576 0.93 0.575 0.929 0.575 0.926
3 0.337 0.988 0.042 0.024 0.334 0.976 0.334 0.977 0.333 0.978 0.318 0.978 0.318 0.979 0.317 0.98 0.316 0.98 0.316 0.999 0.357 0.999 0.357 0.98 0.356 0.98 0.355 0.979 0.355 0.976
4 0.48 0.447 0.02 0.018000000000000002 0.474 0.438 0.474 0.439 0.473 0.44 0.472 0.44 0.472 0.441 0.471 0.442 0.47 0.442 0.47 0.453 0.471 0.453 0.472 0.454 0.472 0.455 0.487 0.455 0.487 0.454 0.488 0.453 0.489 0.453 0.489 0.438
4 0.535 0.442 0.018000000000000002 0.016 0.53 0.434 0.53 0.435 0.529 0.436 0.528 0.436 0.528 0.441 0.527 0.442 0.526 0.442 0.526 0.443 0.527 0.443 0.528 0.444 0.528 0.449 0.539 0.449 0.539 0.448 0.54 0.447 0.543 0.447 0.543 0.436 0.542 0.436 0.541 0.435 0.541 0.434
4 0.46 0.554 0.012 0.012 0.456 0.548 0.456 0.549 0.455 0.55 0.454 0.55 0.454 0.555 0.455 0.555 0.456 0.556 0.456 0.559 0.465 0.559 0.465 0.55 0.464 0.55 0.463 0.549 0.463 0.548
3 0.316 0.835 0.048 0.07 0.31 0.8 0.31 0.801 0.309 0.802 0.292 0.802 0.292 0.823 0.293 0.823 0.294 0.824 0.294 0.855 0.295 0.855 0.296 0.856 0.296 0.863 0.297 0.863 0.298 0.864 0.298 0.867 0.299 0.867 0.3 0.868 0.3 0.869 0.317 0.869 0.317 0.868 0.318 0.867 0.335 0.867 0.335 0.866 0.336 0.865 0.337 0.865 0.337 0.864 0.338 0.863 0.339 0.863 0.339 0.848 0.338 0.848 0.337 0.847 0.337 0.834 0.336 0.834 0.335 0.833 0.335 0.822 0.334 0.822 0.333 0.821 0.333 0.81 0.332 0.81 0.331 0.809 0.331 0.804 0.33 0.804 0.329 0.803 0.329 0.8
3 0.542 0.8220000000000001 0.044 0.07200000000000001 0.538 0.786 0.538 0.787 0.537 0.788 0.522 0.788 0.522 0.791 0.521 0.792 0.52 0.792 0.52 0.827 0.521 0.827 0.522 0.828 0.522 0.849 0.523 0.849 0.524 0.85 0.524 0.855 0.525 0.855 0.526 0.856 0.526 0.857 0.543 0.857 0.543 0.856 0.544 0.855 0.559 0.855 0.559 0.854 0.56 0.853 0.563 0.853 0.563 0.83 0.562 0.83 0.561 0.829 0.561 0.818 0.56 0.818 0.559 0.817 0.559 0.794 0.558 0.794 0.557 0.793 0.557 0.786
4 0.442 0.458 0.016 0.02 0.442 0.448 0.442 0.449 0.441 0.45 0.438 0.45 0.438 0.451 0.437 0.452 0.436 0.452 0.436 0.457 0.435 0.458 0.434 0.458 0.434 0.461 0.435 0.461 0.436 0.462 0.436 0.465 0.439 0.465 0.44 0.466 0.44 0.467 0.443 0.467 0.443 0.466 0.444 0.465 0.447 0.465 0.447 0.464 0.448 0.463 0.449 0.463 0.449 0.45 0.448 0.45 0.447 0.449 0.447 0.448
7 0.557 0.537 0.026000000000000002 0.014 0.548 0.53 0.548 0.531 0.547 0.532 0.544 0.532 0.544 0.539 0.545 0.539 0.546 0.54 0.546 0.541 0.561 0.541 0.562 0.542 0.562 0.543 0.565 0.543 0.565 0.542 0.566 0.541 0.567 0.541 0.567 0.538 0.568 0.537 0.569 0.537 0.569 0.53
6 0.46900000000000003 0.229 0.07 0.14200000000000002 0.472 0.158 0.472 0.159 0.471 0.16 0.458 0.16 0.458 0.161 0.457 0.162 0.444 0.162 0.444 0.163 0.443 0.164 0.434 0.164 0.434 0.177 0.435 0.177 0.436 0.178 0.436 0.193 0.437 0.193 0.438 0.194 0.438 0.211 0.439 0.211 0.44 0.212 0.44 0.231 0.441 0.231 0.442 0.232 0.442 0.253 0.443 0.253 0.444 0.254 0.444 0.267 0.445 0.267 0.446 0.268 0.446 0.281 0.447 0.281 0.448 0.282 0.448 0.297 0.449 0.297 0.45 0.298 0.45 0.299 0.455 0.299 0.455 0.298 0.456 0.297 0.461 0.297 0.461 0.296 0.462 0.295 0.473 0.295 0.473 0.294 0.474 0.293 0.485 0.293 0.485 0.292 0.486 0.291 0.497 0.291 0.497 0.29 0.498 0.289 0.501 0.289 0.501 0.288 0.502 0.287 0.503 0.287 0.503 0.272 0.502 0.272 0.501 0.271 0.501 0.258 0.5 0.258 0.499 0.257 0.499 0.246 0.498 0.246 0.497 0.245 0.497 0.236 0.496 0.236 0.495 0.235 0.495 0.228 0.494 0.228 0.493 0.227 0.493 0.218 0.492 0.218 0.491 0.217 0.491 0.206 0.49 0.206 0.489 0.205 0.489 0.192 0.488 0.192 0.487 0.191 0.487 0.172 0.486 0.172 0.485 0.171 0.485 0.162 0.484 0.162 0.483 0.161 0.483 0.158
5 0.41100000000000003 0.917 0.022 0.026000000000000002 0.404 0.904 0.404 0.905 0.403 0.906 0.4 0.906 0.4 0.927 0.401 0.927 0.402 0.928 0.402 0.929 0.417 0.929 0.417 0.928 0.418 0.927 0.421 0.927 0.421 0.908 0.42 0.908 0.419 0.907 0.419 0.904
5 0.373 0.529 0.026000000000000002 0.018000000000000002 0.366 0.52 0.366 0.521 0.365 0.522 0.362 0.522 0.362 0.523 0.361 0.524 0.36 0.524 0.36 0.535 0.361 0.535 0.362 0.536 0.362 0.537 0.377 0.537 0.377 0.536 0.378 0.535 0.383 0.535 0.383 0.534 0.384 0.533 0.385 0.533 0.385 0.52
5 0.362 0.219 0.024 0.014 0.352 0.212 0.352 0.213 0.351 0.214 0.35 0.214 0.35 0.225 0.361 0.225 0.361 0.224 0.362 0.223 0.369 0.223 0.369 0.222 0.37 0.221 0.371 0.221 0.371 0.218 0.372 0.217 0.373 0.217 0.373 0.216 0.372 0.216 0.371 0.215 0.371 0.214 0.37 0.214 0.369 0.213 0.369 0.212 0.364 0.212 0.364 0.213 0.363 0.214 0.354 0.214 0.353 0.213 0.353 0.212
4 0.333 0.9430000000000001 0.022 0.026000000000000002 0.326 0.93 0.326 0.931 0.325 0.932 0.322 0.932 0.322 0.943 0.323 0.943 0.324 0.944 0.324 0.949 0.325 0.949 0.326 0.95 0.326 0.951 0.327 0.951 0.328 0.952 0.328 0.953 0.335 0.953 0.336 0.954 0.336 0.955 0.337 0.955 0.337 0.954 0.338 0.953 0.341 0.953 0.341 0.952 0.342 0.951 0.343 0.951 0.343 0.94 0.342 0.94 0.341 0.939 0.341 0.932 0.34 0.932 0.339 0.931 0.339 0.93
4 0.501 0.934 0.01 0.012 0.498 0.928 0.498 0.929 0.497 0.93 0.496 0.93 0.496 0.939 0.503 0.939 0.503 0.938 0.504 0.937 0.505 0.937 0.505 0.93 0.504 0.93 0.503 0.929 0.503 0.928
4 0.328 0.898 0.024 0.028 0.32 0.884 0.32 0.885 0.319 0.886 0.318 0.886 0.318 0.887 0.317 0.888 0.316 0.888 0.316 0.903 0.317 0.903 0.318 0.904 0.318 0.909 0.321 0.909 0.322 0.91 0.322 0.911 0.339 0.911 0.339 0.89 0.338 0.89 0.337 0.889 0.337 0.886 0.336 0.886 0.335 0.885 0.335 0.884
4 0.464 0.791 0.012 0.014 0.462 0.784 0.462 0.785 0.461 0.786 0.46 0.786 0.46 0.789 0.459 0.79 0.458 0.79 0.458 0.793 0.459 0.793 0.46 0.794 0.46 0.795 0.461 0.795 0.462 0.796 0.462 0.797 0.463 0.797 0.463 0.796 0.464 0.795 0.467 0.795 0.467 0.794 0.468 0.793 0.469 0.793 0.469 0.786 0.466 0.786 0.465 0.785 0.465 0.784
4 0.382 0.5650000000000001 0.016 0.014 0.376 0.558 0.376 0.559 0.375 0.56 0.374 0.56 0.374 0.563 0.375 0.563 0.376 0.564 0.376 0.567 0.377 0.567 0.378 0.568 0.378 0.569 0.379 0.569 0.38 0.57 0.38 0.571 0.385 0.571 0.385 0.57 0.386 0.569 0.387 0.569 0.387 0.566 0.388 0.565 0.389 0.565 0.389 0.562 0.388 0.562 0.387 0.561 0.387 0.558
