3 0.5700000000000001 0.96 0.04 0.04 0.556 0.94 0.556 0.945 0.555 0.946 0.554 0.946 0.554 0.959 0.553 0.96 0.552 0.96 0.552 0.971 0.551 0.972 0.55 0.972 0.55 0.977 0.567 0.977 0.568 0.978 0.568 0.979 0.585 0.979 0.585 0.97 0.586 0.969 0.587 0.969 0.587 0.952 0.588 0.951 0.589 0.951 0.589 0.942 0.572 0.942 0.571 0.941 0.571 0.94
5 0.47400000000000003 0.966 0.02 0.02 0.466 0.956 0.466 0.959 0.465 0.96 0.464 0.96 0.464 0.973 0.473 0.973 0.473 0.972 0.474 0.971 0.481 0.971 0.481 0.97 0.482 0.969 0.483 0.969 0.483 0.968 0.482 0.968 0.481 0.967 0.481 0.962 0.48 0.962 0.479 0.961 0.479 0.96 0.478 0.96 0.477 0.959 0.477 0.958 0.474 0.958 0.473 0.957 0.473 0.956
4 0.496 0.079 0.028 0.014 0.484 0.072 0.484 0.073 0.483 0.074 0.482 0.074 0.482 0.077 0.483 0.077 0.484 0.078 0.484 0.081 0.487 0.081 0.488 0.082 0.488 0.083 0.499 0.083 0.5 0.084 0.5 0.085 0.505 0.085 0.505 0.084 0.506 0.083 0.509 0.083 0.509 0.076 0.506 0.076 0.505 0.075 0.505 0.074 0.502 0.074 0.501 0.073 0.501 0.072
4 0.441 0.527 0.018000000000000002 0.01 0.432 0.522 0.432 0.527 0.433 0.527 0.434 0.528 0.434 0.529 0.441 0.529 0.442 0.53 0.442 0.531 0.445 0.531 0.445 0.53 0.446 0.529 0.447 0.529 0.447 0.528 0.448 0.527 0.449 0.527 0.449 0.522
4 0.611 0.28600000000000003 0.03 0.024 0.6 0.274 0.6 0.275 0.599 0.276 0.598 0.276 0.598 0.279 0.597 0.28 0.596 0.28 0.596 0.291 0.597 0.291 0.598 0.292 0.598 0.295 0.609 0.295 0.61 0.296 0.61 0.297 0.619 0.297 0.619 0.296 0.62 0.295 0.623 0.295 0.623 0.29 0.624 0.289 0.625 0.289 0.625 0.28 0.624 0.28 0.623 0.279 0.623 0.278 0.622 0.278 0.621 0.277 0.621 0.276 0.608 0.276 0.607 0.275 0.607 0.274
5 0.47200000000000003 0.47800000000000004 0.016 0.012 0.466 0.472 0.466 0.473 0.465 0.474 0.464 0.474 0.464 0.481 0.465 0.481 0.466 0.482 0.466 0.483 0.475 0.483 0.475 0.482 0.476 0.481 0.477 0.481 0.477 0.48 0.478 0.479 0.479 0.479 0.479 0.476 0.478 0.476 0.477 0.475 0.477 0.474 0.468 0.474 0.467 0.473 0.467 0.472
7 0.514 0.381 0.012 0.014 0.508 0.374 0.508 0.385 0.509 0.385 0.51 0.386 0.51 0.387 0.517 0.387 0.517 0.384 0.518 0.383 0.519 0.383 0.519 0.378 0.518 0.378 0.517 0.377 0.517 0.374
4 0.467 0.313 0.026000000000000002 0.026000000000000002 0.458 0.3 0.458 0.301 0.457 0.302 0.454 0.302 0.454 0.321 0.455 0.321 0.456 0.322 0.456 0.323 0.465 0.323 0.466 0.324 0.466 0.325 0.475 0.325 0.475 0.322 0.476 0.321 0.477 0.321 0.477 0.314 0.478 0.313 0.479 0.313 0.479 0.306 0.478 0.306 0.477 0.305 0.477 0.304 0.472 0.304 0.471 0.303 0.471 0.302 0.462 0.302 0.461 0.301 0.461 0.3
7 0.532 0.337 0.02 0.018000000000000002 0.524 0.328 0.524 0.329 0.523 0.33 0.522 0.33 0.522 0.335 0.523 0.335 0.524 0.336 0.524 0.337 0.525 0.337 0.526 0.338 0.526 0.339 0.527 0.339 0.528 0.34 0.528 0.341 0.529 0.341 0.53 0.342 0.53 0.343 0.533 0.343 0.534 0.344 0.534 0.345 0.541 0.345 0.541 0.34 0.54 0.34 0.539 0.339 0.539 0.336 0.538 0.336 0.537 0.335 0.537 0.334 0.536 0.334 0.535 0.333 0.535 0.332 0.534 0.332 0.533 0.331 0.533 0.33 0.532 0.33 0.531 0.329 0.531 0.328
7 0.531 0.294 0.014 0.008 0.526 0.29 0.526 0.291 0.525 0.292 0.524 0.292 0.524 0.295 0.531 0.295 0.532 0.296 0.532 0.297 0.533 0.297 0.533 0.296 0.534 0.295 0.537 0.295 0.537 0.292 0.534 0.292 0.533 0.291 0.533 0.29
4 0.498 0.23700000000000002 0.028 0.014 0.488 0.23 0.488 0.231 0.487 0.232 0.484 0.232 0.484 0.239 0.485 0.239 0.486 0.24 0.486 0.241 0.489 0.241 0.49 0.242 0.49 0.243 0.507 0.243 0.507 0.242 0.508 0.241 0.511 0.241 0.511 0.234 0.508 0.234 0.507 0.233 0.507 0.232 0.496 0.232 0.495 0.231 0.495 0.23
3 0.508 0.038 0.08 0.064 0.476 0.006 0.476 0.007 0.475 0.008 0.474 0.008 0.474 0.011 0.473 0.012 0.472 0.012 0.472 0.035 0.471 0.036 0.47 0.036 0.47 0.055 0.469 0.056 0.468 0.056 0.468 0.067 0.469 0.067 0.47 0.068 0.47 0.069 0.475 0.069 0.475 0.068 0.476 0.067 0.479 0.067 0.479 0.066 0.48 0.065 0.481 0.065 0.481 0.064 0.482 0.063 0.483 0.063 0.483 0.062 0.484 0.061 0.485 0.061 0.485 0.06 0.486 0.059 0.487 0.059 0.487 0.058 0.488 0.057 0.489 0.057 0.489 0.056 0.49 0.055 0.493 0.055 0.493 0.054 0.494 0.053 0.495 0.053 0.495 0.052 0.496 0.051 0.497 0.051 0.497 0.05 0.498 0.049 0.501 0.049 0.501 0.048 0.502 0.047 0.503 0.047 0.503 0.046 0.504 0.045 0.505 0.045 0.505 0.044 0.506 0.043 0.507 0.043 0.507 0.042 0.508 0.041 0.509 0.041 0.509 0.04 0.51 0.039 0.513 0.039 0.513 0.038 0.514 0.037 0.515 0.037 0.515 0.036 0.516 0.035 0.517 0.035 0.517 0.034 0.518 0.033 0.521 0.033 0.521 0.032 0.522 0.031 0.523 0.031 0.523 0.03 0.524 0.029 0.525 0.029 0.525 0.028 0.526 0.027 0.527 0.027 0.527 0.026 0.528 0.025 0.529 0.025 0.529 0.024 0.53 0.023 0.533 0.023 0.533 0.022 0.534 0.021 0.535 0.021 0.535 0.02 0.536 0.019 0.537 0.019 0.537 0.018 0.538 0.017 0.539 0.017 0.539 0.016 0.54 0.015 0.541 0.015 0.541 0.014 0.542 0.013 0.543 0.013 0.543 0.012 0.544 0.011 0.545 0.011 0.545 0.01 0.546 0.009 0.547 0.009 0.547 0.008 0.546 0.008 0.545 0.007 0.545 0.006
3 0.636 0.15 0.12 0.184 0.688 0.058 0.688 0.059 0.687 0.06 0.682 0.06 0.682 0.061 0.681 0.062 0.678 0.062 0.678 0.063 0.677 0.064 0.676 0.064 0.676 0.065 0.675 0.066 0.672 0.066 0.672 0.067 0.671 0.068 0.67 0.068 0.67 0.069 0.669 0.07 0.666 0.07 0.666 0.071 0.665 0.072 0.664 0.072 0.664 0.073 0.663 0.074 0.662 0.074 0.662 0.075 0.661 0.076 0.658 0.076 0.658 0.077 0.657 0.078 0.656 0.078 0.656 0.079 0.655 0.08 0.652 0.08 0.652 0.081 0.651 0.082 0.65 0.082 0.65 0.083 0.649 0.084 0.646 0.084 0.646 0.085 0.645 0.086 0.644 0.086 0.644 0.087 0.643 0.088 0.642 0.088 0.642 0.089 0.641 0.09 0.638 0.09 0.638 0.091 0.637 0.092 0.636 0.092 0.636 0.093 0.635 0.094 0.632 0.094 0.632 0.095 0.631 0.096 0.628 0.096 0.628 0.097 0.627 0.098 0.626 0.098 0.626 0.099 0.625 0.1 0.622 0.1 0.622 0.101 0.621 0.102 0.62 0.102 0.62 0.103 0.619 0.104 0.618 0.104 0.618 0.105 0.617 0.106 0.614 0.106 0.614 0.107 0.613 0.108 0.612 0.108 0.612 0.109 0.611 0.11 0.608 0.11 0.608 0.111 0.607 0.112 0.606 0.112 0.606 0.113 0.605 0.114 0.602 0.114 0.602 0.115 0.601 0.116 0.598 0.116 0.598 0.117 0.597 0.118 0.596 0.118 0.596 0.119 0.595 0.12 0.594 0.12 0.594 0.121 0.593 0.122 0.59 0.122 0.59 0.123 0.589 0.124 0.588 0.124 0.588 0.125 0.587 0.126 0.584 0.126 0.584 0.127 0.583 0.128 0.582 0.128 0.582 0.129 0.581 0.13 0.578 0.13 0.578 0.135 0.577 0.136 0.576 0.136 0.576 0.139 0.577 0.139 0.578 0.14 0.578 0.143 0.579 0.143 0.58 0.144 0.58 0.145 0.581 0.145 0.582 0.146 0.582 0.147 0.583 0.147 0.584 0.148 0.584 0.149 0.585 0.149 0.586 0.15 0.586 0.151 0.587 0.151 0.588 0.152 0.588 0.153 0.589 0.153 0.59 0.154 0.59 0.155 0.591 0.155 0.592 0.156 0.592 0.157 0.593 0.157 0.594 0.158 0.594 0.159 0.595 0.159 0.596 0.16 0.596 0.163 0.597 0.163 0.598 0.164 0.598 0.165 0.599 0.165 0.6 0.166 0.6 0.167 0.601 0.167 0.602 0.168 0.602 0.169 0.603 0.169 0.604 0.17 0.604 0.171 0.605 0.171 0.606 0.172 0.606 0.173 0.607 0.173 0.608 0.174 0.608 0.177 0.609 0.177 0.61 0.178 0.61 0.179 0.611 0.179 0.612 0.18 0.612 0.181 0.613 0.181 0.614 0.182 0.614 0.183 0.615 0.183 0.616 0.184 0.616 0.185 0.617 0.185 0.618 0.186 0.618 0.187 0.619 0.187 0.62 0.188 0.62 0.189 0.621 0.189 0.622 0.19 0.622 0.191 0.623 0.191 0.624 0.192 0.624 0.193 0.625 0.193 0.626 0.194 0.626 0.195 0.627 0.195 0.628 0.196 0.628 0.199 0.629 0.199 0.63 0.2 0.63 0.201 0.631 0.201 0.632 0.202 0.632 0.203 0.633 0.203 0.634 0.204 0.634 0.205 0.635 0.205 0.636 0.206 0.636 0.209 0.637 0.209 0.638 0.21 0.638 0.211 0.639 0.211 0.64 0.212 0.64 0.213 0.641 0.213 0.642 0.214 0.642 0.215 0.643 0.215 0.644 0.216 0.644 0.217 0.645 0.217 0.646 0.218 0.646 0.219 0.647 0.219 0.648 0.22 0.648 0.221 0.649 0.221 0.65 0.222 0.65 0.223 0.651 0.223 0.652 0.224 0.652 0.227 0.653 0.227 0.654 0.228 0.654 0.229 0.655 0.229 0.656 0.23 0.656 0.231 0.657 0.231 0.658 0.232 0.658 0.233 0.661 0.233 0.662 0.234 0.662 0.237 0.663 0.237 0.664 0.238 0.664 0.239 0.667 0.239 0.668 0.24 0.668 0.241 0.669 0.241 0.669 0.24 0.67 0.239 0.673 0.239 0.673 0.23 0.674 0.229 0.675 0.229 0.675 0.22 0.676 0.219 0.677 0.219 0.677 0.202 0.678 0.201 0.679 0.201 0.679 0.188 0.68 0.187 0.681 0.187 0.681 0.172 0.682 0.171 0.683 0.171 0.683 0.148 0.684 0.147 0.685 0.147 0.685 0.146 0.686 0.145 0.687 0.145 0.687 0.138 0.688 0.137 0.689 0.137 0.689 0.118 0.69 0.117 0.691 0.117 0.691 0.104 0.692 0.103 0.693 0.103 0.693 0.084 0.694 0.083 0.695 0.083 0.695 0.062 0.694 0.062 0.693 0.061 0.693 0.058
3 0.49 0.169 0.084 0.154 0.466 0.092 0.466 0.093 0.465 0.094 0.464 0.094 0.464 0.099 0.463 0.1 0.462 0.1 0.462 0.117 0.461 0.118 0.46 0.118 0.46 0.131 0.459 0.132 0.458 0.132 0.458 0.145 0.457 0.146 0.456 0.146 0.456 0.167 0.455 0.168 0.454 0.168 0.454 0.173 0.453 0.174 0.452 0.174 0.452 0.197 0.451 0.198 0.45 0.198 0.45 0.213 0.449 0.214 0.448 0.214 0.448 0.245 0.453 0.245 0.453 0.244 0.454 0.243 0.455 0.243 0.455 0.242 0.456 0.241 0.457 0.241 0.457 0.24 0.458 0.239 0.461 0.239 0.461 0.238 0.462 0.237 0.463 0.237 0.463 0.236 0.464 0.235 0.465 0.235 0.465 0.234 0.466 0.233 0.467 0.233 0.467 0.232 0.468 0.231 0.471 0.231 0.471 0.23 0.472 0.229 0.473 0.229 0.473 0.228 0.474 0.227 0.477 0.227 0.477 0.226 0.478 0.225 0.479 0.225 0.479 0.224 0.48 0.223 0.481 0.223 0.481 0.222 0.482 0.221 0.485 0.221 0.485 0.22 0.486 0.219 0.487 0.219 0.487 0.218 0.488 0.217 0.489 0.217 0.489 0.216 0.49 0.215 0.491 0.215 0.491 0.214 0.492 0.213 0.493 0.213 0.493 0.212 0.494 0.211 0.495 0.211 0.495 0.21 0.496 0.209 0.497 0.209 0.497 0.208 0.498 0.207 0.501 0.207 0.501 0.206 0.502 0.205 0.503 0.205 0.503 0.204 0.504 0.203 0.505 0.203 0.505 0.202 0.506 0.201 0.509 0.201 0.509 0.2 0.51 0.199 0.511 0.199 0.511 0.198 0.512 0.197 0.513 0.197 0.513 0.196 0.514 0.195 0.515 0.195 0.515 0.194 0.516 0.193 0.517 0.193 0.517 0.192 0.518 0.191 0.519 0.191 0.519 0.19 0.52 0.189 0.523 0.189 0.523 0.188 0.524 0.187 0.525 0.187 0.525 0.186 0.526 0.185 0.527 0.185 0.527 0.184 0.528 0.183 0.529 0.183 0.529 0.182 0.53 0.181 0.531 0.181 0.531 0.172 0.53 0.172 0.529 0.171 0.529 0.168 0.528 0.168 0.527 0.167 0.527 0.164 0.526 0.164 0.525 0.163 0.525 0.162 0.524 0.162 0.523 0.161 0.523 0.16 0.522 0.16 0.521 0.159 0.521 0.158 0.52 0.158 0.519 0.157 0.519 0.154 0.518 0.154 0.517 0.153 0.517 0.152 0.516 0.152 0.515 0.151 0.515 0.15 0.514 0.15 0.513 0.149 0.513 0.148 0.512 0.148 0.511 0.147 0.511 0.144 0.51 0.144 0.509 0.143 0.509 0.14 0.508 0.14 0.507 0.139 0.507 0.138 0.506 0.138 0.505 0.137 0.505 0.136 0.504 0.136 0.503 0.135 0.503 0.132 0.502 0.132 0.501 0.131 0.501 0.13 0.5 0.13 0.499 0.129 0.499 0.128 0.498 0.128 0.497 0.127 0.497 0.126 0.496 0.126 0.495 0.125 0.495 0.124 0.494 0.124 0.493 0.123 0.493 0.122 0.492 0.122 0.491 0.121 0.491 0.12 0.49 0.12 0.489 0.119 0.489 0.116 0.488 0.116 0.487 0.115 0.487 0.114 0.486 0.114 0.485 0.113 0.485 0.112 0.484 0.112 0.483 0.111 0.483 0.11 0.482 0.11 0.481 0.109 0.481 0.106 0.48 0.106 0.479 0.105 0.479 0.104 0.478 0.104 0.477 0.103 0.477 0.102 0.476 0.102 0.475 0.101 0.475 0.1 0.474 0.1 0.473 0.099 0.473 0.096 0.472 0.096 0.471 0.095 0.471 0.094 0.47 0.094 0.469 0.093 0.469 0.092
3 0.593 0.755 0.042 0.038 0.594 0.736 0.594 0.737 0.593 0.738 0.578 0.738 0.578 0.739 0.577 0.74 0.574 0.74 0.574 0.753 0.573 0.754 0.572 0.754 0.572 0.769 0.573 0.769 0.574 0.77 0.574 0.771 0.579 0.771 0.58 0.772 0.58 0.773 0.609 0.773 0.609 0.77 0.61 0.769 0.611 0.769 0.611 0.76 0.612 0.759 0.613 0.759 0.613 0.738 0.608 0.738 0.607 0.737 0.607 0.736
2 0.374 0.501 0.036000000000000004 0.17400000000000002 0.382 0.414 0.382 0.415 0.381 0.416 0.38 0.416 0.38 0.427 0.379 0.428 0.378 0.428 0.378 0.429 0.377 0.43 0.376 0.43 0.376 0.443 0.375 0.444 0.374 0.444 0.374 0.455 0.373 0.456 0.372 0.456 0.372 0.475 0.371 0.476 0.37 0.476 0.37 0.493 0.369 0.494 0.368 0.494 0.368 0.503 0.367 0.504 0.366 0.504 0.366 0.507 0.365 0.508 0.364 0.508 0.364 0.515 0.363 0.516 0.362 0.516 0.362 0.523 0.361 0.524 0.36 0.524 0.36 0.545 0.359 0.546 0.358 0.546 0.358 0.555 0.357 0.556 0.356 0.556 0.356 0.583 0.357 0.583 0.358 0.584 0.358 0.585 0.363 0.585 0.364 0.586 0.364 0.587 0.373 0.587 0.373 0.586 0.374 0.585 0.375 0.585 0.375 0.584 0.376 0.583 0.377 0.583 0.377 0.562 0.378 0.561 0.379 0.561 0.379 0.548 0.38 0.547 0.381 0.547 0.381 0.536 0.382 0.535 0.383 0.535 0.383 0.516 0.384 0.515 0.385 0.515 0.385 0.478 0.386 0.477 0.387 0.477 0.387 0.47 0.388 0.469 0.389 0.469 0.389 0.454 0.39 0.453 0.391 0.453 0.391 0.43 0.39 0.43 0.389 0.429 0.389 0.426 0.39 0.425 0.391 0.425 0.391 0.42 0.39 0.42 0.389 0.419 0.389 0.416 0.388 0.416 0.387 0.415 0.387 0.414
3 0.602 0.864 0.052000000000000005 0.148 0.626 0.79 0.626 0.791 0.625 0.792 0.62 0.792 0.62 0.793 0.619 0.794 0.616 0.794 0.616 0.795 0.615 0.796 0.61 0.796 0.61 0.797 0.609 0.798 0.606 0.798 0.606 0.799 0.605 0.8 0.6 0.8 0.6 0.801 0.599 0.802 0.598 0.802 0.598 0.803 0.597 0.804 0.596 0.804 0.596 0.807 0.595 0.808 0.594 0.808 0.594 0.813 0.593 0.814 0.592 0.814 0.592 0.817 0.591 0.818 0.59 0.818 0.59 0.821 0.589 0.822 0.588 0.822 0.588 0.827 0.587 0.828 0.586 0.828 0.586 0.831 0.585 0.832 0.584 0.832 0.584 0.835 0.583 0.836 0.582 0.836 0.582 0.839 0.581 0.84 0.58 0.84 0.58 0.845 0.579 0.846 0.578 0.846 0.578 0.849 0.577 0.85 0.576 0.85 0.576 0.861 0.577 0.861 0.578 0.862 0.578 0.881 0.579 0.881 0.58 0.882 0.58 0.903 0.581 0.903 0.582 0.904 0.582 0.913 0.583 0.913 0.584 0.914 0.584 0.915 0.585 0.915 0.586 0.916 0.586 0.917 0.589 0.917 0.59 0.918 0.59 0.919 0.591 0.919 0.592 0.92 0.592 0.921 0.593 0.921 0.594 0.922 0.594 0.923 0.597 0.923 0.598 0.924 0.598 0.925 0.599 0.925 0.6 0.926 0.6 0.927 0.603 0.927 0.604 0.928 0.604 0.929 0.605 0.929 0.606 0.93 0.606 0.931 0.607 0.931 0.608 0.932 0.608 0.933 0.611 0.933 0.612 0.934 0.612 0.935 0.613 0.935 0.614 0.936 0.614 0.937 0.615 0.937 0.615 0.926 0.616 0.925 0.617 0.925 0.617 0.9 0.618 0.899 0.619 0.899 0.619 0.876 0.62 0.875 0.621 0.875 0.621 0.852 0.622 0.851 0.623 0.851 0.623 0.826 0.624 0.825 0.625 0.825 0.625 0.802 0.626 0.801 0.627 0.801 0.627 0.79
4 0.464 0.336 0.032 0.07200000000000001 0.456 0.3 0.456 0.301 0.455 0.302 0.454 0.302 0.454 0.317 0.453 0.318 0.452 0.318 0.452 0.343 0.451 0.344 0.45 0.344 0.45 0.347 0.451 0.347 0.452 0.348 0.452 0.351 0.451 0.352 0.45 0.352 0.45 0.361 0.449 0.362 0.448 0.362 0.448 0.369 0.449 0.369 0.45 0.37 0.45 0.371 0.471 0.371 0.471 0.354 0.472 0.353 0.473 0.353 0.473 0.348 0.474 0.347 0.475 0.347 0.475 0.324 0.476 0.323 0.477 0.323 0.477 0.316 0.478 0.315 0.479 0.315 0.479 0.306 0.478 0.306 0.477 0.305 0.477 0.304 0.476 0.304 0.475 0.303 0.475 0.302 0.466 0.302 0.465 0.301 0.465 0.3
4 0.604 0.343 0.028 0.022 0.596 0.332 0.596 0.333 0.595 0.334 0.592 0.334 0.592 0.337 0.591 0.338 0.59 0.338 0.59 0.349 0.591 0.349 0.592 0.35 0.592 0.351 0.595 0.351 0.596 0.352 0.596 0.353 0.609 0.353 0.609 0.352 0.61 0.351 0.615 0.351 0.615 0.35 0.616 0.349 0.617 0.349 0.617 0.336 0.616 0.336 0.615 0.335 0.615 0.334 0.61 0.334 0.609 0.333 0.609 0.332
4 0.601 0.381 0.026000000000000002 0.018000000000000002 0.59 0.372 0.59 0.373 0.589 0.374 0.588 0.374 0.588 0.385 0.589 0.385 0.59 0.386 0.59 0.387 0.599 0.387 0.6 0.388 0.6 0.389 0.607 0.389 0.607 0.388 0.608 0.387 0.611 0.387 0.611 0.384 0.612 0.383 0.613 0.383 0.613 0.374 0.61 0.374 0.609 0.373 0.609 0.372
5 0.499 0.549 0.026000000000000002 0.022 0.488 0.538 0.488 0.545 0.487 0.546 0.486 0.546 0.486 0.555 0.487 0.555 0.488 0.556 0.488 0.557 0.503 0.557 0.504 0.558 0.504 0.559 0.505 0.559 0.505 0.558 0.506 0.557 0.509 0.557 0.509 0.554 0.51 0.553 0.511 0.553 0.511 0.54 0.51 0.54 0.509 0.539 0.509 0.538
4 0.448 0.438 0.02 0.016 0.44 0.43 0.44 0.431 0.439 0.432 0.438 0.432 0.438 0.445 0.451 0.445 0.451 0.444 0.452 0.443 0.453 0.443 0.453 0.442 0.454 0.441 0.455 0.441 0.455 0.44 0.456 0.439 0.457 0.439 0.457 0.432 0.456 0.432 0.455 0.431 0.455 0.43
2 0.40800000000000003 0.28600000000000003 0.028 0.08 0.406 0.246 0.406 0.247 0.405 0.248 0.404 0.248 0.404 0.249 0.403 0.25 0.402 0.25 0.402 0.253 0.401 0.254 0.4 0.254 0.4 0.265 0.399 0.266 0.398 0.266 0.398 0.277 0.397 0.278 0.396 0.278 0.396 0.307 0.395 0.308 0.394 0.308 0.394 0.319 0.395 0.319 0.396 0.32 0.396 0.323 0.403 0.323 0.404 0.324 0.404 0.325 0.405 0.325 0.405 0.324 0.406 0.323 0.407 0.323 0.407 0.322 0.408 0.321 0.409 0.321 0.409 0.32 0.41 0.319 0.411 0.319 0.411 0.316 0.412 0.315 0.413 0.315 0.413 0.31 0.414 0.309 0.415 0.309 0.415 0.3 0.416 0.299 0.417 0.299 0.417 0.29 0.418 0.289 0.419 0.289 0.419 0.274 0.42 0.273 0.421 0.273 0.421 0.256 0.42 0.256 0.419 0.255 0.419 0.254 0.418 0.254 0.417 0.253 0.417 0.25 0.414 0.25 0.413 0.249 0.413 0.248 0.41 0.248 0.409 0.247 0.409 0.246
2 0.435 0.08700000000000001 0.026000000000000002 0.066 0.428 0.054 0.428 0.055 0.427 0.056 0.426 0.056 0.426 0.057 0.425 0.058 0.424 0.058 0.424 0.081 0.423 0.082 0.422 0.082 0.422 0.117 0.431 0.117 0.432 0.118 0.432 0.119 0.435 0.119 0.435 0.118 0.436 0.117 0.439 0.117 0.439 0.114 0.44 0.113 0.441 0.113 0.441 0.098 0.442 0.097 0.443 0.097 0.443 0.086 0.444 0.085 0.445 0.085 0.445 0.076 0.446 0.075 0.447 0.075 0.447 0.062 0.446 0.062 0.445 0.061 0.445 0.058 0.44 0.058 0.439 0.057 0.439 0.056 0.434 0.056 0.433 0.055 0.433 0.054
5 0.508 0.493 0.028 0.026000000000000002 0.496 0.48 0.496 0.491 0.495 0.492 0.494 0.492 0.494 0.497 0.495 0.497 0.496 0.498 0.496 0.499 0.503 0.499 0.504 0.5 0.504 0.501 0.507 0.501 0.508 0.502 0.508 0.503 0.511 0.503 0.512 0.504 0.512 0.505 0.517 0.505 0.517 0.504 0.518 0.503 0.519 0.503 0.519 0.494 0.52 0.493 0.521 0.493 0.521 0.486 0.52 0.486 0.519 0.485 0.519 0.482 0.51 0.482 0.509 0.481 0.509 0.48
4 0.62 0.53 0.016 0.008 0.612 0.526 0.612 0.533 0.627 0.533 0.627 0.53 0.626 0.53 0.625 0.529 0.625 0.526
4 0.5750000000000001 0.594 0.022 0.012 0.564 0.588 0.564 0.597 0.565 0.597 0.566 0.598 0.566 0.599 0.581 0.599 0.581 0.598 0.582 0.597 0.583 0.597 0.583 0.594 0.584 0.593 0.585 0.593 0.585 0.592 0.584 0.592 0.583 0.591 0.583 0.588
4 0.437 0.58 0.018000000000000002 0.012 0.428 0.574 0.428 0.583 0.433 0.583 0.434 0.584 0.434 0.585 0.443 0.585 0.443 0.584 0.444 0.583 0.445 0.583 0.445 0.574
4 0.441 0.494 0.018000000000000002 0.016 0.434 0.486 0.434 0.489 0.433 0.49 0.432 0.49 0.432 0.499 0.437 0.499 0.438 0.5 0.438 0.501 0.447 0.501 0.447 0.5 0.448 0.499 0.449 0.499 0.449 0.494 0.448 0.494 0.447 0.493 0.447 0.492 0.446 0.492 0.445 0.491 0.445 0.49 0.444 0.49 0.443 0.489 0.443 0.488 0.44 0.488 0.439 0.487 0.439 0.486
4 0.596 0.462 0.024 0.02 0.586 0.452 0.586 0.455 0.585 0.456 0.584 0.456 0.584 0.467 0.585 0.467 0.586 0.468 0.586 0.471 0.605 0.471 0.605 0.468 0.606 0.467 0.607 0.467 0.607 0.452
