5 0.587 0.064 0.022 0.028 0.582 0.05 0.582 0.051 0.581 0.052 0.58 0.052 0.58 0.055 0.579 0.056 0.578 0.056 0.578 0.063 0.577 0.064 0.576 0.064 0.576 0.071 0.577 0.071 0.578 0.072 0.578 0.075 0.581 0.075 0.582 0.076 0.582 0.077 0.591 0.077 0.591 0.076 0.592 0.075 0.593 0.075 0.593 0.074 0.594 0.073 0.595 0.073 0.595 0.064 0.596 0.063 0.597 0.063 0.597 0.06 0.596 0.06 0.595 0.059 0.595 0.056 0.594 0.056 0.593 0.055 0.593 0.054 0.592 0.054 0.591 0.053 0.591 0.052 0.584 0.052 0.583 0.051 0.583 0.05
4 0.859 0.423 0.026000000000000002 0.026000000000000002 0.862 0.41 0.862 0.411 0.861 0.412 0.846 0.412 0.846 0.423 0.847 0.423 0.848 0.424 0.848 0.425 0.849 0.425 0.85 0.426 0.85 0.427 0.853 0.427 0.854 0.428 0.854 0.429 0.857 0.429 0.858 0.43 0.858 0.431 0.861 0.431 0.862 0.432 0.862 0.435 0.869 0.435 0.869 0.432 0.87 0.431 0.871 0.431 0.871 0.422 0.87 0.422 0.869 0.421 0.869 0.418 0.868 0.418 0.867 0.417 0.867 0.416 0.866 0.416 0.865 0.415 0.865 0.412 0.864 0.412 0.863 0.411 0.863 0.41
4 0.259 0.797 0.022 0.014 0.248 0.79 0.248 0.803 0.267 0.803 0.267 0.802 0.268 0.801 0.269 0.801 0.269 0.79
5 0.013000000000000001 0.811 0.026000000000000002 0.022 0.008 0.8 0.008 0.801 0.007 0.802 0.006 0.802 0.006 0.805 0.005 0.806 0.004 0.806 0.004 0.809 0.003 0.81 0.002 0.81 0.002 0.811 0.001 0.812 0.0 0.812 0.0 0.817 0.003 0.817 0.004 0.818 0.004 0.819 0.011 0.819 0.012 0.82 0.012 0.821 0.017 0.821 0.017 0.82 0.018 0.819 0.021 0.819 0.021 0.818 0.022 0.817 0.023 0.817 0.023 0.812 0.024 0.811 0.025 0.811 0.025 0.808 0.024 0.808 0.023 0.807 0.023 0.804 0.02 0.804 0.019 0.803 0.019 0.802 0.014 0.802 0.013 0.801 0.013 0.8
3 0.6890000000000001 0.074 0.062 0.048 0.664 0.05 0.664 0.051 0.663 0.052 0.662 0.052 0.662 0.053 0.661 0.054 0.66 0.054 0.66 0.057 0.659 0.058 0.658 0.058 0.658 0.075 0.659 0.075 0.66 0.076 0.66 0.077 0.663 0.077 0.664 0.078 0.664 0.079 0.665 0.079 0.666 0.08 0.666 0.081 0.671 0.081 0.672 0.082 0.672 0.083 0.675 0.083 0.676 0.084 0.676 0.085 0.679 0.085 0.68 0.086 0.68 0.087 0.683 0.087 0.684 0.088 0.684 0.089 0.687 0.089 0.688 0.09 0.688 0.091 0.693 0.091 0.694 0.092 0.694 0.093 0.697 0.093 0.698 0.094 0.698 0.095 0.705 0.095 0.706 0.096 0.706 0.097 0.715 0.097 0.715 0.088 0.716 0.087 0.717 0.087 0.717 0.086 0.716 0.086 0.715 0.085 0.715 0.082 0.716 0.081 0.719 0.081 0.719 0.072 0.718 0.072 0.717 0.071 0.717 0.07 0.714 0.07 0.713 0.069 0.713 0.064 0.712 0.064 0.711 0.063 0.711 0.062 0.71 0.062 0.709 0.061 0.709 0.06 0.706 0.06 0.705 0.059 0.705 0.058 0.7 0.058 0.699 0.057 0.699 0.056 0.694 0.056 0.693 0.055 0.693 0.054 0.684 0.054 0.683 0.053 0.683 0.052 0.676 0.052 0.675 0.051 0.675 0.05
7 0.605 0.074 0.018000000000000002 0.02 0.6 0.064 0.6 0.067 0.599 0.068 0.598 0.068 0.598 0.073 0.597 0.074 0.596 0.074 0.596 0.081 0.597 0.081 0.598 0.082 0.598 0.083 0.607 0.083 0.607 0.082 0.608 0.081 0.609 0.081 0.609 0.08 0.61 0.079 0.611 0.079 0.611 0.074 0.612 0.073 0.613 0.073 0.613 0.068 0.612 0.068 0.611 0.067 0.611 0.066 0.61 0.066 0.609 0.065 0.609 0.064
0 0.399 0.81 0.062 0.136 0.386 0.742 0.386 0.757 0.385 0.758 0.384 0.758 0.384 0.769 0.383 0.77 0.382 0.77 0.382 0.781 0.381 0.782 0.38 0.782 0.38 0.793 0.379 0.794 0.378 0.794 0.378 0.807 0.377 0.808 0.376 0.808 0.376 0.821 0.375 0.822 0.374 0.822 0.374 0.829 0.373 0.83 0.372 0.83 0.372 0.845 0.371 0.846 0.37 0.846 0.37 0.859 0.369 0.86 0.368 0.86 0.368 0.861 0.369 0.861 0.37 0.862 0.37 0.865 0.371 0.865 0.372 0.866 0.372 0.867 0.377 0.867 0.378 0.868 0.378 0.869 0.381 0.869 0.382 0.87 0.382 0.871 0.389 0.871 0.39 0.872 0.39 0.873 0.395 0.873 0.396 0.874 0.396 0.875 0.401 0.875 0.402 0.876 0.402 0.877 0.409 0.877 0.409 0.866 0.41 0.865 0.411 0.865 0.411 0.856 0.412 0.855 0.413 0.855 0.413 0.842 0.414 0.841 0.415 0.841 0.415 0.83 0.416 0.829 0.417 0.829 0.417 0.818 0.418 0.817 0.419 0.817 0.419 0.806 0.42 0.805 0.421 0.805 0.421 0.792 0.422 0.791 0.423 0.791 0.423 0.782 0.424 0.781 0.425 0.781 0.425 0.772 0.426 0.771 0.427 0.771 0.427 0.76 0.428 0.759 0.429 0.759 0.429 0.754 0.428 0.754 0.427 0.753 0.427 0.752 0.422 0.752 0.421 0.751 0.421 0.75 0.414 0.75 0.413 0.749 0.413 0.748 0.408 0.748 0.407 0.747 0.407 0.746 0.402 0.746 0.401 0.745 0.401 0.744 0.394 0.744 0.393 0.743 0.393 0.742
3 0.007 0.15 0.014 0.068 0.0 0.116 0.0 0.183 0.003 0.183 0.003 0.182 0.004 0.181 0.005 0.181 0.005 0.166 0.006 0.165 0.007 0.165 0.007 0.156 0.008 0.155 0.009 0.155 0.009 0.146 0.01 0.145 0.011 0.145 0.011 0.138 0.012 0.137 0.013 0.137 0.013 0.12 0.012 0.12 0.011 0.119 0.011 0.118 0.002 0.118 0.001 0.117 0.001 0.116
3 0.016 0.758 0.032 0.096 0.01 0.71 0.01 0.711 0.009 0.712 0.0 0.712 0.0 0.805 0.001 0.805 0.001 0.804 0.002 0.803 0.005 0.803 0.005 0.802 0.006 0.801 0.007 0.801 0.007 0.8 0.008 0.799 0.017 0.799 0.017 0.798 0.018 0.797 0.019 0.797 0.019 0.79 0.02 0.789 0.021 0.789 0.021 0.776 0.022 0.775 0.023 0.775 0.023 0.758 0.024 0.757 0.025 0.757 0.025 0.746 0.026 0.745 0.027 0.745 0.027 0.732 0.028 0.731 0.029 0.731 0.029 0.724 0.03 0.723 0.031 0.723 0.031 0.712 0.026 0.712 0.025 0.711 0.025 0.71
3 0.082 0.8200000000000001 0.056 0.068 0.06 0.786 0.06 0.787 0.059 0.788 0.058 0.788 0.058 0.815 0.057 0.816 0.056 0.816 0.056 0.831 0.055 0.832 0.054 0.832 0.054 0.835 0.055 0.835 0.056 0.836 0.056 0.843 0.059 0.843 0.06 0.844 0.06 0.845 0.065 0.845 0.066 0.846 0.066 0.847 0.073 0.847 0.074 0.848 0.074 0.849 0.079 0.849 0.08 0.85 0.08 0.851 0.091 0.851 0.092 0.852 0.092 0.853 0.099 0.853 0.099 0.852 0.1 0.851 0.101 0.851 0.101 0.848 0.102 0.847 0.103 0.847 0.103 0.838 0.104 0.837 0.105 0.837 0.105 0.818 0.106 0.817 0.107 0.817 0.107 0.804 0.108 0.803 0.109 0.803 0.109 0.796 0.108 0.796 0.107 0.795 0.107 0.794 0.106 0.794 0.105 0.793 0.105 0.792 0.096 0.792 0.095 0.791 0.095 0.79 0.084 0.79 0.083 0.789 0.083 0.788 0.072 0.788 0.071 0.787 0.071 0.786
4 0.895 0.246 0.03 0.028 0.882 0.232 0.882 0.235 0.881 0.236 0.88 0.236 0.88 0.247 0.881 0.247 0.882 0.248 0.882 0.249 0.883 0.249 0.884 0.25 0.884 0.251 0.887 0.251 0.888 0.252 0.888 0.253 0.891 0.253 0.892 0.254 0.892 0.255 0.893 0.255 0.894 0.256 0.894 0.257 0.897 0.257 0.898 0.258 0.898 0.259 0.907 0.259 0.907 0.25 0.908 0.249 0.909 0.249 0.909 0.242 0.908 0.242 0.907 0.241 0.907 0.24 0.904 0.24 0.903 0.239 0.903 0.238 0.9 0.238 0.899 0.237 0.899 0.236 0.894 0.236 0.893 0.235 0.893 0.234 0.89 0.234 0.889 0.233 0.889 0.232
3 0.92 0.377 0.128 0.11 0.856 0.324 0.856 0.325 0.857 0.325 0.857 0.324
3 0.017 0.878 0.034 0.08 0.0 0.838 0.0 0.915 0.011 0.915 0.012 0.916 0.012 0.917 0.027 0.917 0.027 0.908 0.028 0.907 0.029 0.907 0.029 0.886 0.03 0.885 0.031 0.885 0.031 0.87 0.032 0.869 0.033 0.869 0.033 0.84 0.026 0.84 0.026 0.841 0.025 0.842 0.016 0.842 0.015 0.841 0.015 0.84 0.01 0.84 0.009 0.839 0.009 0.838
3 0.785 0.323 0.078 0.158 0.778 0.244 0.778 0.245 0.777 0.246 0.776 0.246 0.776 0.253 0.775 0.254 0.774 0.254 0.774 0.261 0.773 0.262 0.772 0.262 0.772 0.273 0.771 0.274 0.77 0.274 0.77 0.279 0.769 0.28 0.768 0.28 0.768 0.287 0.767 0.288 0.766 0.288 0.766 0.297 0.765 0.298 0.764 0.298 0.764 0.309 0.763 0.31 0.762 0.31 0.762 0.319 0.761 0.32 0.76 0.32 0.76 0.329 0.759 0.33 0.758 0.33 0.758 0.337 0.757 0.338 0.756 0.338 0.756 0.351 0.755 0.352 0.754 0.352 0.754 0.357 0.753 0.358 0.752 0.358 0.752 0.367 0.751 0.368 0.75 0.368 0.75 0.377 0.749 0.378 0.748 0.378 0.748 0.391 0.747 0.392 0.746 0.392 0.746 0.397 0.749 0.397 0.75 0.398 0.75 0.399 0.751 0.399 0.752 0.4 0.752 0.401 0.779 0.401 0.779 0.4 0.78 0.399 0.797 0.399 0.797 0.398 0.798 0.397 0.799 0.397 0.799 0.394 0.8 0.393 0.801 0.393 0.801 0.376 0.802 0.375 0.803 0.375 0.803 0.364 0.804 0.363 0.805 0.363 0.805 0.356 0.806 0.355 0.807 0.355 0.807 0.346 0.808 0.345 0.809 0.345 0.809 0.336 0.81 0.335 0.811 0.335 0.811 0.328 0.812 0.327 0.813 0.327 0.813 0.318 0.814 0.317 0.815 0.317 0.815 0.306 0.816 0.305 0.817 0.305 0.817 0.288 0.818 0.287 0.819 0.287 0.819 0.278 0.82 0.277 0.821 0.277 0.821 0.27 0.822 0.269 0.823 0.269 0.823 0.252 0.822 0.252 0.821 0.251 0.821 0.25 0.8 0.25 0.799 0.249 0.799 0.248 0.79 0.248 0.789 0.247 0.789 0.246 0.784 0.246 0.783 0.245 0.783 0.244
4 0.848 0.23500000000000001 0.02 0.018000000000000002 0.852 0.226 0.852 0.227 0.851 0.228 0.844 0.228 0.844 0.229 0.843 0.23 0.84 0.23 0.84 0.233 0.839 0.234 0.838 0.234 0.838 0.243 0.853 0.243 0.853 0.242 0.854 0.241 0.855 0.241 0.855 0.24 0.856 0.239 0.857 0.239 0.857 0.228 0.856 0.228 0.855 0.227 0.855 0.226
4 0.809 0.41100000000000003 0.018000000000000002 0.018000000000000002 0.804 0.402 0.804 0.403 0.803 0.404 0.802 0.404 0.802 0.407 0.801 0.408 0.8 0.408 0.8 0.419 0.811 0.419 0.811 0.416 0.812 0.415 0.813 0.415 0.813 0.414 0.814 0.413 0.815 0.413 0.815 0.412 0.816 0.411 0.817 0.411 0.817 0.402
