7 0.123 0.091 0.014 0.014 0.12 0.084 0.12 0.085 0.119 0.086 0.118 0.086 0.118 0.089 0.117 0.09 0.116 0.09 0.116 0.093 0.117 0.093 0.118 0.094 0.118 0.097 0.127 0.097 0.127 0.096 0.128 0.095 0.129 0.095 0.129 0.086 0.128 0.086 0.127 0.085 0.127 0.084
5 0.225 0.019 0.018000000000000002 0.018000000000000002 0.222 0.01 0.222 0.011 0.221 0.012 0.22 0.012 0.22 0.013 0.219 0.014 0.218 0.014 0.218 0.015 0.217 0.016 0.216 0.016 0.216 0.025 0.217 0.025 0.218 0.026 0.218 0.027 0.231 0.027 0.231 0.026 0.232 0.025 0.233 0.025 0.233 0.016 0.232 0.016 0.231 0.015 0.231 0.01
5 0.293 0.028 0.018000000000000002 0.02 0.286 0.018 0.286 0.019 0.285 0.02 0.284 0.02 0.284 0.035 0.285 0.035 0.286 0.036 0.286 0.037 0.295 0.037 0.295 0.036 0.296 0.035 0.301 0.035 0.301 0.02 0.3 0.02 0.299 0.019 0.299 0.018
5 0.547 0.47300000000000003 0.022 0.026000000000000002 0.538 0.46 0.538 0.463 0.537 0.464 0.536 0.464 0.536 0.467 0.537 0.467 0.538 0.468 0.538 0.479 0.539 0.479 0.54 0.48 0.54 0.485 0.549 0.485 0.549 0.484 0.55 0.483 0.555 0.483 0.555 0.482 0.556 0.481 0.557 0.481 0.557 0.464 0.556 0.464 0.555 0.463 0.555 0.462 0.554 0.462 0.553 0.461 0.553 0.46
5 0.427 0.871 0.022 0.03 0.422 0.856 0.422 0.857 0.421 0.858 0.416 0.858 0.416 0.883 0.417 0.883 0.418 0.884 0.418 0.885 0.421 0.885 0.421 0.884 0.422 0.883 0.433 0.883 0.433 0.882 0.434 0.881 0.435 0.881 0.435 0.88 0.436 0.879 0.437 0.879 0.437 0.872 0.436 0.872 0.435 0.871 0.435 0.86 0.434 0.86 0.433 0.859 0.433 0.856
6 0.23800000000000002 0.162 0.152 0.084 0.274 0.12 0.274 0.121 0.273 0.122 0.26 0.122 0.26 0.123 0.259 0.124 0.25 0.124 0.25 0.125 0.251 0.125 0.252 0.126 0.252 0.127 0.251 0.128 0.248 0.128 0.247 0.127 0.247 0.126 0.236 0.126 0.236 0.127 0.235 0.128 0.22 0.128 0.22 0.129 0.219 0.13 0.196 0.13 0.196 0.131 0.195 0.132 0.174 0.132 0.174 0.133 0.173 0.134 0.162 0.134 0.162 0.155 0.163 0.155 0.164 0.156 0.164 0.173 0.165 0.173 0.166 0.174 0.166 0.189 0.167 0.189 0.168 0.19 0.168 0.199 0.169 0.199 0.17 0.2 0.17 0.203 0.193 0.203 0.193 0.202 0.194 0.201 0.209 0.201 0.209 0.2 0.21 0.199 0.229 0.199 0.229 0.198 0.23 0.197 0.245 0.197 0.245 0.196 0.246 0.195 0.265 0.195 0.265 0.194 0.266 0.193 0.283 0.193 0.283 0.192 0.284 0.191 0.295 0.191 0.295 0.19 0.296 0.189 0.305 0.189 0.305 0.188 0.306 0.187 0.309 0.187 0.309 0.186 0.31 0.185 0.311 0.185 0.311 0.184 0.312 0.183 0.313 0.183 0.313 0.146 0.312 0.146 0.311 0.145 0.311 0.124 0.31 0.124 0.309 0.123 0.309 0.12
7 0.27 0.049 0.008 0.01 0.268 0.044 0.268 0.045 0.267 0.046 0.266 0.046 0.266 0.053 0.273 0.053 0.273 0.046 0.272 0.046 0.271 0.045 0.271 0.044
7 0.17300000000000001 0.059000000000000004 0.014 0.014 0.172 0.052 0.172 0.053 0.171 0.054 0.168 0.054 0.168 0.057 0.167 0.058 0.166 0.058 0.166 0.063 0.167 0.063 0.168 0.064 0.168 0.065 0.173 0.065 0.173 0.064 0.174 0.063 0.177 0.063 0.177 0.06 0.178 0.059 0.179 0.059 0.179 0.056 0.178 0.056 0.177 0.055 0.177 0.054 0.174 0.054 0.173 0.053 0.173 0.052
7 0.226 0.08 0.012 0.012 0.222 0.074 0.222 0.075 0.221 0.076 0.22 0.076 0.22 0.083 0.221 0.083 0.222 0.084 0.222 0.085 0.229 0.085 0.229 0.084 0.23 0.083 0.231 0.083 0.231 0.074
7 0.082 0.117 0.012 0.01 0.08 0.112 0.08 0.113 0.079 0.114 0.076 0.114 0.076 0.119 0.077 0.119 0.078 0.12 0.078 0.121 0.085 0.121 0.085 0.12 0.086 0.119 0.087 0.119 0.087 0.114 0.086 0.114 0.085 0.113 0.085 0.112
7 0.139 0.108 0.01 0.008 0.136 0.104 0.136 0.105 0.135 0.106 0.134 0.106 0.134 0.111 0.141 0.111 0.141 0.11 0.142 0.109 0.143 0.109 0.143 0.106 0.14 0.106 0.139 0.105 0.139 0.104
7 0.1 0.129 0.008 0.01 0.1 0.124 0.1 0.125 0.099 0.126 0.096 0.126 0.096 0.131 0.097 0.131 0.098 0.132 0.098 0.133 0.103 0.133 0.103 0.124
7 0.101 0.128 0.01 0.008 0.098 0.124 0.098 0.127 0.097 0.128 0.096 0.128 0.096 0.129 0.097 0.129 0.098 0.13 0.098 0.131 0.105 0.131 0.105 0.124
7 0.125 0.134 0.01 0.008 0.124 0.13 0.124 0.131 0.123 0.132 0.12 0.132 0.12 0.135 0.121 0.135 0.122 0.136 0.122 0.137 0.127 0.137 0.127 0.136 0.128 0.135 0.129 0.135 0.129 0.132 0.128 0.132 0.127 0.131 0.127 0.13
7 0.1 0.158 0.012 0.012 0.098 0.152 0.098 0.153 0.097 0.154 0.094 0.154 0.094 0.163 0.101 0.163 0.101 0.162 0.102 0.161 0.103 0.161 0.103 0.16 0.104 0.159 0.105 0.159 0.105 0.154 0.104 0.154 0.103 0.153 0.103 0.152
7 0.133 0.252 0.014 0.016 0.13 0.244 0.13 0.245 0.129 0.246 0.128 0.246 0.128 0.247 0.127 0.248 0.126 0.248 0.126 0.257 0.127 0.257 0.128 0.258 0.128 0.259 0.135 0.259 0.135 0.256 0.136 0.255 0.137 0.255 0.137 0.25 0.138 0.249 0.139 0.249 0.139 0.248 0.138 0.248 0.137 0.247 0.137 0.244
7 0.132 0.254 0.012 0.012 0.128 0.248 0.128 0.249 0.127 0.25 0.126 0.25 0.126 0.257 0.127 0.257 0.128 0.258 0.128 0.259 0.133 0.259 0.133 0.258 0.134 0.257 0.135 0.257 0.135 0.252 0.136 0.251 0.137 0.251 0.137 0.25 0.136 0.25 0.135 0.249 0.135 0.248
7 0.451 0.801 0.014 0.01 0.446 0.796 0.446 0.797 0.445 0.798 0.444 0.798 0.444 0.803 0.447 0.803 0.448 0.804 0.448 0.805 0.453 0.805 0.453 0.804 0.454 0.803 0.457 0.803 0.457 0.798 0.456 0.798 0.455 0.797 0.455 0.796
7 0.47600000000000003 0.799 0.012 0.022 0.472 0.788 0.472 0.791 0.471 0.792 0.47 0.792 0.47 0.803 0.471 0.803 0.472 0.804 0.472 0.807 0.475 0.807 0.476 0.808 0.476 0.809 0.479 0.809 0.479 0.808 0.48 0.807 0.481 0.807 0.481 0.792 0.48 0.792 0.479 0.791 0.479 0.79 0.478 0.79 0.477 0.789 0.477 0.788
7 0.514 0.787 0.02 0.01 0.512 0.782 0.512 0.783 0.511 0.784 0.504 0.784 0.504 0.791 0.519 0.791 0.519 0.79 0.52 0.789 0.521 0.789 0.521 0.788 0.522 0.787 0.523 0.787 0.523 0.786 0.522 0.786 0.521 0.785 0.521 0.784 0.52 0.784 0.519 0.783 0.519 0.782
7 0.447 0.874 0.022 0.016 0.454 0.866 0.454 0.867 0.453 0.868 0.448 0.868 0.448 0.869 0.447 0.87 0.442 0.87 0.442 0.871 0.441 0.872 0.44 0.872 0.44 0.873 0.439 0.874 0.438 0.874 0.438 0.875 0.437 0.876 0.436 0.876 0.436 0.881 0.441 0.881 0.441 0.88 0.442 0.879 0.443 0.879 0.443 0.878 0.444 0.877 0.447 0.877 0.447 0.876 0.448 0.875 0.451 0.875 0.451 0.874 0.452 0.873 0.455 0.873 0.455 0.872 0.456 0.871 0.457 0.871 0.457 0.868 0.456 0.868 0.455 0.867 0.455 0.866
7 0.342 0.89 0.008 0.008 0.338 0.886 0.338 0.889 0.339 0.889 0.34 0.89 0.34 0.893 0.345 0.893 0.345 0.886
