5 0.766 0.319 0.016 0.022 0.764 0.308 0.764 0.309 0.763 0.31 0.758 0.31 0.758 0.323 0.759 0.323 0.76 0.324 0.76 0.327 0.761 0.327 0.762 0.328 0.762 0.329 0.767 0.329 0.767 0.326 0.768 0.325 0.769 0.325 0.769 0.324 0.77 0.323 0.771 0.323 0.771 0.322 0.772 0.321 0.773 0.321 0.773 0.312 0.772 0.312 0.771 0.311 0.771 0.31 0.766 0.31 0.765 0.309 0.765 0.308
5 0.158 0.47100000000000003 0.032 0.03 0.16 0.456 0.16 0.457 0.159 0.458 0.146 0.458 0.146 0.459 0.145 0.46 0.142 0.46 0.142 0.481 0.143 0.481 0.144 0.482 0.144 0.485 0.167 0.485 0.167 0.484 0.168 0.483 0.169 0.483 0.169 0.482 0.17 0.481 0.171 0.481 0.171 0.478 0.172 0.477 0.173 0.477 0.173 0.464 0.172 0.464 0.171 0.463 0.171 0.456
7 0.465 0.435 0.014 0.01 0.462 0.43 0.462 0.431 0.461 0.432 0.46 0.432 0.46 0.433 0.459 0.434 0.458 0.434 0.458 0.435 0.459 0.435 0.46 0.436 0.46 0.437 0.461 0.437 0.462 0.438 0.462 0.439 0.467 0.439 0.467 0.438 0.468 0.437 0.471 0.437 0.471 0.43
4 0.389 0.392 0.022 0.02 0.39 0.382 0.39 0.383 0.389 0.384 0.384 0.384 0.384 0.385 0.383 0.386 0.38 0.386 0.38 0.387 0.379 0.388 0.378 0.388 0.378 0.393 0.379 0.393 0.38 0.394 0.38 0.399 0.381 0.399 0.382 0.4 0.382 0.401 0.395 0.401 0.395 0.4 0.396 0.399 0.399 0.399 0.399 0.386 0.398 0.386 0.397 0.385 0.397 0.382
7 0.515 0.442 0.014 0.016 0.514 0.434 0.514 0.435 0.513 0.436 0.512 0.436 0.512 0.437 0.511 0.438 0.51 0.438 0.51 0.439 0.509 0.44 0.508 0.44 0.508 0.447 0.511 0.447 0.512 0.448 0.512 0.449 0.513 0.449 0.513 0.448 0.514 0.447 0.517 0.447 0.517 0.446 0.518 0.445 0.519 0.445 0.519 0.444 0.52 0.443 0.521 0.443 0.521 0.434
7 0.483 0.392 0.014 0.012 0.478 0.386 0.478 0.387 0.477 0.388 0.476 0.388 0.476 0.393 0.477 0.393 0.478 0.394 0.478 0.397 0.487 0.397 0.487 0.396 0.488 0.395 0.489 0.395 0.489 0.386
7 0.795 0.37 0.01 0.008 0.792 0.366 0.792 0.367 0.791 0.368 0.79 0.368 0.79 0.369 0.791 0.369 0.792 0.37 0.792 0.371 0.793 0.371 0.794 0.372 0.794 0.373 0.795 0.373 0.795 0.372 0.796 0.371 0.797 0.371 0.797 0.37 0.798 0.369 0.799 0.369 0.799 0.366
7 0.8210000000000001 0.362 0.018000000000000002 0.016 0.822 0.354 0.822 0.355 0.821 0.356 0.816 0.356 0.816 0.357 0.815 0.358 0.812 0.358 0.812 0.367 0.813 0.367 0.814 0.368 0.814 0.369 0.825 0.369 0.825 0.368 0.826 0.367 0.827 0.367 0.827 0.366 0.828 0.365 0.829 0.365 0.829 0.354
4 0.376 0.34 0.02 0.02 0.374 0.33 0.374 0.331 0.373 0.332 0.368 0.332 0.368 0.333 0.367 0.334 0.366 0.334 0.366 0.345 0.367 0.345 0.368 0.346 0.368 0.347 0.369 0.347 0.37 0.348 0.37 0.349 0.385 0.349 0.385 0.33
7 0.437 0.309 0.01 0.006 0.434 0.306 0.434 0.307 0.433 0.308 0.432 0.308 0.432 0.311 0.439 0.311 0.439 0.31 0.44 0.309 0.441 0.309 0.441 0.306
7 0.525 0.5670000000000001 0.01 0.01 0.52 0.562 0.52 0.571 0.529 0.571 0.529 0.564 0.528 0.564 0.527 0.563 0.527 0.562
4 0.11800000000000001 0.40700000000000003 0.016 0.026000000000000002 0.116 0.394 0.116 0.395 0.115 0.396 0.112 0.396 0.112 0.397 0.111 0.398 0.11 0.398 0.11 0.409 0.111 0.409 0.112 0.41 0.112 0.419 0.123 0.419 0.123 0.418 0.124 0.417 0.125 0.417 0.125 0.4 0.124 0.4 0.123 0.399 0.123 0.396 0.12 0.396 0.119 0.395 0.119 0.394
5 0.449 0.337 0.03 0.022 0.45 0.326 0.45 0.327 0.449 0.328 0.444 0.328 0.444 0.329 0.443 0.33 0.442 0.33 0.442 0.331 0.441 0.332 0.436 0.332 0.436 0.333 0.435 0.334 0.434 0.334 0.434 0.343 0.435 0.343 0.436 0.344 0.436 0.347 0.449 0.347 0.449 0.346 0.45 0.345 0.461 0.345 0.461 0.344 0.462 0.343 0.463 0.343 0.463 0.34 0.462 0.34 0.461 0.339 0.461 0.336 0.46 0.336 0.459 0.335 0.459 0.33 0.458 0.33 0.457 0.329 0.457 0.328 0.456 0.328 0.455 0.327 0.455 0.326
7 0.47700000000000004 0.41300000000000003 0.01 0.01 0.474 0.408 0.474 0.409 0.473 0.41 0.472 0.41 0.472 0.417 0.479 0.417 0.479 0.416 0.48 0.415 0.481 0.415 0.481 0.41 0.48 0.41 0.479 0.409 0.479 0.408
7 0.557 0.5640000000000001 0.01 0.012 0.552 0.558 0.552 0.569 0.557 0.569 0.557 0.568 0.558 0.567 0.561 0.567 0.561 0.562 0.56 0.562 0.559 0.561 0.559 0.56 0.558 0.56 0.557 0.559 0.557 0.558
4 0.589 0.607 0.034 0.026000000000000002 0.58 0.594 0.58 0.595 0.579 0.596 0.572 0.596 0.572 0.617 0.573 0.617 0.574 0.618 0.574 0.619 0.595 0.619 0.595 0.618 0.596 0.617 0.603 0.617 0.603 0.616 0.604 0.615 0.605 0.615 0.605 0.608 0.604 0.608 0.603 0.607 0.603 0.594
7 0.5750000000000001 0.5630000000000001 0.01 0.01 0.57 0.558 0.57 0.565 0.571 0.565 0.572 0.566 0.572 0.567 0.577 0.567 0.577 0.566 0.578 0.565 0.579 0.565 0.579 0.56 0.578 0.56 0.577 0.559 0.577 0.558
3 0.808 0.308 0.056 0.068 0.814 0.274 0.814 0.275 0.813 0.276 0.806 0.276 0.806 0.277 0.805 0.278 0.794 0.278 0.794 0.279 0.793 0.28 0.786 0.28 0.786 0.281 0.785 0.282 0.782 0.282 0.782 0.283 0.781 0.284 0.78 0.284 0.78 0.295 0.781 0.295 0.782 0.296 0.782 0.309 0.783 0.309 0.784 0.31 0.784 0.323 0.785 0.323 0.786 0.324 0.786 0.331 0.787 0.331 0.788 0.332 0.788 0.339 0.789 0.339 0.79 0.34 0.79 0.341 0.795 0.341 0.795 0.34 0.796 0.339 0.805 0.339 0.805 0.338 0.806 0.337 0.813 0.337 0.813 0.336 0.814 0.335 0.825 0.335 0.825 0.334 0.826 0.333 0.833 0.333 0.833 0.33 0.834 0.329 0.835 0.329 0.835 0.32 0.834 0.32 0.833 0.319 0.833 0.306 0.832 0.306 0.831 0.305 0.831 0.3 0.83 0.3 0.829 0.299 0.829 0.288 0.828 0.288 0.827 0.287 0.827 0.284 0.826 0.284 0.825 0.283 0.825 0.278 0.824 0.278 0.823 0.277 0.823 0.276 0.822 0.276 0.821 0.275 0.821 0.274
4 0.053 0.51 0.014 0.024 0.048 0.498 0.048 0.499 0.047 0.5 0.046 0.5 0.046 0.515 0.047 0.515 0.048 0.516 0.048 0.519 0.049 0.519 0.05 0.52 0.05 0.521 0.055 0.521 0.055 0.52 0.056 0.519 0.057 0.519 0.057 0.514 0.058 0.513 0.059 0.513 0.059 0.504 0.058 0.504 0.057 0.503 0.057 0.5 0.056 0.5 0.055 0.499 0.055 0.498
3 0.7000000000000001 0.311 0.056 0.08600000000000001 0.704 0.268 0.704 0.269 0.703 0.27 0.682 0.27 0.682 0.271 0.681 0.272 0.672 0.272 0.672 0.277 0.673 0.277 0.674 0.278 0.674 0.289 0.675 0.289 0.676 0.29 0.676 0.301 0.677 0.301 0.678 0.302 0.678 0.311 0.679 0.311 0.68 0.312 0.68 0.323 0.681 0.323 0.682 0.324 0.682 0.335 0.683 0.335 0.684 0.336 0.684 0.347 0.685 0.347 0.686 0.348 0.686 0.353 0.695 0.353 0.695 0.352 0.696 0.351 0.717 0.351 0.717 0.35 0.718 0.349 0.727 0.349 0.727 0.344 0.726 0.344 0.725 0.343 0.725 0.332 0.724 0.332 0.723 0.331 0.723 0.32 0.722 0.32 0.721 0.319 0.721 0.31 0.72 0.31 0.719 0.309 0.719 0.298 0.718 0.298 0.717 0.297 0.717 0.286 0.716 0.286 0.715 0.285 0.715 0.274 0.714 0.274 0.713 0.273 0.713 0.268
4 0.156 0.499 0.024 0.026000000000000002 0.146 0.486 0.146 0.487 0.145 0.488 0.144 0.488 0.144 0.499 0.145 0.499 0.146 0.5 0.146 0.509 0.147 0.509 0.148 0.51 0.148 0.511 0.163 0.511 0.163 0.51 0.164 0.509 0.167 0.509 0.167 0.496 0.166 0.496 0.165 0.495 0.165 0.486 0.154 0.486 0.154 0.487 0.153 0.488 0.148 0.488 0.147 0.487 0.147 0.486
