7 0.018000000000000002 0.639 0.012 0.014 0.016 0.632 0.016 0.633 0.015 0.634 0.014 0.634 0.014 0.635 0.013 0.636 0.012 0.636 0.012 0.641 0.013 0.641 0.014 0.642 0.014 0.643 0.015 0.643 0.016 0.644 0.016 0.645 0.017 0.645 0.017 0.644 0.018 0.643 0.021 0.643 0.021 0.642 0.022 0.641 0.023 0.641 0.023 0.636 0.022 0.636 0.021 0.635 0.021 0.634 0.02 0.634 0.019 0.633 0.019 0.632
7 0.214 0.619 0.016 0.014 0.216 0.612 0.216 0.613 0.215 0.614 0.212 0.614 0.212 0.615 0.211 0.616 0.21 0.616 0.21 0.617 0.209 0.618 0.206 0.618 0.206 0.625 0.213 0.625 0.213 0.624 0.214 0.623 0.217 0.623 0.217 0.622 0.218 0.621 0.219 0.621 0.219 0.62 0.22 0.619 0.221 0.619 0.221 0.614 0.218 0.614 0.217 0.613 0.217 0.612
4 0.879 0.201 0.03 0.03 0.876 0.186 0.876 0.187 0.875 0.188 0.872 0.188 0.872 0.189 0.871 0.19 0.868 0.19 0.868 0.191 0.867 0.192 0.866 0.192 0.866 0.195 0.865 0.196 0.864 0.196 0.864 0.199 0.865 0.199 0.866 0.2 0.866 0.205 0.867 0.205 0.868 0.206 0.868 0.209 0.869 0.209 0.87 0.21 0.87 0.213 0.871 0.213 0.872 0.214 0.872 0.215 0.879 0.215 0.879 0.214 0.88 0.213 0.885 0.213 0.885 0.212 0.886 0.211 0.887 0.211 0.887 0.21 0.888 0.209 0.891 0.209 0.891 0.206 0.892 0.205 0.893 0.205 0.893 0.204 0.892 0.204 0.891 0.203 0.891 0.198 0.89 0.198 0.889 0.197 0.889 0.194 0.888 0.194 0.887 0.193 0.887 0.19 0.886 0.19 0.885 0.189 0.885 0.186
4 0.9480000000000001 0.224 0.02 0.02 0.942 0.214 0.942 0.215 0.941 0.216 0.94 0.216 0.94 0.217 0.939 0.218 0.938 0.218 0.938 0.223 0.939 0.223 0.94 0.224 0.94 0.231 0.941 0.231 0.942 0.232 0.942 0.233 0.951 0.233 0.951 0.232 0.952 0.231 0.957 0.231 0.957 0.222 0.956 0.222 0.955 0.221 0.955 0.218 0.954 0.218 0.953 0.217 0.953 0.214
4 0.964 0.265 0.02 0.022 0.958 0.254 0.958 0.255 0.957 0.256 0.956 0.256 0.956 0.257 0.955 0.258 0.954 0.258 0.954 0.269 0.955 0.269 0.956 0.27 0.956 0.273 0.957 0.273 0.958 0.274 0.958 0.275 0.971 0.275 0.971 0.274 0.972 0.273 0.973 0.273 0.973 0.26 0.972 0.26 0.971 0.259 0.971 0.256 0.968 0.256 0.967 0.255 0.967 0.254
4 0.931 0.329 0.022 0.03 0.926 0.314 0.926 0.315 0.925 0.316 0.924 0.316 0.924 0.317 0.923 0.318 0.92 0.318 0.92 0.327 0.921 0.327 0.922 0.328 0.922 0.335 0.923 0.335 0.924 0.336 0.924 0.339 0.925 0.339 0.926 0.34 0.926 0.343 0.931 0.343 0.931 0.342 0.932 0.341 0.935 0.341 0.935 0.34 0.936 0.339 0.937 0.339 0.937 0.338 0.938 0.337 0.941 0.337 0.941 0.324 0.94 0.324 0.939 0.323 0.939 0.318 0.938 0.318 0.937 0.317 0.937 0.314
4 0.98 0.306 0.02 0.024 0.976 0.294 0.976 0.295 0.975 0.296 0.972 0.296 0.972 0.297 0.971 0.298 0.97 0.298 0.97 0.305 0.971 0.305 0.972 0.306 0.972 0.309 0.973 0.309 0.974 0.31 0.974 0.315 0.975 0.315 0.976 0.316 0.976 0.317 0.985 0.317 0.985 0.316 0.986 0.315 0.989 0.315 0.989 0.304 0.988 0.304 0.987 0.303 0.987 0.3 0.986 0.3 0.985 0.299 0.985 0.296 0.984 0.296 0.983 0.295 0.983 0.294
5 0.643 0.418 0.026000000000000002 0.024 0.634 0.406 0.634 0.407 0.633 0.408 0.632 0.408 0.632 0.411 0.631 0.412 0.63 0.412 0.63 0.417 0.631 0.417 0.632 0.418 0.632 0.423 0.633 0.423 0.634 0.424 0.634 0.425 0.635 0.425 0.636 0.426 0.636 0.427 0.637 0.427 0.638 0.428 0.638 0.429 0.645 0.429 0.645 0.428 0.646 0.427 0.649 0.427 0.649 0.426 0.65 0.425 0.651 0.425 0.651 0.424 0.652 0.423 0.653 0.423 0.653 0.418 0.654 0.417 0.655 0.417 0.655 0.408 0.654 0.408 0.653 0.407 0.653 0.406
5 0.499 0.47500000000000003 0.03 0.026000000000000002 0.496 0.462 0.496 0.463 0.495 0.464 0.49 0.464 0.49 0.465 0.489 0.466 0.486 0.466 0.486 0.467 0.485 0.468 0.484 0.468 0.484 0.479 0.485 0.479 0.486 0.48 0.486 0.483 0.487 0.483 0.488 0.484 0.488 0.485 0.489 0.485 0.49 0.486 0.49 0.487 0.503 0.487 0.503 0.484 0.504 0.483 0.509 0.483 0.509 0.482 0.51 0.481 0.511 0.481 0.511 0.48 0.512 0.479 0.513 0.479 0.513 0.466 0.512 0.466 0.511 0.465 0.511 0.464 0.51 0.464 0.509 0.463 0.509 0.462
7 0.107 0.65 0.01 0.008 0.104 0.646 0.104 0.647 0.103 0.648 0.102 0.648 0.102 0.651 0.103 0.651 0.104 0.652 0.104 0.653 0.111 0.653 0.111 0.646
7 0.14100000000000001 0.684 0.01 0.012 0.138 0.678 0.138 0.679 0.137 0.68 0.136 0.68 0.136 0.687 0.137 0.687 0.138 0.688 0.138 0.689 0.141 0.689 0.141 0.688 0.142 0.687 0.145 0.687 0.145 0.68 0.144 0.68 0.143 0.679 0.143 0.678
2 0.9540000000000001 0.442 0.092 0.088 0.996 0.398 0.996 0.399 0.995 0.4 0.99 0.4 0.99 0.401 0.989 0.402 0.986 0.402 0.986 0.403 0.985 0.404 0.98 0.404 0.98 0.405 0.979 0.406 0.976 0.406 0.976 0.407 0.975 0.408 0.972 0.408 0.972 0.409 0.971 0.41 0.966 0.41 0.966 0.411 0.965 0.412 0.96 0.412 0.96 0.413 0.959 0.414 0.954 0.414 0.954 0.415 0.953 0.416 0.946 0.416 0.946 0.417 0.945 0.418 0.942 0.418 0.942 0.419 0.941 0.42 0.936 0.42 0.936 0.421 0.935 0.422 0.93 0.422 0.93 0.423 0.929 0.424 0.926 0.424 0.926 0.425 0.925 0.426 0.922 0.426 0.922 0.427 0.921 0.428 0.918 0.428 0.918 0.429 0.917 0.43 0.914 0.43 0.914 0.431 0.913 0.432 0.912 0.432 0.912 0.433 0.911 0.434 0.91 0.434 0.91 0.437 0.909 0.438 0.908 0.438 0.908 0.443 0.909 0.443 0.91 0.444 0.91 0.449 0.911 0.449 0.912 0.45 0.912 0.455 0.913 0.455 0.914 0.456 0.914 0.461 0.915 0.461 0.916 0.462 0.916 0.465 0.917 0.465 0.918 0.466 0.918 0.471 0.919 0.471 0.92 0.472 0.92 0.475 0.921 0.475 0.922 0.476 0.922 0.479 0.923 0.479 0.924 0.48 0.924 0.483 0.925 0.483 0.926 0.484 0.926 0.485 0.929 0.485 0.929 0.484 0.93 0.483 0.935 0.483 0.935 0.482 0.936 0.481 0.939 0.481 0.939 0.48 0.94 0.479 0.943 0.479 0.943 0.478 0.944 0.477 0.947 0.477 0.947 0.476 0.948 0.475 0.953 0.475 0.953 0.474 0.954 0.473 0.957 0.473 0.957 0.472 0.958 0.471 0.963 0.471 0.963 0.47 0.964 0.469 0.967 0.469 0.967 0.468 0.968 0.467 0.973 0.467 0.973 0.466 0.974 0.465 0.977 0.465 0.977 0.464 0.978 0.463 0.983 0.463 0.983 0.462 0.984 0.461 0.987 0.461 0.987 0.46 0.988 0.459 0.991 0.459 0.991 0.458 0.992 0.457 0.995 0.457 0.995 0.456 0.996 0.455 0.999 0.455 0.999 0.398
3 0.973 0.243 0.054 0.138 0.998 0.174 0.998 0.175 0.997 0.176 0.99 0.176 0.99 0.177 0.989 0.178 0.984 0.178 0.984 0.179 0.983 0.18 0.978 0.18 0.978 0.181 0.977 0.182 0.972 0.182 0.972 0.183 0.971 0.184 0.966 0.184 0.966 0.185 0.965 0.186 0.96 0.186 0.96 0.187 0.959 0.188 0.952 0.188 0.952 0.189 0.951 0.19 0.946 0.19 0.946 0.191 0.947 0.191 0.948 0.192 0.948 0.193 0.949 0.193 0.95 0.194 0.95 0.195 0.951 0.195 0.952 0.196 0.952 0.205 0.953 0.205 0.954 0.206 0.954 0.217 0.955 0.217 0.956 0.218 0.956 0.221 0.957 0.221 0.958 0.222 0.958 0.229 0.959 0.229 0.96 0.23 0.96 0.233 0.961 0.233 0.962 0.234 0.962 0.237 0.963 0.237 0.964 0.238 0.964 0.243 0.965 0.243 0.966 0.244 0.966 0.249 0.967 0.249 0.968 0.25 0.968 0.253 0.969 0.253 0.97 0.254 0.97 0.255 0.971 0.255 0.972 0.256 0.972 0.259 0.973 0.259 0.974 0.26 0.974 0.263 0.975 0.263 0.976 0.264 0.976 0.267 0.977 0.267 0.978 0.268 0.978 0.271 0.979 0.271 0.98 0.272 0.98 0.275 0.981 0.275 0.982 0.276 0.982 0.281 0.983 0.281 0.984 0.282 0.984 0.283 0.985 0.283 0.986 0.284 0.986 0.287 0.987 0.287 0.988 0.288 0.988 0.293 0.989 0.293 0.99 0.294 0.99 0.301 0.991 0.301 0.992 0.302 0.992 0.309 0.993 0.309 0.994 0.31 0.994 0.311 0.995 0.311 0.995 0.31 0.996 0.309 0.999 0.309 0.999 0.174
3 0.878 0.31 0.1 0.152 0.872 0.234 0.872 0.235 0.871 0.236 0.868 0.236 0.868 0.237 0.867 0.238 0.866 0.238 0.866 0.239 0.865 0.24 0.862 0.24 0.862 0.241 0.861 0.242 0.858 0.242 0.858 0.243 0.857 0.244 0.854 0.244 0.854 0.245 0.853 0.246 0.85 0.246 0.85 0.247 0.849 0.248 0.846 0.248 0.846 0.249 0.845 0.25 0.842 0.25 0.842 0.251 0.841 0.252 0.838 0.252 0.838 0.253 0.837 0.254 0.834 0.254 0.834 0.255 0.833 0.256 0.832 0.256 0.832 0.257 0.831 0.258 0.83 0.258 0.83 0.261 0.829 0.262 0.828 0.262 0.828 0.265 0.829 0.265 0.83 0.266 0.83 0.269 0.831 0.269 0.832 0.27 0.832 0.275 0.833 0.275 0.834 0.276 0.834 0.283 0.835 0.283 0.836 0.284 0.836 0.289 0.837 0.289 0.838 0.29 0.838 0.297 0.839 0.297 0.84 0.298 0.84 0.301 0.841 0.301 0.842 0.302 0.842 0.307 0.843 0.307 0.844 0.308 0.844 0.311 0.845 0.311 0.846 0.312 0.846 0.317 0.847 0.317 0.848 0.318 0.848 0.319 0.849 0.319 0.85 0.32 0.85 0.329 0.851 0.329 0.852 0.33 0.852 0.335 0.853 0.335 0.854 0.336 0.854 0.337 0.855 0.337 0.856 0.338 0.856 0.341 0.857 0.341 0.858 0.342 0.858 0.347 0.859 0.347 0.86 0.348 0.86 0.351 0.861 0.351 0.862 0.352 0.862 0.355 0.863 0.355 0.864 0.356 0.864 0.357 0.865 0.357 0.866 0.358 0.866 0.363 0.867 0.363 0.868 0.364 0.868 0.365 0.869 0.365 0.87 0.366 0.87 0.369 0.871 0.369 0.872 0.37 0.872 0.371 0.873 0.371 0.874 0.372 0.874 0.375 0.875 0.375 0.876 0.376 0.876 0.379 0.877 0.379 0.878 0.38 0.878 0.383 0.879 0.383 0.88 0.384 0.88 0.385 0.883 0.385 0.883 0.384 0.884 0.383 0.885 0.383 0.885 0.382 0.886 0.381 0.889 0.381 0.889 0.38 0.89 0.379 0.893 0.379 0.893 0.378 0.894 0.377 0.897 0.377 0.897 0.376 0.898 0.375 0.899 0.375 0.899 0.374 0.9 0.373 0.901 0.373 0.901 0.372 0.902 0.371 0.905 0.371 0.905 0.37 0.906 0.369 0.907 0.369 0.907 0.368 0.908 0.367 0.911 0.367 0.911 0.366 0.912 0.365 0.913 0.365 0.913 0.364 0.914 0.363 0.915 0.363 0.915 0.362 0.916 0.361 0.919 0.361 0.919 0.36 0.92 0.359 0.921 0.359 0.921 0.358 0.922 0.357 0.925 0.357 0.925 0.356 0.926 0.355 0.927 0.355 0.927 0.344 0.926 0.344 0.925 0.343 0.925 0.34 0.924 0.34 0.923 0.339 0.923 0.336 0.922 0.336 0.921 0.335 0.921 0.328 0.92 0.328 0.919 0.327 0.919 0.32 0.918 0.32 0.917 0.319 0.917 0.318 0.916 0.318 0.915 0.317 0.915 0.314 0.914 0.314 0.913 0.313 0.913 0.308 0.912 0.308 0.911 0.307 0.911 0.302 0.91 0.302 0.909 0.301 0.909 0.298 0.908 0.298 0.907 0.297 0.907 0.294 0.906 0.294 0.905 0.293 0.905 0.288 0.904 0.288 0.903 0.287 0.903 0.284 0.902 0.284 0.901 0.283 0.901 0.278 0.9 0.278 0.899 0.277 0.899 0.274 0.898 0.274 0.897 0.273 0.897 0.268 0.896 0.268 0.895 0.267 0.895 0.264 0.894 0.264 0.893 0.263 0.893 0.26 0.892 0.26 0.891 0.259 0.891 0.256 0.89 0.256 0.889 0.255 0.889 0.252 0.888 0.252 0.887 0.251 0.887 0.244 0.886 0.244 0.885 0.243 0.885 0.24 0.884 0.24 0.883 0.239 0.883 0.238 0.882 0.238 0.881 0.237 0.881 0.234
3 0.432 0.5 0.036000000000000004 0.048 0.416 0.476 0.416 0.477 0.415 0.478 0.414 0.478 0.414 0.483 0.415 0.483 0.416 0.484 0.416 0.485 0.417 0.485 0.418 0.486 0.418 0.487 0.419 0.487 0.42 0.488 0.42 0.489 0.421 0.489 0.422 0.49 0.422 0.499 0.423 0.499 0.424 0.5 0.424 0.505 0.425 0.505 0.426 0.506 0.426 0.509 0.427 0.509 0.428 0.51 0.428 0.513 0.429 0.513 0.43 0.514 0.43 0.517 0.431 0.517 0.432 0.518 0.432 0.521 0.435 0.521 0.436 0.522 0.436 0.523 0.443 0.523 0.443 0.522 0.444 0.521 0.445 0.521 0.445 0.508 0.446 0.507 0.447 0.507 0.447 0.494 0.448 0.493 0.449 0.493 0.449 0.486 0.446 0.486 0.445 0.485 0.445 0.484 0.444 0.484 0.443 0.483 0.443 0.482 0.438 0.482 0.437 0.481 0.437 0.48 0.434 0.48 0.433 0.479 0.433 0.478 0.428 0.478 0.427 0.477 0.427 0.476
7 0.074 0.62 0.012 0.012 0.068 0.614 0.068 0.623 0.069 0.623 0.07 0.624 0.07 0.625 0.077 0.625 0.077 0.624 0.078 0.623 0.079 0.623 0.079 0.616 0.078 0.616 0.077 0.615 0.077 0.614
7 0.62 0.436 0.028 0.016 0.61 0.428 0.61 0.429 0.609 0.43 0.608 0.43 0.608 0.431 0.607 0.432 0.606 0.432 0.606 0.439 0.607 0.439 0.608 0.44 0.608 0.441 0.609 0.441 0.61 0.442 0.61 0.443 0.611 0.443 0.611 0.442 0.612 0.441 0.621 0.441 0.621 0.44 0.622 0.439 0.627 0.439 0.627 0.438 0.628 0.437 0.629 0.437 0.629 0.436 0.63 0.435 0.631 0.435 0.631 0.434 0.632 0.433 0.633 0.433 0.633 0.428 0.62 0.428 0.62 0.429 0.619 0.43 0.614 0.43 0.613 0.429 0.613 0.428
5 0.182 0.7010000000000001 0.02 0.022 0.18 0.69 0.18 0.691 0.179 0.692 0.174 0.692 0.174 0.693 0.173 0.694 0.172 0.694 0.172 0.707 0.173 0.707 0.174 0.708 0.174 0.709 0.177 0.709 0.178 0.71 0.178 0.711 0.185 0.711 0.185 0.71 0.186 0.709 0.187 0.709 0.187 0.708 0.188 0.707 0.189 0.707 0.189 0.706 0.19 0.705 0.191 0.705 0.191 0.698 0.19 0.698 0.189 0.697 0.189 0.694 0.188 0.694 0.187 0.693 0.187 0.692 0.186 0.692 0.185 0.691 0.185 0.69
7 0.548 0.381 0.012 0.014 0.542 0.374 0.542 0.383 0.543 0.383 0.544 0.384 0.544 0.387 0.551 0.387 0.551 0.386 0.552 0.385 0.553 0.385 0.553 0.376 0.552 0.376 0.551 0.375 0.551 0.374
3 0.6 0.546 0.196 0.148 0.584 0.618 0.584 0.619 0.587 0.619 0.587 0.618
3 0.515 0.335 0.078 0.074 0.538 0.298 0.538 0.299 0.537 0.3 0.532 0.3 0.532 0.301 0.531 0.302 0.526 0.302 0.526 0.303 0.525 0.304 0.52 0.304 0.52 0.305 0.519 0.306 0.514 0.306 0.514 0.307 0.513 0.308 0.508 0.308 0.508 0.309 0.507 0.31 0.502 0.31 0.502 0.311 0.501 0.312 0.496 0.312 0.496 0.313 0.495 0.314 0.49 0.314 0.49 0.315 0.489 0.316 0.484 0.316 0.484 0.317 0.483 0.318 0.478 0.318 0.478 0.319 0.477 0.32 0.476 0.32 0.476 0.321 0.477 0.321 0.478 0.322 0.478 0.327 0.479 0.327 0.48 0.328 0.48 0.333 0.481 0.333 0.482 0.334 0.482 0.339 0.483 0.339 0.484 0.34 0.484 0.345 0.485 0.345 0.486 0.346 0.486 0.347 0.487 0.347 0.488 0.348 0.488 0.349 0.491 0.349 0.492 0.35 0.492 0.351 0.497 0.351 0.498 0.352 0.498 0.353 0.501 0.353 0.502 0.354 0.502 0.355 0.505 0.355 0.506 0.356 0.506 0.357 0.509 0.357 0.51 0.358 0.51 0.359 0.515 0.359 0.516 0.36 0.516 0.361 0.519 0.361 0.52 0.362 0.52 0.363 0.523 0.363 0.524 0.364 0.524 0.365 0.527 0.365 0.528 0.366 0.528 0.367 0.533 0.367 0.534 0.368 0.534 0.369 0.537 0.369 0.538 0.37 0.538 0.371 0.539 0.371 0.539 0.37 0.54 0.369 0.541 0.369 0.541 0.364 0.542 0.363 0.543 0.363 0.543 0.358 0.544 0.357 0.545 0.357 0.545 0.352 0.546 0.351 0.547 0.351 0.547 0.346 0.548 0.345 0.549 0.345 0.549 0.34 0.55 0.339 0.551 0.339 0.551 0.334 0.552 0.333 0.553 0.333 0.553 0.33 0.552 0.33 0.551 0.329 0.551 0.324 0.55 0.324 0.549 0.323 0.549 0.32 0.548 0.32 0.547 0.319 0.547 0.316 0.546 0.316 0.545 0.315 0.545 0.31 0.544 0.31 0.543 0.309 0.543 0.306 0.542 0.306 0.541 0.305 0.541 0.3 0.54 0.3 0.539 0.299 0.539 0.298
3 0.707 0.395 0.042 0.062 0.698 0.364 0.698 0.365 0.697 0.366 0.696 0.366 0.696 0.371 0.695 0.372 0.694 0.372 0.694 0.375 0.693 0.376 0.692 0.376 0.692 0.381 0.691 0.382 0.69 0.382 0.69 0.385 0.689 0.386 0.688 0.386 0.688 0.391 0.687 0.392 0.686 0.392 0.686 0.393 0.687 0.393 0.688 0.394 0.688 0.395 0.689 0.395 0.69 0.396 0.69 0.397 0.691 0.397 0.692 0.398 0.692 0.399 0.695 0.399 0.696 0.4 0.696 0.401 0.697 0.401 0.698 0.402 0.698 0.403 0.699 0.403 0.7 0.404 0.7 0.405 0.703 0.405 0.704 0.406 0.704 0.407 0.705 0.407 0.706 0.408 0.706 0.409 0.707 0.409 0.708 0.41 0.708 0.411 0.709 0.411 0.71 0.412 0.71 0.413 0.713 0.413 0.714 0.414 0.714 0.415 0.715 0.415 0.716 0.416 0.716 0.417 0.717 0.417 0.718 0.418 0.718 0.419 0.721 0.419 0.722 0.42 0.722 0.421 0.723 0.421 0.724 0.422 0.724 0.423 0.725 0.423 0.726 0.424 0.726 0.425 0.727 0.425 0.727 0.424 0.726 0.424 0.725 0.423 0.725 0.42 0.724 0.42 0.723 0.419 0.723 0.414 0.722 0.414 0.721 0.413 0.721 0.41 0.72 0.41 0.719 0.409 0.719 0.406 0.718 0.406 0.717 0.405 0.717 0.4 0.716 0.4 0.715 0.399 0.715 0.396 0.714 0.396 0.713 0.395 0.713 0.392 0.712 0.392 0.711 0.391 0.711 0.386 0.71 0.386 0.709 0.385 0.709 0.382 0.708 0.382 0.707 0.381 0.707 0.378 0.706 0.378 0.705 0.377 0.705 0.372 0.704 0.372 0.703 0.371 0.703 0.368 0.702 0.368 0.701 0.367 0.701 0.366 0.7 0.366 0.699 0.365 0.699 0.364
