7 0.28500000000000003 0.20700000000000002 0.01 0.01 0.282 0.202 0.282 0.203 0.281 0.204 0.28 0.204 0.28 0.209 0.281 0.209 0.282 0.21 0.282 0.211 0.289 0.211 0.289 0.204 0.286 0.204 0.285 0.203 0.285 0.202
7 0.293 0.221 0.01 0.006 0.288 0.218 0.288 0.221 0.289 0.221 0.29 0.222 0.29 0.223 0.297 0.223 0.297 0.218
3 0.844 0.216 0.068 0.088 0.844 0.172 0.844 0.173 0.843 0.174 0.84 0.174 0.84 0.175 0.839 0.176 0.838 0.176 0.838 0.177 0.837 0.178 0.834 0.178 0.834 0.179 0.833 0.18 0.832 0.18 0.832 0.181 0.831 0.182 0.828 0.182 0.828 0.183 0.827 0.184 0.824 0.184 0.824 0.185 0.823 0.186 0.82 0.186 0.82 0.187 0.819 0.188 0.818 0.188 0.818 0.191 0.817 0.192 0.816 0.192 0.816 0.197 0.815 0.198 0.814 0.198 0.814 0.211 0.813 0.212 0.812 0.212 0.812 0.237 0.811 0.238 0.81 0.238 0.81 0.247 0.815 0.247 0.816 0.248 0.816 0.249 0.821 0.249 0.822 0.25 0.822 0.251 0.825 0.251 0.826 0.252 0.826 0.253 0.829 0.253 0.83 0.254 0.83 0.255 0.831 0.255 0.832 0.256 0.832 0.257 0.837 0.257 0.838 0.258 0.838 0.259 0.845 0.259 0.845 0.258 0.846 0.257 0.849 0.257 0.849 0.256 0.85 0.255 0.851 0.255 0.851 0.254 0.852 0.253 0.855 0.253 0.855 0.252 0.856 0.251 0.857 0.251 0.857 0.25 0.858 0.249 0.861 0.249 0.861 0.248 0.862 0.247 0.863 0.247 0.863 0.246 0.864 0.245 0.867 0.245 0.867 0.244 0.868 0.243 0.871 0.243 0.871 0.242 0.872 0.241 0.873 0.241 0.873 0.24 0.874 0.239 0.875 0.239 0.875 0.238 0.876 0.237 0.877 0.237 0.877 0.236 0.876 0.236 0.875 0.235 0.875 0.226 0.874 0.226 0.873 0.225 0.873 0.224 0.872 0.224 0.871 0.223 0.871 0.222 0.87 0.222 0.869 0.221 0.869 0.22 0.868 0.22 0.867 0.219 0.867 0.218 0.866 0.218 0.865 0.217 0.865 0.216 0.864 0.216 0.863 0.215 0.863 0.212 0.862 0.212 0.861 0.211 0.861 0.202 0.86 0.202 0.859 0.201 0.859 0.196 0.858 0.196 0.857 0.195 0.857 0.192 0.856 0.192 0.855 0.191 0.855 0.188 0.854 0.188 0.853 0.187 0.853 0.184 0.852 0.184 0.851 0.183 0.851 0.18 0.85 0.18 0.849 0.179 0.849 0.176 0.848 0.176 0.847 0.175 0.847 0.172
4 0.549 0.7020000000000001 0.026000000000000002 0.028 0.548 0.688 0.548 0.689 0.547 0.69 0.544 0.69 0.544 0.691 0.543 0.692 0.54 0.692 0.54 0.693 0.539 0.694 0.538 0.694 0.538 0.695 0.537 0.696 0.536 0.696 0.536 0.701 0.537 0.701 0.538 0.702 0.538 0.707 0.539 0.707 0.54 0.708 0.54 0.711 0.541 0.711 0.542 0.712 0.542 0.713 0.543 0.713 0.544 0.714 0.544 0.715 0.551 0.715 0.551 0.714 0.552 0.713 0.553 0.713 0.553 0.712 0.554 0.711 0.557 0.711 0.557 0.71 0.558 0.709 0.559 0.709 0.559 0.706 0.56 0.705 0.561 0.705 0.561 0.698 0.56 0.698 0.559 0.697 0.559 0.692 0.558 0.692 0.557 0.691 0.557 0.688
4 0.057 0.676 0.022 0.028 0.058 0.662 0.058 0.663 0.057 0.664 0.054 0.664 0.054 0.665 0.053 0.666 0.052 0.666 0.052 0.667 0.051 0.668 0.05 0.668 0.05 0.669 0.049 0.67 0.048 0.67 0.048 0.671 0.047 0.672 0.046 0.672 0.046 0.681 0.047 0.681 0.048 0.682 0.048 0.685 0.049 0.685 0.05 0.686 0.05 0.687 0.053 0.687 0.054 0.688 0.054 0.689 0.057 0.689 0.057 0.688 0.058 0.687 0.063 0.687 0.063 0.686 0.064 0.685 0.065 0.685 0.065 0.684 0.066 0.683 0.067 0.683 0.067 0.67 0.066 0.67 0.065 0.669 0.065 0.666 0.064 0.666 0.063 0.665 0.063 0.664 0.062 0.664 0.061 0.663 0.061 0.662
4 0.084 0.72 0.016 0.012 0.08 0.714 0.08 0.715 0.079 0.716 0.078 0.716 0.078 0.717 0.077 0.718 0.076 0.718 0.076 0.721 0.077 0.721 0.078 0.722 0.078 0.723 0.079 0.723 0.08 0.724 0.08 0.725 0.089 0.725 0.089 0.722 0.09 0.721 0.091 0.721 0.091 0.72 0.09 0.72 0.089 0.719 0.089 0.716 0.088 0.716 0.087 0.715 0.087 0.714
4 0.052000000000000005 0.805 0.02 0.018000000000000002 0.05 0.796 0.05 0.797 0.049 0.798 0.044 0.798 0.044 0.799 0.043 0.8 0.042 0.8 0.042 0.807 0.043 0.807 0.044 0.808 0.044 0.811 0.045 0.811 0.046 0.812 0.046 0.813 0.055 0.813 0.055 0.812 0.056 0.811 0.057 0.811 0.057 0.81 0.058 0.809 0.059 0.809 0.059 0.808 0.06 0.807 0.061 0.807 0.061 0.802 0.06 0.802 0.059 0.801 0.059 0.798 0.058 0.798 0.057 0.797 0.057 0.796
3 0.014 0.74 0.028 0.048 0.0 0.716 0.0 0.763 0.001 0.763 0.001 0.762 0.002 0.761 0.005 0.761 0.005 0.76 0.006 0.759 0.009 0.759 0.009 0.758 0.01 0.757 0.011 0.757 0.011 0.756 0.012 0.755 0.017 0.755 0.017 0.754 0.018 0.753 0.021 0.753 0.021 0.752 0.022 0.751 0.025 0.751 0.025 0.748 0.026 0.747 0.027 0.747 0.027 0.744 0.026 0.744 0.025 0.743 0.025 0.738 0.024 0.738 0.023 0.737 0.023 0.736 0.022 0.736 0.021 0.735 0.021 0.734 0.018 0.734 0.017 0.733 0.017 0.732 0.016 0.732 0.015 0.731 0.015 0.73 0.014 0.73 0.013 0.729 0.013 0.728 0.012 0.728 0.011 0.727 0.011 0.726 0.01 0.726 0.009 0.725 0.009 0.724 0.008 0.724 0.007 0.723 0.007 0.722 0.006 0.722 0.005 0.721 0.005 0.718 0.004 0.718 0.003 0.717 0.003 0.716
4 0.109 0.763 0.026000000000000002 0.018000000000000002 0.106 0.754 0.106 0.755 0.105 0.756 0.102 0.756 0.102 0.757 0.101 0.758 0.1 0.758 0.1 0.759 0.099 0.76 0.098 0.76 0.098 0.761 0.097 0.762 0.096 0.762 0.096 0.767 0.097 0.767 0.098 0.768 0.098 0.769 0.101 0.769 0.102 0.77 0.102 0.771 0.111 0.771 0.111 0.77 0.112 0.769 0.115 0.769 0.115 0.768 0.116 0.767 0.117 0.767 0.117 0.766 0.118 0.765 0.119 0.765 0.119 0.762 0.12 0.761 0.121 0.761 0.121 0.756 0.12 0.756 0.119 0.755 0.119 0.754
4 0.494 0.643 0.02 0.022 0.49 0.632 0.49 0.633 0.489 0.634 0.486 0.634 0.486 0.635 0.485 0.636 0.484 0.636 0.484 0.645 0.485 0.645 0.486 0.646 0.486 0.649 0.487 0.649 0.488 0.65 0.488 0.651 0.489 0.651 0.49 0.652 0.49 0.653 0.497 0.653 0.497 0.652 0.498 0.651 0.501 0.651 0.501 0.65 0.502 0.649 0.503 0.649 0.503 0.64 0.502 0.64 0.501 0.639 0.501 0.634 0.5 0.634 0.499 0.633 0.499 0.632
4 0.498 0.591 0.02 0.026000000000000002 0.498 0.578 0.498 0.579 0.497 0.58 0.494 0.58 0.494 0.581 0.493 0.582 0.49 0.582 0.49 0.585 0.489 0.586 0.488 0.586 0.488 0.589 0.489 0.589 0.49 0.59 0.49 0.595 0.491 0.595 0.492 0.596 0.492 0.599 0.493 0.599 0.494 0.6 0.494 0.601 0.495 0.601 0.496 0.602 0.496 0.603 0.499 0.603 0.499 0.602 0.5 0.601 0.503 0.601 0.503 0.6 0.504 0.599 0.505 0.599 0.505 0.596 0.506 0.595 0.507 0.595 0.507 0.582 0.506 0.582 0.505 0.581 0.505 0.58 0.504 0.58 0.503 0.579 0.503 0.578
4 0.8 0.302 0.012 0.012 0.796 0.296 0.796 0.297 0.795 0.298 0.794 0.298 0.794 0.303 0.795 0.303 0.796 0.304 0.796 0.307 0.805 0.307 0.805 0.302 0.804 0.302 0.803 0.301 0.803 0.3 0.802 0.3 0.801 0.299 0.801 0.298 0.8 0.298 0.799 0.297 0.799 0.296
4 0.773 0.252 0.018000000000000002 0.016 0.772 0.244 0.772 0.245 0.771 0.246 0.766 0.246 0.766 0.247 0.765 0.248 0.764 0.248 0.764 0.249 0.765 0.249 0.766 0.25 0.766 0.255 0.767 0.255 0.768 0.256 0.768 0.257 0.769 0.257 0.77 0.258 0.77 0.259 0.779 0.259 0.779 0.258 0.78 0.257 0.781 0.257 0.781 0.25 0.78 0.25 0.779 0.249 0.779 0.248 0.778 0.248 0.777 0.247 0.777 0.246 0.776 0.246 0.775 0.245 0.775 0.244
4 0.427 0.872 0.03 0.028 0.426 0.858 0.426 0.859 0.425 0.86 0.42 0.86 0.42 0.861 0.419 0.862 0.416 0.862 0.416 0.863 0.415 0.864 0.414 0.864 0.414 0.867 0.413 0.868 0.412 0.868 0.412 0.873 0.419 0.873 0.42 0.874 0.42 0.875 0.421 0.875 0.422 0.876 0.422 0.879 0.423 0.879 0.424 0.88 0.424 0.881 0.425 0.881 0.426 0.882 0.426 0.883 0.427 0.883 0.428 0.884 0.428 0.885 0.433 0.885 0.433 0.884 0.434 0.883 0.437 0.883 0.437 0.88 0.438 0.879 0.439 0.879 0.439 0.878 0.44 0.877 0.441 0.877 0.441 0.872 0.44 0.872 0.439 0.871 0.439 0.868 0.438 0.868 0.437 0.867 0.437 0.862 0.436 0.862 0.435 0.861 0.435 0.86 0.434 0.86 0.433 0.859 0.433 0.858
5 0.797 0.229 0.022 0.014 0.796 0.222 0.796 0.223 0.795 0.224 0.788 0.224 0.788 0.227 0.787 0.228 0.786 0.228 0.786 0.229 0.787 0.229 0.788 0.23 0.788 0.231 0.789 0.231 0.79 0.232 0.79 0.233 0.791 0.233 0.792 0.234 0.792 0.235 0.795 0.235 0.795 0.234 0.796 0.233 0.799 0.233 0.799 0.232 0.8 0.231 0.805 0.231 0.805 0.23 0.806 0.229 0.807 0.229 0.807 0.228 0.806 0.228 0.805 0.227 0.805 0.226 0.804 0.226 0.803 0.225 0.803 0.224 0.802 0.224 0.801 0.223 0.801 0.222
3 0.17300000000000001 0.769 0.11800000000000001 0.082 0.154 0.728 0.154 0.729 0.153 0.73 0.15 0.73 0.15 0.731 0.149 0.732 0.148 0.732 0.148 0.735 0.147 0.736 0.146 0.736 0.146 0.737 0.145 0.738 0.144 0.738 0.144 0.741 0.143 0.742 0.142 0.742 0.142 0.745 0.141 0.746 0.14 0.746 0.14 0.747 0.139 0.748 0.138 0.748 0.138 0.751 0.137 0.752 0.136 0.752 0.136 0.755 0.135 0.756 0.134 0.756 0.134 0.757 0.133 0.758 0.132 0.758 0.132 0.761 0.131 0.762 0.13 0.762 0.13 0.765 0.129 0.766 0.128 0.766 0.128 0.767 0.127 0.768 0.126 0.768 0.126 0.771 0.125 0.772 0.124 0.772 0.124 0.775 0.123 0.776 0.122 0.776 0.122 0.777 0.121 0.778 0.12 0.778 0.12 0.781 0.119 0.782 0.118 0.782 0.118 0.785 0.117 0.786 0.116 0.786 0.116 0.787 0.115 0.788 0.114 0.788 0.114 0.791 0.115 0.791 0.116 0.792 0.116 0.795 0.117 0.795 0.118 0.796 0.118 0.799 0.119 0.799 0.12 0.8 0.12 0.803 0.121 0.803 0.122 0.804 0.122 0.807 0.123 0.807 0.124 0.808 0.124 0.809 0.129 0.809 0.129 0.808 0.13 0.807 0.141 0.807 0.141 0.806 0.142 0.805 0.153 0.805 0.153 0.804 0.154 0.803 0.167 0.803 0.167 0.802 0.168 0.801 0.179 0.801 0.179 0.8 0.18 0.799 0.187 0.799 0.187 0.798 0.188 0.797 0.191 0.797 0.191 0.796 0.192 0.795 0.193 0.795 0.193 0.794 0.194 0.793 0.197 0.793 0.197 0.792 0.198 0.791 0.201 0.791 0.201 0.79 0.202 0.789 0.205 0.789 0.205 0.788 0.206 0.787 0.207 0.787 0.207 0.786 0.208 0.785 0.211 0.785 0.211 0.784 0.212 0.783 0.215 0.783 0.215 0.782 0.216 0.781 0.219 0.781 0.219 0.78 0.22 0.779 0.223 0.779 0.223 0.778 0.224 0.777 0.225 0.777 0.225 0.776 0.226 0.775 0.229 0.775 0.229 0.774 0.23 0.773 0.231 0.773 0.231 0.772 0.23 0.772 0.229 0.771 0.229 0.766 0.228 0.766 0.227 0.765 0.227 0.762 0.226 0.762 0.225 0.761 0.225 0.758 0.224 0.758 0.223 0.757 0.223 0.752 0.222 0.752 0.221 0.751 0.221 0.748 0.22 0.748 0.219 0.747 0.219 0.744 0.218 0.744 0.217 0.743 0.217 0.738 0.216 0.738 0.215 0.737 0.215 0.736 0.208 0.736 0.207 0.735 0.207 0.734 0.194 0.734 0.193 0.733 0.193 0.732 0.18 0.732 0.179 0.731 0.179 0.73 0.166 0.73 0.165 0.729 0.165 0.728
3 0.11800000000000001 0.652 0.14400000000000002 0.136 0.178 0.584 0.178 0.585 0.177 0.586 0.174 0.586 0.174 0.587 0.173 0.588 0.17 0.588 0.17 0.589 0.169 0.59 0.166 0.59 0.166 0.591 0.165 0.592 0.164 0.592 0.164 0.593 0.163 0.594 0.162 0.594 0.162 0.595 0.161 0.596 0.16 0.596 0.16 0.597 0.159 0.598 0.158 0.598 0.158 0.599 0.157 0.6 0.154 0.6 0.154 0.601 0.153 0.602 0.152 0.602 0.152 0.603 0.151 0.604 0.15 0.604 0.15 0.605 0.149 0.606 0.148 0.606 0.148 0.607 0.147 0.608 0.144 0.608 0.144 0.609 0.143 0.61 0.142 0.61 0.142 0.611 0.141 0.612 0.14 0.612 0.14 0.613 0.139 0.614 0.138 0.614 0.138 0.615 0.137 0.616 0.134 0.616 0.134 0.617 0.133 0.618 0.132 0.618 0.132 0.619 0.131 0.62 0.13 0.62 0.13 0.621 0.129 0.622 0.128 0.622 0.128 0.623 0.127 0.624 0.124 0.624 0.124 0.625 0.123 0.626 0.122 0.626 0.122 0.627 0.121 0.628 0.12 0.628 0.12 0.629 0.119 0.63 0.118 0.63 0.118 0.631 0.117 0.632 0.114 0.632 0.114 0.633 0.113 0.634 0.108 0.634 0.108 0.635 0.107 0.636 0.102 0.636 0.102 0.637 0.101 0.638 0.096 0.638 0.096 0.639 0.095 0.64 0.09 0.64 0.09 0.641 0.089 0.642 0.084 0.642 0.084 0.643 0.083 0.644 0.078 0.644 0.078 0.645 0.077 0.646 0.072 0.646 0.072 0.647 0.071 0.648 0.066 0.648 0.066 0.649 0.065 0.65 0.06 0.65 0.06 0.651 0.059 0.652 0.054 0.652 0.054 0.653 0.053 0.654 0.048 0.654 0.048 0.657 0.049 0.657 0.05 0.658 0.05 0.659 0.053 0.659 0.054 0.66 0.054 0.661 0.061 0.661 0.062 0.662 0.062 0.663 0.063 0.663 0.064 0.664 0.064 0.665 0.065 0.665 0.066 0.666 0.066 0.667 0.067 0.667 0.068 0.668 0.068 0.669 0.069 0.669 0.07 0.67 0.07 0.671 0.073 0.671 0.074 0.672 0.074 0.673 0.077 0.673 0.078 0.674 0.078 0.675 0.079 0.675 0.08 0.676 0.08 0.677 0.083 0.677 0.084 0.678 0.084 0.679 0.087 0.679 0.088 0.68 0.088 0.681 0.089 0.681 0.09 0.682 0.09 0.683 0.093 0.683 0.094 0.684 0.094 0.685 0.097 0.685 0.098 0.686 0.098 0.687 0.099 0.687 0.1 0.688 0.1 0.689 0.103 0.689 0.104 0.69 0.104 0.691 0.107 0.691 0.108 0.692 0.108 0.693 0.109 0.693 0.11 0.694 0.11 0.695 0.113 0.695 0.114 0.696 0.114 0.697 0.117 0.697 0.118 0.698 0.118 0.699 0.119 0.699 0.12 0.7 0.12 0.701 0.123 0.701 0.124 0.702 0.124 0.703 0.127 0.703 0.128 0.704 0.128 0.705 0.129 0.705 0.13 0.706 0.13 0.707 0.133 0.707 0.134 0.708 0.134 0.709 0.137 0.709 0.138 0.71 0.138 0.711 0.139 0.711 0.14 0.712 0.14 0.713 0.143 0.713 0.144 0.714 0.144 0.715 0.147 0.715 0.148 0.716 0.148 0.717 0.149 0.717 0.15 0.718 0.15 0.719 0.151 0.719 0.151 0.716 0.152 0.715 0.153 0.715 0.153 0.71 0.154 0.709 0.155 0.709 0.155 0.704 0.156 0.703 0.157 0.703 0.157 0.698 0.158 0.697 0.159 0.697 0.159 0.692 0.16 0.691 0.161 0.691 0.161 0.688 0.162 0.687 0.163 0.687 0.163 0.682 0.164 0.681 0.165 0.681 0.165 0.676 0.166 0.675 0.167 0.675 0.167 0.67 0.168 0.669 0.169 0.669 0.169 0.664 0.17 0.663 0.171 0.663 0.171 0.658 0.172 0.657 0.173 0.657 0.173 0.652 0.174 0.651 0.175 0.651 0.175 0.646 0.176 0.645 0.177 0.645 0.177 0.64 0.178 0.639 0.179 0.639 0.179 0.636 0.18 0.635 0.181 0.635 0.181 0.63 0.182 0.629 0.183 0.629 0.183 0.624 0.184 0.623 0.185 0.623 0.185 0.618 0.186 0.617 0.187 0.617 0.187 0.612 0.188 0.611 0.189 0.611 0.189 0.608 0.188 0.608 0.187 0.607 0.187 0.602 0.186 0.602 0.185 0.601 0.185 0.598 0.184 0.598 0.183 0.597 0.183 0.592 0.182 0.592 0.181 0.591 0.181 0.588 0.18 0.588 0.179 0.587 0.179 0.584
7 0.486 0.562 0.016 0.016 0.482 0.554 0.482 0.555 0.481 0.556 0.48 0.556 0.48 0.557 0.479 0.558 0.478 0.558 0.478 0.567 0.479 0.567 0.48 0.568 0.48 0.569 0.485 0.569 0.485 0.568 0.486 0.567 0.489 0.567 0.489 0.566 0.49 0.565 0.493 0.565 0.493 0.556 0.492 0.556 0.491 0.555 0.491 0.554
7 0.912 0.5740000000000001 0.02 0.012 0.912 0.568 0.912 0.569 0.911 0.57 0.904 0.57 0.904 0.571 0.903 0.572 0.902 0.572 0.902 0.579 0.917 0.579 0.917 0.578 0.918 0.577 0.921 0.577 0.921 0.57 0.918 0.57 0.917 0.569 0.917 0.568
4 0.459 0.5750000000000001 0.026000000000000002 0.026000000000000002 0.46 0.562 0.46 0.563 0.459 0.564 0.456 0.564 0.456 0.565 0.455 0.566 0.45 0.566 0.45 0.567 0.449 0.568 0.448 0.568 0.448 0.569 0.447 0.57 0.446 0.57 0.446 0.575 0.447 0.575 0.448 0.576 0.448 0.579 0.449 0.579 0.45 0.58 0.45 0.583 0.451 0.583 0.452 0.584 0.452 0.587 0.461 0.587 0.461 0.586 0.462 0.585 0.463 0.585 0.463 0.584 0.464 0.583 0.465 0.583 0.465 0.582 0.466 0.581 0.467 0.581 0.467 0.58 0.468 0.579 0.469 0.579 0.469 0.578 0.47 0.577 0.471 0.577 0.471 0.572 0.47 0.572 0.469 0.571 0.469 0.568 0.468 0.568 0.467 0.567 0.467 0.564 0.464 0.564 0.463 0.563 0.463 0.562
4 0.303 0.582 0.022 0.024 0.304 0.57 0.304 0.571 0.303 0.572 0.3 0.572 0.3 0.573 0.299 0.574 0.296 0.574 0.296 0.575 0.295 0.576 0.294 0.576 0.294 0.577 0.293 0.578 0.292 0.578 0.292 0.583 0.293 0.583 0.294 0.584 0.294 0.589 0.295 0.589 0.296 0.59 0.296 0.591 0.297 0.591 0.298 0.592 0.298 0.593 0.307 0.593 0.307 0.592 0.308 0.591 0.311 0.591 0.311 0.59 0.312 0.589 0.313 0.589 0.313 0.578 0.312 0.578 0.311 0.577 0.311 0.574 0.31 0.574 0.309 0.573 0.309 0.572 0.308 0.572 0.307 0.571 0.307 0.57
4 0.809 0.125 0.018000000000000002 0.022 0.81 0.114 0.81 0.115 0.809 0.116 0.804 0.116 0.804 0.117 0.803 0.118 0.8 0.118 0.8 0.127 0.801 0.127 0.802 0.128 0.802 0.131 0.803 0.131 0.804 0.132 0.804 0.133 0.805 0.133 0.806 0.134 0.806 0.135 0.813 0.135 0.813 0.134 0.814 0.133 0.815 0.133 0.815 0.132 0.816 0.131 0.817 0.131 0.817 0.118 0.816 0.118 0.815 0.117 0.815 0.116 0.814 0.116 0.813 0.115 0.813 0.114
4 0.668 0.965 0.012 0.014 0.662 0.958 0.662 0.969 0.663 0.969 0.664 0.97 0.664 0.971 0.669 0.971 0.669 0.97 0.67 0.969 0.671 0.969 0.671 0.968 0.672 0.967 0.673 0.967 0.673 0.958
4 0.6920000000000001 0.992 0.016 0.016 0.688 0.984 0.688 0.987 0.687 0.988 0.686 0.988 0.686 0.997 0.685 0.998 0.684 0.998 0.684 0.999 0.699 0.999 0.699 0.988 0.698 0.988 0.697 0.987 0.697 0.986 0.696 0.986 0.695 0.985 0.695 0.984
3 0.434 0.728 0.10400000000000001 0.088 0.45 0.684 0.45 0.685 0.449 0.686 0.442 0.686 0.442 0.687 0.441 0.688 0.436 0.688 0.436 0.689 0.435 0.69 0.432 0.69 0.432 0.691 0.431 0.692 0.428 0.692 0.428 0.693 0.427 0.694 0.424 0.694 0.424 0.695 0.423 0.696 0.42 0.696 0.42 0.697 0.419 0.698 0.416 0.698 0.416 0.699 0.415 0.7 0.412 0.7 0.412 0.701 0.411 0.702 0.408 0.702 0.408 0.703 0.407 0.704 0.406 0.704 0.406 0.705 0.405 0.706 0.402 0.706 0.402 0.707 0.401 0.708 0.398 0.708 0.398 0.709 0.397 0.71 0.394 0.71 0.394 0.711 0.393 0.712 0.388 0.712 0.388 0.713 0.387 0.714 0.384 0.714 0.384 0.715 0.383 0.716 0.382 0.716 0.382 0.729 0.383 0.729 0.384 0.73 0.384 0.733 0.385 0.733 0.386 0.734 0.386 0.737 0.387 0.737 0.388 0.738 0.388 0.739 0.389 0.739 0.39 0.74 0.39 0.743 0.391 0.743 0.392 0.744 0.392 0.745 0.393 0.745 0.394 0.746 0.394 0.747 0.395 0.747 0.396 0.748 0.396 0.749 0.397 0.749 0.398 0.75 0.398 0.753 0.399 0.753 0.4 0.754 0.4 0.755 0.401 0.755 0.402 0.756 0.402 0.759 0.403 0.759 0.404 0.76 0.404 0.763 0.405 0.763 0.406 0.764 0.406 0.765 0.407 0.765 0.408 0.766 0.408 0.769 0.409 0.769 0.41 0.77 0.41 0.771 0.419 0.771 0.419 0.77 0.42 0.769 0.421 0.769 0.421 0.768 0.422 0.767 0.427 0.767 0.427 0.766 0.428 0.765 0.431 0.765 0.431 0.764 0.432 0.763 0.435 0.763 0.435 0.762 0.436 0.761 0.441 0.761 0.441 0.76 0.442 0.759 0.445 0.759 0.445 0.758 0.446 0.757 0.449 0.757 0.449 0.756 0.45 0.755 0.453 0.755 0.453 0.754 0.454 0.753 0.455 0.753 0.455 0.752 0.456 0.751 0.459 0.751 0.459 0.75 0.46 0.749 0.461 0.749 0.461 0.748 0.462 0.747 0.467 0.747 0.467 0.746 0.468 0.745 0.477 0.745 0.477 0.744 0.478 0.743 0.483 0.743 0.483 0.742 0.484 0.741 0.485 0.741 0.485 0.73 0.484 0.73 0.483 0.729 0.483 0.724 0.482 0.724 0.481 0.723 0.481 0.72 0.48 0.72 0.479 0.719 0.479 0.716 0.478 0.716 0.477 0.715 0.477 0.712 0.476 0.712 0.475 0.711 0.475 0.71 0.474 0.71 0.473 0.709 0.473 0.706 0.472 0.706 0.471 0.705 0.471 0.702 0.47 0.702 0.469 0.701 0.469 0.7 0.468 0.7 0.467 0.699 0.467 0.696 0.466 0.696 0.465 0.695 0.465 0.692 0.464 0.692 0.463 0.691 0.463 0.69 0.462 0.69 0.461 0.689 0.461 0.686 0.458 0.686 0.457 0.685 0.457 0.684
5 0.735 0.154 0.022 0.024 0.734 0.142 0.734 0.143 0.733 0.144 0.73 0.144 0.73 0.145 0.729 0.146 0.726 0.146 0.726 0.147 0.725 0.148 0.724 0.148 0.724 0.159 0.725 0.159 0.726 0.16 0.726 0.163 0.727 0.163 0.728 0.164 0.728 0.165 0.739 0.165 0.739 0.164 0.74 0.163 0.743 0.163 0.743 0.162 0.744 0.161 0.745 0.161 0.745 0.148 0.744 0.148 0.743 0.147 0.743 0.144 0.74 0.144 0.739 0.143 0.739 0.142
5 0.35000000000000003 0.163 0.024 0.03 0.344 0.148 0.344 0.149 0.343 0.15 0.342 0.15 0.342 0.151 0.341 0.152 0.34 0.152 0.34 0.155 0.339 0.156 0.338 0.156 0.338 0.165 0.339 0.165 0.34 0.166 0.34 0.171 0.341 0.171 0.342 0.172 0.342 0.173 0.343 0.173 0.344 0.174 0.344 0.175 0.351 0.175 0.352 0.176 0.352 0.177 0.357 0.177 0.357 0.176 0.358 0.175 0.359 0.175 0.359 0.174 0.36 0.173 0.361 0.173 0.361 0.154 0.36 0.154 0.359 0.153 0.359 0.152 0.358 0.152 0.357 0.151 0.357 0.15 0.356 0.15 0.355 0.149 0.355 0.148
7 0.836 0.611 0.012 0.014 0.832 0.604 0.832 0.605 0.831 0.606 0.83 0.606 0.83 0.613 0.831 0.613 0.832 0.614 0.832 0.617 0.839 0.617 0.839 0.614 0.84 0.613 0.841 0.613 0.841 0.606 0.84 0.606 0.839 0.605 0.839 0.604
7 0.066 0.687 0.02 0.014 0.068 0.68 0.068 0.681 0.067 0.682 0.066 0.682 0.066 0.683 0.065 0.684 0.058 0.684 0.058 0.685 0.057 0.686 0.056 0.686 0.056 0.689 0.057 0.689 0.058 0.69 0.058 0.691 0.059 0.691 0.06 0.692 0.06 0.693 0.069 0.693 0.069 0.692 0.07 0.691 0.073 0.691 0.073 0.69 0.074 0.689 0.075 0.689 0.075 0.682 0.074 0.682 0.073 0.681 0.073 0.68
7 0.364 0.761 0.016 0.018000000000000002 0.358 0.752 0.358 0.753 0.357 0.754 0.356 0.754 0.356 0.763 0.357 0.763 0.358 0.764 0.358 0.765 0.359 0.765 0.36 0.766 0.36 0.767 0.361 0.767 0.362 0.768 0.362 0.769 0.369 0.769 0.369 0.768 0.37 0.767 0.371 0.767 0.371 0.76 0.37 0.76 0.369 0.759 0.369 0.754 0.368 0.754 0.367 0.753 0.367 0.752
5 0.398 0.186 0.028 0.036000000000000004 0.394 0.168 0.394 0.169 0.393 0.17 0.392 0.17 0.392 0.171 0.391 0.172 0.39 0.172 0.39 0.173 0.389 0.174 0.388 0.174 0.388 0.175 0.387 0.176 0.386 0.176 0.386 0.177 0.385 0.178 0.384 0.178 0.384 0.191 0.385 0.191 0.386 0.192 0.386 0.193 0.387 0.193 0.388 0.194 0.388 0.195 0.389 0.195 0.39 0.196 0.39 0.197 0.391 0.197 0.392 0.198 0.392 0.199 0.393 0.199 0.394 0.2 0.394 0.201 0.397 0.201 0.398 0.202 0.398 0.203 0.405 0.203 0.405 0.202 0.406 0.201 0.407 0.201 0.407 0.2 0.408 0.199 0.409 0.199 0.409 0.196 0.41 0.195 0.411 0.195 0.411 0.19 0.41 0.19 0.409 0.189 0.409 0.182 0.408 0.182 0.407 0.181 0.407 0.178 0.406 0.178 0.405 0.177 0.405 0.174 0.404 0.174 0.403 0.173 0.403 0.172 0.402 0.172 0.401 0.171 0.401 0.17 0.4 0.17 0.399 0.169 0.399 0.168
5 0.502 0.731 0.028 0.03 0.5 0.716 0.5 0.717 0.499 0.718 0.496 0.718 0.496 0.719 0.495 0.72 0.492 0.72 0.492 0.721 0.491 0.722 0.49 0.722 0.49 0.723 0.489 0.724 0.488 0.724 0.488 0.727 0.489 0.727 0.49 0.728 0.49 0.731 0.491 0.731 0.492 0.732 0.492 0.735 0.493 0.735 0.494 0.736 0.494 0.741 0.495 0.741 0.496 0.742 0.496 0.743 0.499 0.743 0.5 0.744 0.5 0.745 0.501 0.745 0.501 0.744 0.502 0.743 0.505 0.743 0.505 0.742 0.506 0.741 0.509 0.741 0.509 0.74 0.51 0.739 0.511 0.739 0.511 0.738 0.512 0.737 0.513 0.737 0.513 0.736 0.514 0.735 0.515 0.735 0.515 0.728 0.514 0.728 0.513 0.727 0.513 0.724 0.512 0.724 0.511 0.723 0.511 0.722 0.51 0.722 0.509 0.721 0.509 0.718 0.508 0.718 0.507 0.717 0.507 0.716
6 0.9 0.17300000000000001 0.108 0.106 0.912 0.12 0.912 0.121 0.911 0.122 0.908 0.122 0.908 0.123 0.907 0.124 0.904 0.124 0.904 0.125 0.903 0.126 0.9 0.126 0.9 0.127 0.899 0.128 0.896 0.128 0.896 0.129 0.895 0.13 0.892 0.13 0.892 0.131 0.891 0.132 0.888 0.132 0.888 0.133 0.887 0.134 0.884 0.134 0.884 0.135 0.883 0.136 0.88 0.136 0.88 0.137 0.879 0.138 0.876 0.138 0.876 0.139 0.875 0.14 0.872 0.14 0.872 0.141 0.871 0.142 0.87 0.142 0.87 0.143 0.869 0.144 0.866 0.144 0.866 0.145 0.865 0.146 0.864 0.146 0.864 0.147 0.863 0.148 0.862 0.148 0.862 0.149 0.861 0.15 0.858 0.15 0.858 0.151 0.857 0.152 0.854 0.152 0.854 0.153 0.853 0.154 0.85 0.154 0.85 0.155 0.849 0.156 0.848 0.156 0.848 0.157 0.847 0.158 0.846 0.158 0.846 0.163 0.847 0.163 0.848 0.164 0.848 0.171 0.849 0.171 0.85 0.172 0.85 0.177 0.851 0.177 0.852 0.178 0.852 0.181 0.853 0.181 0.854 0.182 0.854 0.185 0.855 0.185 0.856 0.186 0.856 0.189 0.857 0.189 0.858 0.19 0.858 0.195 0.859 0.195 0.86 0.196 0.86 0.199 0.861 0.199 0.862 0.2 0.862 0.205 0.863 0.205 0.864 0.206 0.864 0.211 0.865 0.211 0.866 0.212 0.866 0.213 0.867 0.213 0.868 0.214 0.868 0.217 0.869 0.217 0.87 0.218 0.87 0.219 0.871 0.219 0.872 0.22 0.872 0.221 0.873 0.221 0.874 0.222 0.874 0.223 0.877 0.223 0.878 0.224 0.878 0.225 0.881 0.225 0.881 0.224 0.882 0.223 0.885 0.223 0.885 0.222 0.886 0.221 0.887 0.221 0.887 0.22 0.888 0.219 0.889 0.219 0.889 0.218 0.89 0.217 0.891 0.217 0.891 0.216 0.892 0.215 0.897 0.215 0.897 0.214 0.898 0.213 0.905 0.213 0.905 0.212 0.906 0.211 0.907 0.211 0.908 0.212 0.908 0.213 0.915 0.213 0.915 0.212 0.916 0.211 0.919 0.211 0.919 0.21 0.92 0.209 0.923 0.209 0.923 0.208 0.924 0.207 0.927 0.207 0.927 0.206 0.928 0.205 0.931 0.205 0.931 0.204 0.932 0.203 0.935 0.203 0.935 0.202 0.936 0.201 0.939 0.201 0.939 0.2 0.94 0.199 0.943 0.199 0.943 0.198 0.944 0.197 0.949 0.197 0.949 0.196 0.95 0.195 0.951 0.195 0.951 0.194 0.952 0.193 0.953 0.193 0.953 0.188 0.952 0.188 0.951 0.187 0.951 0.184 0.95 0.184 0.949 0.183 0.949 0.18 0.948 0.18 0.947 0.179 0.947 0.176 0.946 0.176 0.945 0.175 0.945 0.172 0.944 0.172 0.943 0.171 0.943 0.168 0.942 0.168 0.941 0.167 0.941 0.166 0.94 0.166 0.939 0.165 0.939 0.162 0.938 0.162 0.937 0.161 0.937 0.158 0.936 0.158 0.935 0.157 0.935 0.152 0.934 0.152 0.933 0.151 0.933 0.148 0.932 0.148 0.931 0.147 0.931 0.146 0.93 0.146 0.929 0.145 0.929 0.142 0.928 0.142 0.927 0.141 0.927 0.138 0.926 0.138 0.925 0.137 0.925 0.132 0.924 0.132 0.923 0.131 0.923 0.128 0.922 0.128 0.921 0.127 0.921 0.124 0.92 0.124 0.919 0.123 0.919 0.122 0.918 0.122 0.917 0.121 0.917 0.12
6 0.05 0.391 0.1 0.166 0.03 0.308 0.03 0.309 0.029 0.31 0.026 0.31 0.026 0.311 0.025 0.312 0.022 0.312 0.022 0.313 0.021 0.314 0.018 0.314 0.018 0.315 0.017 0.316 0.016 0.316 0.016 0.317 0.015 0.318 0.012 0.318 0.012 0.319 0.011 0.32 0.008 0.32 0.008 0.321 0.007 0.322 0.004 0.322 0.004 0.323 0.003 0.324 0.002 0.324 0.002 0.325 0.001 0.326 0.0 0.326 0.0 0.437 0.001 0.437 0.002 0.438 0.002 0.439 0.003 0.439 0.004 0.44 0.004 0.443 0.005 0.443 0.006 0.444 0.006 0.445 0.007 0.445 0.008 0.446 0.008 0.447 0.009 0.447 0.01 0.448 0.01 0.451 0.011 0.451 0.012 0.452 0.012 0.453 0.013 0.453 0.014 0.454 0.014 0.455 0.015 0.455 0.016 0.456 0.016 0.459 0.017 0.459 0.018 0.46 0.018 0.461 0.019 0.461 0.02 0.462 0.02 0.465 0.021 0.465 0.022 0.466 0.022 0.467 0.023 0.467 0.024 0.468 0.024 0.469 0.025 0.469 0.026 0.47 0.026 0.471 0.027 0.471 0.028 0.472 0.028 0.473 0.033 0.473 0.033 0.472 0.034 0.471 0.037 0.471 0.037 0.47 0.038 0.469 0.041 0.469 0.041 0.468 0.042 0.467 0.043 0.467 0.043 0.466 0.044 0.465 0.047 0.465 0.047 0.464 0.048 0.463 0.049 0.463 0.049 0.462 0.05 0.461 0.053 0.461 0.053 0.46 0.054 0.459 0.055 0.459 0.055 0.458 0.056 0.457 0.059 0.457 0.059 0.456 0.06 0.455 0.061 0.455 0.061 0.454 0.062 0.453 0.065 0.453 0.065 0.452 0.066 0.451 0.067 0.451 0.067 0.45 0.068 0.449 0.071 0.449 0.071 0.448 0.072 0.447 0.073 0.447 0.073 0.446 0.074 0.445 0.077 0.445 0.077 0.444 0.078 0.443 0.079 0.443 0.079 0.442 0.08 0.441 0.085 0.441 0.085 0.44 0.086 0.439 0.087 0.439 0.087 0.438 0.088 0.437 0.089 0.437 0.089 0.436 0.09 0.435 0.093 0.435 0.093 0.434 0.094 0.433 0.097 0.433 0.097 0.432 0.098 0.431 0.099 0.431 0.099 0.428 0.098 0.428 0.097 0.427 0.097 0.424 0.096 0.424 0.095 0.423 0.095 0.422 0.094 0.422 0.093 0.421 0.093 0.416 0.092 0.416 0.091 0.415 0.091 0.412 0.09 0.412 0.089 0.411 0.089 0.41 0.088 0.41 0.087 0.409 0.087 0.404 0.086 0.404 0.085 0.403 0.085 0.402 0.084 0.402 0.083 0.401 0.083 0.398 0.082 0.398 0.081 0.397 0.081 0.394 0.08 0.394 0.079 0.393 0.079 0.392 0.078 0.392 0.077 0.391 0.077 0.388 0.076 0.388 0.075 0.387 0.075 0.386 0.074 0.386 0.073 0.385 0.073 0.384 0.072 0.384 0.071 0.383 0.071 0.382 0.07 0.382 0.069 0.381 0.069 0.38 0.068 0.38 0.067 0.379 0.067 0.376 0.066 0.376 0.065 0.375 0.065 0.372 0.064 0.372 0.063 0.371 0.063 0.368 0.062 0.368 0.061 0.367 0.061 0.364 0.06 0.364 0.059 0.363 0.059 0.356 0.058 0.356 0.057 0.355 0.057 0.352 0.056 0.352 0.055 0.351 0.055 0.35 0.054 0.35 0.053 0.349 0.053 0.346 0.052 0.346 0.051 0.345 0.051 0.342 0.05 0.342 0.049 0.341 0.049 0.338 0.048 0.338 0.047 0.337 0.047 0.334 0.046 0.334 0.045 0.333 0.045 0.33 0.044 0.33 0.043 0.329 0.043 0.326 0.042 0.326 0.041 0.325 0.041 0.322 0.04 0.322 0.039 0.321 0.039 0.318 0.038 0.318 0.037 0.317 0.037 0.316 0.036 0.316 0.035 0.315 0.035 0.31 0.034 0.31 0.033 0.309 0.033 0.308
7 0.483 0.753 0.014 0.014 0.48 0.746 0.48 0.747 0.479 0.748 0.478 0.748 0.478 0.749 0.477 0.75 0.476 0.75 0.476 0.753 0.477 0.753 0.478 0.754 0.478 0.757 0.479 0.757 0.48 0.758 0.48 0.759 0.485 0.759 0.485 0.758 0.486 0.757 0.489 0.757 0.489 0.748 0.488 0.748 0.487 0.747 0.487 0.746
7 0.356 0.8140000000000001 0.012 0.012 0.354 0.808 0.354 0.809 0.353 0.81 0.352 0.81 0.352 0.811 0.351 0.812 0.35 0.812 0.35 0.815 0.351 0.815 0.352 0.816 0.352 0.819 0.359 0.819 0.359 0.818 0.36 0.817 0.361 0.817 0.361 0.81 0.36 0.81 0.359 0.809 0.359 0.808
3 0.662 0.12 0.136 0.17200000000000001 0.624 0.034 0.624 0.035 0.623 0.036 0.618 0.036 0.618 0.037 0.617 0.038 0.614 0.038 0.614 0.039 0.613 0.04 0.612 0.04 0.612 0.041 0.611 0.042 0.61 0.042 0.61 0.043 0.609 0.044 0.606 0.044 0.606 0.045 0.605 0.046 0.602 0.046 0.602 0.047 0.601 0.048 0.598 0.048 0.598 0.049 0.597 0.05 0.596 0.05 0.596 0.051 0.595 0.052 0.594 0.052 0.594 0.067 0.595 0.067 0.596 0.068 0.596 0.075 0.597 0.075 0.598 0.076 0.598 0.081 0.599 0.081 0.6 0.082 0.6 0.087 0.601 0.087 0.602 0.088 0.602 0.093 0.603 0.093 0.604 0.094 0.604 0.097 0.605 0.097 0.606 0.098 0.606 0.103 0.607 0.103 0.608 0.104 0.608 0.107 0.609 0.107 0.61 0.108 0.61 0.113 0.611 0.113 0.612 0.114 0.612 0.119 0.613 0.119 0.614 0.12 0.614 0.123 0.615 0.123 0.616 0.124 0.616 0.127 0.617 0.127 0.618 0.128 0.618 0.131 0.619 0.131 0.62 0.132 0.62 0.135 0.621 0.135 0.622 0.136 0.622 0.139 0.623 0.139 0.624 0.14 0.624 0.141 0.625 0.141 0.626 0.142 0.626 0.149 0.627 0.149 0.628 0.15 0.628 0.153 0.629 0.153 0.63 0.154 0.63 0.155 0.631 0.155 0.632 0.156 0.632 0.159 0.633 0.159 0.634 0.16 0.634 0.163 0.635 0.163 0.636 0.164 0.636 0.165 0.637 0.165 0.638 0.166 0.638 0.169 0.639 0.169 0.64 0.17 0.64 0.173 0.641 0.173 0.642 0.174 0.642 0.175 0.643 0.175 0.644 0.176 0.644 0.179 0.645 0.179 0.646 0.18 0.646 0.183 0.647 0.183 0.648 0.184 0.648 0.185 0.649 0.185 0.65 0.186 0.65 0.189 0.651 0.189 0.652 0.19 0.652 0.191 0.653 0.191 0.654 0.192 0.654 0.195 0.655 0.195 0.656 0.196 0.656 0.197 0.657 0.197 0.658 0.198 0.658 0.199 0.659 0.199 0.66 0.2 0.66 0.203 0.661 0.203 0.662 0.204 0.662 0.205 0.669 0.205 0.669 0.204 0.67 0.203 0.673 0.203 0.673 0.202 0.674 0.201 0.677 0.201 0.677 0.2 0.678 0.199 0.681 0.199 0.681 0.198 0.682 0.197 0.683 0.197 0.683 0.196 0.684 0.195 0.687 0.195 0.687 0.194 0.688 0.193 0.691 0.193 0.691 0.192 0.692 0.191 0.695 0.191 0.695 0.19 0.696 0.189 0.699 0.189 0.699 0.188 0.7 0.187 0.703 0.187 0.703 0.186 0.704 0.185 0.707 0.185 0.707 0.184 0.708 0.183 0.709 0.183 0.709 0.174 0.71 0.173 0.711 0.173 0.711 0.168 0.712 0.167 0.713 0.167 0.713 0.162 0.714 0.161 0.715 0.161 0.715 0.158 0.716 0.157 0.717 0.157 0.717 0.152 0.718 0.151 0.719 0.151 0.719 0.142 0.718 0.142 0.717 0.141 0.717 0.132 0.718 0.131 0.719 0.131 0.719 0.13 0.72 0.129 0.721 0.129 0.721 0.126 0.722 0.125 0.723 0.125 0.723 0.12 0.724 0.119 0.725 0.119 0.725 0.112 0.726 0.111 0.727 0.111 0.727 0.104 0.728 0.103 0.729 0.103 0.729 0.098 0.728 0.098 0.727 0.097 0.727 0.096 0.726 0.096 0.725 0.095 0.725 0.094 0.724 0.094 0.723 0.093 0.723 0.092 0.722 0.092 0.721 0.091 0.721 0.088 0.72 0.088 0.719 0.087 0.719 0.086 0.718 0.086 0.717 0.085 0.717 0.084 0.716 0.084 0.715 0.083 0.715 0.082 0.712 0.082 0.711 0.081 0.711 0.08 0.708 0.08 0.707 0.079 0.707 0.078 0.704 0.078 0.703 0.077 0.703 0.076 0.702 0.076 0.701 0.075 0.701 0.074 0.698 0.074 0.697 0.073 0.697 0.072 0.694 0.072 0.693 0.071 0.693 0.07 0.692 0.07 0.691 0.069 0.691 0.068 0.688 0.068 0.687 0.067 0.687 0.066 0.686 0.066 0.685 0.065 0.685 0.064 0.678 0.064 0.677 0.063 0.677 0.062 0.672 0.062 0.671 0.061 0.671 0.058 0.67 0.058 0.669 0.057 0.669 0.056 0.666 0.056 0.665 0.055 0.665 0.054 0.662 0.054 0.661 0.053 0.661 0.052 0.66 0.052 0.659 0.051 0.659 0.05 0.656 0.05 0.655 0.049 0.655 0.048 0.652 0.048 0.651 0.047 0.651 0.046 0.646 0.046 0.645 0.045 0.645 0.044 0.642 0.044 0.641 0.043 0.641 0.042 0.64 0.042 0.639 0.041 0.639 0.04 0.638 0.04 0.637 0.039 0.637 0.036 0.634 0.036 0.633 0.035 0.633 0.034
