2 0.8140000000000001 0.921 0.08 0.07 0.84 0.886 0.84 0.887 0.839 0.888 0.83 0.888 0.83 0.889 0.829 0.89 0.822 0.89 0.822 0.891 0.821 0.892 0.816 0.892 0.816 0.893 0.815 0.894 0.81 0.894 0.81 0.895 0.809 0.896 0.804 0.896 0.804 0.897 0.803 0.898 0.796 0.898 0.796 0.899 0.795 0.9 0.79 0.9 0.79 0.901 0.789 0.902 0.786 0.902 0.786 0.903 0.785 0.904 0.782 0.904 0.782 0.905 0.781 0.906 0.778 0.906 0.778 0.907 0.777 0.908 0.774 0.908 0.774 0.915 0.775 0.915 0.776 0.916 0.776 0.917 0.777 0.917 0.778 0.918 0.778 0.923 0.779 0.923 0.78 0.924 0.78 0.937 0.781 0.937 0.782 0.938 0.782 0.945 0.783 0.945 0.784 0.946 0.784 0.953 0.785 0.953 0.786 0.954 0.786 0.955 0.789 0.955 0.789 0.952 0.79 0.951 0.791 0.951 0.791 0.95 0.792 0.949 0.805 0.949 0.805 0.948 0.806 0.947 0.809 0.947 0.809 0.946 0.81 0.945 0.811 0.945 0.812 0.946 0.812 0.947 0.813 0.947 0.813 0.946 0.814 0.945 0.817 0.945 0.817 0.944 0.818 0.943 0.821 0.943 0.821 0.942 0.822 0.941 0.831 0.941 0.831 0.94 0.832 0.939 0.835 0.939 0.835 0.938 0.836 0.937 0.837 0.937 0.837 0.936 0.838 0.935 0.841 0.935 0.841 0.934 0.842 0.933 0.847 0.933 0.847 0.932 0.848 0.931 0.851 0.931 0.851 0.93 0.852 0.929 0.853 0.929 0.853 0.92 0.852 0.92 0.851 0.919 0.851 0.912 0.85 0.912 0.849 0.911 0.849 0.9 0.848 0.9 0.847 0.899 0.847 0.89 0.846 0.89 0.845 0.889 0.845 0.888 0.844 0.888 0.843 0.887 0.843 0.886
7 0.073 0.40700000000000003 0.026000000000000002 0.026000000000000002 0.068 0.394 0.068 0.395 0.067 0.396 0.066 0.396 0.066 0.399 0.065 0.4 0.064 0.4 0.064 0.403 0.063 0.404 0.062 0.404 0.062 0.409 0.061 0.41 0.06 0.41 0.06 0.415 0.063 0.415 0.064 0.416 0.064 0.417 0.067 0.417 0.068 0.418 0.068 0.419 0.081 0.419 0.081 0.418 0.082 0.417 0.083 0.417 0.083 0.41 0.084 0.409 0.085 0.409 0.085 0.4 0.084 0.4 0.083 0.399 0.083 0.398 0.08 0.398 0.079 0.397 0.079 0.396 0.074 0.396 0.073 0.395 0.073 0.394
2 0.5650000000000001 0.977 0.074 0.042 0.56 0.956 0.56 0.957 0.559 0.958 0.558 0.958 0.558 0.959 0.557 0.96 0.532 0.96 0.532 0.963 0.531 0.964 0.53 0.964 0.53 0.975 0.529 0.976 0.528 0.976 0.528 0.995 0.529 0.995 0.53 0.996 0.53 0.997 0.561 0.997 0.561 0.996 0.562 0.995 0.567 0.995 0.568 0.996 0.568 0.997 0.569 0.997 0.569 0.996 0.57 0.995 0.599 0.995 0.599 0.994 0.6 0.993 0.601 0.993 0.601 0.962 0.6 0.962 0.599 0.961 0.599 0.96 0.598 0.96 0.597 0.959 0.597 0.958 0.57 0.958 0.569 0.957 0.569 0.956
4 0.743 0.9450000000000001 0.022 0.03 0.736 0.93 0.736 0.931 0.735 0.932 0.734 0.932 0.734 0.933 0.733 0.934 0.732 0.934 0.732 0.951 0.733 0.951 0.734 0.952 0.734 0.957 0.737 0.957 0.738 0.958 0.738 0.959 0.743 0.959 0.743 0.958 0.744 0.957 0.747 0.957 0.747 0.956 0.748 0.955 0.749 0.955 0.749 0.954 0.75 0.953 0.751 0.953 0.751 0.952 0.752 0.951 0.753 0.951 0.753 0.944 0.752 0.944 0.751 0.943 0.751 0.942 0.75 0.942 0.749 0.941 0.749 0.938 0.748 0.938 0.747 0.937 0.747 0.932 0.746 0.932 0.745 0.931 0.745 0.93
3 0.502 0.916 0.032 0.016 0.49 0.908 0.49 0.909 0.489 0.91 0.486 0.91 0.486 0.921 0.489 0.921 0.49 0.922 0.49 0.923 0.499 0.923 0.499 0.922 0.5 0.921 0.507 0.921 0.508 0.922 0.508 0.923 0.513 0.923 0.513 0.922 0.514 0.921 0.517 0.921 0.517 0.912 0.516 0.912 0.515 0.911 0.515 0.91 0.514 0.91 0.513 0.909 0.513 0.908 0.506 0.908 0.506 0.909 0.505 0.91 0.498 0.91 0.497 0.909 0.497 0.908
3 0.555 0.911 0.03 0.018000000000000002 0.552 0.902 0.552 0.903 0.551 0.904 0.544 0.904 0.544 0.905 0.543 0.906 0.54 0.906 0.54 0.911 0.543 0.911 0.544 0.912 0.544 0.913 0.547 0.913 0.548 0.914 0.548 0.917 0.549 0.917 0.55 0.918 0.55 0.919 0.563 0.919 0.563 0.918 0.564 0.917 0.567 0.917 0.567 0.916 0.568 0.915 0.569 0.915 0.569 0.904 0.568 0.904 0.567 0.903 0.567 0.902
3 0.653 0.898 0.03 0.02 0.658 0.888 0.658 0.889 0.657 0.89 0.648 0.89 0.648 0.891 0.647 0.892 0.644 0.892 0.644 0.893 0.643 0.894 0.64 0.894 0.64 0.895 0.639 0.896 0.638 0.896 0.638 0.897 0.639 0.897 0.64 0.898 0.64 0.899 0.643 0.899 0.644 0.9 0.644 0.901 0.645 0.901 0.646 0.902 0.646 0.903 0.647 0.903 0.648 0.904 0.648 0.905 0.649 0.905 0.65 0.906 0.65 0.907 0.655 0.907 0.655 0.906 0.656 0.905 0.661 0.905 0.661 0.904 0.662 0.903 0.663 0.903 0.663 0.902 0.664 0.901 0.665 0.901 0.665 0.898 0.666 0.897 0.667 0.897 0.667 0.892 0.666 0.892 0.665 0.891 0.665 0.888
3 0.727 0.875 0.026000000000000002 0.022 0.73 0.864 0.73 0.865 0.729 0.866 0.724 0.866 0.724 0.867 0.723 0.868 0.72 0.868 0.72 0.869 0.719 0.87 0.716 0.87 0.716 0.871 0.715 0.872 0.714 0.872 0.714 0.877 0.715 0.877 0.716 0.878 0.716 0.881 0.717 0.881 0.718 0.882 0.718 0.883 0.719 0.883 0.72 0.884 0.72 0.885 0.729 0.885 0.729 0.884 0.73 0.883 0.733 0.883 0.733 0.882 0.734 0.881 0.737 0.881 0.737 0.878 0.738 0.877 0.739 0.877 0.739 0.868 0.738 0.868 0.737 0.867 0.737 0.866 0.736 0.866 0.735 0.865 0.735 0.864
3 0.784 0.857 0.032 0.022 0.792 0.846 0.792 0.847 0.791 0.848 0.788 0.848 0.788 0.849 0.787 0.85 0.784 0.85 0.784 0.851 0.783 0.852 0.782 0.852 0.782 0.853 0.781 0.854 0.78 0.854 0.78 0.855 0.779 0.856 0.778 0.856 0.777 0.855 0.777 0.854 0.77 0.854 0.77 0.855 0.769 0.856 0.768 0.856 0.768 0.861 0.769 0.861 0.77 0.862 0.77 0.865 0.771 0.865 0.772 0.866 0.772 0.867 0.775 0.867 0.775 0.866 0.776 0.865 0.779 0.865 0.779 0.864 0.78 0.863 0.781 0.863 0.781 0.862 0.782 0.861 0.787 0.861 0.787 0.86 0.788 0.859 0.797 0.859 0.797 0.858 0.798 0.857 0.799 0.857 0.799 0.848 0.798 0.848 0.797 0.847 0.797 0.846
3 0.86 0.8300000000000001 0.028 0.02 0.868 0.82 0.868 0.821 0.867 0.822 0.862 0.822 0.862 0.823 0.861 0.824 0.856 0.824 0.856 0.825 0.855 0.826 0.852 0.826 0.852 0.829 0.851 0.83 0.85 0.83 0.85 0.831 0.849 0.832 0.848 0.832 0.848 0.833 0.847 0.834 0.846 0.834 0.846 0.835 0.847 0.835 0.848 0.836 0.848 0.837 0.853 0.837 0.854 0.838 0.854 0.839 0.865 0.839 0.865 0.838 0.866 0.837 0.869 0.837 0.869 0.836 0.87 0.835 0.873 0.835 0.873 0.82
3 0.926 0.812 0.024 0.02 0.928 0.802 0.928 0.803 0.927 0.804 0.922 0.804 0.922 0.805 0.921 0.806 0.916 0.806 0.916 0.807 0.915 0.808 0.914 0.808 0.914 0.811 0.915 0.811 0.916 0.812 0.916 0.815 0.917 0.815 0.918 0.816 0.918 0.819 0.919 0.819 0.92 0.82 0.92 0.821 0.927 0.821 0.927 0.82 0.928 0.819 0.933 0.819 0.933 0.818 0.934 0.817 0.935 0.817 0.935 0.816 0.936 0.815 0.937 0.815 0.937 0.802
5 0.93 0.9440000000000001 0.024 0.04 0.93 0.924 0.93 0.925 0.929 0.926 0.926 0.926 0.926 0.927 0.925 0.928 0.922 0.928 0.922 0.929 0.921 0.93 0.918 0.93 0.918 0.941 0.919 0.941 0.92 0.942 0.92 0.949 0.921 0.949 0.922 0.95 0.922 0.955 0.923 0.955 0.924 0.956 0.924 0.957 0.925 0.957 0.926 0.958 0.926 0.959 0.927 0.959 0.928 0.96 0.928 0.961 0.929 0.961 0.93 0.962 0.93 0.963 0.939 0.963 0.939 0.96 0.94 0.959 0.941 0.959 0.941 0.948 0.94 0.948 0.939 0.947 0.939 0.942 0.938 0.942 0.937 0.941 0.937 0.93 0.936 0.93 0.935 0.929 0.935 0.926 0.932 0.926 0.931 0.925 0.931 0.924
4 0.669 0.962 0.022 0.024 0.662 0.95 0.662 0.951 0.661 0.952 0.66 0.952 0.66 0.953 0.659 0.954 0.658 0.954 0.658 0.961 0.659 0.961 0.66 0.962 0.66 0.969 0.661 0.969 0.662 0.97 0.662 0.971 0.663 0.971 0.664 0.972 0.664 0.973 0.677 0.973 0.677 0.972 0.678 0.971 0.679 0.971 0.679 0.958 0.678 0.958 0.677 0.957 0.677 0.952 0.676 0.952 0.675 0.951 0.675 0.95
2 0.9580000000000001 0.878 0.064 0.064 0.966 0.846 0.966 0.847 0.965 0.848 0.956 0.848 0.956 0.849 0.955 0.85 0.948 0.85 0.948 0.851 0.947 0.852 0.944 0.852 0.944 0.853 0.943 0.854 0.936 0.854 0.936 0.855 0.935 0.856 0.93 0.856 0.93 0.857 0.929 0.858 0.928 0.858 0.928 0.861 0.927 0.862 0.926 0.862 0.926 0.865 0.927 0.865 0.928 0.866 0.928 0.875 0.929 0.875 0.93 0.876 0.93 0.883 0.931 0.883 0.932 0.884 0.932 0.891 0.933 0.891 0.934 0.892 0.934 0.903 0.935 0.903 0.936 0.904 0.936 0.907 0.937 0.907 0.938 0.908 0.938 0.909 0.939 0.909 0.939 0.908 0.94 0.907 0.943 0.907 0.943 0.906 0.944 0.905 0.945 0.905 0.945 0.904 0.946 0.903 0.953 0.903 0.953 0.902 0.954 0.901 0.957 0.901 0.957 0.9 0.958 0.899 0.965 0.899 0.965 0.898 0.966 0.897 0.971 0.897 0.971 0.896 0.972 0.895 0.975 0.895 0.975 0.894 0.976 0.893 0.979 0.893 0.979 0.892 0.98 0.891 0.983 0.891 0.984 0.892 0.984 0.895 0.985 0.895 0.985 0.894 0.986 0.893 0.987 0.893 0.987 0.888 0.988 0.887 0.989 0.887 0.989 0.882 0.988 0.882 0.987 0.881 0.987 0.874 0.986 0.874 0.985 0.873 0.985 0.858 0.984 0.858 0.983 0.857 0.983 0.854 0.982 0.854 0.981 0.853 0.981 0.85 0.978 0.85 0.977 0.849 0.977 0.848 0.972 0.848 0.971 0.847 0.971 0.846
7 0.031 0.5750000000000001 0.014 0.022 0.028 0.564 0.028 0.565 0.027 0.566 0.026 0.566 0.026 0.567 0.025 0.568 0.024 0.568 0.024 0.581 0.025 0.581 0.026 0.582 0.026 0.583 0.029 0.583 0.03 0.584 0.03 0.585 0.033 0.585 0.033 0.584 0.034 0.583 0.035 0.583 0.035 0.582 0.036 0.581 0.037 0.581 0.037 0.566 0.032 0.566 0.031 0.565 0.031 0.564
7 0.31 0.485 0.024 0.022 0.3 0.474 0.3 0.479 0.299 0.48 0.298 0.48 0.298 0.491 0.301 0.491 0.302 0.492 0.302 0.493 0.307 0.493 0.308 0.494 0.308 0.495 0.317 0.495 0.317 0.494 0.318 0.493 0.319 0.493 0.319 0.488 0.32 0.487 0.321 0.487 0.321 0.476 0.32 0.476 0.319 0.475 0.319 0.474
7 0.331 0.444 0.014 0.02 0.328 0.434 0.328 0.435 0.327 0.436 0.326 0.436 0.326 0.437 0.325 0.438 0.324 0.438 0.324 0.451 0.327 0.451 0.328 0.452 0.328 0.453 0.333 0.453 0.333 0.452 0.334 0.451 0.335 0.451 0.335 0.45 0.336 0.449 0.337 0.449 0.337 0.436 0.334 0.436 0.333 0.435 0.333 0.434
7 0.231 0.459 0.022 0.026000000000000002 0.226 0.446 0.226 0.447 0.225 0.448 0.224 0.448 0.224 0.451 0.223 0.452 0.222 0.452 0.222 0.455 0.221 0.456 0.22 0.456 0.22 0.467 0.225 0.467 0.226 0.468 0.226 0.469 0.233 0.469 0.234 0.47 0.234 0.471 0.237 0.471 0.237 0.47 0.238 0.469 0.239 0.469 0.239 0.468 0.24 0.467 0.241 0.467 0.241 0.45 0.238 0.45 0.237 0.449 0.237 0.448 0.232 0.448 0.231 0.447 0.231 0.446
7 0.326 0.436 0.028 0.036000000000000004 0.314 0.418 0.314 0.419 0.313 0.42 0.312 0.42 0.312 0.423 0.313 0.423 0.314 0.424 0.314 0.429 0.315 0.429 0.316 0.43 0.316 0.431 0.317 0.431 0.318 0.432 0.318 0.433 0.319 0.433 0.32 0.434 0.32 0.437 0.321 0.437 0.322 0.438 0.322 0.447 0.323 0.447 0.324 0.448 0.324 0.451 0.325 0.451 0.326 0.452 0.326 0.453 0.333 0.453 0.333 0.452 0.334 0.451 0.335 0.451 0.335 0.45 0.336 0.449 0.337 0.449 0.337 0.446 0.338 0.445 0.339 0.445 0.339 0.438 0.338 0.438 0.337 0.437 0.337 0.436 0.336 0.436 0.335 0.435 0.335 0.434 0.334 0.434 0.333 0.433 0.333 0.432 0.332 0.432 0.331 0.431 0.331 0.43 0.328 0.43 0.327 0.429 0.327 0.428 0.326 0.428 0.325 0.427 0.325 0.424 0.324 0.424 0.323 0.423 0.323 0.422 0.322 0.422 0.321 0.421 0.321 0.42 0.32 0.42 0.319 0.419 0.319 0.418
