4 0.448 0.853 0.02 0.022 0.45 0.842 0.45 0.843 0.449 0.844 0.446 0.844 0.446 0.845 0.445 0.846 0.444 0.846 0.444 0.847 0.443 0.848 0.442 0.848 0.442 0.851 0.441 0.852 0.44 0.852 0.44 0.853 0.439 0.854 0.438 0.854 0.438 0.857 0.439 0.857 0.44 0.858 0.44 0.859 0.441 0.859 0.442 0.86 0.442 0.861 0.445 0.861 0.446 0.862 0.446 0.863 0.447 0.863 0.447 0.862 0.448 0.861 0.453 0.861 0.453 0.86 0.454 0.859 0.455 0.859 0.455 0.856 0.456 0.855 0.457 0.855 0.457 0.844 0.456 0.844 0.455 0.843 0.455 0.842
5 0.556 0.774 0.036000000000000004 0.04 0.554 0.754 0.554 0.755 0.553 0.756 0.552 0.756 0.552 0.763 0.551 0.764 0.55 0.764 0.55 0.769 0.549 0.77 0.548 0.77 0.548 0.775 0.547 0.776 0.546 0.776 0.546 0.777 0.545 0.778 0.544 0.778 0.544 0.779 0.543 0.78 0.54 0.78 0.54 0.781 0.539 0.782 0.538 0.782 0.538 0.787 0.539 0.787 0.54 0.788 0.54 0.789 0.543 0.789 0.544 0.79 0.544 0.791 0.549 0.791 0.55 0.792 0.55 0.793 0.555 0.793 0.555 0.792 0.556 0.791 0.557 0.791 0.557 0.79 0.558 0.789 0.559 0.789 0.559 0.786 0.56 0.785 0.561 0.785 0.561 0.784 0.562 0.783 0.563 0.783 0.563 0.782 0.564 0.781 0.565 0.781 0.565 0.778 0.566 0.777 0.567 0.777 0.567 0.776 0.568 0.775 0.569 0.775 0.569 0.772 0.57 0.771 0.571 0.771 0.571 0.768 0.572 0.767 0.573 0.767 0.573 0.76 0.572 0.76 0.571 0.759 0.571 0.758 0.568 0.758 0.567 0.757 0.567 0.756 0.564 0.756 0.563 0.755 0.563 0.754
4 0.433 0.705 0.018000000000000002 0.022 0.43 0.694 0.43 0.695 0.429 0.696 0.428 0.696 0.428 0.697 0.427 0.698 0.426 0.698 0.426 0.701 0.425 0.702 0.424 0.702 0.424 0.711 0.425 0.711 0.426 0.712 0.426 0.713 0.427 0.713 0.428 0.714 0.428 0.715 0.433 0.715 0.433 0.714 0.434 0.713 0.435 0.713 0.435 0.712 0.436 0.711 0.437 0.711 0.437 0.71 0.438 0.709 0.439 0.709 0.439 0.706 0.44 0.705 0.441 0.705 0.441 0.698 0.44 0.698 0.439 0.697 0.439 0.696 0.438 0.696 0.437 0.695 0.437 0.694
5 0.683 0.617 0.022 0.022 0.674 0.606 0.674 0.609 0.673 0.61 0.672 0.61 0.672 0.619 0.675 0.619 0.676 0.62 0.676 0.621 0.677 0.621 0.678 0.622 0.678 0.623 0.681 0.623 0.682 0.624 0.682 0.625 0.685 0.625 0.686 0.626 0.686 0.627 0.693 0.627 0.693 0.612 0.692 0.612 0.691 0.611 0.691 0.61 0.69 0.61 0.689 0.609 0.689 0.608 0.678 0.608 0.677 0.607 0.677 0.606
5 0.673 0.561 0.026000000000000002 0.022 0.672 0.55 0.672 0.551 0.671 0.552 0.668 0.552 0.668 0.555 0.667 0.556 0.666 0.556 0.666 0.559 0.665 0.56 0.664 0.56 0.664 0.561 0.663 0.562 0.662 0.562 0.662 0.563 0.661 0.564 0.66 0.564 0.66 0.567 0.661 0.567 0.662 0.568 0.662 0.569 0.663 0.569 0.664 0.57 0.664 0.571 0.669 0.571 0.669 0.57 0.67 0.569 0.671 0.569 0.671 0.568 0.672 0.567 0.673 0.567 0.673 0.566 0.674 0.565 0.679 0.565 0.679 0.564 0.68 0.563 0.683 0.563 0.683 0.56 0.684 0.559 0.685 0.559 0.685 0.556 0.684 0.556 0.683 0.555 0.683 0.554 0.682 0.554 0.681 0.553 0.681 0.552 0.678 0.552 0.677 0.551 0.677 0.55
5 0.198 0.9420000000000001 0.024 0.02 0.194 0.932 0.194 0.935 0.193 0.936 0.192 0.936 0.192 0.937 0.191 0.938 0.19 0.938 0.19 0.939 0.189 0.94 0.188 0.94 0.188 0.941 0.187 0.942 0.186 0.942 0.186 0.947 0.189 0.947 0.19 0.948 0.19 0.949 0.193 0.949 0.194 0.95 0.194 0.951 0.201 0.951 0.201 0.95 0.202 0.949 0.203 0.949 0.203 0.948 0.204 0.947 0.205 0.947 0.205 0.946 0.206 0.945 0.207 0.945 0.207 0.942 0.208 0.941 0.209 0.941 0.209 0.938 0.208 0.938 0.207 0.937 0.207 0.936 0.206 0.936 0.205 0.935 0.205 0.934 0.202 0.934 0.201 0.933 0.201 0.932
5 0.714 0.54 0.024 0.024 0.708 0.528 0.708 0.529 0.707 0.53 0.704 0.53 0.704 0.533 0.703 0.534 0.702 0.534 0.702 0.541 0.703 0.541 0.704 0.542 0.704 0.543 0.705 0.543 0.706 0.544 0.706 0.545 0.707 0.545 0.708 0.546 0.708 0.549 0.711 0.549 0.712 0.55 0.712 0.551 0.721 0.551 0.721 0.55 0.722 0.549 0.723 0.549 0.723 0.548 0.724 0.547 0.725 0.547 0.725 0.53 0.722 0.53 0.721 0.529 0.721 0.528
5 0.552 0.557 0.024 0.022 0.544 0.546 0.544 0.547 0.543 0.548 0.542 0.548 0.542 0.549 0.541 0.55 0.54 0.55 0.54 0.557 0.541 0.557 0.542 0.558 0.542 0.561 0.545 0.561 0.546 0.562 0.546 0.563 0.547 0.563 0.548 0.564 0.548 0.565 0.551 0.565 0.552 0.566 0.552 0.567 0.557 0.567 0.557 0.566 0.558 0.565 0.559 0.565 0.559 0.564 0.56 0.563 0.561 0.563 0.561 0.56 0.562 0.559 0.563 0.559 0.563 0.552 0.562 0.552 0.561 0.551 0.561 0.55 0.556 0.55 0.555 0.549 0.555 0.548 0.55 0.548 0.549 0.547 0.549 0.546
5 0.249 0.052000000000000005 0.038 0.028 0.246 0.038 0.246 0.039 0.245 0.04 0.242 0.04 0.242 0.041 0.241 0.042 0.24 0.042 0.24 0.043 0.239 0.044 0.236 0.044 0.236 0.045 0.235 0.046 0.23 0.046 0.23 0.053 0.231 0.053 0.232 0.054 0.232 0.055 0.235 0.055 0.236 0.056 0.236 0.057 0.239 0.057 0.24 0.058 0.24 0.059 0.243 0.059 0.244 0.06 0.244 0.061 0.249 0.061 0.25 0.062 0.25 0.063 0.257 0.063 0.258 0.064 0.258 0.065 0.265 0.065 0.265 0.062 0.266 0.061 0.267 0.061 0.267 0.048 0.266 0.048 0.265 0.047 0.265 0.044 0.264 0.044 0.263 0.043 0.263 0.042 0.258 0.042 0.257 0.041 0.257 0.04 0.252 0.04 0.251 0.039 0.251 0.038
4 0.198 0.866 0.028 0.024 0.192 0.854 0.192 0.855 0.191 0.856 0.19 0.856 0.19 0.857 0.189 0.858 0.188 0.858 0.188 0.859 0.187 0.86 0.186 0.86 0.186 0.861 0.185 0.862 0.184 0.862 0.184 0.869 0.185 0.869 0.186 0.87 0.186 0.871 0.189 0.871 0.19 0.872 0.19 0.873 0.191 0.873 0.192 0.874 0.192 0.875 0.195 0.875 0.196 0.876 0.196 0.877 0.201 0.877 0.201 0.876 0.202 0.875 0.205 0.875 0.205 0.874 0.206 0.873 0.207 0.873 0.207 0.872 0.208 0.871 0.211 0.871 0.211 0.864 0.21 0.864 0.209 0.863 0.209 0.862 0.208 0.862 0.207 0.861 0.207 0.86 0.204 0.86 0.203 0.859 0.203 0.858 0.2 0.858 0.199 0.857 0.199 0.856 0.194 0.856 0.193 0.855 0.193 0.854
7 0.116 0.055 0.012 0.01 0.112 0.05 0.112 0.051 0.111 0.052 0.11 0.052 0.11 0.057 0.111 0.057 0.112 0.058 0.112 0.059 0.117 0.059 0.117 0.058 0.118 0.057 0.119 0.057 0.119 0.056 0.12 0.055 0.121 0.055 0.121 0.05
7 0.926 0.077 0.016 0.014 0.92 0.07 0.92 0.071 0.919 0.072 0.918 0.072 0.918 0.073 0.919 0.073 0.92 0.074 0.92 0.079 0.921 0.079 0.922 0.08 0.922 0.081 0.925 0.081 0.926 0.082 0.926 0.083 0.931 0.083 0.931 0.082 0.932 0.081 0.933 0.081 0.933 0.076 0.932 0.076 0.931 0.075 0.931 0.074 0.93 0.074 0.929 0.073 0.929 0.072 0.926 0.072 0.925 0.071 0.925 0.07
4 0.406 0.682 0.024 0.024 0.404 0.67 0.404 0.671 0.403 0.672 0.402 0.672 0.402 0.673 0.401 0.674 0.4 0.674 0.4 0.675 0.399 0.676 0.398 0.676 0.398 0.677 0.397 0.678 0.396 0.678 0.396 0.679 0.395 0.68 0.394 0.68 0.394 0.689 0.395 0.689 0.396 0.69 0.396 0.691 0.397 0.691 0.398 0.692 0.398 0.693 0.405 0.693 0.405 0.692 0.406 0.691 0.407 0.691 0.407 0.69 0.408 0.689 0.409 0.689 0.409 0.688 0.41 0.687 0.411 0.687 0.411 0.686 0.412 0.685 0.413 0.685 0.413 0.684 0.414 0.683 0.415 0.683 0.415 0.682 0.416 0.681 0.417 0.681 0.417 0.674 0.416 0.674 0.415 0.673 0.415 0.672 0.414 0.672 0.413 0.671 0.413 0.67
3 0.993 0.921 0.014 0.03 0.998 0.906 0.998 0.907 0.997 0.908 0.996 0.908 0.996 0.909 0.995 0.91 0.994 0.91 0.994 0.911 0.993 0.912 0.992 0.912 0.992 0.913 0.991 0.914 0.99 0.914 0.99 0.915 0.989 0.916 0.988 0.916 0.988 0.917 0.987 0.918 0.986 0.918 0.986 0.923 0.987 0.923 0.988 0.924 0.988 0.925 0.989 0.925 0.99 0.926 0.99 0.927 0.991 0.927 0.992 0.928 0.992 0.929 0.993 0.929 0.994 0.93 0.994 0.931 0.995 0.931 0.996 0.932 0.996 0.933 0.997 0.933 0.998 0.934 0.998 0.935 0.999 0.935 0.999 0.906
5 0.28400000000000003 0.9430000000000001 0.02 0.018000000000000002 0.28 0.934 0.28 0.935 0.279 0.936 0.276 0.936 0.276 0.941 0.275 0.942 0.274 0.942 0.274 0.947 0.275 0.947 0.276 0.948 0.276 0.949 0.277 0.949 0.278 0.95 0.278 0.951 0.287 0.951 0.287 0.95 0.288 0.949 0.289 0.949 0.289 0.948 0.29 0.947 0.291 0.947 0.291 0.944 0.292 0.943 0.293 0.943 0.293 0.936 0.292 0.936 0.291 0.935 0.291 0.934
4 0.273 0.719 0.018000000000000002 0.018000000000000002 0.268 0.71 0.268 0.711 0.267 0.712 0.266 0.712 0.266 0.713 0.265 0.714 0.264 0.714 0.264 0.723 0.265 0.723 0.266 0.724 0.266 0.725 0.267 0.725 0.268 0.726 0.268 0.727 0.275 0.727 0.275 0.726 0.276 0.725 0.277 0.725 0.277 0.724 0.278 0.723 0.279 0.723 0.279 0.722 0.28 0.721 0.281 0.721 0.281 0.714 0.28 0.714 0.279 0.713 0.279 0.712 0.278 0.712 0.277 0.711 0.277 0.71
5 0.643 0.724 0.03 0.028 0.638 0.71 0.638 0.711 0.637 0.712 0.636 0.712 0.636 0.715 0.635 0.716 0.634 0.716 0.634 0.717 0.633 0.718 0.632 0.718 0.632 0.721 0.631 0.722 0.63 0.722 0.63 0.723 0.629 0.724 0.628 0.724 0.628 0.733 0.629 0.733 0.63 0.734 0.63 0.735 0.633 0.735 0.634 0.736 0.634 0.737 0.643 0.737 0.643 0.736 0.644 0.735 0.645 0.735 0.645 0.734 0.646 0.733 0.647 0.733 0.647 0.732 0.648 0.731 0.649 0.731 0.649 0.73 0.65 0.729 0.651 0.729 0.651 0.728 0.652 0.727 0.653 0.727 0.653 0.726 0.654 0.725 0.655 0.725 0.655 0.722 0.656 0.721 0.657 0.721 0.657 0.718 0.656 0.718 0.655 0.717 0.655 0.714 0.654 0.714 0.653 0.713 0.653 0.712 0.65 0.712 0.649 0.711 0.649 0.71
2 0.878 0.201 0.092 0.078 0.856 0.162 0.856 0.163 0.855 0.164 0.854 0.164 0.854 0.165 0.853 0.166 0.852 0.166 0.852 0.167 0.851 0.168 0.85 0.168 0.85 0.171 0.849 0.172 0.848 0.172 0.848 0.175 0.847 0.176 0.846 0.176 0.846 0.181 0.845 0.182 0.844 0.182 0.844 0.185 0.843 0.186 0.842 0.186 0.842 0.189 0.841 0.19 0.84 0.19 0.84 0.193 0.839 0.194 0.838 0.194 0.838 0.195 0.837 0.196 0.836 0.196 0.836 0.199 0.835 0.2 0.834 0.2 0.834 0.203 0.833 0.204 0.832 0.204 0.832 0.209 0.833 0.209 0.834 0.21 0.834 0.211 0.837 0.211 0.838 0.212 0.838 0.213 0.839 0.213 0.84 0.214 0.84 0.215 0.843 0.215 0.844 0.216 0.844 0.217 0.847 0.217 0.848 0.218 0.848 0.219 0.853 0.219 0.854 0.22 0.854 0.221 0.857 0.221 0.858 0.222 0.858 0.223 0.861 0.223 0.862 0.224 0.862 0.225 0.869 0.225 0.87 0.226 0.87 0.227 0.871 0.227 0.872 0.228 0.872 0.229 0.873 0.229 0.874 0.23 0.874 0.231 0.875 0.231 0.876 0.232 0.876 0.237 0.885 0.237 0.886 0.238 0.886 0.239 0.895 0.239 0.895 0.238 0.896 0.237 0.897 0.237 0.897 0.236 0.898 0.235 0.899 0.235 0.899 0.232 0.9 0.231 0.901 0.231 0.901 0.23 0.902 0.229 0.903 0.229 0.903 0.226 0.904 0.225 0.905 0.225 0.905 0.222 0.906 0.221 0.907 0.221 0.907 0.218 0.906 0.218 0.905 0.217 0.905 0.216 0.906 0.215 0.907 0.215 0.907 0.214 0.908 0.213 0.909 0.213 0.909 0.21 0.91 0.209 0.911 0.209 0.911 0.206 0.912 0.205 0.913 0.205 0.913 0.202 0.914 0.201 0.915 0.201 0.915 0.2 0.916 0.199 0.917 0.199 0.917 0.198 0.918 0.197 0.919 0.197 0.919 0.194 0.92 0.193 0.921 0.193 0.921 0.192 0.922 0.191 0.923 0.191 0.923 0.186 0.922 0.186 0.921 0.185 0.921 0.182 0.918 0.182 0.917 0.181 0.917 0.18 0.906 0.18 0.905 0.179 0.905 0.178 0.898 0.178 0.897 0.177 0.897 0.176 0.896 0.176 0.895 0.175 0.895 0.174 0.892 0.174 0.891 0.173 0.891 0.172 0.886 0.172 0.885 0.171 0.885 0.17 0.88 0.17 0.879 0.169 0.879 0.168 0.876 0.168 0.875 0.167 0.875 0.166 0.874 0.166 0.873 0.165 0.873 0.164 0.864 0.164 0.863 0.163 0.863 0.162
7 0.657 0.121 0.014 0.014 0.654 0.114 0.654 0.115 0.653 0.116 0.652 0.116 0.652 0.119 0.651 0.12 0.65 0.12 0.65 0.125 0.651 0.125 0.652 0.126 0.652 0.127 0.661 0.127 0.661 0.126 0.662 0.125 0.663 0.125 0.663 0.118 0.662 0.118 0.661 0.117 0.661 0.116 0.656 0.116 0.655 0.115 0.655 0.114
2 0.496 0.502 0.196 0.20400000000000001 0.476 0.4 0.476 0.401 0.475 0.402 0.474 0.402 0.474 0.403 0.473 0.404 0.472 0.404 0.472 0.405 0.471 0.406 0.47 0.406 0.47 0.407 0.469 0.408 0.468 0.408 0.468 0.411 0.467 0.412 0.466 0.412 0.466 0.413 0.465 0.414 0.464 0.414 0.464 0.417 0.463 0.418 0.462 0.418 0.462 0.421 0.461 0.422 0.46 0.422 0.46 0.423 0.459 0.424 0.458 0.424 0.458 0.427 0.457 0.428 0.456 0.428 0.456 0.431 0.455 0.432 0.454 0.432 0.454 0.435 0.453 0.436 0.452 0.436 0.452 0.439 0.451 0.44 0.45 0.44 0.45 0.443 0.449 0.444 0.448 0.444 0.448 0.447 0.447 0.448 0.446 0.448 0.446 0.451 0.445 0.452 0.444 0.452 0.444 0.455 0.443 0.456 0.442 0.456 0.442 0.457 0.441 0.458 0.44 0.458 0.44 0.459 0.439 0.46 0.438 0.46 0.438 0.465 0.437 0.466 0.436 0.466 0.436 0.469 0.435 0.47 0.434 0.47 0.434 0.473 0.433 0.474 0.432 0.474 0.432 0.475 0.431 0.476 0.43 0.476 0.43 0.479 0.429 0.48 0.428 0.48 0.428 0.483 0.427 0.484 0.426 0.484 0.426 0.489 0.425 0.49 0.424 0.49 0.424 0.491 0.423 0.492 0.422 0.492 0.422 0.495 0.421 0.496 0.42 0.496 0.42 0.499 0.419 0.5 0.418 0.5 0.418 0.503 0.417 0.504 0.416 0.504 0.416 0.505 0.415 0.506 0.414 0.506 0.414 0.511 0.413 0.512 0.412 0.512 0.412 0.517 0.411 0.518 0.41 0.518 0.41 0.519 0.409 0.52 0.408 0.52 0.408 0.523 0.407 0.524 0.404 0.524 0.404 0.525 0.403 0.526 0.402 0.526 0.402 0.527 0.401 0.528 0.4 0.528 0.4 0.531 0.399 0.532 0.398 0.532 0.398 0.539 0.399 0.539 0.4 0.54 0.4 0.543 0.403 0.543 0.404 0.544 0.404 0.545 0.405 0.545 0.406 0.546 0.406 0.547 0.409 0.547 0.41 0.548 0.41 0.549 0.413 0.549 0.414 0.55 0.414 0.551 0.417 0.551 0.418 0.552 0.418 0.553 0.421 0.553 0.422 0.554 0.422 0.557 0.425 0.557 0.426 0.558 0.426 0.559 0.427 0.559 0.428 0.56 0.428 0.561 0.431 0.561 0.432 0.562 0.432 0.563 0.435 0.563 0.436 0.564 0.436 0.565 0.437 0.565 0.438 0.566 0.438 0.567 0.441 0.567 0.442 0.568 0.442 0.569 0.445 0.569 0.446 0.57 0.446 0.571 0.447 0.571 0.448 0.572 0.448 0.573 0.449 0.573 0.45 0.574 0.45 0.575 0.451 0.575 0.452 0.576 0.452 0.577 0.455 0.577 0.456 0.578 0.456 0.579 0.459 0.579 0.46 0.58 0.46 0.583 0.461 0.583 0.462 0.584 0.462 0.585 0.463 0.585 0.464 0.586 0.464 0.587 0.467 0.587 0.468 0.588 0.468 0.589 0.469 0.589 0.47 0.59 0.47 0.591 0.473 0.591 0.474 0.592 0.474 0.593 0.477 0.593 0.478 0.594 0.478 0.595 0.481 0.595 0.482 0.596 0.482 0.597 0.483 0.597 0.484 0.598 0.484 0.599 0.489 0.599 0.49 0.6 0.49 0.601 0.493 0.601 0.494 0.602 0.494 0.603 0.497 0.603 0.497 0.602 0.498 0.601 0.501 0.601 0.501 0.6 0.502 0.599 0.503 0.599 0.503 0.596 0.504 0.595 0.505 0.595 0.505 0.594 0.506 0.593 0.507 0.593 0.507 0.592 0.508 0.591 0.509 0.591 0.509 0.59 0.51 0.589 0.511 0.589 0.511 0.586 0.512 0.585 0.513 0.585 0.513 0.582 0.514 0.581 0.515 0.581 0.515 0.578 0.516 0.577 0.517 0.577 0.517 0.574 0.518 0.573 0.519 0.573 0.519 0.572 0.52 0.571 0.521 0.571 0.521 0.57 0.522 0.569 0.523 0.569 0.523 0.566 0.524 0.565 0.525 0.565 0.525 0.564 0.526 0.563 0.527 0.563 0.527 0.56 0.528 0.559 0.529 0.559 0.529 0.556 0.53 0.555 0.531 0.555 0.531 0.552 0.532 0.551 0.533 0.551 0.533 0.548 0.534 0.547 0.535 0.547 0.535 0.546 0.536 0.545 0.537 0.545 0.537 0.544 0.538 0.543 0.539 0.543 0.539 0.54 0.54 0.539 0.541 0.539 0.541 0.538 0.542 0.537 0.543 0.537 0.543 0.536 0.544 0.535 0.545 0.535 0.545 0.532 0.546 0.531 0.547 0.531 0.547 0.53 0.548 0.529 0.549 0.529 0.549 0.526 0.55 0.525 0.551 0.525 0.551 0.524 0.552 0.523 0.553 0.523 0.553 0.522 0.554 0.521 0.555 0.521 0.555 0.518 0.556 0.517 0.557 0.517 0.557 0.516 0.558 0.515 0.559 0.515 0.559 0.512 0.56 0.511 0.561 0.511 0.561 0.51 0.562 0.509 0.563 0.509 0.563 0.508 0.564 0.507 0.565 0.507 0.565 0.504 0.566 0.503 0.567 0.503 0.567 0.502 0.568 0.501 0.569 0.501 0.569 0.5 0.57 0.499 0.571 0.499 0.571 0.496 0.572 0.495 0.573 0.495 0.573 0.492 0.574 0.491 0.575 0.491 0.575 0.49 0.576 0.489 0.577 0.489 0.577 0.488 0.578 0.487 0.579 0.487 0.579 0.486 0.58 0.485 0.581 0.485 0.581 0.484 0.582 0.483 0.585 0.483 0.585 0.48 0.586 0.479 0.587 0.479 0.587 0.478 0.588 0.477 0.589 0.477 0.589 0.476 0.59 0.475 0.591 0.475 0.591 0.474 0.592 0.473 0.593 0.473 0.593 0.464 0.592 0.464 0.591 0.463 0.591 0.462 0.59 0.462 0.589 0.461 0.589 0.46 0.588 0.46 0.587 0.459 0.587 0.458 0.586 0.458 0.585 0.457 0.585 0.456 0.584 0.456 0.583 0.455 0.583 0.454 0.578 0.454 0.577 0.453 0.577 0.452 0.574 0.452 0.573 0.451 0.573 0.45 0.572 0.45 0.571 0.449 0.571 0.448 0.568 0.448 0.567 0.447 0.567 0.446 0.564 0.446 0.563 0.445 0.563 0.444 0.56 0.444 0.559 0.443 0.559 0.442 0.556 0.442 0.555 0.441 0.555 0.44 0.554 0.44 0.553 0.439 0.553 0.438 0.55 0.438 0.549 0.437 0.549 0.436 0.546 0.436 0.545 0.435 0.545 0.434 0.542 0.434 0.541 0.433 0.541 0.432 0.538 0.432 0.537 0.431 0.537 0.43 0.534 0.43 0.533 0.429 0.533 0.428 0.53 0.428 0.529 0.427 0.529 0.426 0.528 0.426 0.527 0.425 0.527 0.424 0.526 0.424 0.525 0.423 0.525 0.422 0.522 0.422 0.521 0.421 0.521 0.42 0.518 0.42 0.517 0.419 0.517 0.418 0.514 0.418 0.513 0.417 0.513 0.416 0.51 0.416 0.509 0.415 0.509 0.414 0.506 0.414 0.505 0.413 0.505 0.412 0.502 0.412 0.501 0.411 0.501 0.41 0.498 0.41 0.497 0.409 0.497 0.408 0.494 0.408 0.493 0.407 0.493 0.406 0.49 0.406 0.489 0.405 0.489 0.404 0.486 0.404 0.485 0.403 0.485 0.402 0.48 0.402 0.479 0.401 0.479 0.4
3 0.978 0.34500000000000003 0.044 0.106 0.998 0.292 0.998 0.293 0.997 0.294 0.996 0.294 0.996 0.295 0.995 0.296 0.992 0.296 0.992 0.297 0.991 0.298 0.988 0.298 0.988 0.299 0.987 0.3 0.984 0.3 0.984 0.301 0.983 0.302 0.982 0.302 0.982 0.303 0.981 0.304 0.978 0.304 0.978 0.305 0.977 0.306 0.976 0.306 0.976 0.307 0.975 0.308 0.972 0.308 0.972 0.309 0.971 0.31 0.968 0.31 0.968 0.311 0.967 0.312 0.964 0.312 0.964 0.313 0.963 0.314 0.962 0.314 0.962 0.315 0.961 0.316 0.958 0.316 0.958 0.319 0.957 0.32 0.956 0.32 0.956 0.351 0.957 0.351 0.958 0.352 0.958 0.381 0.959 0.381 0.96 0.382 0.96 0.385 0.963 0.385 0.964 0.386 0.964 0.387 0.965 0.387 0.966 0.388 0.966 0.389 0.969 0.389 0.97 0.39 0.97 0.391 0.973 0.391 0.974 0.392 0.974 0.393 0.979 0.393 0.98 0.394 0.98 0.395 0.983 0.395 0.984 0.396 0.984 0.397 0.989 0.397 0.989 0.396 0.99 0.395 0.991 0.395 0.991 0.394 0.992 0.393 0.993 0.393 0.993 0.39 0.994 0.389 0.995 0.389 0.995 0.386 0.996 0.385 0.997 0.385 0.997 0.384 0.998 0.383 0.999 0.383 0.999 0.292
4 0.899 0.312 0.026000000000000002 0.024 0.892 0.3 0.892 0.301 0.891 0.302 0.89 0.302 0.89 0.303 0.889 0.304 0.888 0.304 0.888 0.307 0.887 0.308 0.886 0.308 0.886 0.317 0.887 0.317 0.888 0.318 0.888 0.319 0.889 0.319 0.89 0.32 0.89 0.321 0.895 0.321 0.896 0.322 0.896 0.323 0.905 0.323 0.905 0.322 0.906 0.321 0.907 0.321 0.907 0.318 0.908 0.317 0.909 0.317 0.909 0.316 0.91 0.315 0.911 0.315 0.911 0.308 0.91 0.308 0.909 0.307 0.909 0.306 0.906 0.306 0.905 0.305 0.905 0.304 0.902 0.304 0.901 0.303 0.901 0.302 0.898 0.302 0.897 0.301 0.897 0.3
3 0.427 0.983 0.058 0.034 0.42 0.966 0.42 0.967 0.419 0.968 0.418 0.968 0.418 0.969 0.417 0.97 0.416 0.97 0.416 0.973 0.415 0.974 0.414 0.974 0.414 0.977 0.413 0.978 0.412 0.978 0.412 0.979 0.411 0.98 0.41 0.98 0.41 0.983 0.409 0.984 0.408 0.984 0.408 0.987 0.407 0.988 0.406 0.988 0.406 0.989 0.405 0.99 0.404 0.99 0.404 0.993 0.403 0.994 0.402 0.994 0.402 0.997 0.401 0.998 0.4 0.998 0.4 0.999 0.451 0.999 0.451 0.994 0.452 0.993 0.453 0.993 0.453 0.988 0.454 0.987 0.455 0.987 0.455 0.986 0.454 0.986 0.453 0.985 0.453 0.984 0.452 0.984 0.451 0.983 0.451 0.982 0.448 0.982 0.447 0.981 0.447 0.98 0.446 0.98 0.445 0.979 0.445 0.978 0.442 0.978 0.441 0.977 0.441 0.976 0.438 0.976 0.437 0.975 0.437 0.974 0.436 0.974 0.435 0.973 0.435 0.972 0.432 0.972 0.431 0.971 0.431 0.97 0.43 0.97 0.429 0.969 0.429 0.968 0.424 0.968 0.423 0.967 0.423 0.966
2 0.34900000000000003 0.611 0.114 0.138 0.384 0.542 0.384 0.543 0.383 0.544 0.382 0.544 0.382 0.545 0.381 0.546 0.38 0.546 0.38 0.549 0.379 0.55 0.378 0.55 0.378 0.553 0.377 0.554 0.376 0.554 0.376 0.555 0.375 0.556 0.374 0.556 0.374 0.559 0.373 0.56 0.372 0.56 0.372 0.561 0.371 0.562 0.37 0.562 0.37 0.563 0.369 0.564 0.368 0.564 0.368 0.565 0.367 0.566 0.366 0.566 0.366 0.567 0.365 0.568 0.364 0.568 0.364 0.569 0.363 0.57 0.362 0.57 0.362 0.573 0.361 0.574 0.36 0.574 0.36 0.575 0.359 0.576 0.358 0.576 0.358 0.577 0.357 0.578 0.356 0.578 0.356 0.581 0.355 0.582 0.354 0.582 0.354 0.583 0.353 0.584 0.352 0.584 0.352 0.585 0.351 0.586 0.35 0.586 0.35 0.589 0.349 0.59 0.348 0.59 0.348 0.591 0.347 0.592 0.346 0.592 0.346 0.593 0.345 0.594 0.344 0.594 0.344 0.595 0.343 0.596 0.342 0.596 0.342 0.597 0.341 0.598 0.34 0.598 0.34 0.601 0.339 0.602 0.338 0.602 0.338 0.603 0.337 0.604 0.336 0.604 0.336 0.605 0.335 0.606 0.334 0.606 0.334 0.607 0.333 0.608 0.332 0.608 0.332 0.609 0.331 0.61 0.33 0.61 0.33 0.613 0.329 0.614 0.328 0.614 0.328 0.615 0.327 0.616 0.326 0.616 0.326 0.619 0.325 0.62 0.324 0.62 0.324 0.621 0.323 0.622 0.322 0.622 0.322 0.623 0.321 0.624 0.32 0.624 0.32 0.625 0.319 0.626 0.318 0.626 0.318 0.629 0.317 0.63 0.316 0.63 0.316 0.631 0.315 0.632 0.314 0.632 0.314 0.633 0.313 0.634 0.312 0.634 0.312 0.637 0.311 0.638 0.31 0.638 0.31 0.639 0.309 0.64 0.308 0.64 0.308 0.641 0.307 0.642 0.306 0.642 0.306 0.643 0.305 0.644 0.304 0.644 0.304 0.645 0.303 0.646 0.302 0.646 0.302 0.649 0.301 0.65 0.3 0.65 0.3 0.653 0.299 0.654 0.298 0.654 0.298 0.655 0.297 0.656 0.296 0.656 0.296 0.657 0.295 0.658 0.294 0.658 0.294 0.661 0.293 0.662 0.292 0.662 0.292 0.669 0.293 0.669 0.294 0.67 0.294 0.671 0.295 0.671 0.296 0.672 0.296 0.673 0.303 0.673 0.304 0.674 0.304 0.675 0.315 0.675 0.316 0.676 0.316 0.677 0.317 0.677 0.318 0.678 0.318 0.679 0.327 0.679 0.327 0.678 0.328 0.677 0.329 0.677 0.329 0.674 0.33 0.673 0.331 0.673 0.331 0.67 0.332 0.669 0.333 0.669 0.333 0.668 0.334 0.667 0.335 0.667 0.335 0.664 0.336 0.663 0.337 0.663 0.337 0.662 0.338 0.661 0.339 0.661 0.339 0.658 0.34 0.657 0.341 0.657 0.341 0.654 0.342 0.653 0.343 0.653 0.343 0.652 0.344 0.651 0.345 0.651 0.345 0.648 0.346 0.647 0.347 0.647 0.347 0.646 0.348 0.645 0.349 0.645 0.349 0.644 0.35 0.643 0.351 0.643 0.351 0.64 0.352 0.639 0.353 0.639 0.353 0.638 0.354 0.637 0.355 0.637 0.355 0.634 0.356 0.633 0.357 0.633 0.357 0.632 0.358 0.631 0.359 0.631 0.359 0.628 0.36 0.627 0.361 0.627 0.361 0.626 0.362 0.625 0.363 0.625 0.363 0.622 0.364 0.621 0.365 0.621 0.365 0.62 0.366 0.619 0.367 0.619 0.367 0.616 0.368 0.615 0.369 0.615 0.369 0.614 0.37 0.613 0.371 0.613 0.371 0.612 0.372 0.611 0.373 0.611 0.373 0.61 0.374 0.609 0.375 0.609 0.375 0.606 0.376 0.605 0.377 0.605 0.377 0.602 0.378 0.601 0.379 0.601 0.379 0.6 0.38 0.599 0.381 0.599 0.381 0.598 0.382 0.597 0.383 0.597 0.383 0.594 0.384 0.593 0.385 0.593 0.385 0.59 0.386 0.589 0.387 0.589 0.387 0.586 0.388 0.585 0.389 0.585 0.389 0.584 0.39 0.583 0.391 0.583 0.391 0.58 0.392 0.579 0.393 0.579 0.393 0.578 0.394 0.577 0.395 0.577 0.395 0.574 0.396 0.573 0.397 0.573 0.397 0.572 0.398 0.571 0.399 0.571 0.399 0.566 0.4 0.565 0.401 0.565 0.401 0.56 0.402 0.559 0.403 0.559 0.403 0.558 0.404 0.557 0.405 0.557 0.405 0.554 0.404 0.554 0.403 0.553 0.403 0.552 0.402 0.552 0.401 0.551 0.401 0.55 0.4 0.55 0.399 0.549 0.399 0.548 0.398 0.548 0.397 0.547 0.397 0.546 0.392 0.546 0.391 0.545 0.391 0.544 0.39 0.544 0.389 0.543 0.389 0.542
7 0.835 0.152 0.014 0.016 0.832 0.144 0.832 0.145 0.831 0.146 0.83 0.146 0.83 0.147 0.829 0.148 0.828 0.148 0.828 0.155 0.829 0.155 0.83 0.156 0.83 0.157 0.831 0.157 0.832 0.158 0.832 0.159 0.833 0.159 0.833 0.158 0.834 0.157 0.839 0.157 0.839 0.156 0.84 0.155 0.841 0.155 0.841 0.146 0.84 0.146 0.839 0.145 0.839 0.144
7 0.422 0.9490000000000001 0.016 0.014 0.418 0.942 0.418 0.943 0.417 0.944 0.416 0.944 0.416 0.945 0.415 0.946 0.414 0.946 0.414 0.951 0.415 0.951 0.416 0.952 0.416 0.953 0.417 0.953 0.418 0.954 0.418 0.955 0.425 0.955 0.425 0.954 0.426 0.953 0.427 0.953 0.427 0.95 0.428 0.949 0.429 0.949 0.429 0.944 0.428 0.944 0.427 0.943 0.427 0.942
