7 0.516 0.519 0.028 0.026000000000000002 0.52 0.506 0.52 0.507 0.519 0.508 0.516 0.508 0.516 0.509 0.515 0.51 0.51 0.51 0.51 0.511 0.509 0.512 0.508 0.512 0.508 0.513 0.507 0.514 0.506 0.514 0.506 0.515 0.505 0.516 0.504 0.516 0.504 0.519 0.503 0.52 0.502 0.52 0.502 0.521 0.503 0.521 0.504 0.522 0.504 0.525 0.505 0.525 0.506 0.526 0.506 0.527 0.509 0.527 0.51 0.528 0.51 0.529 0.515 0.529 0.516 0.53 0.516 0.531 0.525 0.531 0.525 0.53 0.526 0.529 0.527 0.529 0.527 0.528 0.528 0.527 0.529 0.527 0.529 0.512 0.528 0.512 0.527 0.511 0.527 0.508 0.524 0.508 0.523 0.507 0.523 0.506
7 0.556 0.532 0.012 0.012 0.552 0.526 0.552 0.527 0.551 0.528 0.55 0.528 0.55 0.533 0.551 0.533 0.552 0.534 0.552 0.535 0.553 0.535 0.554 0.536 0.554 0.537 0.561 0.537 0.561 0.526
7 0.482 0.34400000000000003 0.02 0.028 0.478 0.33 0.478 0.331 0.477 0.332 0.474 0.332 0.474 0.333 0.473 0.334 0.472 0.334 0.472 0.355 0.473 0.355 0.474 0.356 0.474 0.357 0.485 0.357 0.485 0.356 0.486 0.355 0.487 0.355 0.488 0.356 0.488 0.357 0.489 0.357 0.489 0.356 0.49 0.355 0.491 0.355 0.491 0.336 0.49 0.336 0.489 0.335 0.489 0.332 0.486 0.332 0.485 0.331 0.485 0.33
5 0.47800000000000004 0.513 0.028 0.042 0.476 0.492 0.476 0.493 0.475 0.494 0.472 0.494 0.472 0.495 0.471 0.496 0.468 0.496 0.468 0.501 0.467 0.502 0.466 0.502 0.466 0.521 0.465 0.522 0.464 0.522 0.464 0.529 0.465 0.529 0.466 0.53 0.466 0.531 0.467 0.531 0.468 0.532 0.468 0.533 0.487 0.533 0.487 0.532 0.488 0.531 0.489 0.531 0.489 0.526 0.49 0.525 0.491 0.525 0.491 0.52 0.49 0.52 0.489 0.519 0.489 0.508 0.49 0.507 0.491 0.507 0.491 0.5 0.49 0.5 0.489 0.499 0.489 0.492
5 0.48 0.372 0.024 0.028 0.47 0.358 0.47 0.361 0.469 0.362 0.468 0.362 0.468 0.381 0.469 0.381 0.47 0.382 0.47 0.385 0.487 0.385 0.487 0.384 0.488 0.383 0.491 0.383 0.491 0.358
2 0.908 0.047 0.016 0.074 0.902 0.01 0.902 0.013 0.901 0.014 0.9 0.014 0.9 0.023 0.901 0.023 0.902 0.024 0.902 0.057 0.901 0.058 0.9 0.058 0.9 0.079 0.901 0.079 0.902 0.08 0.902 0.081 0.903 0.081 0.904 0.082 0.904 0.083 0.907 0.083 0.907 0.082 0.908 0.081 0.909 0.081 0.909 0.08 0.91 0.079 0.911 0.079 0.911 0.046 0.912 0.045 0.913 0.045 0.913 0.02 0.914 0.019 0.915 0.019 0.915 0.012 0.914 0.012 0.913 0.011 0.913 0.01
2 0.905 0.16 0.01 0.068 0.904 0.126 0.904 0.127 0.903 0.128 0.9 0.128 0.9 0.189 0.901 0.189 0.902 0.19 0.902 0.191 0.903 0.191 0.904 0.192 0.904 0.193 0.907 0.193 0.907 0.192 0.908 0.191 0.909 0.191 0.909 0.128 0.908 0.128 0.907 0.127 0.907 0.126
4 0.444 0.5700000000000001 0.02 0.016 0.438 0.562 0.438 0.565 0.437 0.566 0.436 0.566 0.436 0.571 0.435 0.572 0.434 0.572 0.434 0.573 0.435 0.573 0.436 0.574 0.436 0.577 0.451 0.577 0.451 0.574 0.452 0.573 0.453 0.573 0.453 0.572 0.452 0.572 0.451 0.571 0.451 0.566 0.45 0.566 0.449 0.565 0.449 0.562
4 0.587 0.34500000000000003 0.046 0.022 0.566 0.334 0.566 0.335 0.565 0.336 0.564 0.336 0.564 0.343 0.565 0.343 0.566 0.344 0.566 0.347 0.567 0.347 0.568 0.348 0.568 0.349 0.571 0.349 0.572 0.35 0.572 0.351 0.577 0.351 0.578 0.352 0.578 0.353 0.589 0.353 0.59 0.354 0.59 0.355 0.605 0.355 0.605 0.354 0.606 0.353 0.607 0.353 0.607 0.348 0.608 0.347 0.609 0.347 0.609 0.34 0.608 0.34 0.607 0.339 0.607 0.338 0.604 0.338 0.603 0.337 0.603 0.336 0.59 0.336 0.589 0.335 0.589 0.334
2 0.339 0.168 0.078 0.148 0.302 0.094 0.302 0.095 0.301 0.096 0.3 0.096 0.3 0.105 0.301 0.105 0.302 0.106 0.302 0.107 0.303 0.107 0.304 0.108 0.304 0.109 0.305 0.109 0.306 0.11 0.306 0.111 0.307 0.111 0.308 0.112 0.308 0.113 0.309 0.113 0.31 0.114 0.31 0.115 0.311 0.115 0.312 0.116 0.312 0.117 0.313 0.117 0.314 0.118 0.314 0.119 0.315 0.119 0.316 0.12 0.316 0.123 0.317 0.123 0.318 0.124 0.318 0.135 0.319 0.135 0.32 0.136 0.32 0.163 0.319 0.164 0.318 0.164 0.318 0.165 0.317 0.166 0.316 0.166 0.316 0.167 0.315 0.168 0.314 0.168 0.314 0.173 0.313 0.174 0.312 0.174 0.312 0.179 0.313 0.179 0.314 0.18 0.314 0.181 0.319 0.181 0.32 0.182 0.32 0.183 0.323 0.183 0.324 0.184 0.324 0.187 0.325 0.187 0.326 0.188 0.326 0.195 0.327 0.195 0.328 0.196 0.328 0.221 0.329 0.221 0.33 0.222 0.33 0.229 0.331 0.229 0.332 0.23 0.332 0.233 0.333 0.233 0.334 0.234 0.334 0.237 0.335 0.237 0.336 0.238 0.336 0.239 0.339 0.239 0.339 0.236 0.34 0.235 0.345 0.235 0.346 0.236 0.346 0.237 0.357 0.237 0.358 0.238 0.358 0.239 0.365 0.239 0.366 0.24 0.366 0.241 0.369 0.241 0.369 0.24 0.37 0.239 0.371 0.239 0.371 0.238 0.372 0.237 0.373 0.237 0.373 0.216 0.374 0.215 0.375 0.215 0.375 0.164 0.376 0.163 0.377 0.163 0.377 0.098 0.376 0.098 0.375 0.097 0.375 0.096 0.372 0.096 0.371 0.095 0.371 0.094
2 0.339 0.047 0.082 0.094 0.336 0.0 0.336 0.009 0.335 0.01 0.334 0.01 0.334 0.015 0.333 0.016 0.32 0.016 0.32 0.017 0.319 0.018 0.314 0.018 0.314 0.019 0.313 0.02 0.31 0.02 0.31 0.021 0.309 0.022 0.306 0.022 0.306 0.023 0.305 0.024 0.302 0.024 0.302 0.025 0.301 0.026 0.3 0.026 0.3 0.029 0.299 0.03 0.298 0.03 0.298 0.039 0.299 0.039 0.3 0.04 0.3 0.067 0.301 0.067 0.302 0.068 0.302 0.075 0.301 0.076 0.3 0.076 0.3 0.089 0.301 0.089 0.302 0.09 0.302 0.091 0.307 0.091 0.308 0.092 0.308 0.093 0.327 0.093 0.327 0.092 0.328 0.091 0.345 0.091 0.346 0.092 0.346 0.093 0.367 0.093 0.367 0.092 0.368 0.091 0.375 0.091 0.375 0.088 0.376 0.087 0.377 0.087 0.377 0.036 0.378 0.035 0.379 0.035 0.379 0.0
4 0.417 0.309 0.042 0.022 0.416 0.298 0.416 0.299 0.415 0.3 0.398 0.3 0.398 0.301 0.397 0.302 0.396 0.302 0.396 0.317 0.397 0.317 0.398 0.318 0.398 0.319 0.409 0.319 0.409 0.318 0.41 0.317 0.411 0.317 0.411 0.316 0.412 0.315 0.425 0.315 0.425 0.314 0.426 0.313 0.433 0.313 0.433 0.312 0.434 0.311 0.435 0.311 0.435 0.31 0.436 0.309 0.437 0.309 0.437 0.3 0.436 0.3 0.435 0.299 0.435 0.298
4 0.591 0.08700000000000001 0.038 0.038 0.576 0.068 0.576 0.069 0.575 0.07 0.572 0.07 0.572 0.097 0.573 0.097 0.574 0.098 0.574 0.099 0.575 0.099 0.576 0.1 0.576 0.101 0.585 0.101 0.586 0.102 0.586 0.103 0.599 0.103 0.6 0.104 0.6 0.105 0.607 0.105 0.607 0.104 0.608 0.103 0.609 0.103 0.609 0.074 0.608 0.074 0.607 0.073 0.607 0.072 0.596 0.072 0.595 0.071 0.595 0.07 0.578 0.07 0.577 0.069 0.577 0.068
3 0.585 0.232 0.07 0.068 0.558 0.198 0.558 0.199 0.557 0.2 0.554 0.2 0.554 0.201 0.553 0.202 0.552 0.202 0.552 0.203 0.551 0.204 0.55 0.204 0.55 0.253 0.555 0.253 0.556 0.254 0.556 0.255 0.561 0.255 0.562 0.256 0.562 0.257 0.569 0.257 0.57 0.258 0.57 0.259 0.581 0.259 0.582 0.26 0.582 0.261 0.597 0.261 0.598 0.262 0.598 0.263 0.603 0.263 0.604 0.264 0.604 0.265 0.613 0.265 0.613 0.264 0.614 0.263 0.615 0.263 0.615 0.256 0.616 0.255 0.617 0.255 0.617 0.212 0.618 0.211 0.619 0.211 0.619 0.204 0.618 0.204 0.617 0.203 0.617 0.202 0.614 0.202 0.613 0.201 0.613 0.2 0.564 0.2 0.563 0.199 0.563 0.198
2 0.358 0.28 0.036000000000000004 0.088 0.34 0.236 0.34 0.279 0.341 0.279 0.342 0.28 0.342 0.323 0.375 0.323 0.375 0.304 0.374 0.304 0.373 0.303 0.373 0.262 0.372 0.262 0.371 0.261 0.371 0.242 0.366 0.242 0.365 0.241 0.365 0.24 0.356 0.24 0.355 0.239 0.355 0.238 0.346 0.238 0.345 0.237 0.345 0.236
4 0.446 0.431 0.02 0.018000000000000002 0.44 0.422 0.44 0.423 0.439 0.424 0.436 0.424 0.436 0.433 0.437 0.433 0.438 0.434 0.438 0.439 0.443 0.439 0.443 0.438 0.444 0.437 0.451 0.437 0.451 0.436 0.452 0.435 0.453 0.435 0.453 0.43 0.454 0.429 0.455 0.429 0.455 0.426 0.454 0.426 0.453 0.425 0.453 0.424 0.452 0.424 0.451 0.423 0.451 0.422
4 0.5680000000000001 0.596 0.016 0.02 0.562 0.586 0.562 0.587 0.561 0.588 0.56 0.588 0.56 0.599 0.561 0.599 0.562 0.6 0.562 0.601 0.563 0.601 0.564 0.602 0.564 0.603 0.565 0.603 0.566 0.604 0.566 0.605 0.571 0.605 0.571 0.604 0.572 0.603 0.573 0.603 0.573 0.602 0.574 0.601 0.575 0.601 0.575 0.59 0.574 0.59 0.573 0.589 0.573 0.586
7 0.763 0.9500000000000001 0.022 0.02 0.754 0.94 0.754 0.943 0.753 0.944 0.752 0.944 0.752 0.949 0.753 0.949 0.754 0.95 0.754 0.957 0.755 0.957 0.756 0.958 0.756 0.959 0.767 0.959 0.767 0.958 0.768 0.957 0.769 0.957 0.769 0.956 0.77 0.955 0.771 0.955 0.771 0.952 0.772 0.951 0.773 0.951 0.773 0.944 0.772 0.944 0.771 0.943 0.771 0.942 0.768 0.942 0.767 0.941 0.767 0.94
2 0.421 0.154 0.074 0.108 0.384 0.14 0.384 0.153 0.385 0.153 0.385 0.152 0.386 0.151 0.387 0.151 0.387 0.15 0.386 0.15 0.385 0.149 0.385 0.14
