7 0.8170000000000001 0.203 0.034 0.034 0.8 0.186 0.8 0.193 0.801 0.193 0.802 0.194 0.802 0.195 0.803 0.195 0.804 0.196 0.804 0.199 0.805 0.199 0.806 0.2 0.806 0.201 0.809 0.201 0.81 0.202 0.81 0.203 0.821 0.203 0.822 0.204 0.822 0.205 0.823 0.205 0.824 0.206 0.824 0.213 0.823 0.214 0.822 0.214 0.822 0.215 0.823 0.215 0.824 0.216 0.824 0.219 0.831 0.219 0.831 0.218 0.832 0.217 0.833 0.217 0.833 0.2 0.832 0.2 0.831 0.199 0.831 0.198 0.83 0.198 0.829 0.197 0.829 0.196 0.826 0.196 0.825 0.195 0.825 0.194 0.822 0.194 0.821 0.193 0.821 0.192 0.82 0.192 0.819 0.191 0.819 0.19 0.816 0.19 0.815 0.189 0.815 0.188 0.81 0.188 0.809 0.187 0.809 0.186
7 0.803 0.272 0.014 0.024 0.8 0.26 0.8 0.261 0.799 0.262 0.798 0.262 0.798 0.265 0.797 0.266 0.796 0.266 0.796 0.277 0.797 0.277 0.798 0.278 0.798 0.281 0.799 0.281 0.8 0.282 0.8 0.283 0.807 0.283 0.807 0.282 0.808 0.281 0.809 0.281 0.809 0.264 0.808 0.264 0.807 0.263 0.807 0.26
7 0.585 0.983 0.01 0.014 0.582 0.976 0.582 0.977 0.581 0.978 0.58 0.978 0.58 0.987 0.583 0.987 0.584 0.988 0.584 0.989 0.585 0.989 0.585 0.988 0.586 0.987 0.589 0.987 0.589 0.978 0.588 0.978 0.587 0.977 0.587 0.976
4 0.293 0.888 0.01 0.012 0.288 0.882 0.288 0.891 0.289 0.891 0.29 0.892 0.29 0.893 0.293 0.893 0.293 0.892 0.294 0.891 0.295 0.891 0.295 0.89 0.296 0.889 0.297 0.889 0.297 0.884 0.296 0.884 0.295 0.883 0.295 0.882
7 0.499 0.5700000000000001 0.014 0.012 0.494 0.564 0.494 0.567 0.493 0.568 0.492 0.568 0.492 0.575 0.503 0.575 0.503 0.574 0.504 0.573 0.505 0.573 0.505 0.568 0.504 0.568 0.503 0.567 0.503 0.564
5 0.314 0.496 0.02 0.016 0.312 0.488 0.312 0.489 0.311 0.49 0.31 0.49 0.31 0.493 0.309 0.494 0.308 0.494 0.308 0.497 0.307 0.498 0.306 0.498 0.306 0.501 0.307 0.501 0.308 0.502 0.308 0.503 0.321 0.503 0.321 0.496 0.322 0.495 0.323 0.495 0.323 0.492 0.322 0.492 0.321 0.491 0.321 0.49 0.32 0.49 0.319 0.489 0.319 0.488
7 0.199 0.934 0.014 0.016 0.196 0.926 0.196 0.927 0.195 0.928 0.192 0.928 0.192 0.937 0.193 0.937 0.194 0.938 0.194 0.939 0.195 0.939 0.196 0.94 0.196 0.941 0.201 0.941 0.201 0.94 0.202 0.939 0.203 0.939 0.203 0.936 0.204 0.935 0.205 0.935 0.205 0.934 0.204 0.934 0.203 0.933 0.203 0.93 0.202 0.93 0.201 0.929 0.201 0.928 0.198 0.928 0.197 0.927 0.197 0.926
5 0.783 0.432 0.014 0.016 0.778 0.424 0.778 0.425 0.777 0.426 0.776 0.426 0.776 0.437 0.777 0.437 0.778 0.438 0.778 0.439 0.785 0.439 0.785 0.438 0.786 0.437 0.787 0.437 0.787 0.436 0.788 0.435 0.789 0.435 0.789 0.426 0.788 0.426 0.787 0.425 0.787 0.424
7 0.6960000000000001 0.392 0.016 0.016 0.694 0.384 0.694 0.385 0.693 0.386 0.688 0.386 0.688 0.395 0.689 0.395 0.69 0.396 0.69 0.397 0.693 0.397 0.694 0.398 0.694 0.399 0.697 0.399 0.697 0.398 0.698 0.397 0.701 0.397 0.701 0.394 0.702 0.393 0.703 0.393 0.703 0.386 0.7 0.386 0.699 0.385 0.699 0.384
7 0.895 0.353 0.022 0.014 0.884 0.346 0.884 0.351 0.885 0.351 0.886 0.352 0.886 0.353 0.887 0.353 0.888 0.354 0.888 0.355 0.891 0.355 0.892 0.356 0.892 0.357 0.895 0.357 0.896 0.358 0.896 0.359 0.903 0.359 0.903 0.358 0.904 0.357 0.905 0.357 0.905 0.356 0.904 0.356 0.903 0.355 0.903 0.352 0.9 0.352 0.899 0.351 0.899 0.35 0.898 0.35 0.897 0.349 0.897 0.348 0.896 0.348 0.895 0.347 0.895 0.346
7 0.803 0.264 0.01 0.008 0.798 0.26 0.798 0.267 0.807 0.267 0.807 0.262 0.806 0.262 0.805 0.261 0.805 0.26
7 0.9400000000000001 0.247 0.012 0.014 0.938 0.24 0.938 0.241 0.937 0.242 0.934 0.242 0.934 0.251 0.937 0.251 0.938 0.252 0.938 0.253 0.939 0.253 0.939 0.252 0.94 0.251 0.943 0.251 0.943 0.246 0.944 0.245 0.945 0.245 0.945 0.242 0.94 0.242 0.939 0.241 0.939 0.24
4 0.8170000000000001 0.439 0.022 0.026000000000000002 0.816 0.426 0.816 0.427 0.815 0.428 0.808 0.428 0.808 0.431 0.807 0.432 0.806 0.432 0.806 0.435 0.807 0.435 0.808 0.436 0.808 0.443 0.809 0.443 0.81 0.444 0.81 0.449 0.811 0.449 0.812 0.45 0.812 0.451 0.825 0.451 0.825 0.448 0.826 0.447 0.827 0.447 0.827 0.43 0.826 0.43 0.825 0.429 0.825 0.428 0.824 0.428 0.823 0.427 0.823 0.426
4 0.739 0.457 0.038 0.03 0.744 0.442 0.744 0.443 0.743 0.444 0.728 0.444 0.728 0.445 0.727 0.446 0.724 0.446 0.724 0.447 0.723 0.448 0.72 0.448 0.72 0.461 0.721 0.461 0.722 0.462 0.722 0.469 0.723 0.469 0.724 0.47 0.724 0.471 0.743 0.471 0.743 0.47 0.744 0.469 0.749 0.469 0.749 0.468 0.75 0.467 0.753 0.467 0.753 0.464 0.754 0.463 0.755 0.463 0.755 0.46 0.756 0.459 0.757 0.459 0.757 0.444 0.756 0.444 0.755 0.443 0.755 0.442
5 0.776 0.279 0.024 0.022 0.772 0.268 0.772 0.269 0.771 0.27 0.764 0.27 0.764 0.289 0.777 0.289 0.777 0.288 0.778 0.287 0.785 0.287 0.785 0.284 0.786 0.283 0.787 0.283 0.787 0.278 0.786 0.278 0.785 0.277 0.785 0.268
5 0.28 0.9460000000000001 0.02 0.032 0.278 0.93 0.278 0.935 0.277 0.936 0.276 0.936 0.276 0.937 0.275 0.938 0.274 0.938 0.274 0.941 0.273 0.942 0.272 0.942 0.272 0.949 0.271 0.95 0.27 0.95 0.27 0.957 0.271 0.957 0.272 0.958 0.272 0.959 0.273 0.959 0.274 0.96 0.274 0.961 0.285 0.961 0.285 0.96 0.286 0.959 0.287 0.959 0.287 0.958 0.288 0.957 0.289 0.957 0.289 0.932 0.288 0.932 0.287 0.931 0.287 0.93
6 0.585 0.909 0.194 0.094 0.496 0.862 0.496 0.865 0.495 0.866 0.494 0.866 0.494 0.875 0.493 0.876 0.492 0.876 0.492 0.893 0.491 0.894 0.49 0.894 0.49 0.897 0.489 0.898 0.488 0.898 0.488 0.913 0.489 0.913 0.49 0.914 0.49 0.917 0.491 0.917 0.492 0.918 0.492 0.919 0.493 0.919 0.494 0.92 0.494 0.921 0.495 0.921 0.496 0.922 0.496 0.923 0.497 0.923 0.498 0.924 0.498 0.925 0.501 0.925 0.502 0.926 0.502 0.927 0.513 0.927 0.514 0.928 0.514 0.929 0.517 0.929 0.518 0.93 0.518 0.931 0.549 0.931 0.55 0.932 0.55 0.933 0.561 0.933 0.562 0.934 0.562 0.935 0.569 0.935 0.57 0.936 0.57 0.937 0.573 0.937 0.574 0.938 0.574 0.939 0.577 0.939 0.578 0.94 0.578 0.941 0.591 0.941 0.592 0.942 0.592 0.943 0.623 0.943 0.624 0.944 0.624 0.945 0.627 0.945 0.628 0.946 0.628 0.947 0.633 0.947 0.634 0.948 0.634 0.949 0.637 0.949 0.638 0.95 0.638 0.951 0.659 0.951 0.66 0.952 0.66 0.953 0.663 0.953 0.664 0.954 0.664 0.955 0.677 0.955 0.677 0.954 0.678 0.953 0.679 0.953 0.679 0.94 0.68 0.939 0.681 0.939 0.681 0.92 0.68 0.92 0.679 0.919 0.679 0.916 0.68 0.915 0.681 0.915 0.681 0.898 0.68 0.898 0.679 0.897 0.679 0.894 0.678 0.894 0.677 0.893 0.677 0.892 0.664 0.892 0.663 0.891 0.663 0.89 0.65 0.89 0.649 0.889 0.649 0.888 0.642 0.888 0.641 0.887 0.641 0.886 0.634 0.886 0.633 0.885 0.633 0.884 0.622 0.884 0.621 0.883 0.621 0.882 0.606 0.882 0.605 0.881 0.605 0.88 0.598 0.88 0.597 0.879 0.597 0.878 0.586 0.878 0.585 0.877 0.585 0.876 0.578 0.876 0.577 0.875 0.577 0.874 0.564 0.874 0.563 0.873 0.563 0.872 0.556 0.872 0.555 0.871 0.555 0.87 0.544 0.87 0.543 0.869 0.543 0.868 0.536 0.868 0.535 0.867 0.535 0.866 0.524 0.866 0.523 0.865 0.523 0.864 0.512 0.864 0.511 0.863 0.511 0.862
7 0.74 0.23500000000000001 0.012 0.01 0.736 0.23 0.736 0.233 0.735 0.234 0.734 0.234 0.734 0.237 0.735 0.237 0.736 0.238 0.736 0.239 0.745 0.239 0.745 0.232 0.744 0.232 0.743 0.231 0.743 0.23
7 0.8280000000000001 0.209 0.012 0.022 0.824 0.198 0.824 0.199 0.823 0.2 0.822 0.2 0.822 0.201 0.823 0.201 0.824 0.202 0.824 0.219 0.831 0.219 0.831 0.218 0.832 0.217 0.833 0.217 0.833 0.2 0.832 0.2 0.831 0.199 0.831 0.198
