4 0.434 0.37 0.024 0.02 0.426 0.36 0.426 0.361 0.425 0.362 0.424 0.362 0.424 0.363 0.423 0.364 0.422 0.364 0.422 0.369 0.423 0.369 0.424 0.37 0.424 0.371 0.425 0.371 0.426 0.372 0.426 0.373 0.433 0.373 0.434 0.374 0.434 0.375 0.435 0.375 0.436 0.376 0.436 0.377 0.441 0.377 0.442 0.378 0.442 0.379 0.443 0.379 0.443 0.378 0.444 0.377 0.445 0.377 0.445 0.366 0.442 0.366 0.441 0.365 0.441 0.364 0.438 0.364 0.437 0.363 0.437 0.362 0.434 0.362 0.433 0.361 0.433 0.36
5 0.7000000000000001 0.12 0.024 0.02 0.69 0.11 0.69 0.119 0.691 0.119 0.692 0.12 0.692 0.127 0.695 0.127 0.696 0.128 0.696 0.129 0.709 0.129 0.709 0.126 0.71 0.125 0.711 0.125 0.711 0.118 0.71 0.118 0.709 0.117 0.709 0.116 0.708 0.116 0.707 0.115 0.707 0.114 0.7 0.114 0.699 0.113 0.699 0.112 0.696 0.112 0.695 0.111 0.695 0.11
5 0.454 0.329 0.024 0.022 0.444 0.318 0.444 0.321 0.443 0.322 0.442 0.322 0.442 0.335 0.443 0.335 0.444 0.336 0.444 0.339 0.455 0.339 0.455 0.338 0.456 0.337 0.459 0.337 0.459 0.336 0.46 0.335 0.461 0.335 0.461 0.334 0.462 0.333 0.463 0.333 0.463 0.33 0.464 0.329 0.465 0.329 0.465 0.324 0.464 0.324 0.463 0.323 0.463 0.32 0.462 0.32 0.461 0.319 0.461 0.318
4 0.543 0.47000000000000003 0.022 0.02 0.536 0.46 0.536 0.461 0.535 0.462 0.534 0.462 0.534 0.463 0.533 0.464 0.532 0.464 0.532 0.471 0.533 0.471 0.534 0.472 0.534 0.473 0.535 0.473 0.536 0.474 0.536 0.475 0.537 0.475 0.538 0.476 0.538 0.477 0.541 0.477 0.542 0.478 0.542 0.479 0.549 0.479 0.549 0.478 0.55 0.477 0.551 0.477 0.551 0.474 0.552 0.473 0.553 0.473 0.553 0.464 0.552 0.464 0.551 0.463 0.551 0.462 0.544 0.462 0.543 0.461 0.543 0.46
5 0.275 0.992 0.026000000000000002 0.016 0.264 0.984 0.264 0.985 0.263 0.986 0.262 0.986 0.262 0.999 0.287 0.999 0.287 0.99 0.284 0.99 0.283 0.989 0.283 0.988 0.28 0.988 0.279 0.987 0.279 0.986 0.274 0.986 0.273 0.985 0.273 0.984
7 0.704 0.09 0.016 0.016 0.698 0.082 0.698 0.083 0.697 0.084 0.696 0.084 0.696 0.091 0.697 0.091 0.698 0.092 0.698 0.093 0.699 0.093 0.7 0.094 0.7 0.095 0.703 0.095 0.704 0.096 0.704 0.097 0.707 0.097 0.707 0.096 0.708 0.095 0.711 0.095 0.711 0.084 0.71 0.084 0.709 0.083 0.709 0.082
4 0.587 0.181 0.022 0.014 0.58 0.174 0.58 0.175 0.579 0.176 0.578 0.176 0.578 0.179 0.577 0.18 0.576 0.18 0.576 0.183 0.579 0.183 0.58 0.184 0.58 0.185 0.587 0.185 0.588 0.186 0.588 0.187 0.591 0.187 0.591 0.186 0.592 0.185 0.595 0.185 0.595 0.184 0.596 0.183 0.597 0.183 0.597 0.178 0.594 0.178 0.593 0.177 0.593 0.176 0.588 0.176 0.587 0.175 0.587 0.174
7 0.657 0.17500000000000002 0.018000000000000002 0.014 0.65 0.168 0.65 0.169 0.649 0.17 0.648 0.17 0.648 0.175 0.651 0.175 0.652 0.176 0.652 0.177 0.653 0.177 0.654 0.178 0.654 0.179 0.655 0.179 0.656 0.18 0.656 0.181 0.663 0.181 0.663 0.18 0.664 0.179 0.665 0.179 0.665 0.176 0.664 0.176 0.663 0.175 0.663 0.174 0.662 0.174 0.661 0.173 0.661 0.172 0.66 0.172 0.659 0.171 0.659 0.17 0.656 0.17 0.655 0.169 0.655 0.168
4 0.41600000000000004 0.40900000000000003 0.024 0.018000000000000002 0.408 0.4 0.408 0.401 0.407 0.402 0.404 0.402 0.404 0.411 0.405 0.411 0.406 0.412 0.406 0.413 0.409 0.413 0.41 0.414 0.41 0.415 0.417 0.415 0.418 0.416 0.418 0.417 0.423 0.417 0.423 0.416 0.424 0.415 0.427 0.415 0.427 0.408 0.426 0.408 0.425 0.407 0.425 0.406 0.424 0.406 0.423 0.405 0.423 0.404 0.416 0.404 0.415 0.403 0.415 0.402 0.412 0.402 0.411 0.401 0.411 0.4
5 0.5660000000000001 0.447 0.016 0.018000000000000002 0.564 0.438 0.564 0.439 0.563 0.44 0.56 0.44 0.56 0.441 0.559 0.442 0.558 0.442 0.558 0.451 0.559 0.451 0.56 0.452 0.56 0.453 0.563 0.453 0.564 0.454 0.564 0.455 0.565 0.455 0.565 0.454 0.566 0.453 0.569 0.453 0.569 0.452 0.57 0.451 0.571 0.451 0.571 0.45 0.572 0.449 0.573 0.449 0.573 0.442 0.572 0.442 0.571 0.441 0.571 0.44 0.566 0.44 0.565 0.439 0.565 0.438
7 0.41200000000000003 0.459 0.012 0.01 0.408 0.454 0.408 0.455 0.407 0.456 0.406 0.456 0.406 0.463 0.417 0.463 0.417 0.458 0.416 0.458 0.415 0.457 0.415 0.456 0.414 0.456 0.413 0.455 0.413 0.454
7 0.223 0.936 0.014 0.016 0.218 0.928 0.218 0.929 0.217 0.93 0.216 0.93 0.216 0.937 0.217 0.937 0.218 0.938 0.218 0.941 0.219 0.941 0.22 0.942 0.22 0.943 0.229 0.943 0.229 0.928
4 0.743 0.12 0.026000000000000002 0.028 0.74 0.106 0.74 0.107 0.739 0.108 0.738 0.108 0.738 0.109 0.737 0.11 0.736 0.11 0.736 0.111 0.735 0.112 0.734 0.112 0.734 0.115 0.733 0.116 0.732 0.116 0.732 0.119 0.731 0.12 0.73 0.12 0.73 0.123 0.731 0.123 0.732 0.124 0.732 0.127 0.735 0.127 0.736 0.128 0.736 0.129 0.739 0.129 0.74 0.13 0.74 0.131 0.743 0.131 0.744 0.132 0.744 0.133 0.749 0.133 0.749 0.132 0.75 0.131 0.751 0.131 0.751 0.13 0.752 0.129 0.753 0.129 0.753 0.126 0.754 0.125 0.755 0.125 0.755 0.114 0.754 0.114 0.753 0.113 0.753 0.112 0.75 0.112 0.749 0.111 0.749 0.11 0.748 0.11 0.747 0.109 0.747 0.108 0.744 0.108 0.743 0.107 0.743 0.106
4 0.719 0.17200000000000001 0.03 0.032 0.712 0.156 0.712 0.157 0.711 0.158 0.71 0.158 0.71 0.159 0.709 0.16 0.708 0.16 0.708 0.161 0.707 0.162 0.706 0.162 0.706 0.165 0.705 0.166 0.704 0.166 0.704 0.175 0.705 0.175 0.706 0.176 0.706 0.177 0.707 0.177 0.708 0.178 0.708 0.179 0.711 0.179 0.712 0.18 0.712 0.181 0.715 0.181 0.716 0.182 0.716 0.183 0.717 0.183 0.718 0.184 0.718 0.185 0.721 0.185 0.722 0.186 0.722 0.187 0.725 0.187 0.725 0.186 0.726 0.185 0.727 0.185 0.727 0.182 0.728 0.181 0.729 0.181 0.729 0.178 0.73 0.177 0.731 0.177 0.731 0.172 0.732 0.171 0.733 0.171 0.733 0.164 0.732 0.164 0.731 0.163 0.731 0.162 0.728 0.162 0.727 0.161 0.727 0.16 0.722 0.16 0.721 0.159 0.721 0.158 0.718 0.158 0.717 0.157 0.717 0.156
4 0.516 0.387 0.028 0.022 0.51 0.376 0.51 0.377 0.509 0.378 0.506 0.378 0.506 0.379 0.505 0.38 0.504 0.38 0.504 0.383 0.503 0.384 0.502 0.384 0.502 0.391 0.503 0.391 0.504 0.392 0.504 0.393 0.507 0.393 0.508 0.394 0.508 0.395 0.515 0.395 0.516 0.396 0.516 0.397 0.523 0.397 0.523 0.396 0.524 0.395 0.525 0.395 0.525 0.394 0.526 0.393 0.527 0.393 0.527 0.386 0.528 0.385 0.529 0.385 0.529 0.382 0.528 0.382 0.527 0.381 0.527 0.378 0.518 0.378 0.517 0.377 0.517 0.376
4 0.601 0.449 0.018000000000000002 0.018000000000000002 0.592 0.44 0.592 0.451 0.593 0.451 0.594 0.452 0.594 0.453 0.595 0.453 0.596 0.454 0.596 0.455 0.599 0.455 0.6 0.456 0.6 0.457 0.603 0.457 0.603 0.456 0.604 0.455 0.607 0.455 0.607 0.452 0.608 0.451 0.609 0.451 0.609 0.446 0.608 0.446 0.607 0.445 0.607 0.444 0.606 0.444 0.605 0.443 0.605 0.442 0.604 0.442 0.603 0.441 0.603 0.44
4 0.525 0.537 0.026000000000000002 0.022 0.516 0.526 0.516 0.527 0.515 0.528 0.514 0.528 0.514 0.531 0.513 0.532 0.512 0.532 0.512 0.541 0.513 0.541 0.514 0.542 0.514 0.543 0.515 0.543 0.516 0.544 0.516 0.545 0.519 0.545 0.52 0.546 0.52 0.547 0.533 0.547 0.533 0.546 0.534 0.545 0.535 0.545 0.535 0.542 0.536 0.541 0.537 0.541 0.537 0.534 0.536 0.534 0.535 0.533 0.535 0.532 0.532 0.532 0.531 0.531 0.531 0.53 0.528 0.53 0.527 0.529 0.527 0.528 0.526 0.528 0.525 0.527 0.525 0.526
4 0.446 0.5630000000000001 0.016 0.014 0.442 0.556 0.442 0.557 0.441 0.558 0.44 0.558 0.44 0.559 0.439 0.56 0.438 0.56 0.438 0.567 0.441 0.567 0.442 0.568 0.442 0.569 0.449 0.569 0.449 0.568 0.45 0.567 0.453 0.567 0.453 0.558 0.452 0.558 0.451 0.557 0.451 0.556
4 0.517 0.585 0.022 0.018000000000000002 0.508 0.576 0.508 0.577 0.507 0.578 0.506 0.578 0.506 0.585 0.507 0.585 0.508 0.586 0.508 0.589 0.509 0.589 0.51 0.59 0.51 0.591 0.511 0.591 0.512 0.592 0.512 0.593 0.523 0.593 0.523 0.592 0.524 0.591 0.525 0.591 0.525 0.588 0.526 0.587 0.527 0.587 0.527 0.586 0.526 0.586 0.525 0.585 0.525 0.582 0.524 0.582 0.523 0.581 0.523 0.58 0.52 0.58 0.519 0.579 0.519 0.578 0.514 0.578 0.513 0.577 0.513 0.576
