5 0.115 0.219 0.026000000000000002 0.026000000000000002 0.108 0.206 0.108 0.207 0.107 0.208 0.106 0.208 0.106 0.211 0.105 0.212 0.104 0.212 0.104 0.215 0.103 0.216 0.102 0.216 0.102 0.221 0.103 0.221 0.104 0.222 0.104 0.223 0.105 0.223 0.106 0.224 0.106 0.225 0.107 0.225 0.108 0.226 0.108 0.227 0.111 0.227 0.112 0.228 0.112 0.229 0.115 0.229 0.116 0.23 0.116 0.231 0.119 0.231 0.119 0.23 0.12 0.229 0.121 0.229 0.121 0.228 0.122 0.227 0.123 0.227 0.123 0.226 0.124 0.225 0.125 0.225 0.125 0.222 0.126 0.221 0.127 0.221 0.127 0.214 0.126 0.214 0.125 0.213 0.125 0.212 0.122 0.212 0.121 0.211 0.121 0.21 0.12 0.21 0.119 0.209 0.119 0.208 0.116 0.208 0.115 0.207 0.115 0.206
5 0.766 0.17500000000000002 0.02 0.018000000000000002 0.758 0.166 0.758 0.169 0.757 0.17 0.756 0.17 0.756 0.173 0.757 0.173 0.758 0.174 0.758 0.175 0.759 0.175 0.76 0.176 0.76 0.177 0.761 0.177 0.762 0.178 0.762 0.179 0.765 0.179 0.766 0.18 0.766 0.181 0.769 0.181 0.77 0.182 0.77 0.183 0.773 0.183 0.773 0.182 0.774 0.181 0.775 0.181 0.775 0.172 0.774 0.172 0.773 0.171 0.773 0.17 0.772 0.17 0.771 0.169 0.771 0.168 0.768 0.168 0.767 0.167 0.767 0.166
7 0.8260000000000001 0.61 0.02 0.02 0.828 0.6 0.828 0.601 0.827 0.602 0.824 0.602 0.824 0.603 0.823 0.604 0.818 0.604 0.818 0.605 0.817 0.606 0.816 0.606 0.816 0.613 0.817 0.613 0.818 0.614 0.818 0.615 0.819 0.615 0.82 0.616 0.82 0.617 0.823 0.617 0.824 0.618 0.824 0.619 0.833 0.619 0.833 0.618 0.834 0.617 0.835 0.617 0.835 0.61 0.834 0.61 0.833 0.609 0.833 0.604 0.832 0.604 0.831 0.603 0.831 0.6
4 0.721 0.6910000000000001 0.026000000000000002 0.022 0.716 0.68 0.716 0.681 0.715 0.682 0.714 0.682 0.714 0.683 0.713 0.684 0.712 0.684 0.712 0.685 0.711 0.686 0.71 0.686 0.71 0.689 0.709 0.69 0.708 0.69 0.708 0.693 0.709 0.693 0.71 0.694 0.71 0.699 0.711 0.699 0.712 0.7 0.712 0.701 0.717 0.701 0.717 0.7 0.718 0.699 0.721 0.699 0.721 0.698 0.722 0.697 0.729 0.697 0.729 0.696 0.73 0.695 0.731 0.695 0.731 0.694 0.732 0.693 0.733 0.693 0.733 0.692 0.732 0.692 0.731 0.691 0.731 0.688 0.728 0.688 0.727 0.687 0.727 0.684 0.726 0.684 0.725 0.683 0.725 0.682 0.724 0.682 0.723 0.681 0.723 0.68
5 0.7020000000000001 0.6990000000000001 0.016 0.018000000000000002 0.698 0.69 0.698 0.691 0.697 0.692 0.696 0.692 0.696 0.693 0.695 0.694 0.694 0.694 0.694 0.703 0.695 0.703 0.696 0.704 0.696 0.705 0.697 0.705 0.698 0.706 0.698 0.707 0.703 0.707 0.703 0.706 0.704 0.705 0.707 0.705 0.707 0.704 0.708 0.703 0.709 0.703 0.709 0.694 0.708 0.694 0.707 0.693 0.707 0.692 0.704 0.692 0.703 0.691 0.703 0.69
0 0.723 0.872 0.074 0.06 0.7 0.842 0.7 0.843 0.699 0.844 0.698 0.844 0.698 0.847 0.697 0.848 0.696 0.848 0.696 0.851 0.695 0.852 0.694 0.852 0.694 0.857 0.693 0.858 0.692 0.858 0.692 0.861 0.691 0.862 0.69 0.862 0.69 0.865 0.689 0.866 0.688 0.866 0.688 0.869 0.687 0.87 0.686 0.87 0.686 0.871 0.687 0.871 0.688 0.872 0.688 0.873 0.691 0.873 0.692 0.874 0.692 0.875 0.695 0.875 0.696 0.876 0.696 0.877 0.699 0.877 0.7 0.878 0.7 0.879 0.703 0.879 0.704 0.88 0.704 0.881 0.707 0.881 0.708 0.882 0.708 0.883 0.711 0.883 0.712 0.884 0.712 0.885 0.717 0.885 0.718 0.886 0.718 0.887 0.721 0.887 0.722 0.888 0.722 0.889 0.725 0.889 0.726 0.89 0.726 0.891 0.729 0.891 0.73 0.892 0.73 0.893 0.733 0.893 0.734 0.894 0.734 0.895 0.737 0.895 0.738 0.896 0.738 0.897 0.741 0.897 0.742 0.898 0.742 0.899 0.745 0.899 0.746 0.9 0.746 0.901 0.747 0.901 0.747 0.9 0.748 0.899 0.749 0.899 0.749 0.896 0.75 0.895 0.751 0.895 0.751 0.892 0.752 0.891 0.753 0.891 0.753 0.886 0.754 0.885 0.755 0.885 0.755 0.882 0.756 0.881 0.757 0.881 0.757 0.878 0.758 0.877 0.759 0.877 0.759 0.876 0.758 0.876 0.757 0.875 0.757 0.874 0.754 0.874 0.753 0.873 0.753 0.872 0.752 0.872 0.751 0.871 0.751 0.87 0.748 0.87 0.747 0.869 0.747 0.868 0.744 0.868 0.743 0.867 0.743 0.866 0.74 0.866 0.739 0.865 0.739 0.864 0.738 0.864 0.737 0.863 0.737 0.862 0.734 0.862 0.733 0.861 0.733 0.86 0.73 0.86 0.729 0.859 0.729 0.858 0.726 0.858 0.725 0.857 0.725 0.856 0.722 0.856 0.721 0.855 0.721 0.854 0.72 0.854 0.719 0.853 0.719 0.852 0.716 0.852 0.715 0.851 0.715 0.85 0.712 0.85 0.711 0.849 0.711 0.848 0.708 0.848 0.707 0.847 0.707 0.846 0.706 0.846 0.705 0.845 0.705 0.844 0.702 0.844 0.701 0.843 0.701 0.842
7 0.964 0.229 0.012 0.014 0.958 0.222 0.958 0.233 0.959 0.233 0.96 0.234 0.96 0.235 0.967 0.235 0.967 0.234 0.968 0.233 0.969 0.233 0.969 0.224 0.966 0.224 0.965 0.223 0.965 0.222
7 0.758 0.152 0.016 0.016 0.754 0.144 0.754 0.145 0.753 0.146 0.752 0.146 0.752 0.149 0.751 0.15 0.75 0.15 0.75 0.153 0.751 0.153 0.752 0.154 0.752 0.155 0.753 0.155 0.754 0.156 0.754 0.157 0.757 0.157 0.758 0.158 0.758 0.159 0.761 0.159 0.761 0.156 0.762 0.155 0.763 0.155 0.763 0.152 0.764 0.151 0.765 0.151 0.765 0.146 0.762 0.146 0.761 0.145 0.761 0.144
7 0.592 0.151 0.016 0.014 0.588 0.144 0.588 0.145 0.587 0.146 0.586 0.146 0.586 0.147 0.585 0.148 0.584 0.148 0.584 0.155 0.587 0.155 0.588 0.156 0.588 0.157 0.591 0.157 0.591 0.156 0.592 0.155 0.595 0.155 0.595 0.154 0.596 0.153 0.597 0.153 0.597 0.152 0.598 0.151 0.599 0.151 0.599 0.146 0.598 0.146 0.597 0.145 0.597 0.144
7 0.562 0.051000000000000004 0.028 0.034 0.564 0.034 0.564 0.035 0.563 0.036 0.562 0.036 0.562 0.039 0.561 0.04 0.56 0.04 0.56 0.041 0.559 0.042 0.554 0.042 0.554 0.043 0.553 0.044 0.552 0.044 0.552 0.045 0.551 0.046 0.55 0.046 0.55 0.047 0.549 0.048 0.548 0.048 0.548 0.055 0.549 0.055 0.55 0.056 0.55 0.057 0.551 0.057 0.552 0.058 0.552 0.059 0.553 0.059 0.554 0.06 0.554 0.061 0.557 0.061 0.558 0.062 0.558 0.063 0.559 0.063 0.56 0.064 0.56 0.065 0.561 0.065 0.562 0.066 0.562 0.067 0.567 0.067 0.567 0.066 0.568 0.065 0.569 0.065 0.569 0.062 0.57 0.061 0.571 0.061 0.571 0.058 0.572 0.057 0.573 0.057 0.573 0.042 0.574 0.041 0.575 0.041 0.575 0.034
5 0.518 0.504 0.024 0.024 0.516 0.492 0.516 0.493 0.515 0.494 0.514 0.494 0.514 0.497 0.513 0.498 0.512 0.498 0.512 0.499 0.511 0.5 0.51 0.5 0.51 0.501 0.509 0.502 0.508 0.502 0.508 0.505 0.507 0.506 0.506 0.506 0.506 0.509 0.507 0.509 0.508 0.51 0.508 0.511 0.511 0.511 0.512 0.512 0.512 0.513 0.515 0.513 0.516 0.514 0.516 0.515 0.523 0.515 0.523 0.514 0.524 0.513 0.525 0.513 0.525 0.512 0.526 0.511 0.527 0.511 0.527 0.508 0.528 0.507 0.529 0.507 0.529 0.496 0.528 0.496 0.527 0.495 0.527 0.494 0.522 0.494 0.521 0.493 0.521 0.492
7 0.532 0.468 0.012 0.012 0.528 0.462 0.528 0.465 0.527 0.466 0.526 0.466 0.526 0.467 0.527 0.467 0.528 0.468 0.528 0.471 0.529 0.471 0.53 0.472 0.53 0.473 0.533 0.473 0.533 0.472 0.534 0.471 0.535 0.471 0.535 0.47 0.536 0.469 0.537 0.469 0.537 0.466 0.536 0.466 0.535 0.465 0.535 0.464 0.534 0.464 0.533 0.463 0.533 0.462
5 0.561 0.056 0.022 0.024 0.556 0.044 0.556 0.045 0.555 0.046 0.552 0.046 0.552 0.047 0.551 0.048 0.55 0.048 0.55 0.055 0.551 0.055 0.552 0.056 0.552 0.059 0.555 0.059 0.556 0.06 0.556 0.061 0.557 0.061 0.558 0.062 0.558 0.063 0.559 0.063 0.56 0.064 0.56 0.065 0.563 0.065 0.564 0.066 0.564 0.067 0.565 0.067 0.565 0.066 0.566 0.065 0.569 0.065 0.569 0.06 0.57 0.059 0.571 0.059 0.571 0.052 0.57 0.052 0.569 0.051 0.569 0.048 0.566 0.048 0.565 0.047 0.565 0.046 0.558 0.046 0.557 0.045 0.557 0.044
4 0.47100000000000003 0.541 0.018000000000000002 0.022 0.468 0.53 0.468 0.533 0.467 0.534 0.466 0.534 0.466 0.535 0.465 0.536 0.464 0.536 0.464 0.541 0.463 0.542 0.462 0.542 0.462 0.547 0.463 0.547 0.464 0.548 0.464 0.549 0.467 0.549 0.468 0.55 0.468 0.551 0.471 0.551 0.471 0.55 0.472 0.549 0.473 0.549 0.473 0.548 0.474 0.547 0.475 0.547 0.475 0.546 0.476 0.545 0.477 0.545 0.477 0.542 0.478 0.541 0.479 0.541 0.479 0.53
4 0.557 0.447 0.018000000000000002 0.022 0.556 0.436 0.556 0.437 0.555 0.438 0.552 0.438 0.552 0.439 0.551 0.44 0.55 0.44 0.55 0.445 0.549 0.446 0.548 0.446 0.548 0.451 0.549 0.451 0.55 0.452 0.55 0.453 0.551 0.453 0.552 0.454 0.552 0.455 0.553 0.455 0.554 0.456 0.554 0.457 0.557 0.457 0.557 0.456 0.558 0.455 0.561 0.455 0.561 0.452 0.562 0.451 0.563 0.451 0.563 0.446 0.564 0.445 0.565 0.445 0.565 0.44 0.564 0.44 0.563 0.439 0.563 0.438 0.56 0.438 0.559 0.437 0.559 0.436
4 0.067 0.431 0.018000000000000002 0.022 0.064 0.42 0.064 0.421 0.063 0.422 0.062 0.422 0.062 0.425 0.061 0.426 0.06 0.426 0.06 0.431 0.059 0.432 0.058 0.432 0.058 0.437 0.059 0.437 0.06 0.438 0.06 0.439 0.061 0.439 0.062 0.44 0.062 0.441 0.073 0.441 0.073 0.438 0.074 0.437 0.075 0.437 0.075 0.424 0.074 0.424 0.073 0.423 0.073 0.422 0.07 0.422 0.069 0.421 0.069 0.42
4 0.08700000000000001 0.406 0.018000000000000002 0.016 0.084 0.398 0.084 0.399 0.083 0.4 0.08 0.4 0.08 0.403 0.079 0.404 0.078 0.404 0.078 0.409 0.079 0.409 0.08 0.41 0.08 0.411 0.081 0.411 0.082 0.412 0.082 0.413 0.087 0.413 0.087 0.412 0.088 0.411 0.089 0.411 0.089 0.41 0.09 0.409 0.091 0.409 0.091 0.408 0.092 0.407 0.093 0.407 0.093 0.406 0.094 0.405 0.095 0.405 0.095 0.4 0.094 0.4 0.093 0.399 0.093 0.398
3 0.812 0.047 0.1 0.094 0.792 0.0 0.792 0.001 0.791 0.002 0.79 0.002 0.79 0.003 0.789 0.004 0.788 0.004 0.788 0.007 0.787 0.008 0.786 0.008 0.786 0.011 0.785 0.012 0.784 0.012 0.784 0.013 0.783 0.014 0.782 0.014 0.782 0.017 0.781 0.018 0.78 0.018 0.78 0.021 0.779 0.022 0.778 0.022 0.778 0.025 0.777 0.026 0.776 0.026 0.776 0.027 0.775 0.028 0.774 0.028 0.774 0.033 0.773 0.034 0.772 0.034 0.772 0.037 0.771 0.038 0.77 0.038 0.77 0.041 0.769 0.042 0.768 0.042 0.768 0.045 0.767 0.046 0.766 0.046 0.766 0.049 0.765 0.05 0.764 0.05 0.764 0.053 0.763 0.054 0.762 0.054 0.762 0.063 0.763 0.063 0.764 0.064 0.764 0.065 0.767 0.065 0.768 0.066 0.768 0.067 0.771 0.067 0.772 0.068 0.772 0.069 0.777 0.069 0.778 0.07 0.778 0.071 0.783 0.071 0.784 0.072 0.784 0.073 0.789 0.073 0.79 0.074 0.79 0.075 0.795 0.075 0.796 0.076 0.796 0.077 0.799 0.077 0.8 0.078 0.8 0.079 0.803 0.079 0.804 0.08 0.804 0.081 0.807 0.081 0.808 0.082 0.808 0.083 0.809 0.083 0.81 0.084 0.81 0.085 0.815 0.085 0.816 0.086 0.816 0.087 0.819 0.087 0.82 0.088 0.82 0.089 0.821 0.089 0.822 0.09 0.822 0.091 0.827 0.091 0.828 0.092 0.828 0.093 0.833 0.093 0.833 0.092 0.834 0.091 0.835 0.091 0.835 0.09 0.836 0.089 0.837 0.089 0.837 0.086 0.838 0.085 0.839 0.085 0.839 0.082 0.84 0.081 0.841 0.081 0.841 0.076 0.842 0.075 0.843 0.075 0.843 0.072 0.844 0.071 0.845 0.071 0.845 0.068 0.846 0.067 0.847 0.067 0.847 0.064 0.848 0.063 0.849 0.063 0.849 0.06 0.85 0.059 0.851 0.059 0.851 0.056 0.852 0.055 0.853 0.055 0.853 0.052 0.854 0.051 0.855 0.051 0.855 0.048 0.856 0.047 0.857 0.047 0.857 0.042 0.858 0.041 0.859 0.041 0.859 0.038 0.86 0.037 0.861 0.037 0.861 0.036 0.86 0.036 0.859 0.035 0.859 0.032 0.858 0.032 0.857 0.031 0.857 0.03 0.854 0.03 0.853 0.029 0.853 0.028 0.852 0.028 0.851 0.027 0.851 0.026 0.848 0.026 0.847 0.025 0.847 0.024 0.844 0.024 0.843 0.023 0.843 0.022 0.84 0.022 0.839 0.021 0.839 0.02 0.838 0.02 0.837 0.019 0.837 0.018 0.834 0.018 0.833 0.017 0.833 0.016 0.83 0.016 0.829 0.015 0.829 0.014 0.826 0.014 0.825 0.013 0.825 0.012 0.822 0.012 0.821 0.011 0.821 0.01 0.818 0.01 0.817 0.009 0.817 0.008 0.816 0.008 0.815 0.007 0.815 0.006 0.812 0.006 0.811 0.005 0.811 0.004 0.808 0.004 0.807 0.003 0.807 0.002 0.804 0.002 0.803 0.001 0.803 0.0
3 0.514 0.037 0.076 0.074 0.496 0.0 0.496 0.005 0.495 0.006 0.494 0.006 0.494 0.007 0.493 0.008 0.492 0.008 0.492 0.011 0.491 0.012 0.49 0.012 0.49 0.017 0.489 0.018 0.488 0.018 0.488 0.021 0.487 0.022 0.486 0.022 0.486 0.025 0.485 0.026 0.484 0.026 0.484 0.029 0.483 0.03 0.482 0.03 0.482 0.033 0.481 0.034 0.48 0.034 0.48 0.039 0.479 0.04 0.478 0.04 0.478 0.043 0.477 0.044 0.476 0.044 0.476 0.051 0.477 0.051 0.478 0.052 0.478 0.053 0.479 0.053 0.48 0.054 0.48 0.055 0.483 0.055 0.484 0.056 0.484 0.057 0.489 0.057 0.49 0.058 0.49 0.059 0.493 0.059 0.494 0.06 0.494 0.061 0.497 0.061 0.498 0.062 0.498 0.063 0.501 0.063 0.502 0.064 0.502 0.065 0.505 0.065 0.506 0.066 0.506 0.067 0.509 0.067 0.51 0.068 0.51 0.069 0.513 0.069 0.514 0.07 0.514 0.071 0.517 0.071 0.518 0.072 0.518 0.073 0.523 0.073 0.523 0.072 0.524 0.071 0.525 0.071 0.525 0.068 0.526 0.067 0.527 0.067 0.527 0.066 0.528 0.065 0.529 0.065 0.529 0.06 0.53 0.059 0.531 0.059 0.531 0.058 0.532 0.057 0.533 0.057 0.533 0.054 0.534 0.053 0.535 0.053 0.535 0.05 0.536 0.049 0.537 0.049 0.537 0.046 0.538 0.045 0.539 0.045 0.539 0.042 0.54 0.041 0.541 0.041 0.541 0.038 0.542 0.037 0.543 0.037 0.543 0.034 0.544 0.033 0.545 0.033 0.545 0.03 0.546 0.029 0.547 0.029 0.547 0.026 0.548 0.025 0.549 0.025 0.549 0.022 0.55 0.021 0.551 0.021 0.551 0.014 0.55 0.014 0.549 0.013 0.549 0.012 0.546 0.012 0.545 0.011 0.545 0.01 0.544 0.01 0.543 0.009 0.543 0.008 0.54 0.008 0.539 0.007 0.539 0.006 0.536 0.006 0.535 0.005 0.535 0.004 0.534 0.004 0.533 0.003 0.533 0.002 0.53 0.002 0.529 0.001 0.529 0.0
