5 0.31 0.98 0.028 0.02 0.306 0.97 0.306 0.971 0.305 0.972 0.302 0.972 0.302 0.973 0.301 0.974 0.3 0.974 0.3 0.975 0.299 0.976 0.298 0.976 0.298 0.981 0.297 0.982 0.296 0.982 0.296 0.987 0.297 0.987 0.298 0.988 0.298 0.989 0.299 0.989 0.299 0.988 0.3 0.987 0.309 0.987 0.309 0.986 0.31 0.985 0.319 0.985 0.319 0.984 0.32 0.983 0.321 0.983 0.321 0.982 0.322 0.981 0.323 0.981 0.323 0.98 0.322 0.98 0.321 0.979 0.321 0.974 0.318 0.974 0.317 0.973 0.317 0.972 0.308 0.972 0.307 0.971 0.307 0.97
3 0.331 0.852 0.078 0.052000000000000005 0.31 0.826 0.31 0.827 0.309 0.828 0.308 0.828 0.308 0.831 0.307 0.832 0.306 0.832 0.306 0.833 0.305 0.834 0.304 0.834 0.304 0.835 0.303 0.836 0.302 0.836 0.302 0.839 0.301 0.84 0.3 0.84 0.3 0.845 0.299 0.846 0.298 0.846 0.298 0.847 0.297 0.848 0.296 0.848 0.296 0.851 0.295 0.852 0.294 0.852 0.294 0.853 0.293 0.854 0.292 0.854 0.292 0.857 0.293 0.857 0.294 0.858 0.294 0.859 0.295 0.859 0.296 0.86 0.296 0.861 0.299 0.861 0.3 0.862 0.3 0.863 0.305 0.863 0.306 0.864 0.306 0.865 0.309 0.865 0.31 0.866 0.31 0.867 0.315 0.867 0.316 0.868 0.316 0.869 0.319 0.869 0.32 0.87 0.32 0.871 0.321 0.871 0.322 0.872 0.322 0.873 0.325 0.873 0.326 0.874 0.326 0.875 0.327 0.875 0.328 0.876 0.328 0.877 0.347 0.877 0.347 0.876 0.348 0.875 0.355 0.875 0.355 0.874 0.356 0.873 0.357 0.873 0.357 0.872 0.358 0.871 0.359 0.871 0.359 0.868 0.36 0.867 0.361 0.867 0.361 0.866 0.362 0.865 0.363 0.865 0.363 0.864 0.364 0.863 0.365 0.863 0.365 0.86 0.366 0.859 0.367 0.859 0.367 0.852 0.368 0.851 0.369 0.851 0.369 0.846 0.368 0.846 0.367 0.845 0.367 0.844 0.366 0.844 0.365 0.843 0.365 0.842 0.36 0.842 0.359 0.841 0.359 0.84 0.356 0.84 0.355 0.839 0.355 0.838 0.35 0.838 0.349 0.837 0.349 0.836 0.346 0.836 0.345 0.835 0.345 0.834 0.338 0.834 0.337 0.833 0.337 0.832 0.334 0.832 0.333 0.831 0.333 0.83 0.328 0.83 0.327 0.829 0.327 0.828 0.324 0.828 0.323 0.827 0.323 0.826
5 0.272 0.839 0.02 0.022 0.266 0.828 0.266 0.829 0.265 0.83 0.264 0.83 0.264 0.833 0.263 0.834 0.262 0.834 0.262 0.841 0.263 0.841 0.264 0.842 0.264 0.843 0.265 0.843 0.266 0.844 0.266 0.845 0.269 0.845 0.27 0.846 0.27 0.847 0.271 0.847 0.272 0.848 0.272 0.849 0.277 0.849 0.277 0.846 0.278 0.845 0.279 0.845 0.279 0.84 0.28 0.839 0.281 0.839 0.281 0.832 0.28 0.832 0.279 0.831 0.279 0.83 0.278 0.83 0.277 0.829 0.277 0.828
5 0.3 0.778 0.028 0.036000000000000004 0.306 0.76 0.306 0.761 0.305 0.762 0.304 0.762 0.304 0.763 0.303 0.764 0.302 0.764 0.302 0.765 0.301 0.766 0.3 0.766 0.3 0.767 0.299 0.768 0.298 0.768 0.298 0.769 0.297 0.77 0.296 0.77 0.296 0.773 0.295 0.774 0.294 0.774 0.294 0.775 0.293 0.776 0.292 0.776 0.292 0.777 0.291 0.778 0.29 0.778 0.29 0.781 0.289 0.782 0.288 0.782 0.288 0.785 0.287 0.786 0.286 0.786 0.286 0.791 0.287 0.791 0.288 0.792 0.288 0.793 0.291 0.793 0.292 0.794 0.292 0.795 0.303 0.795 0.303 0.792 0.304 0.791 0.305 0.791 0.305 0.79 0.306 0.789 0.307 0.789 0.307 0.786 0.308 0.785 0.309 0.785 0.309 0.782 0.31 0.781 0.311 0.781 0.311 0.778 0.312 0.777 0.313 0.777 0.313 0.764 0.312 0.764 0.311 0.763 0.311 0.762 0.31 0.762 0.309 0.761 0.309 0.76
5 0.452 0.62 0.016 0.016 0.45 0.612 0.45 0.613 0.449 0.614 0.446 0.614 0.446 0.615 0.445 0.616 0.444 0.616 0.444 0.623 0.445 0.623 0.446 0.624 0.446 0.625 0.447 0.625 0.448 0.626 0.448 0.627 0.455 0.627 0.455 0.626 0.456 0.625 0.459 0.625 0.459 0.622 0.458 0.622 0.457 0.621 0.457 0.618 0.456 0.618 0.455 0.617 0.455 0.614 0.452 0.614 0.451 0.613 0.451 0.612
5 0.5630000000000001 0.41100000000000003 0.022 0.026000000000000002 0.558 0.398 0.558 0.399 0.557 0.4 0.556 0.4 0.556 0.401 0.555 0.402 0.554 0.402 0.554 0.403 0.553 0.404 0.552 0.404 0.552 0.419 0.553 0.419 0.554 0.42 0.554 0.421 0.557 0.421 0.558 0.422 0.558 0.423 0.573 0.423 0.573 0.404 0.572 0.404 0.571 0.403 0.571 0.402 0.57 0.402 0.569 0.401 0.569 0.4 0.564 0.4 0.563 0.399 0.563 0.398
5 0.986 0.358 0.012 0.016 0.982 0.35 0.982 0.351 0.981 0.352 0.98 0.352 0.98 0.365 0.989 0.365 0.989 0.364 0.99 0.363 0.991 0.363 0.991 0.35
5 0.035 0.20400000000000001 0.018000000000000002 0.024 0.032 0.192 0.032 0.193 0.031 0.194 0.03 0.194 0.03 0.197 0.029 0.198 0.028 0.198 0.028 0.203 0.027 0.204 0.026 0.204 0.026 0.209 0.027 0.209 0.028 0.21 0.028 0.211 0.029 0.211 0.03 0.212 0.03 0.213 0.033 0.213 0.034 0.214 0.034 0.215 0.041 0.215 0.041 0.212 0.042 0.211 0.043 0.211 0.043 0.202 0.042 0.202 0.041 0.201 0.041 0.196 0.04 0.196 0.039 0.195 0.039 0.194 0.036 0.194 0.035 0.193 0.035 0.192
4 0.176 0.874 0.028 0.028 0.172 0.86 0.172 0.861 0.171 0.862 0.168 0.862 0.168 0.863 0.167 0.864 0.166 0.864 0.166 0.867 0.165 0.868 0.164 0.868 0.164 0.871 0.163 0.872 0.162 0.872 0.162 0.877 0.163 0.877 0.164 0.878 0.164 0.879 0.165 0.879 0.166 0.88 0.166 0.881 0.167 0.881 0.168 0.882 0.168 0.883 0.171 0.883 0.172 0.884 0.172 0.885 0.175 0.885 0.176 0.886 0.176 0.887 0.183 0.887 0.183 0.886 0.184 0.885 0.185 0.885 0.185 0.884 0.186 0.883 0.187 0.883 0.187 0.88 0.188 0.879 0.189 0.879 0.189 0.866 0.188 0.866 0.187 0.865 0.187 0.864 0.184 0.864 0.183 0.863 0.183 0.862 0.18 0.862 0.179 0.861 0.179 0.86
4 0.218 0.795 0.02 0.026000000000000002 0.216 0.782 0.216 0.783 0.215 0.784 0.212 0.784 0.212 0.785 0.211 0.786 0.21 0.786 0.21 0.789 0.209 0.79 0.208 0.79 0.208 0.799 0.209 0.799 0.21 0.8 0.21 0.803 0.211 0.803 0.212 0.804 0.212 0.805 0.213 0.805 0.214 0.806 0.214 0.807 0.221 0.807 0.221 0.806 0.222 0.805 0.223 0.805 0.223 0.804 0.224 0.803 0.225 0.803 0.225 0.798 0.226 0.797 0.227 0.797 0.227 0.788 0.226 0.788 0.225 0.787 0.225 0.786 0.224 0.786 0.223 0.785 0.223 0.784 0.218 0.784 0.217 0.783 0.217 0.782
4 0.587 0.43 0.018000000000000002 0.02 0.582 0.42 0.582 0.421 0.581 0.422 0.58 0.422 0.58 0.423 0.579 0.424 0.578 0.424 0.578 0.439 0.587 0.439 0.587 0.438 0.588 0.437 0.591 0.437 0.591 0.434 0.592 0.433 0.593 0.433 0.593 0.43 0.594 0.429 0.595 0.429 0.595 0.422 0.592 0.422 0.591 0.421 0.591 0.42
3 0.5740000000000001 0.503 0.112 0.082 0.544 0.462 0.544 0.463 0.543 0.464 0.542 0.464 0.542 0.467 0.541 0.468 0.54 0.468 0.54 0.471 0.539 0.472 0.538 0.472 0.538 0.473 0.537 0.474 0.536 0.474 0.536 0.477 0.535 0.478 0.534 0.478 0.534 0.481 0.533 0.482 0.532 0.482 0.532 0.485 0.531 0.486 0.53 0.486 0.53 0.489 0.529 0.49 0.528 0.49 0.528 0.493 0.527 0.494 0.526 0.494 0.526 0.497 0.525 0.498 0.524 0.498 0.524 0.499 0.523 0.5 0.522 0.5 0.522 0.503 0.521 0.504 0.52 0.504 0.52 0.507 0.519 0.508 0.518 0.508 0.518 0.509 0.519 0.509 0.52 0.51 0.52 0.511 0.525 0.511 0.526 0.512 0.526 0.513 0.531 0.513 0.532 0.514 0.532 0.515 0.535 0.515 0.536 0.516 0.536 0.517 0.541 0.517 0.542 0.518 0.542 0.519 0.547 0.519 0.548 0.52 0.548 0.521 0.551 0.521 0.552 0.522 0.552 0.523 0.557 0.523 0.558 0.524 0.558 0.525 0.563 0.525 0.564 0.526 0.564 0.527 0.567 0.527 0.568 0.528 0.568 0.529 0.573 0.529 0.574 0.53 0.574 0.531 0.577 0.531 0.578 0.532 0.578 0.533 0.583 0.533 0.584 0.534 0.584 0.535 0.589 0.535 0.59 0.536 0.59 0.537 0.593 0.537 0.594 0.538 0.594 0.539 0.599 0.539 0.6 0.54 0.6 0.541 0.605 0.541 0.606 0.542 0.606 0.543 0.607 0.543 0.607 0.542 0.608 0.541 0.609 0.541 0.609 0.538 0.61 0.537 0.611 0.537 0.611 0.534 0.612 0.533 0.613 0.533 0.613 0.53 0.614 0.529 0.615 0.529 0.615 0.526 0.616 0.525 0.617 0.525 0.617 0.522 0.618 0.521 0.619 0.521 0.619 0.518 0.62 0.517 0.621 0.517 0.621 0.514 0.622 0.513 0.623 0.513 0.623 0.51 0.624 0.509 0.625 0.509 0.625 0.506 0.626 0.505 0.627 0.505 0.627 0.502 0.628 0.501 0.629 0.501 0.629 0.5 0.628 0.5 0.627 0.499 0.627 0.498 0.624 0.498 0.623 0.497 0.623 0.496 0.618 0.496 0.617 0.495 0.617 0.494 0.614 0.494 0.613 0.493 0.613 0.492 0.61 0.492 0.609 0.491 0.609 0.49 0.606 0.49 0.605 0.489 0.605 0.488 0.6 0.488 0.599 0.487 0.599 0.486 0.596 0.486 0.595 0.485 0.595 0.484 0.592 0.484 0.591 0.483 0.591 0.482 0.586 0.482 0.585 0.481 0.585 0.48 0.582 0.48 0.581 0.479 0.581 0.478 0.578 0.478 0.577 0.477 0.577 0.476 0.574 0.476 0.573 0.475 0.573 0.474 0.568 0.474 0.567 0.473 0.567 0.472 0.564 0.472 0.563 0.471 0.563 0.47 0.56 0.47 0.559 0.469 0.559 0.468 0.556 0.468 0.555 0.467 0.555 0.466 0.55 0.466 0.549 0.465 0.549 0.464 0.546 0.464 0.545 0.463 0.545 0.462
3 0.528 0.6 0.10400000000000001 0.08 0.496 0.56 0.496 0.561 0.495 0.562 0.494 0.562 0.494 0.565 0.493 0.566 0.492 0.566 0.492 0.569 0.491 0.57 0.49 0.57 0.49 0.573 0.489 0.574 0.488 0.574 0.488 0.577 0.487 0.578 0.486 0.578 0.486 0.581 0.485 0.582 0.484 0.582 0.484 0.585 0.483 0.586 0.482 0.586 0.482 0.589 0.481 0.59 0.48 0.59 0.48 0.593 0.479 0.594 0.478 0.594 0.478 0.597 0.477 0.598 0.476 0.598 0.476 0.599 0.477 0.599 0.478 0.6 0.478 0.601 0.481 0.601 0.482 0.602 0.482 0.603 0.485 0.603 0.486 0.604 0.486 0.605 0.489 0.605 0.49 0.606 0.49 0.607 0.493 0.607 0.494 0.608 0.494 0.609 0.499 0.609 0.5 0.61 0.5 0.611 0.503 0.611 0.504 0.612 0.504 0.613 0.507 0.613 0.508 0.614 0.508 0.615 0.511 0.615 0.512 0.616 0.512 0.617 0.515 0.617 0.516 0.618 0.516 0.619 0.519 0.619 0.52 0.62 0.52 0.621 0.523 0.621 0.524 0.622 0.524 0.623 0.527 0.623 0.528 0.624 0.528 0.625 0.531 0.625 0.532 0.626 0.532 0.627 0.535 0.627 0.536 0.628 0.536 0.629 0.541 0.629 0.542 0.63 0.542 0.631 0.545 0.631 0.546 0.632 0.546 0.633 0.549 0.633 0.55 0.634 0.55 0.635 0.553 0.635 0.554 0.636 0.554 0.637 0.557 0.637 0.558 0.638 0.558 0.639 0.559 0.639 0.559 0.638 0.56 0.637 0.561 0.637 0.561 0.634 0.562 0.633 0.563 0.633 0.563 0.628 0.564 0.627 0.565 0.627 0.565 0.624 0.566 0.623 0.567 0.623 0.567 0.62 0.568 0.619 0.569 0.619 0.569 0.616 0.57 0.615 0.571 0.615 0.571 0.612 0.572 0.611 0.573 0.611 0.573 0.606 0.574 0.605 0.575 0.605 0.575 0.602 0.576 0.601 0.577 0.601 0.577 0.598 0.578 0.597 0.579 0.597 0.579 0.596 0.578 0.596 0.577 0.595 0.577 0.594 0.572 0.594 0.571 0.593 0.571 0.592 0.568 0.592 0.567 0.591 0.567 0.59 0.564 0.59 0.563 0.589 0.563 0.588 0.558 0.588 0.557 0.587 0.557 0.586 0.554 0.586 0.553 0.585 0.553 0.584 0.55 0.584 0.549 0.583 0.549 0.582 0.544 0.582 0.543 0.581 0.543 0.58 0.54 0.58 0.539 0.579 0.539 0.578 0.536 0.578 0.535 0.577 0.535 0.576 0.53 0.576 0.529 0.575 0.529 0.574 0.526 0.574 0.525 0.573 0.525 0.572 0.522 0.572 0.521 0.571 0.521 0.57 0.516 0.57 0.515 0.569 0.515 0.568 0.512 0.568 0.511 0.567 0.511 0.566 0.508 0.566 0.507 0.565 0.507 0.564 0.502 0.564 0.501 0.563 0.501 0.562 0.498 0.562 0.497 0.561 0.497 0.56
7 0.084 0.156 0.012 0.012 0.08 0.15 0.08 0.151 0.079 0.152 0.078 0.152 0.078 0.155 0.079 0.155 0.08 0.156 0.08 0.159 0.081 0.159 0.082 0.16 0.082 0.161 0.087 0.161 0.087 0.16 0.088 0.159 0.089 0.159 0.089 0.152 0.088 0.152 0.087 0.151 0.087 0.15
4 0.498 0.322 0.016 0.016 0.492 0.314 0.492 0.315 0.491 0.316 0.49 0.316 0.49 0.327 0.491 0.327 0.492 0.328 0.492 0.329 0.503 0.329 0.503 0.328 0.504 0.327 0.505 0.327 0.505 0.318 0.504 0.318 0.503 0.317 0.503 0.316 0.502 0.316 0.501 0.315 0.501 0.314
4 0.604 0.28600000000000003 0.024 0.024 0.594 0.274 0.594 0.275 0.593 0.276 0.592 0.276 0.592 0.293 0.593 0.293 0.594 0.294 0.594 0.295 0.597 0.295 0.598 0.296 0.598 0.297 0.605 0.297 0.605 0.296 0.606 0.295 0.611 0.295 0.611 0.294 0.612 0.293 0.613 0.293 0.613 0.29 0.614 0.289 0.615 0.289 0.615 0.276 0.614 0.276 0.613 0.275 0.613 0.274
4 0.094 0.229 0.028 0.022 0.086 0.218 0.086 0.219 0.085 0.22 0.084 0.22 0.084 0.225 0.083 0.226 0.082 0.226 0.082 0.231 0.081 0.232 0.08 0.232 0.08 0.235 0.081 0.235 0.082 0.236 0.082 0.237 0.083 0.237 0.084 0.238 0.084 0.239 0.103 0.239 0.103 0.236 0.104 0.235 0.105 0.235 0.105 0.23 0.106 0.229 0.107 0.229 0.107 0.22 0.106 0.22 0.105 0.219 0.105 0.218
7 0.007 0.189 0.014 0.014 0.0 0.182 0.0 0.195 0.011 0.195 0.011 0.192 0.012 0.191 0.013 0.191 0.013 0.188 0.012 0.188 0.011 0.187 0.011 0.184 0.008 0.184 0.007 0.183 0.007 0.182
7 0.966 0.372 0.012 0.012 0.962 0.366 0.962 0.367 0.961 0.368 0.96 0.368 0.96 0.373 0.961 0.373 0.962 0.374 0.962 0.375 0.963 0.375 0.964 0.376 0.964 0.377 0.969 0.377 0.969 0.376 0.97 0.375 0.971 0.375 0.971 0.366
7 0.526 0.48 0.016 0.012 0.522 0.474 0.522 0.475 0.521 0.476 0.52 0.476 0.52 0.477 0.519 0.478 0.518 0.478 0.518 0.481 0.519 0.481 0.52 0.482 0.52 0.483 0.521 0.483 0.522 0.484 0.522 0.485 0.527 0.485 0.527 0.484 0.528 0.483 0.529 0.483 0.529 0.48 0.53 0.479 0.531 0.479 0.531 0.478 0.532 0.477 0.533 0.477 0.533 0.474
7 0.41400000000000003 0.591 0.012 0.018000000000000002 0.412 0.582 0.412 0.583 0.411 0.584 0.41 0.584 0.41 0.587 0.409 0.588 0.408 0.588 0.408 0.593 0.409 0.593 0.41 0.594 0.41 0.595 0.413 0.595 0.414 0.596 0.414 0.597 0.415 0.597 0.416 0.598 0.416 0.599 0.419 0.599 0.419 0.588 0.418 0.588 0.417 0.587 0.417 0.582
7 0.311 0.975 0.03 0.03 0.31 0.96 0.31 0.961 0.309 0.962 0.306 0.962 0.306 0.965 0.305 0.966 0.304 0.966 0.304 0.969 0.303 0.97 0.302 0.97 0.302 0.973 0.301 0.974 0.3 0.974 0.3 0.975 0.299 0.976 0.298 0.976 0.298 0.979 0.297 0.98 0.296 0.98 0.296 0.987 0.297 0.987 0.298 0.988 0.298 0.989 0.301 0.989 0.301 0.988 0.302 0.987 0.311 0.987 0.311 0.986 0.312 0.985 0.323 0.985 0.323 0.984 0.324 0.983 0.325 0.983 0.325 0.98 0.324 0.98 0.323 0.979 0.323 0.976 0.322 0.976 0.321 0.975 0.321 0.974 0.32 0.974 0.319 0.973 0.319 0.972 0.318 0.972 0.317 0.971 0.317 0.97 0.316 0.97 0.315 0.969 0.315 0.966 0.314 0.966 0.313 0.965 0.313 0.962 0.312 0.962 0.311 0.961 0.311 0.96
7 0.425 0.598 0.014 0.016 0.42 0.59 0.42 0.591 0.419 0.592 0.418 0.592 0.418 0.601 0.421 0.601 0.422 0.602 0.422 0.603 0.425 0.603 0.426 0.604 0.426 0.605 0.427 0.605 0.427 0.604 0.428 0.603 0.429 0.603 0.429 0.602 0.43 0.601 0.431 0.601 0.431 0.594 0.43 0.594 0.429 0.593 0.429 0.592 0.426 0.592 0.425 0.591 0.425 0.59
3 0.603 0.368 0.08600000000000001 0.092 0.586 0.322 0.586 0.323 0.585 0.324 0.584 0.324 0.584 0.325 0.583 0.326 0.582 0.326 0.582 0.327 0.581 0.328 0.58 0.328 0.58 0.331 0.579 0.332 0.578 0.332 0.578 0.335 0.577 0.336 0.576 0.336 0.576 0.337 0.575 0.338 0.574 0.338 0.574 0.341 0.573 0.342 0.572 0.342 0.572 0.343 0.571 0.344 0.57 0.344 0.57 0.345 0.569 0.346 0.568 0.346 0.568 0.347 0.567 0.348 0.566 0.348 0.566 0.351 0.565 0.352 0.564 0.352 0.564 0.353 0.563 0.354 0.562 0.354 0.562 0.355 0.561 0.356 0.56 0.356 0.56 0.371 0.561 0.371 0.562 0.372 0.562 0.375 0.563 0.375 0.564 0.376 0.564 0.381 0.565 0.381 0.566 0.382 0.566 0.387 0.567 0.387 0.568 0.388 0.568 0.389 0.569 0.389 0.57 0.39 0.57 0.393 0.571 0.393 0.572 0.394 0.572 0.397 0.573 0.397 0.574 0.398 0.574 0.399 0.577 0.399 0.578 0.4 0.578 0.401 0.581 0.401 0.582 0.402 0.582 0.403 0.591 0.403 0.592 0.404 0.592 0.407 0.593 0.407 0.594 0.408 0.594 0.409 0.599 0.409 0.6 0.41 0.6 0.411 0.607 0.411 0.608 0.412 0.608 0.413 0.613 0.413 0.613 0.412 0.614 0.411 0.637 0.411 0.637 0.41 0.638 0.409 0.639 0.409 0.639 0.406 0.64 0.405 0.641 0.405 0.641 0.374 0.642 0.373 0.643 0.373 0.643 0.362 0.644 0.361 0.645 0.361 0.645 0.332 0.644 0.332 0.643 0.331 0.643 0.33 0.64 0.33 0.639 0.329 0.639 0.328 0.63 0.328 0.629 0.327 0.629 0.326 0.608 0.326 0.607 0.325 0.607 0.324 0.6 0.324 0.599 0.323 0.599 0.322
