5 0.064 0.807 0.02 0.018000000000000002 0.058 0.798 0.058 0.799 0.057 0.8 0.056 0.8 0.056 0.801 0.055 0.802 0.054 0.802 0.054 0.805 0.055 0.805 0.056 0.806 0.056 0.809 0.057 0.809 0.058 0.81 0.058 0.811 0.063 0.811 0.064 0.812 0.064 0.813 0.067 0.813 0.068 0.814 0.068 0.815 0.073 0.815 0.073 0.802 0.072 0.802 0.071 0.801 0.071 0.8 0.066 0.8 0.065 0.799 0.065 0.798
3 0.586 0.10300000000000001 0.052000000000000005 0.05 0.564 0.078 0.564 0.081 0.563 0.082 0.562 0.082 0.562 0.097 0.561 0.098 0.56 0.098 0.56 0.121 0.561 0.121 0.562 0.122 0.562 0.123 0.567 0.123 0.568 0.124 0.568 0.125 0.587 0.125 0.588 0.126 0.588 0.127 0.605 0.127 0.605 0.126 0.606 0.125 0.607 0.125 0.607 0.124 0.608 0.123 0.609 0.123 0.609 0.094 0.61 0.093 0.611 0.093 0.611 0.082 0.61 0.082 0.609 0.081 0.609 0.08 0.608 0.08 0.607 0.079 0.607 0.078
7 0.717 0.487 0.01 0.014 0.714 0.48 0.714 0.481 0.713 0.482 0.712 0.482 0.712 0.491 0.715 0.491 0.716 0.492 0.716 0.493 0.717 0.493 0.717 0.492 0.718 0.491 0.721 0.491 0.721 0.482 0.718 0.482 0.717 0.481 0.717 0.48
6 0.968 0.91 0.048 0.124 0.952 0.848 0.952 0.861 0.951 0.862 0.95 0.862 0.95 0.879 0.949 0.88 0.948 0.88 0.948 0.927 0.947 0.928 0.946 0.928 0.946 0.953 0.945 0.954 0.944 0.954 0.944 0.967 0.945 0.967 0.946 0.968 0.946 0.969 0.953 0.969 0.953 0.968 0.954 0.967 0.989 0.967 0.989 0.886 0.99 0.885 0.991 0.885 0.991 0.882 0.99 0.882 0.989 0.881 0.989 0.876 0.99 0.875 0.991 0.875 0.991 0.852 0.99 0.852 0.989 0.851 0.989 0.85 0.988 0.85 0.987 0.849 0.987 0.848
3 0.807 0.605 0.166 0.08600000000000001 0.752 0.562 0.752 0.563 0.751 0.564 0.75 0.564 0.75 0.569 0.749 0.57 0.748 0.57 0.748 0.575 0.747 0.576 0.746 0.576 0.746 0.581 0.745 0.582 0.744 0.582 0.744 0.585 0.743 0.586 0.742 0.586 0.742 0.591 0.741 0.592 0.74 0.592 0.74 0.597 0.739 0.598 0.738 0.598 0.738 0.601 0.737 0.602 0.736 0.602 0.736 0.607 0.735 0.608 0.734 0.608 0.734 0.613 0.733 0.614 0.732 0.614 0.732 0.619 0.731 0.62 0.73 0.62 0.73 0.623 0.729 0.624 0.728 0.624 0.728 0.629 0.727 0.63 0.726 0.63 0.726 0.635 0.725 0.636 0.724 0.636 0.724 0.637 0.739 0.637 0.74 0.638 0.74 0.639 0.773 0.639 0.774 0.64 0.774 0.641 0.807 0.641 0.808 0.642 0.808 0.643 0.839 0.643 0.84 0.644 0.84 0.645 0.873 0.645 0.874 0.646 0.874 0.647 0.889 0.647 0.889 0.644 0.888 0.644 0.887 0.643 0.887 0.634 0.886 0.634 0.885 0.633 0.885 0.626 0.884 0.626 0.883 0.625 0.883 0.616 0.882 0.616 0.881 0.615 0.881 0.608 0.88 0.608 0.879 0.607 0.879 0.6 0.878 0.6 0.877 0.599 0.877 0.59 0.876 0.59 0.875 0.589 0.875 0.582 0.874 0.582 0.873 0.581 0.873 0.572 0.872 0.572 0.871 0.571 0.871 0.568 0.852 0.568 0.851 0.567 0.851 0.566 0.812 0.566 0.811 0.565 0.811 0.564 0.772 0.564 0.771 0.563 0.771 0.562
5 0.44 0.539 0.016 0.018000000000000002 0.434 0.53 0.434 0.531 0.433 0.532 0.432 0.532 0.432 0.545 0.433 0.545 0.434 0.546 0.434 0.547 0.439 0.547 0.439 0.546 0.44 0.545 0.445 0.545 0.445 0.544 0.446 0.543 0.447 0.543 0.447 0.534 0.444 0.534 0.443 0.533 0.443 0.532 0.436 0.532 0.435 0.531 0.435 0.53
4 0.161 0.8220000000000001 0.018000000000000002 0.024 0.156 0.81 0.156 0.813 0.155 0.814 0.154 0.814 0.154 0.823 0.153 0.824 0.152 0.824 0.152 0.831 0.157 0.831 0.158 0.832 0.158 0.833 0.163 0.833 0.163 0.832 0.164 0.831 0.169 0.831 0.169 0.81
7 0.542 0.47500000000000003 0.016 0.014 0.536 0.468 0.536 0.471 0.535 0.472 0.534 0.472 0.534 0.481 0.547 0.481 0.547 0.48 0.548 0.479 0.549 0.479 0.549 0.47 0.546 0.47 0.545 0.469 0.545 0.468
4 0.004 0.418 0.008 0.024 0.0 0.406 0.0 0.429 0.005 0.429 0.005 0.426 0.006 0.425 0.007 0.425 0.007 0.41 0.006 0.41 0.005 0.409 0.005 0.406
4 0.006 0.279 0.012 0.026000000000000002 0.0 0.266 0.0 0.291 0.005 0.291 0.005 0.29 0.006 0.289 0.007 0.289 0.007 0.288 0.008 0.287 0.009 0.287 0.009 0.272 0.01 0.271 0.011 0.271 0.011 0.27 0.01 0.27 0.009 0.269 0.009 0.266
3 0.759 0.8290000000000001 0.186 0.098 0.694 0.78 0.694 0.781 0.693 0.782 0.67 0.782 0.67 0.783 0.669 0.784 0.668 0.784 0.668 0.787 0.667 0.788 0.666 0.788 0.666 0.811 0.667 0.811 0.668 0.812 0.668 0.817 0.669 0.817 0.67 0.818 0.67 0.821 0.671 0.821 0.672 0.822 0.672 0.823 0.673 0.823 0.674 0.824 0.674 0.827 0.675 0.827 0.676 0.828 0.676 0.829 0.677 0.829 0.678 0.83 0.678 0.833 0.679 0.833 0.68 0.834 0.68 0.837 0.681 0.837 0.682 0.838 0.682 0.841 0.683 0.841 0.684 0.842 0.684 0.849 0.685 0.849 0.686 0.85 0.686 0.861 0.687 0.861 0.688 0.862 0.688 0.865 0.689 0.865 0.69 0.866 0.69 0.869 0.691 0.869 0.692 0.87 0.692 0.871 0.695 0.871 0.696 0.872 0.696 0.873 0.699 0.873 0.7 0.874 0.7 0.875 0.711 0.875 0.711 0.874 0.712 0.873 0.757 0.873 0.758 0.874 0.758 0.875 0.817 0.875 0.818 0.876 0.818 0.877 0.825 0.877 0.825 0.876 0.826 0.875 0.829 0.875 0.829 0.874 0.83 0.873 0.831 0.873 0.831 0.87 0.832 0.869 0.833 0.869 0.833 0.862 0.834 0.861 0.835 0.861 0.835 0.856 0.836 0.855 0.837 0.855 0.837 0.85 0.838 0.849 0.839 0.849 0.839 0.84 0.84 0.839 0.841 0.839 0.841 0.834 0.842 0.833 0.843 0.833 0.843 0.83 0.844 0.829 0.845 0.829 0.845 0.822 0.846 0.821 0.847 0.821 0.847 0.816 0.848 0.815 0.849 0.815 0.849 0.808 0.85 0.807 0.851 0.807 0.851 0.794 0.848 0.794 0.847 0.793 0.847 0.792 0.834 0.792 0.833 0.791 0.833 0.79 0.824 0.79 0.823 0.789 0.823 0.788 0.808 0.788 0.807 0.787 0.807 0.786 0.776 0.786 0.775 0.785 0.775 0.784 0.73 0.784 0.729 0.783 0.729 0.782 0.728 0.782 0.728 0.783 0.727 0.784 0.724 0.784 0.723 0.783 0.723 0.782 0.706 0.782 0.705 0.781 0.705 0.78
3 0.425 0.811 0.166 0.098 0.354 0.762 0.354 0.763 0.353 0.764 0.35 0.764 0.35 0.765 0.349 0.766 0.348 0.766 0.348 0.767 0.347 0.768 0.346 0.768 0.346 0.771 0.345 0.772 0.344 0.772 0.344 0.775 0.343 0.776 0.342 0.776 0.342 0.787 0.343 0.787 0.344 0.788 0.344 0.795 0.345 0.795 0.346 0.796 0.346 0.799 0.347 0.799 0.348 0.8 0.348 0.805 0.349 0.805 0.35 0.806 0.35 0.807 0.351 0.807 0.352 0.808 0.352 0.811 0.353 0.811 0.354 0.812 0.354 0.817 0.355 0.817 0.356 0.818 0.356 0.823 0.357 0.823 0.358 0.824 0.358 0.825 0.361 0.825 0.362 0.826 0.362 0.833 0.363 0.833 0.364 0.834 0.364 0.837 0.365 0.837 0.366 0.838 0.366 0.843 0.367 0.843 0.368 0.844 0.368 0.845 0.369 0.845 0.37 0.846 0.37 0.847 0.371 0.847 0.372 0.848 0.372 0.851 0.375 0.851 0.376 0.852 0.376 0.853 0.383 0.853 0.384 0.854 0.384 0.855 0.399 0.855 0.4 0.856 0.4 0.857 0.455 0.857 0.456 0.858 0.456 0.859 0.467 0.859 0.467 0.858 0.468 0.857 0.477 0.857 0.477 0.856 0.478 0.855 0.481 0.855 0.481 0.854 0.482 0.853 0.483 0.853 0.483 0.852 0.484 0.851 0.485 0.851 0.485 0.85 0.486 0.849 0.487 0.849 0.487 0.844 0.488 0.843 0.489 0.843 0.489 0.836 0.49 0.835 0.491 0.835 0.491 0.832 0.492 0.831 0.493 0.831 0.493 0.826 0.494 0.825 0.495 0.825 0.495 0.818 0.496 0.817 0.497 0.817 0.497 0.81 0.498 0.809 0.499 0.809 0.499 0.806 0.5 0.805 0.501 0.805 0.501 0.8 0.502 0.799 0.503 0.799 0.503 0.794 0.504 0.793 0.505 0.793 0.505 0.788 0.506 0.787 0.507 0.787 0.507 0.776 0.506 0.776 0.505 0.775 0.505 0.774 0.49 0.774 0.489 0.773 0.489 0.772 0.482 0.772 0.481 0.771 0.481 0.77 0.456 0.77 0.455 0.769 0.455 0.768 0.432 0.768 0.431 0.767 0.431 0.766 0.4 0.766 0.399 0.765 0.399 0.764 0.378 0.764 0.378 0.765 0.377 0.766 0.36 0.766 0.359 0.765 0.359 0.764 0.356 0.764 0.355 0.763 0.355 0.762
3 0.875 0.1 0.046 0.04 0.854 0.08 0.854 0.083 0.853 0.084 0.852 0.084 0.852 0.111 0.853 0.111 0.854 0.112 0.854 0.115 0.857 0.115 0.858 0.116 0.858 0.117 0.885 0.117 0.886 0.118 0.886 0.119 0.889 0.119 0.889 0.118 0.89 0.117 0.895 0.117 0.895 0.108 0.896 0.107 0.897 0.107 0.897 0.082 0.896 0.082 0.895 0.081 0.895 0.08
3 0.781 0.09 0.046 0.048 0.766 0.066 0.766 0.067 0.765 0.068 0.762 0.068 0.762 0.071 0.761 0.072 0.76 0.072 0.76 0.099 0.759 0.1 0.758 0.1 0.758 0.111 0.761 0.111 0.762 0.112 0.762 0.113 0.801 0.113 0.801 0.112 0.802 0.111 0.803 0.111 0.803 0.072 0.802 0.072 0.801 0.071 0.801 0.07 0.8 0.07 0.799 0.069 0.799 0.068 0.772 0.068 0.771 0.067 0.771 0.066
3 0.682 0.088 0.04 0.036000000000000004 0.664 0.07 0.664 0.071 0.663 0.072 0.662 0.072 0.662 0.101 0.663 0.101 0.664 0.102 0.664 0.103 0.671 0.103 0.672 0.104 0.672 0.105 0.699 0.105 0.699 0.104 0.7 0.103 0.701 0.103 0.701 0.076 0.7 0.076 0.699 0.075 0.699 0.074 0.696 0.074 0.695 0.073 0.695 0.072 0.684 0.072 0.683 0.071 0.683 0.07
7 0.919 0.5 0.014 0.012 0.914 0.494 0.914 0.497 0.913 0.498 0.912 0.498 0.912 0.501 0.913 0.501 0.914 0.502 0.914 0.503 0.915 0.503 0.916 0.504 0.916 0.505 0.921 0.505 0.921 0.504 0.922 0.503 0.925 0.503 0.925 0.496 0.924 0.496 0.923 0.495 0.923 0.494
3 0.489 0.091 0.046 0.046 0.47 0.068 0.47 0.069 0.469 0.07 0.468 0.07 0.468 0.073 0.467 0.074 0.466 0.074 0.466 0.113 0.507 0.113 0.507 0.112 0.508 0.111 0.509 0.111 0.509 0.106 0.51 0.105 0.511 0.105 0.511 0.07 0.506 0.07 0.505 0.069 0.505 0.068
3 0.391 0.08700000000000001 0.046 0.042 0.37 0.066 0.37 0.067 0.369 0.068 0.368 0.068 0.368 0.105 0.371 0.105 0.372 0.106 0.372 0.107 0.411 0.107 0.411 0.106 0.412 0.105 0.413 0.105 0.413 0.068 0.412 0.068 0.411 0.067 0.411 0.066
7 0.354 0.539 0.024 0.01 0.342 0.534 0.342 0.537 0.343 0.537 0.344 0.538 0.344 0.539 0.345 0.539 0.346 0.54 0.346 0.541 0.347 0.541 0.348 0.542 0.348 0.543 0.363 0.543 0.363 0.542 0.364 0.541 0.365 0.541 0.365 0.54 0.364 0.54 0.363 0.539 0.363 0.534
7 0.714 0.562 0.024 0.012 0.708 0.556 0.708 0.557 0.707 0.558 0.704 0.558 0.704 0.559 0.703 0.56 0.702 0.56 0.702 0.561 0.703 0.561 0.704 0.562 0.704 0.563 0.707 0.563 0.708 0.564 0.708 0.565 0.711 0.565 0.712 0.566 0.712 0.567 0.723 0.567 0.723 0.566 0.724 0.565 0.725 0.565 0.725 0.558 0.722 0.558 0.721 0.557 0.721 0.556
7 0.888 0.5720000000000001 0.028 0.012 0.878 0.566 0.878 0.567 0.877 0.568 0.874 0.568 0.874 0.569 0.875 0.569 0.876 0.57 0.876 0.575 0.891 0.575 0.892 0.576 0.892 0.577 0.893 0.577 0.893 0.576 0.894 0.575 0.897 0.575 0.898 0.576 0.898 0.577 0.901 0.577 0.901 0.572 0.9 0.572 0.899 0.571 0.899 0.568 0.896 0.568 0.895 0.567 0.895 0.566
7 0.466 0.9 0.016 0.012 0.46 0.894 0.46 0.895 0.459 0.896 0.458 0.896 0.458 0.903 0.467 0.903 0.468 0.904 0.468 0.905 0.469 0.905 0.469 0.904 0.47 0.903 0.473 0.903 0.473 0.896 0.472 0.896 0.471 0.895 0.471 0.894
7 0.87 0.933 0.012 0.014 0.864 0.926 0.864 0.939 0.871 0.939 0.871 0.938 0.872 0.937 0.873 0.937 0.873 0.936 0.874 0.935 0.875 0.935 0.875 0.928 0.874 0.928 0.873 0.927 0.873 0.926
3 0.974 0.093 0.052000000000000005 0.058 0.956 0.064 0.956 0.071 0.955 0.072 0.954 0.072 0.954 0.085 0.953 0.086 0.952 0.086 0.952 0.099 0.951 0.1 0.95 0.1 0.95 0.113 0.949 0.114 0.948 0.114 0.948 0.119 0.975 0.119 0.976 0.12 0.976 0.121 0.999 0.121 0.999 0.066 0.978 0.066 0.977 0.065 0.977 0.064
3 0.8170000000000001 0.47200000000000003 0.17 0.1 0.732 0.422 0.732 0.425 0.733 0.425 0.734 0.426 0.734 0.431 0.735 0.431 0.736 0.432 0.736 0.439 0.737 0.439 0.738 0.44 0.738 0.447 0.739 0.447 0.74 0.448 0.74 0.453 0.741 0.453 0.742 0.454 0.742 0.461 0.743 0.461 0.744 0.462 0.744 0.467 0.745 0.467 0.746 0.468 0.746 0.475 0.747 0.475 0.748 0.476 0.748 0.483 0.749 0.483 0.75 0.484 0.75 0.489 0.751 0.489 0.752 0.49 0.752 0.497 0.753 0.497 0.754 0.498 0.754 0.505 0.755 0.505 0.756 0.506 0.756 0.511 0.757 0.511 0.758 0.512 0.758 0.515 0.777 0.515 0.778 0.516 0.778 0.517 0.817 0.517 0.818 0.518 0.818 0.519 0.855 0.519 0.856 0.52 0.856 0.521 0.875 0.521 0.875 0.518 0.876 0.517 0.877 0.517 0.877 0.512 0.878 0.511 0.879 0.511 0.879 0.504 0.88 0.503 0.881 0.503 0.881 0.498 0.882 0.497 0.883 0.497 0.883 0.49 0.884 0.489 0.885 0.489 0.885 0.484 0.886 0.483 0.887 0.483 0.887 0.476 0.888 0.475 0.889 0.475 0.889 0.468 0.89 0.467 0.891 0.467 0.891 0.462 0.892 0.461 0.893 0.461 0.893 0.454 0.894 0.453 0.895 0.453 0.895 0.448 0.896 0.447 0.897 0.447 0.897 0.44 0.898 0.439 0.899 0.439 0.899 0.434 0.9 0.433 0.901 0.433 0.901 0.43 0.88 0.43 0.879 0.429 0.879 0.428 0.838 0.428 0.837 0.427 0.837 0.426 0.796 0.426 0.795 0.425 0.795 0.424 0.754 0.424 0.753 0.423 0.753 0.422
3 0.735 0.963 0.162 0.074 0.676 0.926 0.676 0.929 0.675 0.93 0.674 0.93 0.674 0.935 0.673 0.936 0.672 0.936 0.672 0.943 0.671 0.944 0.67 0.944 0.67 0.951 0.669 0.952 0.668 0.952 0.668 0.957 0.667 0.958 0.666 0.958 0.666 0.965 0.665 0.966 0.664 0.966 0.664 0.973 0.663 0.974 0.662 0.974 0.662 0.979 0.661 0.98 0.66 0.98 0.66 0.987 0.659 0.988 0.658 0.988 0.658 0.995 0.657 0.996 0.656 0.996 0.656 0.999 0.815 0.999 0.815 0.998 0.814 0.998 0.813 0.997 0.813 0.99 0.812 0.99 0.811 0.989 0.811 0.984 0.81 0.984 0.809 0.983 0.809 0.976 0.808 0.976 0.807 0.975 0.807 0.968 0.806 0.968 0.805 0.967 0.805 0.962 0.804 0.962 0.803 0.961 0.803 0.954 0.802 0.954 0.801 0.953 0.801 0.948 0.8 0.948 0.799 0.947 0.799 0.944 0.794 0.944 0.793 0.943 0.793 0.942 0.78 0.942 0.779 0.941 0.779 0.94 0.766 0.94 0.765 0.939 0.765 0.938 0.752 0.938 0.751 0.937 0.751 0.936 0.738 0.936 0.737 0.935 0.737 0.934 0.724 0.934 0.723 0.933 0.723 0.932 0.71 0.932 0.709 0.931 0.709 0.93 0.696 0.93 0.695 0.929 0.695 0.928 0.682 0.928 0.681 0.927 0.681 0.926
3 0.41500000000000004 0.933 0.146 0.08600000000000001 0.374 0.89 0.374 0.891 0.373 0.892 0.372 0.892 0.372 0.895 0.371 0.896 0.37 0.896 0.37 0.901 0.369 0.902 0.368 0.902 0.368 0.905 0.367 0.906 0.366 0.906 0.366 0.909 0.365 0.91 0.364 0.91 0.364 0.913 0.363 0.914 0.362 0.914 0.362 0.919 0.361 0.92 0.36 0.92 0.36 0.923 0.359 0.924 0.358 0.924 0.358 0.927 0.357 0.928 0.356 0.928 0.356 0.931 0.355 0.932 0.354 0.932 0.354 0.937 0.353 0.938 0.352 0.938 0.352 0.941 0.351 0.942 0.35 0.942 0.35 0.945 0.349 0.946 0.348 0.946 0.348 0.949 0.347 0.95 0.346 0.95 0.346 0.955 0.345 0.956 0.344 0.956 0.344 0.959 0.343 0.96 0.342 0.96 0.342 0.961 0.353 0.961 0.354 0.962 0.354 0.963 0.373 0.963 0.374 0.964 0.374 0.965 0.395 0.965 0.396 0.966 0.396 0.967 0.415 0.967 0.416 0.968 0.416 0.969 0.437 0.969 0.438 0.97 0.438 0.971 0.457 0.971 0.458 0.972 0.458 0.973 0.479 0.973 0.48 0.974 0.48 0.975 0.487 0.975 0.487 0.972 0.486 0.972 0.485 0.971 0.485 0.966 0.484 0.966 0.483 0.965 0.483 0.958 0.482 0.958 0.481 0.957 0.481 0.952 0.48 0.952 0.479 0.951 0.479 0.944 0.478 0.944 0.477 0.943 0.477 0.938 0.476 0.938 0.475 0.937 0.475 0.93 0.474 0.93 0.473 0.929 0.473 0.924 0.472 0.924 0.471 0.923 0.471 0.916 0.47 0.916 0.469 0.915 0.469 0.91 0.468 0.91 0.467 0.909 0.467 0.904 0.458 0.904 0.457 0.903 0.457 0.898 0.454 0.898 0.453 0.897 0.453 0.896 0.43 0.896 0.429 0.895 0.429 0.894 0.408 0.894 0.407 0.893 0.407 0.892 0.384 0.892 0.383 0.891 0.383 0.89
2 0.627 0.85 0.022 0.108 0.618 0.796 0.618 0.849 0.617 0.85 0.616 0.85 0.616 0.901 0.625 0.901 0.626 0.902 0.626 0.903 0.633 0.903 0.633 0.876 0.634 0.875 0.635 0.875 0.635 0.822 0.636 0.821 0.637 0.821 0.637 0.796
3 0.434 0.582 0.168 0.084 0.38 0.54 0.38 0.541 0.379 0.542 0.378 0.542 0.378 0.547 0.377 0.548 0.376 0.548 0.376 0.551 0.375 0.552 0.374 0.552 0.374 0.557 0.373 0.558 0.372 0.558 0.372 0.561 0.371 0.562 0.37 0.562 0.37 0.567 0.369 0.568 0.368 0.568 0.368 0.571 0.367 0.572 0.366 0.572 0.366 0.577 0.365 0.578 0.364 0.578 0.364 0.581 0.363 0.582 0.362 0.582 0.362 0.585 0.361 0.586 0.36 0.586 0.36 0.591 0.359 0.592 0.358 0.592 0.358 0.595 0.357 0.596 0.356 0.596 0.356 0.601 0.355 0.602 0.354 0.602 0.354 0.605 0.353 0.606 0.352 0.606 0.352 0.611 0.351 0.612 0.35 0.612 0.35 0.613 0.365 0.613 0.366 0.614 0.366 0.615 0.399 0.615 0.4 0.616 0.4 0.617 0.433 0.617 0.434 0.618 0.434 0.619 0.467 0.619 0.468 0.62 0.468 0.621 0.501 0.621 0.502 0.622 0.502 0.623 0.517 0.623 0.517 0.618 0.516 0.618 0.515 0.617 0.515 0.608 0.514 0.608 0.513 0.607 0.513 0.596 0.512 0.596 0.511 0.595 0.511 0.586 0.51 0.586 0.509 0.585 0.509 0.576 0.508 0.576 0.507 0.575 0.507 0.564 0.506 0.564 0.505 0.563 0.505 0.554 0.504 0.554 0.503 0.553 0.503 0.548 0.488 0.548 0.487 0.547 0.487 0.546 0.458 0.546 0.457 0.545 0.457 0.544 0.446 0.544 0.446 0.545 0.445 0.546 0.44 0.546 0.44 0.547 0.439 0.548 0.434 0.548 0.433 0.547 0.433 0.546 0.432 0.546 0.431 0.545 0.431 0.544 0.426 0.544 0.425 0.543 0.425 0.542 0.396 0.542 0.395 0.541 0.395 0.54
3 0.448 0.448 0.18 0.10400000000000001 0.358 0.396 0.358 0.399 0.359 0.399 0.36 0.4 0.36 0.405 0.361 0.405 0.362 0.406 0.362 0.411 0.363 0.411 0.364 0.412 0.364 0.417 0.365 0.417 0.366 0.418 0.366 0.423 0.367 0.423 0.368 0.424 0.368 0.431 0.369 0.431 0.37 0.432 0.37 0.437 0.371 0.437 0.372 0.438 0.372 0.443 0.373 0.443 0.374 0.444 0.374 0.449 0.375 0.449 0.376 0.45 0.376 0.455 0.377 0.455 0.378 0.456 0.378 0.461 0.379 0.461 0.38 0.462 0.38 0.469 0.381 0.469 0.382 0.47 0.382 0.475 0.383 0.475 0.384 0.476 0.384 0.481 0.385 0.481 0.386 0.482 0.386 0.487 0.387 0.487 0.388 0.488 0.388 0.493 0.389 0.493 0.39 0.494 0.39 0.497 0.447 0.497 0.448 0.498 0.448 0.499 0.505 0.499 0.505 0.498 0.506 0.497 0.507 0.497 0.507 0.492 0.508 0.491 0.509 0.491 0.509 0.486 0.51 0.485 0.511 0.485 0.511 0.48 0.512 0.479 0.513 0.479 0.513 0.474 0.514 0.473 0.515 0.473 0.515 0.468 0.516 0.467 0.517 0.467 0.517 0.462 0.518 0.461 0.519 0.461 0.519 0.456 0.52 0.455 0.521 0.455 0.521 0.452 0.522 0.451 0.523 0.451 0.523 0.446 0.524 0.445 0.525 0.445 0.525 0.44 0.526 0.439 0.527 0.439 0.527 0.434 0.528 0.433 0.529 0.433 0.529 0.428 0.53 0.427 0.531 0.427 0.531 0.422 0.532 0.421 0.533 0.421 0.533 0.416 0.534 0.415 0.535 0.415 0.535 0.41 0.536 0.409 0.537 0.409 0.537 0.408 0.522 0.408 0.521 0.407 0.521 0.406 0.492 0.406 0.491 0.405 0.491 0.404 0.462 0.404 0.461 0.403 0.461 0.402 0.432 0.402 0.431 0.401 0.431 0.4 0.402 0.4 0.401 0.399 0.401 0.398 0.372 0.398 0.371 0.397 0.371 0.396
