5 0.23700000000000002 0.9490000000000001 0.014 0.018000000000000002 0.236 0.94 0.236 0.941 0.235 0.942 0.232 0.942 0.232 0.943 0.231 0.944 0.23 0.944 0.23 0.947 0.231 0.947 0.232 0.948 0.232 0.949 0.233 0.949 0.234 0.95 0.234 0.957 0.235 0.957 0.235 0.956 0.236 0.955 0.239 0.955 0.239 0.954 0.24 0.953 0.241 0.953 0.241 0.952 0.242 0.951 0.243 0.951 0.243 0.946 0.242 0.946 0.241 0.945 0.241 0.942 0.24 0.942 0.239 0.941 0.239 0.94
4 0.58 0.258 0.028 0.012 0.57 0.252 0.57 0.253 0.569 0.254 0.566 0.254 0.566 0.261 0.567 0.261 0.568 0.262 0.568 0.263 0.593 0.263 0.593 0.252 0.584 0.252 0.584 0.253 0.583 0.254 0.578 0.254 0.577 0.253 0.577 0.252
7 0.8180000000000001 0.199 0.02 0.058 0.814 0.17 0.814 0.171 0.813 0.172 0.808 0.172 0.808 0.201 0.809 0.201 0.81 0.202 0.81 0.225 0.811 0.225 0.812 0.226 0.812 0.227 0.823 0.227 0.823 0.226 0.824 0.225 0.827 0.225 0.827 0.176 0.826 0.176 0.825 0.175 0.825 0.172 0.822 0.172 0.821 0.171 0.821 0.17
4 0.68 0.131 0.04 0.026000000000000002 0.662 0.118 0.662 0.119 0.661 0.12 0.66 0.12 0.66 0.141 0.661 0.141 0.662 0.142 0.662 0.143 0.693 0.143 0.693 0.142 0.694 0.141 0.697 0.141 0.697 0.14 0.698 0.139 0.699 0.139 0.699 0.12 0.698 0.12 0.697 0.119 0.697 0.118
5 0.752 0.227 0.02 0.018000000000000002 0.742 0.218 0.742 0.223 0.743 0.223 0.744 0.224 0.744 0.233 0.753 0.233 0.754 0.234 0.754 0.235 0.755 0.235 0.755 0.234 0.756 0.233 0.757 0.233 0.757 0.232 0.758 0.231 0.759 0.231 0.759 0.226 0.76 0.225 0.761 0.225 0.761 0.224 0.76 0.224 0.759 0.223 0.759 0.22 0.758 0.22 0.757 0.219 0.757 0.218
7 0.725 0.098 0.01 0.012 0.722 0.092 0.722 0.093 0.721 0.094 0.72 0.094 0.72 0.101 0.721 0.101 0.722 0.102 0.722 0.103 0.729 0.103 0.729 0.094 0.728 0.094 0.727 0.093 0.727 0.092
3 0.723 0.28300000000000003 0.13 0.05 0.662 0.258 0.662 0.259 0.661 0.26 0.66 0.26 0.66 0.261 0.659 0.262 0.658 0.262 0.658 0.305 0.659 0.305 0.66 0.306 0.66 0.307 0.781 0.307 0.781 0.306 0.782 0.305 0.785 0.305 0.785 0.304 0.786 0.303 0.787 0.303 0.787 0.294 0.786 0.294 0.785 0.293 0.785 0.262 0.784 0.262 0.783 0.261 0.783 0.26 0.78 0.26 0.779 0.259 0.779 0.258
7 0.443 0.14200000000000002 0.014 0.012 0.438 0.136 0.438 0.137 0.437 0.138 0.436 0.138 0.436 0.147 0.449 0.147 0.449 0.136
7 0.721 0.159 0.014 0.014 0.716 0.152 0.716 0.153 0.715 0.154 0.714 0.154 0.714 0.163 0.715 0.163 0.716 0.164 0.716 0.165 0.725 0.165 0.725 0.164 0.726 0.163 0.727 0.163 0.727 0.156 0.726 0.156 0.725 0.155 0.725 0.154 0.724 0.154 0.723 0.153 0.723 0.152
4 0.5720000000000001 0.216 0.028 0.012 0.56 0.21 0.56 0.215 0.559 0.216 0.558 0.216 0.558 0.217 0.559 0.217 0.56 0.218 0.56 0.219 0.575 0.219 0.576 0.22 0.576 0.221 0.583 0.221 0.583 0.22 0.584 0.219 0.585 0.219 0.585 0.21 0.576 0.21 0.576 0.211 0.575 0.212 0.57 0.212 0.569 0.211 0.569 0.21
4 0.451 0.26 0.03 0.016 0.456 0.252 0.456 0.253 0.455 0.254 0.438 0.254 0.438 0.255 0.437 0.256 0.436 0.256 0.436 0.261 0.437 0.261 0.438 0.262 0.438 0.267 0.463 0.267 0.463 0.266 0.464 0.265 0.465 0.265 0.465 0.258 0.464 0.258 0.463 0.257 0.463 0.254 0.46 0.254 0.459 0.253 0.459 0.252
5 0.269 0.8160000000000001 0.018000000000000002 0.016 0.262 0.808 0.262 0.809 0.261 0.81 0.26 0.81 0.26 0.819 0.261 0.819 0.262 0.82 0.262 0.821 0.267 0.821 0.268 0.822 0.268 0.823 0.269 0.823 0.269 0.822 0.27 0.821 0.275 0.821 0.275 0.82 0.276 0.819 0.277 0.819 0.277 0.818 0.276 0.818 0.275 0.817 0.275 0.81 0.268 0.81 0.267 0.809 0.267 0.808
