4 0.436 0.387 0.02 0.014 0.436 0.38 0.436 0.381 0.435 0.382 0.428 0.382 0.428 0.383 0.427 0.384 0.426 0.384 0.426 0.389 0.427 0.389 0.428 0.39 0.428 0.391 0.429 0.391 0.43 0.392 0.43 0.393 0.443 0.393 0.443 0.392 0.444 0.391 0.445 0.391 0.445 0.382 0.442 0.382 0.441 0.381 0.441 0.38
7 0.045 0.34400000000000003 0.01 0.012 0.04 0.338 0.04 0.347 0.041 0.347 0.042 0.348 0.042 0.349 0.047 0.349 0.047 0.348 0.048 0.347 0.049 0.347 0.049 0.338
7 0.077 0.41600000000000004 0.034 0.02 0.082 0.406 0.082 0.407 0.081 0.408 0.064 0.408 0.064 0.409 0.063 0.41 0.062 0.41 0.062 0.413 0.061 0.414 0.06 0.414 0.06 0.417 0.061 0.417 0.062 0.418 0.062 0.423 0.065 0.423 0.066 0.424 0.066 0.425 0.085 0.425 0.085 0.424 0.086 0.423 0.089 0.423 0.089 0.42 0.09 0.419 0.091 0.419 0.091 0.416 0.092 0.415 0.093 0.415 0.093 0.406
4 0.854 0.636 0.016 0.02 0.852 0.626 0.852 0.627 0.851 0.628 0.848 0.628 0.848 0.631 0.847 0.632 0.846 0.632 0.846 0.641 0.847 0.641 0.848 0.642 0.848 0.643 0.851 0.643 0.852 0.644 0.852 0.645 0.857 0.645 0.857 0.644 0.858 0.643 0.861 0.643 0.861 0.628 0.86 0.628 0.859 0.627 0.859 0.626
3 0.8150000000000001 0.262 0.066 0.10400000000000001 0.818 0.21 0.818 0.211 0.817 0.212 0.806 0.212 0.806 0.213 0.805 0.214 0.794 0.214 0.794 0.215 0.793 0.216 0.788 0.216 0.788 0.217 0.787 0.218 0.782 0.218 0.782 0.227 0.783 0.227 0.784 0.228 0.784 0.237 0.785 0.237 0.786 0.238 0.786 0.243 0.787 0.243 0.788 0.244 0.788 0.255 0.789 0.255 0.79 0.256 0.79 0.265 0.791 0.265 0.792 0.266 0.792 0.275 0.793 0.275 0.794 0.276 0.794 0.283 0.795 0.283 0.796 0.284 0.796 0.293 0.797 0.293 0.798 0.294 0.798 0.303 0.799 0.303 0.8 0.304 0.8 0.309 0.801 0.309 0.802 0.31 0.802 0.313 0.807 0.313 0.807 0.312 0.808 0.311 0.825 0.311 0.825 0.31 0.826 0.309 0.837 0.309 0.837 0.308 0.838 0.307 0.843 0.307 0.843 0.306 0.844 0.305 0.845 0.305 0.845 0.304 0.846 0.303 0.847 0.303 0.847 0.302 0.846 0.302 0.845 0.301 0.845 0.3 0.844 0.3 0.843 0.299 0.843 0.292 0.842 0.292 0.841 0.291 0.841 0.278 0.84 0.278 0.839 0.277 0.839 0.266 0.838 0.266 0.837 0.265 0.837 0.26 0.836 0.26 0.835 0.259 0.835 0.248 0.834 0.248 0.833 0.247 0.833 0.236 0.832 0.236 0.831 0.235 0.831 0.228 0.83 0.228 0.829 0.227 0.829 0.22 0.828 0.22 0.827 0.219 0.827 0.214 0.826 0.214 0.825 0.213 0.825 0.212 0.822 0.212 0.821 0.211 0.821 0.21
7 0.898 0.643 0.012 0.01 0.892 0.638 0.892 0.639 0.893 0.639 0.894 0.64 0.894 0.645 0.895 0.645 0.896 0.646 0.896 0.647 0.903 0.647 0.903 0.64 0.902 0.64 0.901 0.639 0.901 0.638
7 0.891 0.219 0.01 0.014 0.888 0.212 0.888 0.213 0.887 0.214 0.886 0.214 0.886 0.223 0.887 0.223 0.888 0.224 0.888 0.225 0.893 0.225 0.893 0.224 0.894 0.223 0.895 0.223 0.895 0.216 0.894 0.216 0.893 0.215 0.893 0.212
4 0.523 0.304 0.026000000000000002 0.024 0.522 0.292 0.522 0.293 0.521 0.294 0.514 0.294 0.514 0.295 0.513 0.296 0.512 0.296 0.512 0.297 0.511 0.298 0.51 0.298 0.51 0.301 0.511 0.301 0.512 0.302 0.512 0.307 0.513 0.307 0.514 0.308 0.514 0.311 0.515 0.311 0.516 0.312 0.516 0.313 0.519 0.313 0.52 0.314 0.52 0.315 0.525 0.315 0.525 0.314 0.526 0.313 0.531 0.313 0.531 0.312 0.532 0.311 0.533 0.311 0.533 0.31 0.534 0.309 0.535 0.309 0.535 0.292
4 0.423 0.327 0.022 0.014 0.416 0.32 0.416 0.321 0.415 0.322 0.414 0.322 0.414 0.323 0.413 0.324 0.412 0.324 0.412 0.329 0.413 0.329 0.414 0.33 0.414 0.331 0.415 0.331 0.416 0.332 0.416 0.333 0.427 0.333 0.427 0.332 0.428 0.331 0.429 0.331 0.429 0.33 0.43 0.329 0.431 0.329 0.431 0.324 0.432 0.323 0.433 0.323 0.433 0.322 0.432 0.322 0.431 0.321 0.431 0.32
4 0.8300000000000001 0.546 0.02 0.016 0.822 0.538 0.822 0.539 0.821 0.54 0.82 0.54 0.82 0.547 0.821 0.547 0.822 0.548 0.822 0.551 0.823 0.551 0.824 0.552 0.824 0.553 0.835 0.553 0.835 0.552 0.836 0.551 0.837 0.551 0.837 0.548 0.838 0.547 0.839 0.547 0.839 0.542 0.838 0.542 0.837 0.541 0.837 0.538
3 0.878 0.47900000000000004 0.14 0.114 0.91 0.422 0.91 0.423 0.909 0.424 0.892 0.424 0.892 0.425 0.891 0.426 0.876 0.426 0.876 0.427 0.875 0.428 0.856 0.428 0.856 0.429 0.855 0.43 0.836 0.43 0.836 0.431 0.835 0.432 0.82 0.432 0.82 0.433 0.819 0.434 0.81 0.434 0.81 0.437 0.809 0.438 0.808 0.438 0.808 0.451 0.809 0.451 0.81 0.452 0.81 0.473 0.811 0.473 0.812 0.474 0.812 0.495 0.813 0.495 0.814 0.496 0.814 0.517 0.815 0.517 0.816 0.518 0.816 0.531 0.817 0.531 0.818 0.532 0.818 0.533 0.819 0.533 0.82 0.534 0.82 0.535 0.829 0.535 0.829 0.534 0.83 0.533 0.841 0.533 0.841 0.532 0.842 0.531 0.853 0.531 0.853 0.53 0.854 0.529 0.905 0.529 0.905 0.528 0.906 0.527 0.943 0.527 0.943 0.526 0.944 0.525 0.947 0.525 0.947 0.482 0.946 0.482 0.945 0.481 0.945 0.46 0.944 0.46 0.943 0.459 0.943 0.432 0.942 0.432 0.941 0.431 0.941 0.426 0.94 0.426 0.939 0.425 0.939 0.422
