3 0.679 0.209 0.11 0.078 0.712 0.17 0.712 0.171 0.711 0.172 0.706 0.172 0.706 0.173 0.705 0.174 0.7 0.174 0.7 0.175 0.699 0.176 0.694 0.176 0.694 0.177 0.693 0.178 0.688 0.178 0.688 0.179 0.687 0.18 0.684 0.18 0.684 0.181 0.683 0.182 0.678 0.182 0.678 0.183 0.677 0.184 0.674 0.184 0.674 0.185 0.673 0.186 0.666 0.186 0.666 0.187 0.665 0.188 0.662 0.188 0.662 0.189 0.661 0.19 0.658 0.19 0.658 0.191 0.657 0.192 0.654 0.192 0.654 0.193 0.653 0.194 0.648 0.194 0.648 0.195 0.647 0.196 0.644 0.196 0.644 0.197 0.643 0.198 0.636 0.198 0.636 0.199 0.635 0.2 0.628 0.2 0.628 0.201 0.627 0.202 0.624 0.202 0.624 0.215 0.625 0.215 0.626 0.216 0.626 0.223 0.627 0.223 0.628 0.224 0.628 0.229 0.629 0.229 0.63 0.23 0.63 0.235 0.631 0.235 0.632 0.236 0.632 0.241 0.633 0.241 0.634 0.242 0.634 0.243 0.635 0.243 0.636 0.244 0.636 0.245 0.637 0.245 0.638 0.246 0.638 0.247 0.645 0.247 0.645 0.246 0.646 0.245 0.649 0.245 0.649 0.244 0.65 0.243 0.655 0.243 0.655 0.242 0.656 0.241 0.661 0.241 0.661 0.24 0.662 0.239 0.665 0.239 0.665 0.238 0.666 0.237 0.669 0.237 0.669 0.236 0.67 0.235 0.671 0.235 0.671 0.234 0.672 0.233 0.673 0.233 0.673 0.232 0.674 0.231 0.691 0.231 0.691 0.23 0.692 0.229 0.697 0.229 0.697 0.228 0.698 0.227 0.701 0.227 0.701 0.226 0.702 0.225 0.705 0.225 0.705 0.224 0.706 0.223 0.711 0.223 0.711 0.222 0.712 0.221 0.717 0.221 0.717 0.22 0.718 0.219 0.723 0.219 0.723 0.218 0.724 0.217 0.727 0.217 0.727 0.216 0.728 0.215 0.731 0.215 0.731 0.214 0.732 0.213 0.733 0.213 0.733 0.206 0.732 0.206 0.731 0.205 0.731 0.198 0.73 0.198 0.729 0.197 0.729 0.19 0.728 0.19 0.727 0.189 0.727 0.18 0.726 0.18 0.725 0.179 0.725 0.176 0.724 0.176 0.723 0.175 0.723 0.172 0.722 0.172 0.721 0.171 0.721 0.17
7 0.10200000000000001 0.64 0.024 0.02 0.1 0.63 0.1 0.631 0.099 0.632 0.094 0.632 0.094 0.633 0.093 0.634 0.09 0.634 0.09 0.637 0.091 0.637 0.092 0.638 0.092 0.639 0.097 0.639 0.098 0.64 0.098 0.643 0.099 0.643 0.1 0.644 0.1 0.645 0.101 0.645 0.102 0.646 0.102 0.647 0.105 0.647 0.106 0.648 0.106 0.649 0.113 0.649 0.113 0.638 0.112 0.638 0.111 0.637 0.111 0.634 0.108 0.634 0.107 0.633 0.107 0.63
7 0.23 0.549 0.012 0.01 0.228 0.544 0.228 0.545 0.227 0.546 0.224 0.546 0.224 0.551 0.225 0.551 0.226 0.552 0.226 0.553 0.235 0.553 0.235 0.546 0.23 0.546 0.229 0.545 0.229 0.544
7 0.7000000000000001 0.373 0.024 0.022 0.692 0.362 0.692 0.363 0.691 0.364 0.688 0.364 0.688 0.369 0.689 0.369 0.69 0.37 0.69 0.373 0.691 0.373 0.692 0.374 0.692 0.375 0.693 0.375 0.694 0.376 0.694 0.377 0.697 0.377 0.698 0.378 0.698 0.379 0.699 0.379 0.7 0.38 0.7 0.381 0.703 0.381 0.704 0.382 0.704 0.383 0.709 0.383 0.709 0.382 0.71 0.381 0.711 0.381 0.711 0.374 0.71 0.374 0.709 0.373 0.709 0.372 0.708 0.372 0.707 0.371 0.707 0.37 0.706 0.37 0.705 0.369 0.705 0.368 0.704 0.368 0.703 0.367 0.703 0.366 0.7 0.366 0.699 0.365 0.699 0.364 0.694 0.364 0.693 0.363 0.693 0.362
7 0.251 0.486 0.014 0.012 0.25 0.48 0.25 0.481 0.249 0.482 0.246 0.482 0.246 0.483 0.245 0.484 0.244 0.484 0.244 0.491 0.255 0.491 0.255 0.49 0.256 0.489 0.257 0.489 0.257 0.482 0.256 0.482 0.255 0.481 0.255 0.48
7 0.253 0.616 0.01 0.016 0.25 0.608 0.25 0.609 0.249 0.61 0.248 0.61 0.248 0.619 0.249 0.619 0.25 0.62 0.25 0.623 0.253 0.623 0.253 0.622 0.254 0.621 0.255 0.621 0.255 0.62 0.256 0.619 0.257 0.619 0.257 0.61 0.254 0.61 0.253 0.609 0.253 0.608
4 0.361 0.755 0.05 0.034 0.37 0.738 0.37 0.739 0.369 0.74 0.364 0.74 0.364 0.741 0.363 0.742 0.358 0.742 0.358 0.743 0.357 0.744 0.354 0.744 0.354 0.745 0.353 0.746 0.348 0.746 0.348 0.747 0.347 0.748 0.344 0.748 0.344 0.749 0.343 0.75 0.34 0.75 0.34 0.751 0.339 0.752 0.338 0.752 0.338 0.753 0.337 0.754 0.336 0.754 0.336 0.759 0.337 0.759 0.338 0.76 0.338 0.761 0.341 0.761 0.342 0.762 0.342 0.763 0.343 0.763 0.344 0.764 0.344 0.765 0.345 0.765 0.346 0.766 0.346 0.769 0.347 0.769 0.348 0.77 0.348 0.771 0.351 0.771 0.351 0.77 0.352 0.769 0.353 0.769 0.353 0.768 0.354 0.767 0.355 0.767 0.355 0.766 0.356 0.765 0.361 0.765 0.361 0.764 0.362 0.763 0.363 0.763 0.363 0.762 0.364 0.761 0.367 0.761 0.367 0.76 0.368 0.759 0.371 0.759 0.371 0.758 0.372 0.757 0.383 0.757 0.383 0.756 0.384 0.755 0.385 0.755 0.385 0.75 0.384 0.75 0.383 0.749 0.383 0.746 0.382 0.746 0.381 0.745 0.381 0.742 0.38 0.742 0.379 0.741 0.379 0.74 0.378 0.74 0.377 0.739 0.377 0.738
7 0.258 0.394 0.016 0.016 0.258 0.386 0.258 0.387 0.257 0.388 0.254 0.388 0.254 0.389 0.253 0.39 0.25 0.39 0.25 0.395 0.251 0.395 0.252 0.396 0.252 0.397 0.253 0.397 0.254 0.398 0.254 0.399 0.255 0.399 0.256 0.4 0.256 0.401 0.261 0.401 0.261 0.4 0.262 0.399 0.263 0.399 0.263 0.398 0.264 0.397 0.265 0.397 0.265 0.388 0.264 0.388 0.263 0.387 0.263 0.386
5 0.6920000000000001 0.25 0.016 0.016 0.688 0.242 0.688 0.243 0.687 0.244 0.686 0.244 0.686 0.245 0.685 0.246 0.684 0.246 0.684 0.255 0.685 0.255 0.686 0.256 0.686 0.257 0.693 0.257 0.693 0.256 0.694 0.255 0.695 0.255 0.695 0.254 0.696 0.253 0.697 0.253 0.697 0.25 0.698 0.249 0.699 0.249 0.699 0.246 0.698 0.246 0.697 0.245 0.697 0.242
7 0.651 0.268 0.01 0.012 0.648 0.262 0.648 0.265 0.647 0.266 0.646 0.266 0.646 0.271 0.647 0.271 0.648 0.272 0.648 0.273 0.651 0.273 0.651 0.272 0.652 0.271 0.655 0.271 0.655 0.264 0.652 0.264 0.651 0.263 0.651 0.262
