5 0.294 0.937 0.024 0.026000000000000002 0.29 0.924 0.29 0.925 0.289 0.926 0.288 0.926 0.288 0.927 0.287 0.928 0.286 0.928 0.286 0.929 0.285 0.93 0.284 0.93 0.284 0.931 0.283 0.932 0.282 0.932 0.282 0.943 0.283 0.943 0.284 0.944 0.284 0.945 0.285 0.945 0.286 0.946 0.286 0.947 0.289 0.947 0.29 0.948 0.29 0.949 0.291 0.949 0.291 0.948 0.292 0.947 0.297 0.947 0.297 0.946 0.298 0.945 0.299 0.945 0.299 0.944 0.3 0.943 0.301 0.943 0.301 0.942 0.302 0.941 0.303 0.941 0.303 0.94 0.304 0.939 0.305 0.939 0.305 0.932 0.304 0.932 0.303 0.931 0.303 0.93 0.302 0.93 0.301 0.929 0.301 0.928 0.3 0.928 0.299 0.927 0.299 0.926 0.296 0.926 0.295 0.925 0.295 0.924
3 0.806 0.34900000000000003 0.052000000000000005 0.05 0.796 0.324 0.796 0.325 0.795 0.326 0.794 0.326 0.794 0.327 0.793 0.328 0.792 0.328 0.792 0.331 0.791 0.332 0.79 0.332 0.79 0.333 0.789 0.334 0.788 0.334 0.788 0.337 0.787 0.338 0.786 0.338 0.786 0.341 0.785 0.342 0.784 0.342 0.784 0.345 0.783 0.346 0.782 0.346 0.782 0.347 0.781 0.348 0.78 0.348 0.78 0.355 0.781 0.355 0.782 0.356 0.782 0.357 0.785 0.357 0.786 0.358 0.786 0.359 0.789 0.359 0.79 0.36 0.79 0.361 0.793 0.361 0.794 0.362 0.794 0.363 0.795 0.363 0.796 0.364 0.796 0.365 0.799 0.365 0.8 0.366 0.8 0.367 0.803 0.367 0.804 0.368 0.804 0.369 0.805 0.369 0.806 0.37 0.806 0.371 0.811 0.371 0.812 0.372 0.812 0.373 0.815 0.373 0.815 0.372 0.816 0.371 0.817 0.371 0.817 0.37 0.818 0.369 0.819 0.369 0.819 0.368 0.82 0.367 0.821 0.367 0.821 0.364 0.822 0.363 0.823 0.363 0.823 0.362 0.824 0.361 0.825 0.361 0.825 0.358 0.826 0.357 0.827 0.357 0.827 0.356 0.828 0.355 0.829 0.355 0.829 0.352 0.83 0.351 0.831 0.351 0.831 0.342 0.828 0.342 0.827 0.341 0.827 0.34 0.824 0.34 0.823 0.339 0.823 0.338 0.822 0.338 0.821 0.337 0.821 0.336 0.818 0.336 0.817 0.335 0.817 0.334 0.816 0.334 0.815 0.333 0.815 0.332 0.812 0.332 0.811 0.331 0.811 0.33 0.81 0.33 0.809 0.329 0.809 0.328 0.806 0.328 0.805 0.327 0.805 0.326 0.8 0.326 0.799 0.325 0.799 0.324
4 0.559 0.496 0.022 0.024 0.55 0.484 0.55 0.485 0.549 0.486 0.548 0.486 0.548 0.493 0.549 0.493 0.55 0.494 0.55 0.497 0.551 0.497 0.552 0.498 0.552 0.499 0.553 0.499 0.554 0.5 0.554 0.501 0.555 0.501 0.556 0.502 0.556 0.503 0.557 0.503 0.558 0.504 0.558 0.505 0.559 0.505 0.56 0.506 0.56 0.507 0.567 0.507 0.567 0.506 0.568 0.505 0.569 0.505 0.569 0.496 0.568 0.496 0.567 0.495 0.567 0.494 0.566 0.494 0.565 0.493 0.565 0.492 0.564 0.492 0.563 0.491 0.563 0.49 0.562 0.49 0.561 0.489 0.561 0.488 0.56 0.488 0.559 0.487 0.559 0.486 0.558 0.486 0.557 0.485 0.557 0.484
4 0.509 0.555 0.022 0.022 0.506 0.544 0.506 0.545 0.505 0.546 0.504 0.546 0.504 0.547 0.503 0.548 0.502 0.548 0.502 0.549 0.501 0.55 0.5 0.55 0.5 0.551 0.499 0.552 0.498 0.552 0.498 0.559 0.499 0.559 0.5 0.56 0.5 0.561 0.501 0.561 0.502 0.562 0.502 0.563 0.507 0.563 0.508 0.564 0.508 0.565 0.509 0.565 0.509 0.564 0.51 0.563 0.513 0.563 0.513 0.562 0.514 0.561 0.515 0.561 0.515 0.56 0.516 0.559 0.517 0.559 0.517 0.556 0.518 0.555 0.519 0.555 0.519 0.548 0.518 0.548 0.517 0.547 0.517 0.546 0.516 0.546 0.515 0.545 0.515 0.544
4 0.215 0.926 0.022 0.02 0.208 0.916 0.208 0.917 0.207 0.918 0.204 0.918 0.204 0.925 0.205 0.925 0.206 0.926 0.206 0.929 0.209 0.929 0.21 0.93 0.21 0.931 0.211 0.931 0.212 0.932 0.212 0.933 0.215 0.933 0.216 0.934 0.216 0.935 0.221 0.935 0.221 0.934 0.222 0.933 0.223 0.933 0.223 0.932 0.224 0.931 0.225 0.931 0.225 0.93 0.224 0.93 0.223 0.929 0.223 0.922 0.222 0.922 0.221 0.921 0.221 0.918 0.218 0.918 0.217 0.917 0.217 0.916
5 0.489 0.463 0.022 0.022 0.486 0.452 0.486 0.453 0.485 0.454 0.482 0.454 0.482 0.457 0.481 0.458 0.478 0.458 0.478 0.467 0.483 0.467 0.484 0.468 0.484 0.469 0.487 0.469 0.488 0.47 0.488 0.471 0.489 0.471 0.49 0.472 0.49 0.473 0.495 0.473 0.495 0.472 0.496 0.471 0.497 0.471 0.497 0.47 0.498 0.469 0.499 0.469 0.499 0.458 0.498 0.458 0.497 0.457 0.497 0.456 0.496 0.456 0.495 0.455 0.495 0.454 0.492 0.454 0.491 0.453 0.491 0.452
7 0.9400000000000001 0.225 0.012 0.01 0.936 0.22 0.936 0.221 0.935 0.222 0.934 0.222 0.934 0.227 0.935 0.227 0.936 0.228 0.936 0.229 0.941 0.229 0.941 0.228 0.942 0.227 0.943 0.227 0.943 0.226 0.944 0.225 0.945 0.225 0.945 0.224 0.944 0.224 0.943 0.223 0.943 0.222 0.942 0.222 0.941 0.221 0.941 0.22
4 0.381 0.51 0.014 0.016 0.378 0.502 0.378 0.503 0.377 0.504 0.376 0.504 0.376 0.507 0.375 0.508 0.374 0.508 0.374 0.513 0.375 0.513 0.376 0.514 0.376 0.517 0.383 0.517 0.383 0.516 0.384 0.515 0.385 0.515 0.385 0.512 0.386 0.511 0.387 0.511 0.387 0.506 0.386 0.506 0.385 0.505 0.385 0.504 0.384 0.504 0.383 0.503 0.383 0.502
7 0.27 0.86 0.02 0.02 0.278 0.85 0.278 0.851 0.277 0.852 0.272 0.852 0.272 0.853 0.271 0.854 0.262 0.854 0.262 0.855 0.261 0.856 0.26 0.856 0.26 0.861 0.261 0.861 0.262 0.862 0.262 0.863 0.263 0.863 0.264 0.864 0.264 0.865 0.265 0.865 0.266 0.866 0.266 0.867 0.269 0.867 0.27 0.868 0.27 0.869 0.273 0.869 0.273 0.868 0.274 0.867 0.275 0.867 0.275 0.866 0.276 0.865 0.277 0.865 0.277 0.864 0.278 0.863 0.279 0.863 0.279 0.85
4 0.188 0.964 0.016 0.012 0.18 0.958 0.18 0.965 0.181 0.965 0.182 0.966 0.182 0.967 0.183 0.967 0.184 0.968 0.184 0.969 0.191 0.969 0.191 0.968 0.192 0.967 0.193 0.967 0.193 0.966 0.194 0.965 0.195 0.965 0.195 0.962 0.194 0.962 0.193 0.961 0.193 0.96 0.192 0.96 0.191 0.959 0.191 0.958
