5 0.089 0.153 0.018000000000000002 0.018000000000000002 0.086 0.144 0.086 0.145 0.085 0.146 0.084 0.146 0.084 0.151 0.083 0.152 0.082 0.152 0.082 0.153 0.081 0.154 0.08 0.154 0.08 0.161 0.095 0.161 0.095 0.16 0.096 0.159 0.097 0.159 0.097 0.146 0.096 0.146 0.095 0.145 0.095 0.144
3 0.007 0.123 0.014 0.154 0.0 0.046 0.0 0.199 0.001 0.199 0.001 0.198 0.002 0.197 0.007 0.197 0.007 0.196 0.008 0.195 0.009 0.195 0.009 0.184 0.01 0.183 0.011 0.183 0.011 0.156 0.012 0.155 0.013 0.155 0.013 0.048 0.012 0.048 0.011 0.047 0.011 0.046
3 0.125 0.136 0.05 0.10400000000000001 0.11 0.084 0.11 0.085 0.109 0.086 0.108 0.086 0.108 0.087 0.107 0.088 0.106 0.088 0.106 0.101 0.105 0.102 0.104 0.102 0.104 0.119 0.103 0.12 0.102 0.12 0.102 0.125 0.103 0.125 0.104 0.126 0.104 0.127 0.103 0.128 0.102 0.128 0.102 0.141 0.101 0.142 0.1 0.142 0.1 0.163 0.101 0.163 0.102 0.164 0.102 0.183 0.103 0.183 0.104 0.184 0.104 0.185 0.105 0.185 0.106 0.186 0.106 0.187 0.139 0.187 0.139 0.186 0.14 0.185 0.141 0.185 0.141 0.184 0.142 0.183 0.143 0.183 0.143 0.17 0.144 0.169 0.145 0.169 0.145 0.16 0.146 0.159 0.147 0.159 0.147 0.138 0.148 0.137 0.149 0.137 0.149 0.122 0.148 0.122 0.147 0.121 0.147 0.09 0.146 0.09 0.145 0.089 0.145 0.088 0.144 0.088 0.143 0.087 0.143 0.084 0.142 0.084 0.142 0.085 0.141 0.086 0.14 0.086 0.14 0.087 0.139 0.088 0.138 0.088 0.137 0.087 0.137 0.086 0.12 0.086 0.12 0.087 0.119 0.088 0.118 0.088 0.117 0.087 0.117 0.086 0.116 0.086 0.115 0.085 0.115 0.084
7 0.495 0.47400000000000003 0.022 0.012 0.494 0.468 0.494 0.469 0.493 0.47 0.484 0.47 0.484 0.475 0.485 0.475 0.486 0.476 0.486 0.477 0.487 0.477 0.488 0.478 0.488 0.479 0.499 0.479 0.499 0.478 0.5 0.477 0.503 0.477 0.503 0.476 0.504 0.475 0.505 0.475 0.505 0.47 0.498 0.47 0.497 0.469 0.497 0.468
4 0.419 0.47200000000000003 0.03 0.02 0.404 0.462 0.404 0.481 0.433 0.481 0.433 0.464 0.432 0.464 0.431 0.463 0.431 0.462
4 0.896 0.684 0.048 0.048 0.892 0.66 0.892 0.661 0.891 0.662 0.89 0.662 0.89 0.665 0.889 0.666 0.888 0.666 0.888 0.669 0.887 0.67 0.886 0.67 0.886 0.671 0.885 0.672 0.884 0.672 0.884 0.675 0.883 0.676 0.882 0.676 0.882 0.677 0.881 0.678 0.88 0.678 0.88 0.681 0.879 0.682 0.878 0.682 0.878 0.683 0.877 0.684 0.876 0.684 0.876 0.685 0.875 0.686 0.874 0.686 0.874 0.687 0.873 0.688 0.872 0.688 0.872 0.693 0.873 0.693 0.874 0.694 0.874 0.695 0.875 0.695 0.876 0.696 0.876 0.697 0.877 0.697 0.878 0.698 0.878 0.699 0.881 0.699 0.882 0.7 0.882 0.701 0.883 0.701 0.884 0.702 0.884 0.703 0.885 0.703 0.886 0.704 0.886 0.705 0.887 0.705 0.888 0.706 0.888 0.707 0.895 0.707 0.895 0.706 0.896 0.705 0.897 0.705 0.897 0.704 0.898 0.703 0.899 0.703 0.899 0.702 0.9 0.701 0.901 0.701 0.901 0.7 0.902 0.699 0.903 0.699 0.903 0.698 0.904 0.697 0.905 0.697 0.905 0.694 0.906 0.693 0.907 0.693 0.907 0.692 0.908 0.691 0.909 0.691 0.909 0.69 0.91 0.689 0.911 0.689 0.911 0.688 0.912 0.687 0.913 0.687 0.913 0.686 0.914 0.685 0.915 0.685 0.915 0.682 0.916 0.681 0.917 0.681 0.917 0.68 0.918 0.679 0.919 0.679 0.919 0.676 0.918 0.676 0.917 0.675 0.917 0.674 0.916 0.674 0.915 0.673 0.915 0.672 0.912 0.672 0.911 0.671 0.911 0.67 0.91 0.67 0.909 0.669 0.909 0.668 0.906 0.668 0.905 0.667 0.905 0.666 0.904 0.666 0.903 0.665 0.903 0.664 0.9 0.664 0.899 0.663 0.899 0.662 0.898 0.662 0.897 0.661 0.897 0.66
4 0.993 0.666 0.014 0.028 0.996 0.652 0.996 0.653 0.995 0.654 0.994 0.654 0.994 0.655 0.993 0.656 0.992 0.656 0.992 0.659 0.991 0.66 0.99 0.66 0.99 0.661 0.989 0.662 0.988 0.662 0.988 0.665 0.987 0.666 0.986 0.666 0.986 0.669 0.987 0.669 0.988 0.67 0.988 0.673 0.991 0.673 0.992 0.674 0.992 0.675 0.993 0.675 0.994 0.676 0.994 0.677 0.997 0.677 0.998 0.678 0.998 0.679 0.999 0.679 0.999 0.652
5 0.059000000000000004 0.085 0.014 0.022 0.052 0.074 0.052 0.093 0.053 0.093 0.054 0.094 0.054 0.095 0.063 0.095 0.063 0.092 0.064 0.091 0.065 0.091 0.065 0.074
4 0.96 0.731 0.048 0.05 0.956 0.706 0.956 0.707 0.955 0.708 0.954 0.708 0.954 0.709 0.953 0.71 0.952 0.71 0.952 0.713 0.951 0.714 0.95 0.714 0.95 0.717 0.949 0.718 0.948 0.718 0.948 0.719 0.947 0.72 0.946 0.72 0.946 0.723 0.945 0.724 0.944 0.724 0.944 0.725 0.943 0.726 0.942 0.726 0.942 0.727 0.941 0.728 0.94 0.728 0.94 0.731 0.939 0.732 0.938 0.732 0.938 0.733 0.937 0.734 0.936 0.734 0.936 0.741 0.937 0.741 0.938 0.742 0.938 0.743 0.939 0.743 0.94 0.744 0.94 0.745 0.941 0.745 0.942 0.746 0.942 0.747 0.945 0.747 0.946 0.748 0.946 0.749 0.947 0.749 0.948 0.75 0.948 0.751 0.951 0.751 0.952 0.752 0.952 0.753 0.953 0.753 0.954 0.754 0.954 0.755 0.957 0.755 0.957 0.754 0.958 0.753 0.961 0.753 0.961 0.75 0.962 0.749 0.963 0.749 0.963 0.746 0.964 0.745 0.965 0.745 0.965 0.744 0.966 0.743 0.967 0.743 0.967 0.742 0.968 0.741 0.969 0.741 0.969 0.74 0.97 0.739 0.971 0.739 0.971 0.738 0.972 0.737 0.973 0.737 0.973 0.736 0.974 0.735 0.975 0.735 0.975 0.734 0.976 0.733 0.977 0.733 0.977 0.732 0.978 0.731 0.979 0.731 0.979 0.73 0.98 0.729 0.981 0.729 0.981 0.726 0.982 0.725 0.983 0.725 0.983 0.724 0.982 0.724 0.981 0.723 0.981 0.718 0.978 0.718 0.977 0.717 0.977 0.716 0.974 0.716 0.973 0.715 0.973 0.714 0.972 0.714 0.971 0.713 0.971 0.712 0.97 0.712 0.969 0.711 0.969 0.71 0.966 0.71 0.965 0.709 0.965 0.708 0.962 0.708 0.961 0.707 0.961 0.706
7 0.076 0.089 0.012 0.038 0.072 0.07 0.072 0.073 0.071 0.074 0.07 0.074 0.07 0.097 0.071 0.097 0.072 0.098 0.072 0.107 0.079 0.107 0.079 0.106 0.08 0.105 0.081 0.105 0.081 0.07
6 0.602 0.439 0.06 0.146 0.574 0.366 0.574 0.425 0.573 0.426 0.572 0.426 0.572 0.429 0.573 0.429 0.574 0.43 0.574 0.431 0.573 0.432 0.572 0.432 0.572 0.485 0.573 0.485 0.574 0.486 0.574 0.487 0.573 0.488 0.572 0.488 0.572 0.489 0.573 0.489 0.574 0.49 0.574 0.493 0.577 0.493 0.578 0.494 0.578 0.495 0.579 0.495 0.58 0.496 0.58 0.497 0.581 0.497 0.582 0.498 0.582 0.499 0.583 0.499 0.584 0.5 0.584 0.505 0.585 0.505 0.586 0.506 0.586 0.507 0.587 0.507 0.588 0.508 0.588 0.509 0.591 0.509 0.592 0.51 0.592 0.511 0.599 0.511 0.599 0.51 0.6 0.509 0.621 0.509 0.621 0.508 0.622 0.507 0.623 0.507 0.623 0.502 0.624 0.501 0.625 0.501 0.625 0.454 0.626 0.453 0.627 0.453 0.627 0.398 0.628 0.397 0.629 0.397 0.629 0.386 0.63 0.385 0.631 0.385 0.631 0.382 0.63 0.382 0.629 0.381 0.629 0.378 0.63 0.377 0.631 0.377 0.631 0.376 0.63 0.376 0.629 0.375 0.629 0.368 0.624 0.368 0.623 0.367 0.623 0.366
5 0.464 0.635 0.02 0.034 0.458 0.618 0.458 0.619 0.457 0.62 0.456 0.62 0.456 0.621 0.455 0.622 0.454 0.622 0.454 0.645 0.455 0.645 0.456 0.646 0.456 0.649 0.461 0.649 0.462 0.65 0.462 0.651 0.471 0.651 0.471 0.65 0.472 0.649 0.473 0.649 0.473 0.62 0.472 0.62 0.471 0.619 0.471 0.618
5 0.9390000000000001 0.616 0.038 0.036000000000000004 0.934 0.598 0.934 0.599 0.933 0.6 0.932 0.6 0.932 0.601 0.931 0.602 0.93 0.602 0.93 0.603 0.929 0.604 0.928 0.604 0.928 0.607 0.927 0.608 0.926 0.608 0.926 0.609 0.925 0.61 0.924 0.61 0.924 0.613 0.923 0.614 0.922 0.614 0.922 0.615 0.921 0.616 0.92 0.616 0.92 0.621 0.921 0.621 0.922 0.622 0.922 0.623 0.923 0.623 0.924 0.624 0.924 0.625 0.925 0.625 0.926 0.626 0.926 0.627 0.927 0.627 0.928 0.628 0.928 0.629 0.931 0.629 0.932 0.63 0.932 0.631 0.933 0.631 0.934 0.632 0.934 0.633 0.935 0.633 0.935 0.632 0.936 0.631 0.937 0.631 0.937 0.63 0.938 0.629 0.941 0.629 0.941 0.628 0.942 0.627 0.943 0.627 0.943 0.626 0.944 0.625 0.945 0.625 0.945 0.624 0.946 0.623 0.947 0.623 0.947 0.622 0.948 0.621 0.953 0.621 0.953 0.618 0.954 0.617 0.955 0.617 0.955 0.614 0.956 0.613 0.957 0.613 0.957 0.606 0.956 0.606 0.955 0.605 0.955 0.604 0.952 0.604 0.951 0.603 0.951 0.602 0.948 0.602 0.947 0.601 0.947 0.6 0.944 0.6 0.943 0.599 0.943 0.598
5 0.483 0.451 0.018000000000000002 0.018000000000000002 0.476 0.442 0.476 0.445 0.475 0.446 0.474 0.446 0.474 0.447 0.475 0.447 0.476 0.448 0.476 0.457 0.477 0.457 0.478 0.458 0.478 0.459 0.489 0.459 0.489 0.458 0.49 0.457 0.491 0.457 0.491 0.446 0.49 0.446 0.489 0.445 0.489 0.442
