5 0.871 0.719 0.022 0.03 0.864 0.704 0.864 0.705 0.863 0.706 0.862 0.706 0.862 0.707 0.861 0.708 0.86 0.708 0.86 0.729 0.861 0.729 0.862 0.73 0.862 0.731 0.865 0.731 0.866 0.732 0.866 0.733 0.873 0.733 0.873 0.73 0.874 0.729 0.875 0.729 0.875 0.726 0.876 0.725 0.877 0.725 0.877 0.72 0.878 0.719 0.879 0.719 0.879 0.71 0.88 0.709 0.881 0.709 0.881 0.708 0.88 0.708 0.879 0.707 0.879 0.706 0.876 0.706 0.876 0.707 0.875 0.708 0.874 0.708 0.873 0.707 0.873 0.706 0.868 0.706 0.867 0.705 0.867 0.704
5 0.856 0.8 0.024 0.02 0.846 0.79 0.846 0.793 0.845 0.794 0.844 0.794 0.844 0.805 0.845 0.805 0.846 0.806 0.846 0.807 0.851 0.807 0.852 0.808 0.852 0.809 0.857 0.809 0.857 0.808 0.858 0.807 0.863 0.807 0.863 0.806 0.864 0.805 0.865 0.805 0.865 0.802 0.866 0.801 0.867 0.801 0.867 0.794 0.864 0.794 0.863 0.793 0.863 0.792 0.858 0.792 0.857 0.791 0.857 0.79
7 0.742 0.794 0.016 0.024 0.74 0.782 0.74 0.783 0.739 0.784 0.738 0.784 0.738 0.787 0.737 0.788 0.736 0.788 0.736 0.793 0.735 0.794 0.734 0.794 0.734 0.803 0.735 0.803 0.736 0.804 0.736 0.805 0.745 0.805 0.745 0.8 0.746 0.799 0.747 0.799 0.747 0.792 0.748 0.791 0.749 0.791 0.749 0.782
7 0.659 0.763 0.014 0.018000000000000002 0.656 0.754 0.656 0.755 0.655 0.756 0.654 0.756 0.654 0.765 0.653 0.766 0.652 0.766 0.652 0.767 0.653 0.767 0.654 0.768 0.654 0.769 0.655 0.769 0.656 0.77 0.656 0.771 0.663 0.771 0.663 0.766 0.664 0.765 0.665 0.765 0.665 0.756 0.662 0.756 0.661 0.755 0.661 0.754
7 0.649 0.8250000000000001 0.018000000000000002 0.014 0.642 0.818 0.642 0.821 0.641 0.822 0.64 0.822 0.64 0.825 0.641 0.825 0.642 0.826 0.642 0.829 0.643 0.829 0.644 0.83 0.644 0.831 0.651 0.831 0.651 0.83 0.652 0.829 0.653 0.829 0.653 0.828 0.654 0.827 0.655 0.827 0.655 0.826 0.656 0.825 0.657 0.825 0.657 0.82 0.654 0.82 0.653 0.819 0.653 0.818
3 0.9450000000000001 0.518 0.098 0.084 0.908 0.476 0.908 0.479 0.909 0.479 0.91 0.48 0.91 0.481 0.909 0.482 0.908 0.482 0.908 0.483 0.907 0.484 0.906 0.484 0.906 0.485 0.905 0.486 0.904 0.486 0.904 0.487 0.903 0.488 0.902 0.488 0.902 0.495 0.903 0.495 0.904 0.496 0.904 0.511 0.903 0.512 0.902 0.512 0.902 0.521 0.901 0.522 0.9 0.522 0.9 0.527 0.899 0.528 0.898 0.528 0.898 0.535 0.897 0.536 0.896 0.536 0.896 0.541 0.899 0.541 0.9 0.542 0.9 0.543 0.907 0.543 0.908 0.544 0.908 0.545 0.917 0.545 0.918 0.546 0.918 0.547 0.927 0.547 0.928 0.548 0.928 0.549 0.937 0.549 0.938 0.55 0.938 0.551 0.951 0.551 0.952 0.552 0.952 0.553 0.965 0.553 0.966 0.554 0.966 0.555 0.973 0.555 0.974 0.556 0.974 0.557 0.983 0.557 0.984 0.558 0.984 0.559 0.989 0.559 0.989 0.558 0.99 0.557 0.991 0.557 0.991 0.512 0.992 0.511 0.993 0.511 0.993 0.502 0.992 0.502 0.991 0.501 0.991 0.484 0.984 0.484 0.983 0.483 0.983 0.482 0.968 0.482 0.967 0.481 0.967 0.48 0.956 0.48 0.955 0.479 0.955 0.478 0.938 0.478 0.937 0.477 0.937 0.476
3 0.26 0.71 0.1 0.068 0.214 0.676 0.214 0.677 0.213 0.678 0.212 0.678 0.212 0.685 0.211 0.686 0.21 0.686 0.21 0.699 0.211 0.699 0.212 0.7 0.212 0.707 0.211 0.708 0.21 0.708 0.21 0.715 0.211 0.715 0.212 0.716 0.212 0.719 0.215 0.719 0.216 0.72 0.216 0.721 0.217 0.721 0.218 0.722 0.218 0.725 0.219 0.725 0.22 0.726 0.22 0.729 0.221 0.729 0.222 0.73 0.222 0.733 0.225 0.733 0.226 0.734 0.226 0.735 0.245 0.735 0.246 0.736 0.246 0.737 0.261 0.737 0.262 0.738 0.262 0.739 0.273 0.739 0.274 0.74 0.274 0.741 0.285 0.741 0.286 0.742 0.286 0.743 0.299 0.743 0.299 0.742 0.3 0.741 0.301 0.741 0.301 0.738 0.302 0.737 0.303 0.737 0.303 0.726 0.304 0.725 0.305 0.725 0.305 0.716 0.306 0.715 0.307 0.715 0.307 0.702 0.308 0.701 0.309 0.701 0.309 0.692 0.308 0.692 0.307 0.691 0.307 0.69 0.306 0.69 0.305 0.689 0.305 0.688 0.298 0.688 0.297 0.687 0.297 0.686 0.29 0.686 0.289 0.685 0.289 0.684 0.28 0.684 0.279 0.683 0.279 0.682 0.268 0.682 0.267 0.681 0.267 0.68 0.254 0.68 0.253 0.679 0.253 0.678 0.232 0.678 0.231 0.677 0.231 0.676
3 0.359 0.727 0.10200000000000001 0.074 0.318 0.69 0.318 0.691 0.317 0.692 0.316 0.692 0.316 0.697 0.315 0.698 0.314 0.698 0.314 0.705 0.313 0.706 0.312 0.706 0.312 0.721 0.311 0.722 0.31 0.722 0.31 0.731 0.309 0.732 0.308 0.732 0.308 0.745 0.311 0.745 0.312 0.746 0.312 0.747 0.315 0.747 0.316 0.748 0.316 0.749 0.321 0.749 0.322 0.75 0.322 0.751 0.333 0.751 0.334 0.752 0.334 0.753 0.343 0.753 0.344 0.754 0.344 0.755 0.357 0.755 0.358 0.756 0.358 0.757 0.367 0.757 0.368 0.758 0.368 0.759 0.375 0.759 0.376 0.76 0.376 0.761 0.385 0.761 0.386 0.762 0.386 0.763 0.403 0.763 0.403 0.754 0.404 0.753 0.405 0.753 0.405 0.734 0.406 0.733 0.407 0.733 0.407 0.72 0.408 0.719 0.409 0.719 0.409 0.708 0.406 0.708 0.405 0.707 0.405 0.706 0.398 0.706 0.397 0.705 0.397 0.704 0.386 0.704 0.385 0.703 0.385 0.702 0.374 0.702 0.373 0.701 0.373 0.7 0.366 0.7 0.365 0.699 0.365 0.698 0.356 0.698 0.355 0.697 0.355 0.696 0.346 0.696 0.345 0.695 0.345 0.694 0.334 0.694 0.333 0.693 0.333 0.692 0.324 0.692 0.323 0.691 0.323 0.69
4 0.335 0.783 0.018000000000000002 0.022 0.328 0.772 0.328 0.773 0.327 0.774 0.326 0.774 0.326 0.789 0.327 0.789 0.328 0.79 0.328 0.791 0.329 0.791 0.33 0.792 0.33 0.793 0.339 0.793 0.339 0.792 0.34 0.791 0.341 0.791 0.341 0.782 0.342 0.781 0.343 0.781 0.343 0.774 0.342 0.774 0.341 0.773 0.341 0.772
5 0.915 0.466 0.014 0.016 0.91 0.458 0.91 0.459 0.909 0.46 0.908 0.46 0.908 0.471 0.911 0.471 0.912 0.472 0.912 0.473 0.917 0.473 0.917 0.472 0.918 0.471 0.919 0.471 0.919 0.47 0.92 0.469 0.921 0.469 0.921 0.46 0.92 0.46 0.919 0.459 0.919 0.458
7 0.378 0.529 0.024 0.022 0.37 0.518 0.37 0.519 0.369 0.52 0.368 0.52 0.368 0.527 0.367 0.528 0.366 0.528 0.366 0.529 0.367 0.529 0.368 0.53 0.368 0.537 0.371 0.537 0.372 0.538 0.372 0.539 0.387 0.539 0.387 0.536 0.388 0.535 0.389 0.535 0.389 0.528 0.388 0.528 0.387 0.527 0.387 0.526 0.386 0.526 0.385 0.525 0.385 0.524 0.384 0.524 0.383 0.523 0.383 0.522 0.38 0.522 0.379 0.521 0.379 0.52 0.374 0.52 0.373 0.519 0.373 0.518
7 0.735 0.714 0.046 0.092 0.734 0.692 0.734 0.693 0.733 0.694 0.732 0.694 0.732 0.695 0.731 0.696 0.73 0.696 0.73 0.697 0.729 0.698 0.728 0.698 0.728 0.703 0.727 0.704 0.726 0.704 0.726 0.707 0.725 0.708 0.724 0.708 0.724 0.709 0.723 0.71 0.722 0.71 0.722 0.711 0.721 0.712 0.72 0.712 0.72 0.715 0.719 0.716 0.716 0.716 0.716 0.717 0.715 0.718 0.714 0.718 0.714 0.725 0.715 0.725 0.716 0.726 0.716 0.727 0.717 0.727 0.718 0.728 0.718 0.729 0.721 0.729 0.722 0.73 0.722 0.743 0.721 0.744 0.718 0.744 0.717 0.743 0.717 0.742 0.716 0.742 0.716 0.743 0.715 0.744 0.714 0.744 0.714 0.745 0.713 0.746 0.712 0.746 0.712 0.747 0.713 0.747 0.714 0.748 0.714 0.749 0.719 0.749 0.72 0.75 0.72 0.751 0.721 0.751 0.722 0.752 0.722 0.757 0.725 0.757 0.726 0.758 0.726 0.759 0.733 0.759 0.733 0.758 0.734 0.757 0.741 0.757 0.741 0.756 0.742 0.755 0.743 0.755 0.743 0.754 0.744 0.753 0.745 0.753 0.745 0.748 0.746 0.747 0.747 0.747 0.747 0.742 0.746 0.742 0.745 0.741 0.745 0.74 0.746 0.739 0.755 0.739 0.755 0.732 0.756 0.731 0.757 0.731 0.757 0.716 0.744 0.716 0.743 0.715 0.743 0.704 0.744 0.703 0.745 0.703 0.745 0.694 0.744 0.694 0.743 0.693 0.743 0.692
5 0.772 0.744 0.016 0.016 0.768 0.736 0.768 0.737 0.767 0.738 0.766 0.738 0.766 0.739 0.765 0.74 0.764 0.74 0.764 0.749 0.765 0.749 0.766 0.75 0.766 0.751 0.771 0.751 0.771 0.75 0.772 0.749 0.775 0.749 0.775 0.748 0.776 0.747 0.777 0.747 0.777 0.742 0.778 0.741 0.779 0.741 0.779 0.74 0.778 0.74 0.777 0.739 0.777 0.738 0.776 0.738 0.775 0.737 0.775 0.736
3 0.927 0.438 0.038 0.06 0.92 0.408 0.92 0.409 0.919 0.41 0.91 0.41 0.91 0.411 0.909 0.412 0.908 0.412 0.908 0.447 0.909 0.447 0.91 0.448 0.91 0.453 0.911 0.453 0.912 0.454 0.912 0.455 0.913 0.455 0.914 0.456 0.914 0.457 0.917 0.457 0.918 0.458 0.918 0.459 0.919 0.459 0.92 0.46 0.92 0.461 0.921 0.461 0.922 0.462 0.922 0.465 0.927 0.465 0.928 0.466 0.928 0.467 0.939 0.467 0.939 0.466 0.94 0.465 0.941 0.465 0.941 0.458 0.942 0.457 0.943 0.457 0.943 0.442 0.944 0.441 0.945 0.441 0.945 0.416 0.944 0.416 0.943 0.415 0.943 0.414 0.942 0.414 0.941 0.413 0.941 0.412 0.936 0.412 0.935 0.411 0.935 0.41 0.926 0.41 0.925 0.409 0.925 0.408
4 0.545 0.492 0.018000000000000002 0.016 0.54 0.484 0.54 0.485 0.539 0.486 0.536 0.486 0.536 0.495 0.537 0.495 0.538 0.496 0.538 0.497 0.543 0.497 0.544 0.498 0.544 0.499 0.549 0.499 0.549 0.498 0.55 0.497 0.551 0.497 0.551 0.496 0.552 0.495 0.553 0.495 0.553 0.486 0.542 0.486 0.541 0.485 0.541 0.484
4 0.47900000000000004 0.543 0.018000000000000002 0.014 0.472 0.536 0.472 0.537 0.471 0.538 0.47 0.538 0.47 0.547 0.473 0.547 0.474 0.548 0.474 0.549 0.481 0.549 0.481 0.548 0.482 0.547 0.485 0.547 0.485 0.542 0.486 0.541 0.487 0.541 0.487 0.54 0.486 0.54 0.485 0.539 0.485 0.536
7 0.01 0.5740000000000001 0.02 0.07200000000000001 0.012 0.538 0.012 0.539 0.011 0.54 0.01 0.54 0.01 0.541 0.009 0.542 0.008 0.542 0.008 0.549 0.007 0.55 0.006 0.55 0.006 0.557 0.005 0.558 0.004 0.558 0.004 0.563 0.003 0.564 0.002 0.564 0.002 0.569 0.001 0.57 0.0 0.57 0.0 0.609 0.001 0.609 0.001 0.608 0.002 0.607 0.003 0.607 0.003 0.604 0.004 0.603 0.005 0.603 0.005 0.596 0.006 0.595 0.007 0.595 0.007 0.59 0.008 0.589 0.009 0.589 0.009 0.576 0.01 0.575 0.011 0.575 0.011 0.57 0.012 0.569 0.013 0.569 0.013 0.558 0.014 0.557 0.015 0.557 0.015 0.554 0.016 0.553 0.017 0.553 0.017 0.546 0.018 0.545 0.019 0.545 0.019 0.54 0.018 0.54 0.017 0.539 0.017 0.538
7 0.912 0.8 0.012 0.012 0.906 0.794 0.906 0.801 0.907 0.801 0.908 0.802 0.908 0.803 0.909 0.803 0.91 0.804 0.91 0.805 0.917 0.805 0.917 0.794
7 0.011 0.641 0.022 0.03 0.006 0.626 0.006 0.627 0.005 0.628 0.002 0.628 0.002 0.629 0.001 0.63 0.0 0.63 0.0 0.641 0.001 0.641 0.002 0.642 0.002 0.649 0.003 0.649 0.004 0.65 0.004 0.651 0.005 0.651 0.006 0.652 0.006 0.653 0.009 0.653 0.01 0.654 0.01 0.655 0.017 0.655 0.017 0.654 0.018 0.653 0.019 0.653 0.019 0.65 0.02 0.649 0.021 0.649 0.021 0.632 0.02 0.632 0.019 0.631 0.019 0.63 0.018 0.63 0.017 0.629 0.017 0.628 0.012 0.628 0.011 0.627 0.011 0.626
4 0.35000000000000003 0.671 0.016 0.018000000000000002 0.348 0.662 0.348 0.663 0.347 0.664 0.346 0.664 0.346 0.667 0.345 0.668 0.344 0.668 0.344 0.673 0.343 0.674 0.342 0.674 0.342 0.677 0.343 0.677 0.344 0.678 0.344 0.679 0.351 0.679 0.351 0.678 0.352 0.677 0.353 0.677 0.353 0.676 0.354 0.675 0.355 0.675 0.355 0.674 0.356 0.673 0.357 0.673 0.357 0.662
4 0.483 0.481 0.026000000000000002 0.022 0.472 0.47 0.472 0.473 0.471 0.474 0.47 0.474 0.47 0.491 0.493 0.491 0.493 0.488 0.494 0.487 0.495 0.487 0.495 0.474 0.494 0.474 0.493 0.473 0.493 0.472 0.49 0.472 0.489 0.471 0.489 0.47
3 0.921 0.734 0.058 0.056 0.902 0.706 0.902 0.707 0.901 0.708 0.9 0.708 0.9 0.709 0.899 0.71 0.898 0.71 0.898 0.711 0.897 0.712 0.896 0.712 0.896 0.715 0.895 0.716 0.894 0.716 0.894 0.729 0.893 0.73 0.892 0.73 0.892 0.747 0.893 0.747 0.894 0.748 0.894 0.749 0.895 0.749 0.896 0.75 0.896 0.751 0.903 0.751 0.904 0.752 0.904 0.753 0.911 0.753 0.912 0.754 0.912 0.755 0.919 0.755 0.92 0.756 0.92 0.757 0.927 0.757 0.928 0.758 0.928 0.759 0.931 0.759 0.932 0.76 0.932 0.761 0.939 0.761 0.939 0.76 0.94 0.759 0.941 0.759 0.941 0.758 0.942 0.757 0.943 0.757 0.943 0.75 0.944 0.749 0.945 0.749 0.945 0.74 0.946 0.739 0.947 0.739 0.947 0.73 0.948 0.729 0.949 0.729 0.949 0.716 0.944 0.716 0.943 0.715 0.943 0.714 0.934 0.714 0.933 0.713 0.933 0.712 0.928 0.712 0.927 0.711 0.927 0.71 0.92 0.71 0.919 0.709 0.919 0.708 0.912 0.708 0.911 0.707 0.911 0.706
6 0.394 0.592 0.08 0.096 0.366 0.544 0.366 0.553 0.365 0.554 0.364 0.554 0.364 0.565 0.363 0.566 0.362 0.566 0.362 0.579 0.361 0.58 0.36 0.58 0.36 0.593 0.359 0.594 0.358 0.594 0.358 0.607 0.357 0.608 0.356 0.608 0.356 0.621 0.355 0.622 0.354 0.622 0.354 0.625 0.359 0.625 0.36 0.626 0.36 0.627 0.369 0.627 0.37 0.628 0.37 0.629 0.379 0.629 0.38 0.63 0.38 0.631 0.387 0.631 0.388 0.632 0.388 0.633 0.397 0.633 0.398 0.634 0.398 0.635 0.407 0.635 0.408 0.636 0.408 0.637 0.417 0.637 0.418 0.638 0.418 0.639 0.419 0.639 0.419 0.632 0.42 0.631 0.421 0.631 0.421 0.62 0.422 0.619 0.423 0.619 0.423 0.608 0.424 0.607 0.425 0.607 0.425 0.596 0.426 0.595 0.427 0.595 0.427 0.586 0.428 0.585 0.429 0.585 0.429 0.574 0.43 0.573 0.431 0.573 0.431 0.562 0.432 0.561 0.433 0.561 0.433 0.558 0.428 0.558 0.427 0.557 0.427 0.556 0.418 0.556 0.417 0.555 0.417 0.554 0.408 0.554 0.407 0.553 0.407 0.552 0.398 0.552 0.397 0.551 0.397 0.55 0.388 0.55 0.387 0.549 0.387 0.548 0.378 0.548 0.377 0.547 0.377 0.546 0.368 0.546 0.367 0.545 0.367 0.544
1 0.334 0.068 0.188 0.136 0.26 0.0 0.26 0.005 0.259 0.006 0.258 0.006 0.258 0.017 0.257 0.018 0.256 0.018 0.256 0.027 0.255 0.028 0.254 0.028 0.254 0.039 0.253 0.04 0.252 0.04 0.252 0.049 0.251 0.05 0.25 0.05 0.25 0.061 0.249 0.062 0.248 0.062 0.248 0.071 0.247 0.072 0.246 0.072 0.246 0.083 0.245 0.084 0.244 0.084 0.244 0.093 0.243 0.094 0.242 0.094 0.242 0.105 0.241 0.106 0.24 0.106 0.24 0.109 0.245 0.109 0.246 0.11 0.246 0.111 0.259 0.111 0.26 0.112 0.26 0.113 0.271 0.113 0.272 0.114 0.272 0.115 0.283 0.115 0.284 0.116 0.284 0.117 0.295 0.117 0.296 0.118 0.296 0.119 0.307 0.119 0.308 0.12 0.308 0.121 0.319 0.121 0.32 0.122 0.32 0.123 0.333 0.123 0.334 0.124 0.334 0.125 0.345 0.125 0.346 0.126 0.346 0.127 0.357 0.127 0.358 0.128 0.358 0.129 0.369 0.129 0.37 0.13 0.37 0.131 0.381 0.131 0.382 0.132 0.382 0.133 0.393 0.133 0.394 0.134 0.394 0.135 0.399 0.135 0.399 0.132 0.4 0.131 0.401 0.131 0.401 0.122 0.402 0.121 0.403 0.121 0.403 0.114 0.404 0.113 0.405 0.113 0.405 0.104 0.406 0.103 0.407 0.103 0.407 0.096 0.408 0.095 0.409 0.095 0.409 0.086 0.41 0.085 0.411 0.085 0.411 0.078 0.412 0.077 0.413 0.077 0.413 0.07 0.414 0.069 0.415 0.069 0.415 0.06 0.416 0.059 0.417 0.059 0.417 0.052 0.418 0.051 0.419 0.051 0.419 0.042 0.42 0.041 0.421 0.041 0.421 0.034 0.422 0.033 0.423 0.033 0.423 0.024 0.424 0.023 0.425 0.023 0.425 0.016 0.426 0.015 0.427 0.015 0.427 0.012 0.424 0.012 0.423 0.011 0.423 0.01 0.414 0.01 0.413 0.009 0.413 0.008 0.406 0.008 0.405 0.007 0.405 0.006 0.396 0.006 0.395 0.005 0.395 0.004 0.388 0.004 0.387 0.003 0.387 0.002 0.378 0.002 0.377 0.001 0.377 0.0
5 0.3 0.549 0.02 0.014 0.294 0.542 0.294 0.545 0.293 0.546 0.292 0.546 0.292 0.549 0.291 0.55 0.29 0.55 0.29 0.551 0.295 0.551 0.296 0.552 0.296 0.553 0.303 0.553 0.304 0.554 0.304 0.555 0.305 0.555 0.305 0.552 0.306 0.551 0.307 0.551 0.307 0.548 0.308 0.547 0.309 0.547 0.309 0.546 0.304 0.546 0.303 0.545 0.303 0.544 0.296 0.544 0.295 0.543 0.295 0.542
3 0.9440000000000001 0.808 0.044 0.084 0.934 0.766 0.934 0.767 0.933 0.768 0.932 0.768 0.932 0.771 0.931 0.772 0.93 0.772 0.93 0.775 0.929 0.776 0.928 0.776 0.928 0.783 0.927 0.784 0.926 0.784 0.926 0.793 0.925 0.794 0.924 0.794 0.924 0.825 0.923 0.826 0.922 0.826 0.922 0.845 0.923 0.845 0.924 0.846 0.924 0.849 0.929 0.849 0.929 0.848 0.93 0.847 0.933 0.847 0.934 0.848 0.934 0.849 0.937 0.849 0.937 0.848 0.938 0.847 0.939 0.847 0.94 0.848 0.94 0.849 0.947 0.849 0.947 0.848 0.948 0.847 0.949 0.847 0.949 0.846 0.95 0.845 0.951 0.845 0.951 0.84 0.952 0.839 0.953 0.839 0.953 0.832 0.954 0.831 0.955 0.831 0.955 0.822 0.956 0.821 0.957 0.821 0.957 0.812 0.958 0.811 0.959 0.811 0.959 0.808 0.96 0.807 0.961 0.807 0.961 0.796 0.962 0.795 0.963 0.795 0.963 0.786 0.964 0.785 0.965 0.785 0.965 0.772 0.964 0.772 0.963 0.771 0.963 0.77 0.956 0.77 0.955 0.769 0.955 0.768 0.944 0.768 0.943 0.767 0.943 0.766
