7 0.255 0.877 0.018000000000000002 0.018000000000000002 0.254 0.868 0.254 0.869 0.253 0.87 0.25 0.87 0.25 0.871 0.249 0.872 0.248 0.872 0.248 0.875 0.247 0.876 0.246 0.876 0.246 0.877 0.247 0.877 0.248 0.878 0.248 0.883 0.251 0.883 0.252 0.884 0.252 0.885 0.255 0.885 0.255 0.884 0.256 0.883 0.261 0.883 0.261 0.878 0.262 0.877 0.263 0.877 0.263 0.872 0.262 0.872 0.261 0.871 0.261 0.87 0.26 0.87 0.259 0.869 0.259 0.868
4 0.008 0.755 0.016 0.014 0.004 0.748 0.004 0.749 0.003 0.75 0.0 0.75 0.0 0.759 0.003 0.759 0.004 0.76 0.004 0.761 0.013 0.761 0.013 0.76 0.014 0.759 0.015 0.759 0.015 0.75 0.012 0.75 0.011 0.749 0.011 0.748
4 0.013000000000000001 0.708 0.026000000000000002 0.024 0.0 0.696 0.0 0.715 0.009 0.715 0.01 0.716 0.01 0.717 0.011 0.717 0.012 0.718 0.012 0.719 0.025 0.719 0.025 0.702 0.024 0.702 0.023 0.701 0.023 0.7 0.022 0.7 0.021 0.699 0.021 0.698 0.01 0.698 0.009 0.697 0.009 0.696
5 0.705 0.9 0.018000000000000002 0.02 0.702 0.89 0.702 0.891 0.701 0.892 0.698 0.892 0.698 0.893 0.697 0.894 0.696 0.894 0.696 0.905 0.697 0.905 0.698 0.906 0.698 0.907 0.699 0.907 0.7 0.908 0.7 0.909 0.703 0.909 0.703 0.908 0.704 0.907 0.707 0.907 0.707 0.906 0.708 0.905 0.709 0.905 0.709 0.904 0.71 0.903 0.711 0.903 0.711 0.902 0.712 0.901 0.713 0.901 0.713 0.894 0.712 0.894 0.711 0.893 0.711 0.892 0.708 0.892 0.707 0.891 0.707 0.89
4 0.685 0.935 0.018000000000000002 0.018000000000000002 0.678 0.926 0.678 0.927 0.677 0.928 0.676 0.928 0.676 0.939 0.677 0.939 0.678 0.94 0.678 0.943 0.687 0.943 0.687 0.942 0.688 0.941 0.691 0.941 0.691 0.936 0.692 0.935 0.693 0.935 0.693 0.932 0.692 0.932 0.691 0.931 0.691 0.928 0.69 0.928 0.689 0.927 0.689 0.926
6 0.486 0.492 0.076 0.152 0.506 0.416 0.506 0.417 0.505 0.418 0.482 0.418 0.482 0.419 0.481 0.42 0.462 0.42 0.462 0.421 0.461 0.422 0.452 0.422 0.452 0.423 0.451 0.424 0.45 0.424 0.45 0.429 0.449 0.43 0.448 0.43 0.448 0.439 0.449 0.439 0.45 0.44 0.45 0.481 0.451 0.481 0.452 0.482 0.452 0.525 0.453 0.525 0.454 0.526 0.454 0.555 0.455 0.555 0.456 0.556 0.456 0.563 0.457 0.563 0.458 0.564 0.458 0.565 0.471 0.565 0.472 0.566 0.472 0.567 0.477 0.567 0.477 0.566 0.478 0.565 0.481 0.565 0.482 0.566 0.482 0.567 0.517 0.567 0.517 0.566 0.518 0.565 0.521 0.565 0.521 0.562 0.522 0.561 0.523 0.561 0.523 0.558 0.522 0.558 0.521 0.557 0.521 0.52 0.52 0.52 0.519 0.519 0.519 0.494 0.518 0.494 0.517 0.493 0.517 0.444 0.516 0.444 0.515 0.443 0.515 0.42 0.514 0.42 0.513 0.419 0.513 0.418 0.51 0.418 0.509 0.417 0.509 0.416
2 0.327 0.012 0.08600000000000001 0.024 0.292 0.0 0.292 0.001 0.291 0.002 0.288 0.002 0.288 0.003 0.287 0.004 0.286 0.004 0.286 0.007 0.285 0.008 0.284 0.008 0.284 0.011 0.285 0.011 0.286 0.012 0.286 0.015 0.287 0.015 0.288 0.016 0.288 0.019 0.291 0.019 0.292 0.02 0.292 0.021 0.295 0.021 0.296 0.022 0.296 0.023 0.301 0.023 0.301 0.022 0.302 0.021 0.315 0.021 0.315 0.02 0.316 0.019 0.321 0.019 0.321 0.018 0.322 0.017 0.333 0.017 0.333 0.016 0.334 0.015 0.341 0.015 0.341 0.014 0.342 0.013 0.349 0.013 0.349 0.012 0.35 0.011 0.357 0.011 0.357 0.01 0.358 0.009 0.367 0.009 0.367 0.008 0.368 0.007 0.369 0.007 0.369 0.004 0.368 0.004 0.367 0.003 0.367 0.0
2 0.18 0.038 0.068 0.032 0.208 0.022 0.208 0.023 0.207 0.024 0.196 0.024 0.196 0.025 0.195 0.026 0.186 0.026 0.186 0.027 0.185 0.028 0.176 0.028 0.176 0.029 0.175 0.03 0.17 0.03 0.17 0.031 0.169 0.032 0.164 0.032 0.164 0.033 0.163 0.034 0.154 0.034 0.154 0.035 0.153 0.036 0.15 0.036 0.15 0.043 0.149 0.044 0.148 0.044 0.148 0.047 0.147 0.048 0.146 0.048 0.146 0.053 0.163 0.053 0.163 0.052 0.164 0.051 0.171 0.051 0.171 0.05 0.172 0.049 0.181 0.049 0.181 0.048 0.182 0.047 0.189 0.047 0.189 0.046 0.19 0.045 0.197 0.045 0.197 0.044 0.198 0.043 0.205 0.043 0.205 0.042 0.206 0.041 0.213 0.041 0.213 0.028 0.212 0.028 0.211 0.027 0.211 0.024 0.21 0.024 0.209 0.023 0.209 0.022
5 0.635 0.901 0.022 0.018000000000000002 0.628 0.892 0.628 0.893 0.627 0.894 0.624 0.894 0.624 0.905 0.625 0.905 0.626 0.906 0.626 0.907 0.627 0.907 0.628 0.908 0.628 0.909 0.639 0.909 0.639 0.908 0.64 0.907 0.641 0.907 0.641 0.906 0.642 0.905 0.643 0.905 0.643 0.904 0.644 0.903 0.645 0.903 0.645 0.894 0.64 0.894 0.639 0.893 0.639 0.892
2 0.069 0.062 0.066 0.032 0.09 0.046 0.09 0.047 0.089 0.048 0.082 0.048 0.082 0.049 0.081 0.05 0.07 0.05 0.07 0.051 0.069 0.052 0.062 0.052 0.062 0.053 0.061 0.054 0.056 0.054 0.056 0.055 0.055 0.056 0.052 0.056 0.052 0.057 0.051 0.058 0.046 0.058 0.046 0.059 0.045 0.06 0.04 0.06 0.04 0.061 0.039 0.062 0.038 0.062 0.038 0.063 0.037 0.064 0.036 0.064 0.036 0.077 0.043 0.077 0.043 0.076 0.044 0.075 0.051 0.075 0.051 0.074 0.052 0.073 0.059 0.073 0.059 0.072 0.06 0.071 0.067 0.071 0.067 0.07 0.068 0.069 0.079 0.069 0.079 0.068 0.08 0.067 0.091 0.067 0.091 0.066 0.092 0.065 0.099 0.065 0.099 0.064 0.1 0.063 0.101 0.063 0.101 0.048 0.1 0.048 0.099 0.047 0.099 0.046
4 0.669 0.47900000000000004 0.018000000000000002 0.018000000000000002 0.66 0.47 0.66 0.481 0.661 0.481 0.662 0.482 0.662 0.485 0.665 0.485 0.666 0.486 0.666 0.487 0.677 0.487 0.677 0.474 0.676 0.474 0.675 0.473 0.675 0.472 0.674 0.472 0.673 0.471 0.673 0.47
4 0.667 0.439 0.014 0.026000000000000002 0.66 0.426 0.66 0.449 0.661 0.449 0.662 0.45 0.662 0.451 0.673 0.451 0.673 0.43 0.672 0.43 0.671 0.429 0.671 0.428 0.67 0.428 0.669 0.427 0.669 0.426
