7 0.853 0.8140000000000001 0.014 0.012 0.85 0.808 0.85 0.809 0.849 0.81 0.846 0.81 0.846 0.817 0.847 0.817 0.848 0.818 0.848 0.819 0.857 0.819 0.857 0.818 0.858 0.817 0.859 0.817 0.859 0.81 0.856 0.81 0.855 0.809 0.855 0.808
4 0.81 0.031 0.016 0.014 0.806 0.024 0.806 0.025 0.805 0.026 0.804 0.026 0.804 0.029 0.803 0.03 0.802 0.03 0.802 0.033 0.803 0.033 0.804 0.034 0.804 0.035 0.805 0.035 0.806 0.036 0.806 0.037 0.813 0.037 0.813 0.036 0.814 0.035 0.815 0.035 0.815 0.034 0.816 0.033 0.817 0.033 0.817 0.026 0.816 0.026 0.815 0.025 0.815 0.024
7 0.552 0.615 0.008 0.01 0.548 0.61 0.548 0.617 0.549 0.617 0.55 0.618 0.55 0.619 0.555 0.619 0.555 0.61
7 0.519 0.642 0.022 0.028 0.522 0.628 0.522 0.629 0.521 0.63 0.52 0.63 0.52 0.633 0.519 0.634 0.518 0.634 0.518 0.635 0.517 0.636 0.516 0.636 0.516 0.637 0.515 0.638 0.508 0.638 0.508 0.641 0.509 0.641 0.51 0.642 0.51 0.647 0.511 0.647 0.512 0.648 0.512 0.653 0.513 0.653 0.514 0.654 0.514 0.655 0.521 0.655 0.521 0.654 0.522 0.653 0.523 0.653 0.523 0.648 0.524 0.647 0.525 0.647 0.525 0.644 0.526 0.643 0.527 0.643 0.527 0.636 0.528 0.635 0.529 0.635 0.529 0.63 0.528 0.63 0.527 0.629 0.527 0.628
7 0.511 0.654 0.038 0.052000000000000005 0.522 0.628 0.522 0.629 0.521 0.63 0.52 0.63 0.52 0.631 0.519 0.632 0.518 0.632 0.518 0.635 0.517 0.636 0.516 0.636 0.516 0.637 0.515 0.638 0.51 0.638 0.509 0.637 0.509 0.636 0.504 0.636 0.504 0.637 0.503 0.638 0.502 0.638 0.502 0.641 0.501 0.642 0.5 0.642 0.5 0.651 0.501 0.651 0.502 0.652 0.502 0.653 0.505 0.653 0.506 0.654 0.506 0.659 0.505 0.66 0.5 0.66 0.499 0.659 0.499 0.658 0.498 0.658 0.498 0.661 0.497 0.662 0.496 0.662 0.496 0.663 0.495 0.664 0.494 0.664 0.494 0.669 0.493 0.67 0.492 0.67 0.492 0.671 0.493 0.671 0.494 0.672 0.494 0.675 0.499 0.675 0.5 0.676 0.5 0.677 0.507 0.677 0.508 0.678 0.508 0.679 0.517 0.679 0.517 0.678 0.518 0.677 0.519 0.677 0.519 0.672 0.52 0.671 0.521 0.671 0.521 0.668 0.522 0.667 0.523 0.667 0.523 0.646 0.524 0.645 0.525 0.645 0.525 0.638 0.526 0.637 0.527 0.637 0.527 0.634 0.528 0.633 0.529 0.633 0.529 0.63 0.528 0.63 0.527 0.629 0.527 0.628
4 0.798 0.065 0.016 0.014 0.792 0.058 0.792 0.061 0.791 0.062 0.79 0.062 0.79 0.065 0.791 0.065 0.792 0.066 0.792 0.067 0.793 0.067 0.794 0.068 0.794 0.069 0.795 0.069 0.796 0.07 0.796 0.071 0.803 0.071 0.803 0.07 0.804 0.069 0.805 0.069 0.805 0.062 0.804 0.062 0.803 0.061 0.803 0.06 0.8 0.06 0.799 0.059 0.799 0.058
4 0.257 0.138 0.026000000000000002 0.024 0.25 0.126 0.25 0.127 0.249 0.128 0.248 0.128 0.248 0.129 0.247 0.13 0.246 0.13 0.246 0.137 0.245 0.138 0.244 0.138 0.244 0.141 0.245 0.141 0.246 0.142 0.246 0.143 0.247 0.143 0.248 0.144 0.248 0.145 0.249 0.145 0.25 0.146 0.25 0.147 0.255 0.147 0.256 0.148 0.256 0.149 0.267 0.149 0.267 0.148 0.268 0.147 0.269 0.147 0.269 0.13 0.268 0.13 0.267 0.129 0.267 0.128 0.262 0.128 0.261 0.127 0.261 0.126
4 0.28600000000000003 0.07200000000000001 0.02 0.016 0.278 0.064 0.278 0.065 0.277 0.066 0.276 0.066 0.276 0.071 0.277 0.071 0.278 0.072 0.278 0.077 0.281 0.077 0.282 0.078 0.282 0.079 0.291 0.079 0.291 0.078 0.292 0.077 0.293 0.077 0.293 0.072 0.294 0.071 0.295 0.071 0.295 0.068 0.294 0.068 0.293 0.067 0.293 0.064
4 0.794 0.604 0.028 0.024 0.784 0.592 0.784 0.593 0.783 0.594 0.782 0.594 0.782 0.597 0.781 0.598 0.78 0.598 0.78 0.609 0.783 0.609 0.784 0.61 0.784 0.611 0.787 0.611 0.788 0.612 0.788 0.613 0.793 0.613 0.794 0.614 0.794 0.615 0.803 0.615 0.803 0.614 0.804 0.613 0.805 0.613 0.805 0.61 0.806 0.609 0.807 0.609 0.807 0.6 0.806 0.6 0.805 0.599 0.805 0.598 0.802 0.598 0.801 0.597 0.801 0.596 0.798 0.596 0.797 0.595 0.797 0.594 0.794 0.594 0.793 0.593 0.793 0.592
2 0.192 0.314 0.108 0.12 0.166 0.254 0.166 0.275 0.165 0.276 0.164 0.276 0.164 0.281 0.163 0.282 0.162 0.282 0.162 0.289 0.161 0.29 0.16 0.29 0.16 0.293 0.159 0.294 0.158 0.294 0.158 0.299 0.157 0.3 0.156 0.3 0.156 0.303 0.155 0.304 0.154 0.304 0.154 0.309 0.153 0.31 0.152 0.31 0.152 0.313 0.151 0.314 0.15 0.314 0.15 0.317 0.149 0.318 0.148 0.318 0.148 0.321 0.147 0.322 0.146 0.322 0.146 0.325 0.145 0.326 0.144 0.326 0.144 0.331 0.143 0.332 0.142 0.332 0.142 0.335 0.141 0.336 0.14 0.336 0.14 0.343 0.139 0.344 0.138 0.344 0.138 0.345 0.139 0.345 0.14 0.346 0.14 0.349 0.143 0.349 0.144 0.35 0.144 0.351 0.147 0.351 0.148 0.352 0.148 0.353 0.151 0.353 0.152 0.354 0.152 0.355 0.157 0.355 0.158 0.356 0.158 0.357 0.163 0.357 0.164 0.358 0.164 0.359 0.169 0.359 0.17 0.36 0.17 0.361 0.173 0.361 0.174 0.362 0.174 0.363 0.177 0.363 0.178 0.364 0.178 0.365 0.183 0.365 0.184 0.366 0.184 0.367 0.185 0.367 0.186 0.368 0.186 0.369 0.191 0.369 0.192 0.37 0.192 0.371 0.195 0.371 0.196 0.372 0.196 0.373 0.209 0.373 0.209 0.37 0.21 0.369 0.211 0.369 0.211 0.366 0.212 0.365 0.213 0.365 0.213 0.36 0.214 0.359 0.215 0.359 0.215 0.354 0.216 0.353 0.217 0.353 0.217 0.35 0.218 0.349 0.219 0.349 0.219 0.342 0.22 0.341 0.221 0.341 0.221 0.338 0.222 0.337 0.223 0.337 0.223 0.334 0.224 0.333 0.225 0.333 0.225 0.33 0.226 0.329 0.227 0.329 0.227 0.324 0.228 0.323 0.229 0.323 0.229 0.32 0.23 0.319 0.231 0.319 0.231 0.316 0.232 0.315 0.233 0.315 0.233 0.312 0.234 0.311 0.235 0.311 0.235 0.308 0.236 0.307 0.237 0.307 0.237 0.304 0.238 0.303 0.239 0.303 0.239 0.3 0.24 0.299 0.241 0.299 0.241 0.296 0.242 0.295 0.243 0.295 0.243 0.29 0.244 0.289 0.245 0.289 0.245 0.286 0.244 0.286 0.243 0.285 0.243 0.284 0.242 0.284 0.241 0.283 0.241 0.282 0.238 0.282 0.237 0.281 0.237 0.28 0.236 0.28 0.235 0.279 0.235 0.278 0.23 0.278 0.229 0.277 0.229 0.276 0.226 0.276 0.225 0.275 0.225 0.274 0.22 0.274 0.219 0.273 0.219 0.272 0.218 0.272 0.217 0.271 0.217 0.27 0.212 0.27 0.211 0.269 0.211 0.268 0.208 0.268 0.207 0.267 0.207 0.266 0.202 0.266 0.201 0.265 0.201 0.264 0.196 0.264 0.195 0.263 0.195 0.262 0.192 0.262 0.191 0.261 0.191 0.26 0.188 0.26 0.187 0.259 0.187 0.258 0.182 0.258 0.181 0.257 0.181 0.256 0.178 0.256 0.177 0.255 0.177 0.254
2 0.364 0.426 0.136 0.188 0.354 0.332 0.354 0.333 0.353 0.334 0.352 0.334 0.352 0.343 0.351 0.344 0.35 0.344 0.35 0.347 0.349 0.348 0.348 0.348 0.348 0.353 0.347 0.354 0.346 0.354 0.346 0.359 0.345 0.36 0.344 0.36 0.344 0.365 0.343 0.366 0.342 0.366 0.342 0.373 0.341 0.374 0.34 0.374 0.34 0.375 0.339 0.376 0.338 0.376 0.338 0.379 0.337 0.38 0.336 0.38 0.336 0.387 0.335 0.388 0.334 0.388 0.334 0.393 0.333 0.394 0.332 0.394 0.332 0.397 0.331 0.398 0.33 0.398 0.33 0.399 0.329 0.4 0.328 0.4 0.328 0.401 0.327 0.402 0.326 0.402 0.326 0.405 0.325 0.406 0.322 0.406 0.322 0.407 0.321 0.408 0.32 0.408 0.32 0.411 0.319 0.412 0.318 0.412 0.318 0.413 0.317 0.414 0.314 0.414 0.314 0.437 0.313 0.438 0.312 0.438 0.312 0.445 0.311 0.446 0.31 0.446 0.31 0.451 0.309 0.452 0.308 0.452 0.308 0.453 0.307 0.454 0.306 0.454 0.306 0.457 0.305 0.458 0.304 0.458 0.304 0.461 0.303 0.462 0.302 0.462 0.302 0.465 0.301 0.466 0.3 0.466 0.3 0.469 0.299 0.47 0.298 0.47 0.298 0.475 0.297 0.476 0.296 0.476 0.296 0.487 0.297 0.487 0.298 0.488 0.298 0.491 0.301 0.491 0.302 0.492 0.302 0.493 0.305 0.493 0.306 0.494 0.306 0.495 0.309 0.495 0.31 0.496 0.31 0.497 0.313 0.497 0.314 0.498 0.314 0.499 0.317 0.499 0.318 0.5 0.318 0.501 0.323 0.501 0.324 0.502 0.324 0.503 0.325 0.503 0.326 0.504 0.326 0.505 0.329 0.505 0.33 0.506 0.33 0.507 0.335 0.507 0.336 0.508 0.336 0.509 0.339 0.509 0.34 0.51 0.34 0.511 0.343 0.511 0.344 0.512 0.344 0.513 0.351 0.513 0.352 0.514 0.352 0.515 0.361 0.515 0.362 0.516 0.362 0.517 0.365 0.517 0.366 0.518 0.366 0.519 0.371 0.519 0.371 0.518 0.372 0.517 0.373 0.517 0.373 0.516 0.374 0.515 0.375 0.515 0.375 0.512 0.376 0.511 0.377 0.511 0.377 0.506 0.378 0.505 0.379 0.505 0.379 0.5 0.38 0.499 0.381 0.499 0.381 0.498 0.382 0.497 0.383 0.497 0.383 0.494 0.384 0.493 0.385 0.493 0.385 0.488 0.386 0.487 0.387 0.487 0.387 0.484 0.388 0.483 0.389 0.483 0.389 0.48 0.39 0.479 0.391 0.479 0.391 0.476 0.392 0.475 0.393 0.475 0.393 0.472 0.394 0.471 0.395 0.471 0.395 0.468 0.396 0.467 0.397 0.467 0.397 0.464 0.398 0.463 0.399 0.463 0.399 0.46 0.4 0.459 0.401 0.459 0.401 0.456 0.402 0.455 0.403 0.455 0.403 0.45 0.404 0.449 0.405 0.449 0.405 0.446 0.406 0.445 0.407 0.445 0.407 0.442 0.408 0.441 0.409 0.441 0.409 0.436 0.41 0.435 0.411 0.435 0.411 0.432 0.412 0.431 0.413 0.431 0.413 0.426 0.414 0.425 0.415 0.425 0.415 0.422 0.416 0.421 0.417 0.421 0.417 0.418 0.418 0.417 0.419 0.417 0.419 0.412 0.42 0.411 0.421 0.411 0.421 0.406 0.422 0.405 0.423 0.405 0.423 0.404 0.424 0.403 0.425 0.403 0.425 0.4 0.426 0.399 0.427 0.399 0.427 0.396 0.428 0.395 0.429 0.395 0.429 0.394 0.43 0.393 0.431 0.393 0.431 0.392 0.43 0.392 0.429 0.391 0.429 0.39 0.424 0.39 0.423 0.389 0.423 0.388 0.422 0.388 0.421 0.387 0.421 0.386 0.42 0.386 0.419 0.385 0.419 0.384 0.42 0.383 0.421 0.383 0.421 0.378 0.42 0.378 0.419 0.377 0.419 0.374 0.418 0.374 0.417 0.373 0.417 0.372 0.416 0.372 0.415 0.371 0.415 0.37 0.414 0.37 0.413 0.369 0.413 0.368 0.41 0.368 0.409 0.367 0.409 0.366 0.404 0.366 0.403 0.365 0.403 0.364 0.402 0.364 0.401 0.363 0.401 0.362 0.398 0.362 0.397 0.361 0.397 0.36 0.396 0.36 0.395 0.359 0.395 0.358 0.392 0.358 0.391 0.357 0.391 0.354 0.39 0.354 0.389 0.353 0.389 0.352 0.388 0.352 0.387 0.351 0.387 0.348 0.386 0.348 0.385 0.347 0.385 0.346 0.384 0.346 0.383 0.345 0.383 0.344 0.376 0.344 0.375 0.343 0.375 0.342 0.372 0.342 0.371 0.341 0.371 0.34 0.372 0.339 0.373 0.339 0.373 0.338 0.368 0.338 0.367 0.337 0.367 0.336 0.366 0.336 0.365 0.335 0.365 0.334 0.364 0.334 0.363 0.333 0.363 0.332
3 0.111 0.042 0.126 0.08 0.074 0.002 0.074 0.003 0.073 0.004 0.072 0.004 0.072 0.007 0.071 0.008 0.07 0.008 0.07 0.011 0.069 0.012 0.068 0.012 0.068 0.015 0.067 0.016 0.066 0.016 0.066 0.019 0.065 0.02 0.064 0.02 0.064 0.025 0.063 0.026 0.062 0.026 0.062 0.029 0.061 0.03 0.06 0.03 0.06 0.033 0.059 0.034 0.058 0.034 0.058 0.037 0.057 0.038 0.056 0.038 0.056 0.041 0.055 0.042 0.054 0.042 0.054 0.045 0.053 0.046 0.052 0.046 0.052 0.049 0.051 0.05 0.05 0.05 0.05 0.053 0.049 0.054 0.048 0.054 0.048 0.055 0.049 0.055 0.05 0.056 0.05 0.057 0.053 0.057 0.054 0.058 0.054 0.059 0.057 0.059 0.058 0.06 0.058 0.061 0.061 0.061 0.062 0.062 0.062 0.063 0.065 0.063 0.066 0.064 0.066 0.065 0.071 0.065 0.072 0.066 0.072 0.067 0.075 0.067 0.076 0.068 0.076 0.069 0.079 0.069 0.08 0.07 0.08 0.071 0.083 0.071 0.084 0.072 0.084 0.073 0.087 0.073 0.088 0.074 0.088 0.075 0.091 0.075 0.092 0.076 0.092 0.077 0.095 0.077 0.096 0.078 0.096 0.079 0.099 0.079 0.1 0.08 0.1 0.081 0.103 0.081 0.103 0.08 0.104 0.079 0.111 0.079 0.111 0.078 0.112 0.077 0.117 0.077 0.117 0.076 0.118 0.075 0.125 0.075 0.125 0.074 0.126 0.073 0.131 0.073 0.131 0.072 0.132 0.071 0.139 0.071 0.139 0.07 0.14 0.069 0.147 0.069 0.147 0.068 0.148 0.067 0.153 0.067 0.153 0.066 0.154 0.065 0.161 0.065 0.161 0.064 0.162 0.063 0.167 0.063 0.167 0.062 0.168 0.061 0.173 0.061 0.173 0.058 0.172 0.058 0.171 0.057 0.171 0.048 0.17 0.048 0.169 0.047 0.169 0.036 0.168 0.036 0.167 0.035 0.167 0.024 0.166 0.024 0.165 0.023 0.165 0.014 0.164 0.014 0.163 0.013 0.163 0.006 0.136 0.006 0.135 0.005 0.135 0.004 0.092 0.004 0.091 0.003 0.091 0.002
3 0.41500000000000004 0.5740000000000001 0.106 0.068 0.386 0.542 0.386 0.547 0.385 0.548 0.384 0.548 0.384 0.551 0.383 0.552 0.382 0.552 0.382 0.555 0.381 0.556 0.38 0.556 0.38 0.561 0.379 0.562 0.378 0.562 0.378 0.565 0.377 0.566 0.376 0.566 0.376 0.571 0.375 0.572 0.374 0.572 0.374 0.575 0.373 0.576 0.372 0.576 0.372 0.579 0.371 0.58 0.37 0.58 0.37 0.585 0.369 0.586 0.368 0.586 0.368 0.589 0.367 0.59 0.366 0.59 0.366 0.593 0.365 0.594 0.364 0.594 0.364 0.599 0.363 0.6 0.362 0.6 0.362 0.601 0.383 0.601 0.384 0.602 0.384 0.603 0.417 0.603 0.418 0.604 0.418 0.605 0.453 0.605 0.454 0.606 0.454 0.607 0.465 0.607 0.465 0.606 0.464 0.606 0.463 0.605 0.463 0.604 0.462 0.604 0.461 0.603 0.461 0.602 0.46 0.602 0.459 0.601 0.459 0.6 0.456 0.6 0.455 0.599 0.455 0.598 0.454 0.598 0.453 0.597 0.453 0.596 0.452 0.596 0.451 0.595 0.451 0.594 0.45 0.594 0.449 0.593 0.449 0.592 0.448 0.592 0.447 0.591 0.447 0.59 0.446 0.59 0.445 0.589 0.445 0.588 0.442 0.588 0.441 0.587 0.441 0.586 0.44 0.586 0.439 0.585 0.439 0.584 0.438 0.584 0.437 0.583 0.437 0.582 0.436 0.582 0.435 0.581 0.435 0.58 0.434 0.58 0.433 0.579 0.433 0.578 0.432 0.578 0.431 0.577 0.431 0.576 0.428 0.576 0.427 0.575 0.427 0.574 0.426 0.574 0.425 0.573 0.425 0.572 0.424 0.572 0.423 0.571 0.423 0.57 0.422 0.57 0.421 0.569 0.421 0.568 0.42 0.568 0.419 0.567 0.419 0.566 0.416 0.566 0.415 0.565 0.415 0.564 0.414 0.564 0.413 0.563 0.413 0.562 0.412 0.562 0.411 0.561 0.411 0.56 0.41 0.56 0.409 0.559 0.409 0.558 0.408 0.558 0.407 0.557 0.407 0.556 0.406 0.556 0.405 0.555 0.405 0.554 0.402 0.554 0.401 0.553 0.401 0.552 0.4 0.552 0.399 0.551 0.399 0.55 0.398 0.55 0.397 0.549 0.397 0.548 0.396 0.548 0.395 0.547 0.395 0.546 0.394 0.546 0.393 0.545 0.393 0.544 0.392 0.544 0.391 0.543 0.391 0.542
5 0.508 0.669 0.032 0.026000000000000002 0.5 0.656 0.5 0.657 0.499 0.658 0.498 0.658 0.498 0.659 0.497 0.66 0.496 0.66 0.496 0.661 0.495 0.662 0.494 0.662 0.494 0.665 0.493 0.666 0.492 0.666 0.492 0.675 0.493 0.675 0.494 0.676 0.494 0.677 0.499 0.677 0.5 0.678 0.5 0.679 0.509 0.679 0.51 0.68 0.51 0.681 0.515 0.681 0.515 0.68 0.516 0.679 0.517 0.679 0.517 0.678 0.518 0.677 0.519 0.677 0.519 0.674 0.52 0.673 0.521 0.673 0.521 0.668 0.522 0.667 0.523 0.667 0.523 0.66 0.522 0.66 0.521 0.659 0.521 0.658 0.516 0.658 0.515 0.657 0.515 0.656
5 0.251 0.024 0.026000000000000002 0.032 0.242 0.008 0.242 0.009 0.241 0.01 0.24 0.01 0.24 0.011 0.239 0.012 0.238 0.012 0.238 0.023 0.239 0.023 0.24 0.024 0.24 0.025 0.241 0.025 0.242 0.026 0.242 0.031 0.243 0.031 0.244 0.032 0.244 0.037 0.247 0.037 0.248 0.038 0.248 0.039 0.259 0.039 0.259 0.038 0.26 0.037 0.261 0.037 0.261 0.028 0.262 0.027 0.263 0.027 0.263 0.01 0.262 0.01 0.261 0.009 0.261 0.008
4 0.924 0.796 0.024 0.024 0.918 0.784 0.918 0.785 0.917 0.786 0.916 0.786 0.916 0.789 0.915 0.79 0.914 0.79 0.914 0.795 0.913 0.796 0.912 0.796 0.912 0.799 0.913 0.799 0.914 0.8 0.914 0.801 0.915 0.801 0.916 0.802 0.916 0.803 0.917 0.803 0.918 0.804 0.918 0.805 0.923 0.805 0.924 0.806 0.924 0.807 0.925 0.807 0.925 0.806 0.926 0.805 0.929 0.805 0.929 0.804 0.93 0.803 0.931 0.803 0.931 0.8 0.932 0.799 0.933 0.799 0.933 0.792 0.934 0.791 0.935 0.791 0.935 0.79 0.934 0.79 0.933 0.789 0.933 0.786 0.93 0.786 0.929 0.785 0.929 0.784
4 0.9540000000000001 0.726 0.028 0.028 0.948 0.712 0.948 0.713 0.947 0.714 0.946 0.714 0.946 0.715 0.945 0.716 0.944 0.716 0.944 0.719 0.943 0.72 0.942 0.72 0.942 0.723 0.941 0.724 0.94 0.724 0.94 0.735 0.941 0.735 0.942 0.736 0.942 0.737 0.947 0.737 0.948 0.738 0.948 0.739 0.959 0.739 0.959 0.738 0.96 0.737 0.961 0.737 0.961 0.734 0.962 0.733 0.963 0.733 0.963 0.73 0.964 0.729 0.965 0.729 0.965 0.724 0.966 0.723 0.967 0.723 0.967 0.718 0.966 0.718 0.965 0.717 0.965 0.716 0.964 0.716 0.963 0.715 0.963 0.714 0.958 0.714 0.957 0.713 0.957 0.712
4 0.029 0.339 0.022 0.022 0.022 0.328 0.022 0.329 0.021 0.33 0.02 0.33 0.02 0.335 0.019 0.336 0.018 0.336 0.018 0.345 0.019 0.345 0.02 0.346 0.02 0.347 0.023 0.347 0.024 0.348 0.024 0.349 0.029 0.349 0.029 0.348 0.03 0.347 0.033 0.347 0.033 0.346 0.034 0.345 0.035 0.345 0.035 0.344 0.036 0.343 0.037 0.343 0.037 0.336 0.038 0.335 0.039 0.335 0.039 0.334 0.038 0.334 0.037 0.333 0.037 0.33 0.034 0.33 0.033 0.329 0.033 0.328
4 0.423 0.491 0.026000000000000002 0.022 0.418 0.48 0.418 0.481 0.417 0.482 0.414 0.482 0.414 0.485 0.413 0.486 0.412 0.486 0.412 0.491 0.411 0.492 0.41 0.492 0.41 0.495 0.411 0.495 0.412 0.496 0.412 0.499 0.413 0.499 0.414 0.5 0.414 0.501 0.423 0.501 0.423 0.5 0.424 0.499 0.425 0.499 0.425 0.498 0.426 0.497 0.427 0.497 0.427 0.496 0.428 0.495 0.431 0.495 0.431 0.494 0.432 0.493 0.433 0.493 0.433 0.492 0.434 0.491 0.435 0.491 0.435 0.488 0.434 0.488 0.433 0.487 0.433 0.486 0.43 0.486 0.429 0.485 0.429 0.484 0.426 0.484 0.425 0.483 0.425 0.482 0.422 0.482 0.421 0.481 0.421 0.48
4 0.5670000000000001 0.551 0.022 0.026000000000000002 0.564 0.538 0.564 0.539 0.563 0.54 0.562 0.54 0.562 0.541 0.561 0.542 0.56 0.542 0.56 0.545 0.559 0.546 0.558 0.546 0.558 0.547 0.557 0.548 0.556 0.548 0.556 0.557 0.557 0.557 0.558 0.558 0.558 0.559 0.559 0.559 0.56 0.56 0.56 0.561 0.565 0.561 0.566 0.562 0.566 0.563 0.571 0.563 0.571 0.562 0.572 0.561 0.573 0.561 0.573 0.56 0.574 0.559 0.575 0.559 0.575 0.552 0.576 0.551 0.577 0.551 0.577 0.542 0.576 0.542 0.575 0.541 0.575 0.54 0.572 0.54 0.571 0.539 0.571 0.538
4 0.6 0.581 0.024 0.03 0.596 0.566 0.596 0.567 0.595 0.568 0.594 0.568 0.594 0.571 0.593 0.572 0.592 0.572 0.592 0.575 0.591 0.576 0.59 0.576 0.59 0.579 0.589 0.58 0.588 0.58 0.588 0.589 0.589 0.589 0.59 0.59 0.59 0.591 0.595 0.591 0.596 0.592 0.596 0.593 0.601 0.593 0.602 0.594 0.602 0.595 0.603 0.595 0.603 0.594 0.604 0.593 0.605 0.593 0.605 0.592 0.606 0.591 0.607 0.591 0.607 0.588 0.608 0.587 0.609 0.587 0.609 0.58 0.61 0.579 0.611 0.579 0.611 0.574 0.61 0.574 0.609 0.573 0.609 0.57 0.608 0.57 0.607 0.569 0.607 0.568 0.602 0.568 0.601 0.567 0.601 0.566
4 0.5730000000000001 0.65 0.022 0.024 0.57 0.638 0.57 0.639 0.569 0.64 0.568 0.64 0.568 0.641 0.567 0.642 0.566 0.642 0.566 0.645 0.565 0.646 0.564 0.646 0.564 0.651 0.563 0.652 0.562 0.652 0.562 0.657 0.563 0.657 0.564 0.658 0.564 0.659 0.565 0.659 0.566 0.66 0.566 0.661 0.575 0.661 0.575 0.66 0.576 0.659 0.577 0.659 0.577 0.656 0.578 0.655 0.579 0.655 0.579 0.652 0.58 0.651 0.581 0.651 0.581 0.648 0.582 0.647 0.583 0.647 0.583 0.642 0.582 0.642 0.581 0.641 0.581 0.64 0.576 0.64 0.575 0.639 0.575 0.638
4 0.778 0.653 0.036000000000000004 0.03 0.766 0.638 0.766 0.639 0.765 0.64 0.762 0.64 0.762 0.643 0.761 0.644 0.76 0.644 0.76 0.659 0.761 0.659 0.762 0.66 0.762 0.661 0.765 0.661 0.766 0.662 0.766 0.663 0.771 0.663 0.772 0.664 0.772 0.665 0.773 0.665 0.774 0.666 0.774 0.667 0.783 0.667 0.783 0.666 0.784 0.665 0.787 0.665 0.787 0.664 0.788 0.663 0.791 0.663 0.791 0.662 0.792 0.661 0.793 0.661 0.793 0.658 0.794 0.657 0.795 0.657 0.795 0.65 0.794 0.65 0.793 0.649 0.793 0.648 0.79 0.648 0.789 0.647 0.789 0.646 0.784 0.646 0.783 0.645 0.783 0.644 0.78 0.644 0.779 0.643 0.779 0.642 0.778 0.642 0.777 0.641 0.777 0.64 0.772 0.64 0.771 0.639 0.771 0.638
4 0.745 0.724 0.034 0.032 0.736 0.708 0.736 0.709 0.735 0.71 0.734 0.71 0.734 0.711 0.733 0.712 0.732 0.712 0.732 0.717 0.731 0.718 0.73 0.718 0.73 0.721 0.729 0.722 0.728 0.722 0.728 0.729 0.729 0.729 0.73 0.73 0.73 0.731 0.733 0.731 0.734 0.732 0.734 0.733 0.737 0.733 0.738 0.734 0.738 0.735 0.741 0.735 0.742 0.736 0.742 0.737 0.747 0.737 0.748 0.738 0.748 0.739 0.753 0.739 0.753 0.738 0.754 0.737 0.755 0.737 0.755 0.736 0.756 0.735 0.757 0.735 0.757 0.734 0.758 0.733 0.759 0.733 0.759 0.73 0.76 0.729 0.761 0.729 0.761 0.718 0.76 0.718 0.759 0.717 0.759 0.716 0.758 0.716 0.757 0.715 0.757 0.714 0.754 0.714 0.753 0.713 0.753 0.712 0.75 0.712 0.749 0.711 0.749 0.71 0.746 0.71 0.745 0.709 0.745 0.708
7 0.917 0.6970000000000001 0.026000000000000002 0.038 0.916 0.678 0.916 0.681 0.915 0.682 0.914 0.682 0.914 0.685 0.913 0.686 0.912 0.686 0.912 0.689 0.911 0.69 0.91 0.69 0.91 0.695 0.909 0.696 0.908 0.696 0.908 0.699 0.907 0.7 0.906 0.7 0.906 0.705 0.905 0.706 0.904 0.706 0.904 0.713 0.905 0.713 0.906 0.714 0.906 0.715 0.917 0.715 0.917 0.714 0.918 0.713 0.923 0.713 0.923 0.712 0.924 0.711 0.925 0.711 0.925 0.708 0.926 0.707 0.927 0.707 0.927 0.702 0.928 0.701 0.929 0.701 0.929 0.682 0.928 0.682 0.927 0.681 0.927 0.68 0.926 0.68 0.925 0.679 0.925 0.678
7 0.899 0.763 0.01 0.01 0.894 0.758 0.894 0.767 0.901 0.767 0.901 0.766 0.902 0.765 0.903 0.765 0.903 0.76 0.902 0.76 0.901 0.759 0.901 0.758
7 0.88 0.795 0.024 0.03 0.876 0.78 0.876 0.781 0.875 0.782 0.874 0.782 0.874 0.783 0.873 0.784 0.872 0.784 0.872 0.787 0.871 0.788 0.87 0.788 0.87 0.791 0.869 0.792 0.868 0.792 0.868 0.803 0.869 0.803 0.87 0.804 0.87 0.807 0.871 0.807 0.872 0.808 0.872 0.809 0.877 0.809 0.877 0.808 0.878 0.807 0.883 0.807 0.883 0.806 0.884 0.805 0.885 0.805 0.885 0.804 0.886 0.803 0.887 0.803 0.887 0.802 0.888 0.801 0.889 0.801 0.889 0.8 0.89 0.799 0.891 0.799 0.891 0.792 0.89 0.792 0.889 0.791 0.889 0.788 0.888 0.788 0.887 0.787 0.887 0.786 0.886 0.786 0.885 0.785 0.885 0.784 0.884 0.784 0.883 0.783 0.883 0.782 0.882 0.782 0.881 0.781 0.881 0.78
