4 0.273 0.461 0.018000000000000002 0.014 0.266 0.454 0.266 0.455 0.265 0.456 0.264 0.456 0.264 0.465 0.265 0.465 0.266 0.466 0.266 0.467 0.279 0.467 0.279 0.466 0.28 0.465 0.281 0.465 0.281 0.456 0.278 0.456 0.277 0.455 0.277 0.454
5 0.99 0.5630000000000001 0.02 0.026000000000000002 0.988 0.55 0.988 0.551 0.987 0.552 0.984 0.552 0.984 0.553 0.983 0.554 0.982 0.554 0.982 0.555 0.981 0.556 0.98 0.556 0.98 0.567 0.981 0.567 0.982 0.568 0.982 0.573 0.983 0.573 0.984 0.574 0.984 0.575 0.995 0.575 0.995 0.574 0.996 0.573 0.999 0.573 0.999 0.552 0.994 0.552 0.993 0.551 0.993 0.55
4 0.145 0.465 0.018000000000000002 0.022 0.138 0.454 0.138 0.455 0.137 0.456 0.136 0.456 0.136 0.473 0.137 0.473 0.138 0.474 0.138 0.475 0.149 0.475 0.149 0.474 0.15 0.473 0.153 0.473 0.153 0.456 0.152 0.456 0.151 0.455 0.151 0.454
5 0.511 0.11900000000000001 0.018000000000000002 0.014 0.506 0.112 0.506 0.113 0.505 0.114 0.504 0.114 0.504 0.117 0.503 0.118 0.502 0.118 0.502 0.123 0.503 0.123 0.504 0.124 0.504 0.125 0.513 0.125 0.513 0.124 0.514 0.123 0.517 0.123 0.517 0.12 0.518 0.119 0.519 0.119 0.519 0.116 0.518 0.116 0.517 0.115 0.517 0.114 0.516 0.114 0.515 0.113 0.515 0.112
5 0.221 0.095 0.014 0.018000000000000002 0.22 0.086 0.22 0.087 0.219 0.088 0.216 0.088 0.216 0.093 0.215 0.094 0.214 0.094 0.214 0.101 0.215 0.101 0.216 0.102 0.216 0.103 0.223 0.103 0.223 0.102 0.224 0.101 0.225 0.101 0.225 0.096 0.226 0.095 0.227 0.095 0.227 0.088 0.222 0.088 0.221 0.087 0.221 0.086
3 0.186 0.168 0.136 0.16 0.184 0.088 0.184 0.089 0.183 0.09 0.178 0.09 0.178 0.091 0.177 0.092 0.172 0.092 0.172 0.093 0.171 0.094 0.168 0.094 0.168 0.095 0.167 0.096 0.162 0.096 0.162 0.097 0.161 0.098 0.158 0.098 0.158 0.099 0.157 0.1 0.152 0.1 0.152 0.101 0.151 0.102 0.146 0.102 0.146 0.103 0.145 0.104 0.142 0.104 0.142 0.105 0.141 0.106 0.138 0.106 0.138 0.107 0.137 0.108 0.132 0.108 0.132 0.111 0.131 0.112 0.13 0.112 0.13 0.121 0.129 0.122 0.128 0.122 0.128 0.135 0.127 0.136 0.126 0.136 0.126 0.145 0.125 0.146 0.124 0.146 0.124 0.153 0.123 0.154 0.122 0.154 0.122 0.175 0.121 0.176 0.12 0.176 0.12 0.195 0.119 0.196 0.118 0.196 0.118 0.227 0.119 0.227 0.12 0.228 0.12 0.229 0.127 0.229 0.128 0.23 0.128 0.231 0.159 0.231 0.16 0.232 0.16 0.233 0.161 0.233 0.162 0.234 0.162 0.235 0.163 0.235 0.164 0.236 0.164 0.237 0.167 0.237 0.168 0.238 0.168 0.239 0.173 0.239 0.174 0.24 0.174 0.241 0.177 0.241 0.178 0.242 0.178 0.243 0.181 0.243 0.182 0.244 0.182 0.245 0.191 0.245 0.192 0.246 0.192 0.247 0.217 0.247 0.217 0.246 0.218 0.245 0.231 0.245 0.231 0.244 0.232 0.243 0.237 0.243 0.237 0.242 0.238 0.241 0.239 0.241 0.239 0.238 0.24 0.237 0.241 0.237 0.241 0.232 0.242 0.231 0.243 0.231 0.243 0.228 0.244 0.227 0.245 0.227 0.245 0.222 0.246 0.221 0.247 0.221 0.247 0.214 0.248 0.213 0.249 0.213 0.249 0.206 0.25 0.205 0.251 0.205 0.251 0.192 0.252 0.191 0.253 0.191 0.253 0.164 0.252 0.164 0.251 0.163 0.251 0.16 0.25 0.16 0.249 0.159 0.249 0.158 0.248 0.158 0.247 0.157 0.247 0.156 0.246 0.156 0.245 0.155 0.245 0.152 0.24 0.152 0.239 0.151 0.239 0.15 0.238 0.15 0.237 0.149 0.237 0.146 0.236 0.146 0.235 0.145 0.235 0.138 0.234 0.138 0.233 0.137 0.233 0.132 0.232 0.132 0.231 0.131 0.231 0.124 0.23 0.124 0.229 0.123 0.229 0.12 0.228 0.12 0.227 0.119 0.227 0.118 0.226 0.118 0.225 0.117 0.225 0.116 0.224 0.116 0.223 0.115 0.223 0.114 0.222 0.114 0.221 0.113 0.221 0.112 0.22 0.112 0.219 0.111 0.219 0.11 0.218 0.11 0.217 0.109 0.217 0.106 0.216 0.106 0.215 0.105 0.215 0.104 0.214 0.104 0.213 0.103 0.213 0.102 0.212 0.102 0.211 0.101 0.211 0.1 0.208 0.1 0.207 0.099 0.207 0.098 0.202 0.098 0.201 0.097 0.201 0.096 0.198 0.096 0.197 0.095 0.197 0.094 0.196 0.094 0.195 0.093 0.195 0.092 0.194 0.092 0.193 0.091 0.193 0.088
5 0.326 0.097 0.02 0.014 0.324 0.09 0.324 0.091 0.323 0.092 0.32 0.092 0.32 0.093 0.319 0.094 0.318 0.094 0.318 0.095 0.317 0.096 0.316 0.096 0.316 0.097 0.317 0.097 0.318 0.098 0.318 0.099 0.321 0.099 0.322 0.1 0.322 0.101 0.331 0.101 0.332 0.102 0.332 0.103 0.333 0.103 0.333 0.102 0.334 0.101 0.335 0.101 0.335 0.09
4 0.307 0.04 0.026000000000000002 0.024 0.298 0.028 0.298 0.029 0.297 0.03 0.296 0.03 0.296 0.035 0.295 0.036 0.294 0.036 0.294 0.049 0.295 0.049 0.296 0.05 0.296 0.051 0.317 0.051 0.317 0.04 0.318 0.039 0.319 0.039 0.319 0.032 0.318 0.032 0.317 0.031 0.317 0.03 0.316 0.03 0.315 0.029 0.315 0.028
4 0.257 0.035 0.026000000000000002 0.026000000000000002 0.25 0.022 0.25 0.023 0.249 0.024 0.246 0.024 0.246 0.031 0.245 0.032 0.244 0.032 0.244 0.045 0.245 0.045 0.246 0.046 0.246 0.047 0.267 0.047 0.267 0.044 0.268 0.043 0.269 0.043 0.269 0.024 0.266 0.024 0.265 0.023 0.265 0.022
4 0.209 0.46 0.018000000000000002 0.024 0.204 0.448 0.204 0.449 0.203 0.45 0.2 0.45 0.2 0.467 0.201 0.467 0.202 0.468 0.202 0.469 0.203 0.469 0.204 0.47 0.204 0.471 0.215 0.471 0.215 0.47 0.216 0.469 0.217 0.469 0.217 0.452 0.216 0.452 0.215 0.451 0.215 0.45 0.214 0.45 0.213 0.449 0.213 0.448
3 0.242 0.47200000000000003 0.04 0.032 0.24 0.456 0.24 0.457 0.239 0.458 0.226 0.458 0.226 0.459 0.225 0.46 0.224 0.46 0.224 0.465 0.223 0.466 0.222 0.466 0.222 0.471 0.223 0.471 0.224 0.472 0.224 0.481 0.225 0.481 0.226 0.482 0.226 0.483 0.227 0.483 0.228 0.484 0.228 0.485 0.231 0.485 0.232 0.486 0.232 0.487 0.247 0.487 0.247 0.486 0.248 0.485 0.255 0.485 0.255 0.484 0.256 0.483 0.259 0.483 0.259 0.482 0.26 0.481 0.261 0.481 0.261 0.462 0.26 0.462 0.259 0.461 0.259 0.46 0.258 0.46 0.257 0.459 0.257 0.458 0.252 0.458 0.251 0.457 0.251 0.456
2 0.484 0.323 0.14400000000000002 0.03 0.414 0.308 0.414 0.317 0.413 0.318 0.412 0.318 0.412 0.323 0.425 0.323 0.426 0.324 0.426 0.325 0.445 0.325 0.446 0.326 0.446 0.327 0.465 0.327 0.466 0.328 0.466 0.329 0.485 0.329 0.486 0.33 0.486 0.331 0.505 0.331 0.506 0.332 0.506 0.333 0.525 0.333 0.526 0.334 0.526 0.335 0.547 0.335 0.548 0.336 0.548 0.337 0.553 0.337 0.553 0.326 0.554 0.325 0.555 0.325 0.555 0.32 0.54 0.32 0.539 0.319 0.539 0.318 0.516 0.318 0.515 0.317 0.515 0.316 0.494 0.316 0.493 0.315 0.493 0.314 0.47 0.314 0.469 0.313 0.469 0.312 0.446 0.312 0.445 0.311 0.445 0.31 0.422 0.31 0.421 0.309 0.421 0.308
5 0.232 0.41200000000000003 0.02 0.02 0.228 0.402 0.228 0.403 0.227 0.404 0.226 0.404 0.226 0.405 0.225 0.406 0.224 0.406 0.224 0.409 0.223 0.41 0.222 0.41 0.222 0.417 0.223 0.417 0.224 0.418 0.224 0.419 0.227 0.419 0.228 0.42 0.228 0.421 0.237 0.421 0.237 0.42 0.238 0.419 0.241 0.419 0.241 0.404 0.24 0.404 0.239 0.403 0.239 0.402
