3 0.747 0.646 0.07 0.076 0.722 0.608 0.722 0.609 0.721 0.61 0.72 0.61 0.72 0.611 0.719 0.612 0.718 0.612 0.718 0.613 0.717 0.614 0.716 0.614 0.716 0.619 0.715 0.62 0.714 0.62 0.714 0.635 0.713 0.636 0.712 0.636 0.712 0.639 0.713 0.639 0.714 0.64 0.714 0.645 0.713 0.646 0.712 0.646 0.712 0.679 0.713 0.679 0.714 0.68 0.714 0.681 0.743 0.681 0.744 0.682 0.744 0.683 0.749 0.683 0.749 0.682 0.75 0.681 0.763 0.681 0.764 0.682 0.764 0.683 0.769 0.683 0.769 0.682 0.77 0.681 0.781 0.681 0.781 0.616 0.78 0.616 0.779 0.615 0.779 0.612 0.778 0.612 0.777 0.611 0.777 0.61 0.75 0.61 0.749 0.609 0.749 0.608
4 0.738 0.406 0.028 0.044 0.73 0.384 0.73 0.385 0.729 0.386 0.726 0.386 0.726 0.387 0.725 0.388 0.724 0.388 0.724 0.403 0.725 0.403 0.726 0.404 0.726 0.423 0.727 0.423 0.728 0.424 0.728 0.425 0.729 0.425 0.73 0.426 0.73 0.427 0.737 0.427 0.737 0.426 0.738 0.425 0.743 0.425 0.743 0.424 0.744 0.423 0.745 0.423 0.745 0.414 0.746 0.413 0.747 0.413 0.747 0.41 0.748 0.409 0.749 0.409 0.749 0.402 0.75 0.401 0.751 0.401 0.751 0.392 0.75 0.392 0.749 0.391 0.749 0.388 0.748 0.388 0.747 0.387 0.747 0.386 0.746 0.386 0.745 0.385 0.745 0.384
7 0.267 0.904 0.014 0.012 0.262 0.898 0.262 0.899 0.261 0.9 0.26 0.9 0.26 0.907 0.263 0.907 0.264 0.908 0.264 0.909 0.269 0.909 0.269 0.908 0.27 0.907 0.271 0.907 0.271 0.906 0.272 0.905 0.273 0.905 0.273 0.9 0.272 0.9 0.271 0.899 0.271 0.898
7 0.265 0.783 0.018000000000000002 0.014 0.262 0.776 0.262 0.777 0.261 0.778 0.258 0.778 0.258 0.781 0.257 0.782 0.256 0.782 0.256 0.787 0.257 0.787 0.258 0.788 0.258 0.789 0.269 0.789 0.269 0.788 0.27 0.787 0.271 0.787 0.271 0.784 0.272 0.783 0.273 0.783 0.273 0.78 0.272 0.78 0.271 0.779 0.271 0.776
7 0.215 0.746 0.014 0.012 0.212 0.74 0.212 0.741 0.211 0.742 0.21 0.742 0.21 0.743 0.209 0.744 0.208 0.744 0.208 0.745 0.209 0.745 0.21 0.746 0.21 0.749 0.213 0.749 0.214 0.75 0.214 0.751 0.217 0.751 0.217 0.75 0.218 0.749 0.219 0.749 0.219 0.746 0.22 0.745 0.221 0.745 0.221 0.744 0.22 0.744 0.219 0.743 0.219 0.742 0.218 0.742 0.217 0.741 0.217 0.74
7 0.259 0.682 0.014 0.016 0.256 0.674 0.256 0.675 0.255 0.676 0.254 0.676 0.254 0.677 0.253 0.678 0.252 0.678 0.252 0.689 0.261 0.689 0.261 0.688 0.262 0.687 0.263 0.687 0.263 0.684 0.264 0.683 0.265 0.683 0.265 0.674
7 0.89 0.629 0.028 0.026000000000000002 0.88 0.616 0.88 0.617 0.879 0.618 0.876 0.618 0.876 0.619 0.877 0.619 0.878 0.62 0.878 0.623 0.879 0.623 0.88 0.624 0.88 0.625 0.881 0.625 0.882 0.626 0.882 0.627 0.883 0.627 0.884 0.628 0.884 0.631 0.885 0.631 0.886 0.632 0.886 0.639 0.887 0.639 0.888 0.64 0.888 0.641 0.895 0.641 0.895 0.64 0.896 0.639 0.899 0.639 0.899 0.636 0.9 0.635 0.901 0.635 0.901 0.628 0.902 0.627 0.903 0.627 0.903 0.618 0.902 0.618 0.901 0.617 0.901 0.616 0.896 0.616 0.896 0.617 0.895 0.618 0.888 0.618 0.887 0.617 0.887 0.616
5 0.361 0.612 0.018000000000000002 0.02 0.36 0.602 0.36 0.603 0.359 0.604 0.354 0.604 0.354 0.605 0.353 0.606 0.352 0.606 0.352 0.619 0.353 0.619 0.354 0.62 0.354 0.621 0.367 0.621 0.367 0.62 0.368 0.619 0.369 0.619 0.369 0.604 0.364 0.604 0.363 0.603 0.363 0.602
5 0.15 0.619 0.016 0.018000000000000002 0.142 0.61 0.142 0.625 0.145 0.625 0.146 0.626 0.146 0.627 0.149 0.627 0.149 0.626 0.15 0.625 0.155 0.625 0.155 0.624 0.156 0.623 0.157 0.623 0.157 0.614 0.156 0.614 0.155 0.613 0.155 0.61
5 0.254 0.598 0.016 0.016 0.25 0.59 0.25 0.591 0.249 0.592 0.248 0.592 0.248 0.597 0.247 0.598 0.246 0.598 0.246 0.599 0.247 0.599 0.248 0.6 0.248 0.603 0.249 0.603 0.25 0.604 0.25 0.605 0.253 0.605 0.253 0.604 0.254 0.603 0.257 0.603 0.257 0.602 0.258 0.601 0.259 0.601 0.259 0.6 0.26 0.599 0.261 0.599 0.261 0.594 0.26 0.594 0.259 0.593 0.259 0.592 0.258 0.592 0.257 0.591 0.257 0.59
4 0.6950000000000001 0.532 0.01 0.012 0.692 0.526 0.692 0.527 0.691 0.528 0.69 0.528 0.69 0.535 0.691 0.535 0.692 0.536 0.692 0.537 0.699 0.537 0.699 0.53 0.698 0.53 0.697 0.529 0.697 0.528 0.696 0.528 0.695 0.527 0.695 0.526
4 0.66 0.536 0.012 0.02 0.656 0.526 0.656 0.527 0.655 0.528 0.654 0.528 0.654 0.535 0.655 0.535 0.656 0.536 0.656 0.543 0.657 0.543 0.658 0.544 0.658 0.545 0.665 0.545 0.665 0.528 0.664 0.528 0.663 0.527 0.663 0.526
1 0.01 0.11900000000000001 0.02 0.226 0.0 0.006 0.0 0.231 0.019 0.231 0.019 0.006
4 0.9480000000000001 0.406 0.032 0.044 0.934 0.384 0.934 0.385 0.933 0.386 0.932 0.386 0.932 0.425 0.933 0.425 0.934 0.426 0.934 0.427 0.941 0.427 0.941 0.426 0.942 0.425 0.953 0.425 0.953 0.424 0.954 0.423 0.957 0.423 0.957 0.422 0.958 0.421 0.959 0.421 0.959 0.418 0.96 0.417 0.961 0.417 0.961 0.412 0.962 0.411 0.963 0.411 0.963 0.392 0.962 0.392 0.961 0.391 0.961 0.386 0.958 0.386 0.957 0.385 0.957 0.384
4 0.741 0.493 0.026000000000000002 0.046 0.74 0.47 0.74 0.471 0.739 0.472 0.728 0.472 0.728 0.495 0.729 0.495 0.73 0.496 0.73 0.507 0.731 0.507 0.732 0.508 0.732 0.511 0.733 0.511 0.734 0.512 0.734 0.513 0.737 0.513 0.738 0.514 0.738 0.515 0.751 0.515 0.751 0.514 0.752 0.513 0.753 0.513 0.753 0.508 0.752 0.508 0.751 0.507 0.751 0.502 0.752 0.501 0.753 0.501 0.753 0.474 0.752 0.474 0.751 0.473 0.751 0.472 0.742 0.472 0.741 0.471 0.741 0.47
4 0.368 0.523 0.02 0.03 0.36 0.508 0.36 0.509 0.359 0.51 0.358 0.51 0.358 0.533 0.359 0.533 0.36 0.534 0.36 0.535 0.365 0.535 0.366 0.536 0.366 0.537 0.369 0.537 0.369 0.536 0.37 0.535 0.375 0.535 0.375 0.534 0.376 0.533 0.377 0.533 0.377 0.51 0.376 0.51 0.375 0.509 0.375 0.508
4 0.609 0.534 0.01 0.012 0.604 0.528 0.604 0.537 0.605 0.537 0.606 0.538 0.606 0.539 0.611 0.539 0.611 0.536 0.612 0.535 0.613 0.535 0.613 0.53 0.612 0.53 0.611 0.529 0.611 0.528
7 0.22 0.9550000000000001 0.012 0.01 0.216 0.95 0.216 0.953 0.215 0.954 0.214 0.954 0.214 0.955 0.215 0.955 0.216 0.956 0.216 0.959 0.223 0.959 0.223 0.956 0.224 0.955 0.225 0.955 0.225 0.954 0.224 0.954 0.223 0.953 0.223 0.95
4 0.735 0.307 0.022 0.022 0.728 0.296 0.728 0.297 0.727 0.298 0.724 0.298 0.724 0.307 0.725 0.307 0.726 0.308 0.726 0.315 0.727 0.315 0.728 0.316 0.728 0.317 0.735 0.317 0.735 0.316 0.736 0.315 0.745 0.315 0.745 0.298 0.74 0.298 0.739 0.297 0.739 0.296
4 0.9450000000000001 0.305 0.026000000000000002 0.022 0.932 0.294 0.932 0.313 0.933 0.313 0.934 0.314 0.934 0.315 0.951 0.315 0.951 0.314 0.952 0.313 0.953 0.313 0.953 0.31 0.954 0.309 0.955 0.309 0.955 0.306 0.956 0.305 0.957 0.305 0.957 0.296 0.956 0.296 0.955 0.295 0.955 0.294
4 0.198 0.538 0.024 0.024 0.188 0.526 0.188 0.529 0.187 0.53 0.186 0.53 0.186 0.543 0.187 0.543 0.188 0.544 0.188 0.547 0.195 0.547 0.196 0.548 0.196 0.549 0.201 0.549 0.201 0.548 0.202 0.547 0.207 0.547 0.207 0.546 0.208 0.545 0.209 0.545 0.209 0.528 0.208 0.528 0.207 0.527 0.207 0.526
2 0.334 0.461 0.1 0.074 0.338 0.424 0.338 0.425 0.337 0.426 0.288 0.426 0.288 0.427 0.287 0.428 0.286 0.428 0.286 0.429 0.285 0.43 0.284 0.43 0.284 0.437 0.285 0.437 0.286 0.438 0.286 0.445 0.285 0.446 0.284 0.446 0.284 0.447 0.285 0.447 0.286 0.448 0.286 0.493 0.287 0.493 0.288 0.494 0.288 0.495 0.309 0.495 0.31 0.496 0.31 0.497 0.311 0.497 0.311 0.496 0.312 0.495 0.375 0.495 0.375 0.494 0.376 0.493 0.379 0.493 0.379 0.492 0.38 0.491 0.381 0.491 0.381 0.49 0.382 0.489 0.383 0.489 0.383 0.488 0.382 0.488 0.381 0.487 0.381 0.484 0.382 0.483 0.383 0.483 0.383 0.482 0.382 0.482 0.381 0.481 0.381 0.472 0.38 0.472 0.379 0.471 0.379 0.468 0.38 0.467 0.381 0.467 0.381 0.428 0.38 0.428 0.379 0.427 0.379 0.426 0.376 0.426 0.375 0.425 0.375 0.424
3 0.9430000000000001 0.486 0.078 0.084 0.956 0.444 0.956 0.445 0.955 0.446 0.924 0.446 0.924 0.447 0.923 0.448 0.908 0.448 0.908 0.449 0.907 0.45 0.904 0.45 0.904 0.495 0.905 0.495 0.906 0.496 0.906 0.515 0.907 0.515 0.908 0.516 0.908 0.525 0.909 0.525 0.91 0.526 0.91 0.527 0.933 0.527 0.933 0.526 0.934 0.525 0.951 0.525 0.951 0.524 0.952 0.523 0.977 0.523 0.977 0.522 0.978 0.521 0.979 0.521 0.979 0.518 0.98 0.517 0.981 0.517 0.981 0.516 0.98 0.516 0.979 0.515 0.979 0.49 0.978 0.49 0.977 0.489 0.977 0.444
3 0.148 0.543 0.052000000000000005 0.05 0.126 0.518 0.126 0.519 0.125 0.52 0.124 0.52 0.124 0.521 0.123 0.522 0.122 0.522 0.122 0.549 0.123 0.549 0.124 0.55 0.124 0.553 0.125 0.553 0.126 0.554 0.126 0.555 0.127 0.555 0.128 0.556 0.128 0.557 0.131 0.557 0.132 0.558 0.132 0.559 0.133 0.559 0.134 0.56 0.134 0.561 0.137 0.561 0.138 0.562 0.138 0.563 0.139 0.563 0.14 0.564 0.14 0.565 0.141 0.565 0.142 0.566 0.142 0.567 0.147 0.567 0.147 0.566 0.148 0.565 0.149 0.565 0.149 0.564 0.15 0.563 0.157 0.563 0.157 0.562 0.158 0.561 0.161 0.561 0.161 0.56 0.162 0.559 0.163 0.559 0.163 0.558 0.164 0.557 0.165 0.557 0.165 0.556 0.166 0.555 0.167 0.555 0.167 0.554 0.168 0.553 0.169 0.553 0.169 0.55 0.17 0.549 0.171 0.549 0.171 0.546 0.172 0.545 0.173 0.545 0.173 0.52 0.172 0.52 0.171 0.519 0.171 0.518
3 0.243 0.541 0.054 0.05 0.22 0.516 0.22 0.517 0.219 0.518 0.218 0.518 0.218 0.519 0.217 0.52 0.216 0.52 0.216 0.525 0.217 0.525 0.218 0.526 0.218 0.549 0.219 0.549 0.22 0.55 0.22 0.551 0.221 0.551 0.222 0.552 0.222 0.553 0.225 0.553 0.226 0.554 0.226 0.555 0.227 0.555 0.228 0.556 0.228 0.557 0.231 0.557 0.232 0.558 0.232 0.559 0.233 0.559 0.234 0.56 0.234 0.561 0.235 0.561 0.236 0.562 0.236 0.563 0.237 0.563 0.238 0.564 0.238 0.565 0.243 0.565 0.243 0.564 0.244 0.563 0.245 0.563 0.245 0.562 0.246 0.561 0.251 0.561 0.251 0.56 0.252 0.559 0.255 0.559 0.255 0.558 0.256 0.557 0.257 0.557 0.257 0.556 0.258 0.555 0.259 0.555 0.259 0.554 0.26 0.553 0.261 0.553 0.261 0.552 0.262 0.551 0.265 0.551 0.265 0.55 0.266 0.549 0.267 0.549 0.267 0.536 0.268 0.535 0.269 0.535 0.269 0.53 0.268 0.53 0.267 0.529 0.267 0.516
3 0.41400000000000003 0.537 0.052000000000000005 0.05 0.388 0.512 0.388 0.543 0.389 0.543 0.39 0.544 0.39 0.547 0.393 0.547 0.394 0.548 0.394 0.549 0.395 0.549 0.396 0.55 0.396 0.551 0.399 0.551 0.4 0.552 0.4 0.553 0.401 0.553 0.402 0.554 0.402 0.555 0.403 0.555 0.404 0.556 0.404 0.557 0.405 0.557 0.406 0.558 0.406 0.559 0.407 0.559 0.408 0.56 0.408 0.561 0.415 0.561 0.415 0.56 0.416 0.559 0.419 0.559 0.419 0.558 0.42 0.557 0.423 0.557 0.423 0.556 0.424 0.555 0.425 0.555 0.425 0.554 0.426 0.553 0.429 0.553 0.429 0.552 0.43 0.551 0.431 0.551 0.431 0.55 0.432 0.549 0.433 0.549 0.433 0.548 0.434 0.547 0.435 0.547 0.435 0.546 0.436 0.545 0.437 0.545 0.437 0.538 0.438 0.537 0.439 0.537 0.439 0.518 0.438 0.518 0.437 0.517 0.437 0.514 0.41 0.514 0.409 0.513 0.409 0.512
4 0.10400000000000001 0.542 0.024 0.028 0.102 0.528 0.102 0.529 0.101 0.53 0.098 0.53 0.098 0.533 0.097 0.534 0.096 0.534 0.096 0.541 0.095 0.542 0.094 0.542 0.094 0.547 0.093 0.548 0.092 0.548 0.092 0.549 0.093 0.549 0.094 0.55 0.094 0.553 0.095 0.553 0.096 0.554 0.096 0.555 0.113 0.555 0.113 0.542 0.114 0.541 0.115 0.541 0.115 0.532 0.114 0.532 0.113 0.531 0.113 0.53 0.108 0.53 0.107 0.529 0.107 0.528
3 0.9460000000000001 0.585 0.088 0.106 0.972 0.532 0.972 0.533 0.971 0.534 0.93 0.534 0.93 0.535 0.929 0.536 0.914 0.536 0.914 0.537 0.913 0.538 0.908 0.538 0.908 0.539 0.907 0.54 0.906 0.54 0.906 0.541 0.905 0.542 0.904 0.542 0.904 0.591 0.905 0.591 0.906 0.592 0.906 0.617 0.905 0.618 0.904 0.618 0.904 0.625 0.903 0.626 0.902 0.626 0.902 0.635 0.905 0.635 0.906 0.636 0.906 0.637 0.917 0.637 0.917 0.636 0.918 0.635 0.961 0.635 0.961 0.634 0.962 0.633 0.977 0.633 0.977 0.632 0.978 0.631 0.987 0.631 0.987 0.63 0.988 0.629 0.989 0.629 0.989 0.606 0.988 0.606 0.987 0.605 0.987 0.57 0.986 0.57 0.985 0.569 0.985 0.548 0.984 0.548 0.983 0.547 0.983 0.536 0.982 0.536 0.981 0.535 0.981 0.534 0.98 0.534 0.979 0.533 0.979 0.532
3 0.46 0.611 0.124 0.054 0.462 0.584 0.462 0.585 0.461 0.586 0.454 0.586 0.454 0.587 0.453 0.588 0.452 0.588 0.451 0.587 0.451 0.586 0.448 0.586 0.448 0.587 0.447 0.588 0.44 0.588 0.44 0.589 0.439 0.59 0.438 0.59 0.437 0.589 0.437 0.588 0.422 0.588 0.422 0.589 0.421 0.59 0.406 0.59 0.406 0.591 0.405 0.592 0.402 0.592 0.402 0.595 0.401 0.596 0.4 0.596 0.4 0.631 0.399 0.632 0.398 0.632 0.398 0.637 0.501 0.637 0.501 0.636 0.502 0.635 0.519 0.635 0.519 0.62 0.52 0.619 0.521 0.619 0.521 0.6 0.52 0.6 0.519 0.599 0.519 0.594 0.52 0.593 0.521 0.593 0.521 0.588 0.52 0.588 0.519 0.587 0.519 0.586 0.508 0.586 0.507 0.585 0.507 0.584 0.482 0.584 0.482 0.585 0.481 0.586 0.48 0.586 0.479 0.585 0.479 0.584 0.47 0.584 0.47 0.585 0.469 0.586 0.466 0.586 0.465 0.585 0.465 0.584
4 0.462 0.53 0.024 0.024 0.452 0.518 0.452 0.525 0.451 0.526 0.45 0.526 0.45 0.537 0.451 0.537 0.452 0.538 0.452 0.539 0.453 0.539 0.454 0.54 0.454 0.541 0.469 0.541 0.469 0.54 0.47 0.539 0.471 0.539 0.471 0.528 0.472 0.527 0.473 0.527 0.473 0.522 0.472 0.522 0.471 0.521 0.471 0.518
4 0.293 0.529 0.022 0.038 0.29 0.51 0.29 0.511 0.289 0.512 0.288 0.512 0.288 0.513 0.287 0.514 0.286 0.514 0.286 0.519 0.285 0.52 0.284 0.52 0.284 0.531 0.283 0.532 0.282 0.532 0.282 0.543 0.283 0.543 0.284 0.544 0.284 0.545 0.285 0.545 0.286 0.546 0.286 0.547 0.299 0.547 0.299 0.546 0.3 0.545 0.301 0.545 0.301 0.538 0.302 0.537 0.303 0.537 0.303 0.512 0.302 0.512 0.301 0.511 0.301 0.51
3 0.599 0.609 0.11800000000000001 0.054 0.608 0.582 0.608 0.583 0.607 0.584 0.576 0.584 0.576 0.585 0.575 0.586 0.568 0.586 0.567 0.585 0.567 0.584 0.558 0.584 0.558 0.585 0.557 0.586 0.55 0.586 0.55 0.587 0.549 0.588 0.548 0.588 0.548 0.589 0.547 0.59 0.544 0.59 0.544 0.601 0.543 0.602 0.542 0.602 0.542 0.607 0.541 0.608 0.54 0.608 0.54 0.635 0.575 0.635 0.575 0.634 0.576 0.633 0.639 0.633 0.639 0.632 0.64 0.631 0.655 0.631 0.655 0.63 0.656 0.629 0.657 0.629 0.657 0.612 0.656 0.612 0.655 0.611 0.655 0.584 0.632 0.584 0.631 0.583 0.631 0.582
3 0.063 0.618 0.126 0.064 0.06 0.586 0.06 0.587 0.059 0.588 0.022 0.588 0.022 0.589 0.021 0.59 0.02 0.59 0.019 0.589 0.019 0.588 0.002 0.588 0.002 0.589 0.001 0.59 0.0 0.59 0.0 0.649 0.011 0.649 0.011 0.648 0.012 0.647 0.041 0.647 0.041 0.646 0.042 0.645 0.065 0.645 0.065 0.644 0.066 0.643 0.105 0.643 0.106 0.644 0.106 0.645 0.109 0.645 0.109 0.644 0.11 0.643 0.121 0.643 0.121 0.642 0.122 0.641 0.123 0.641 0.123 0.634 0.124 0.633 0.125 0.633 0.125 0.598 0.124 0.598 0.123 0.597 0.123 0.594 0.122 0.594 0.121 0.593 0.121 0.59 0.118 0.59 0.117 0.589 0.117 0.588 0.062 0.588 0.061 0.587 0.061 0.586
