7 0.588 0.779 0.056 0.046 0.588 0.756 0.588 0.757 0.587 0.758 0.576 0.758 0.576 0.759 0.575 0.76 0.564 0.76 0.564 0.761 0.563 0.762 0.56 0.762 0.56 0.783 0.561 0.783 0.562 0.784 0.562 0.791 0.563 0.791 0.564 0.792 0.564 0.797 0.565 0.797 0.566 0.798 0.566 0.799 0.567 0.799 0.568 0.8 0.568 0.801 0.569 0.801 0.569 0.8 0.57 0.799 0.595 0.799 0.595 0.798 0.596 0.797 0.607 0.797 0.607 0.796 0.608 0.795 0.611 0.795 0.611 0.794 0.612 0.793 0.613 0.793 0.613 0.792 0.614 0.791 0.615 0.791 0.615 0.786 0.614 0.786 0.613 0.785 0.613 0.764 0.612 0.764 0.611 0.763 0.611 0.756
3 0.682 0.461 0.036000000000000004 0.038 0.69 0.442 0.69 0.443 0.689 0.444 0.686 0.444 0.686 0.445 0.685 0.446 0.684 0.446 0.684 0.447 0.683 0.448 0.68 0.448 0.68 0.449 0.679 0.45 0.676 0.45 0.676 0.451 0.675 0.452 0.672 0.452 0.672 0.453 0.671 0.454 0.67 0.454 0.67 0.455 0.669 0.456 0.666 0.456 0.666 0.457 0.665 0.458 0.664 0.458 0.664 0.459 0.665 0.459 0.666 0.46 0.666 0.465 0.667 0.465 0.668 0.466 0.668 0.469 0.669 0.469 0.67 0.47 0.67 0.471 0.671 0.471 0.672 0.472 0.672 0.473 0.675 0.473 0.676 0.474 0.676 0.475 0.677 0.475 0.678 0.476 0.678 0.477 0.679 0.477 0.68 0.478 0.68 0.479 0.683 0.479 0.683 0.478 0.684 0.477 0.689 0.477 0.689 0.476 0.69 0.475 0.695 0.475 0.695 0.474 0.696 0.473 0.699 0.473 0.699 0.47 0.698 0.47 0.697 0.469 0.697 0.462 0.696 0.462 0.695 0.461 0.695 0.454 0.694 0.454 0.693 0.453 0.693 0.446 0.692 0.446 0.691 0.445 0.691 0.442
5 0.641 0.8210000000000001 0.018000000000000002 0.03 0.634 0.806 0.634 0.809 0.633 0.81 0.632 0.81 0.632 0.827 0.633 0.827 0.634 0.828 0.634 0.833 0.635 0.833 0.636 0.834 0.636 0.835 0.643 0.835 0.643 0.834 0.644 0.833 0.647 0.833 0.647 0.83 0.648 0.829 0.649 0.829 0.649 0.82 0.648 0.82 0.647 0.819 0.647 0.808 0.646 0.808 0.645 0.807 0.645 0.806
7 0.121 0.084 0.026000000000000002 0.024 0.122 0.072 0.122 0.073 0.121 0.074 0.116 0.074 0.116 0.075 0.115 0.076 0.112 0.076 0.112 0.077 0.111 0.078 0.108 0.078 0.108 0.089 0.109 0.089 0.11 0.09 0.11 0.093 0.111 0.093 0.112 0.094 0.112 0.095 0.125 0.095 0.125 0.094 0.126 0.093 0.129 0.093 0.129 0.092 0.13 0.091 0.133 0.091 0.133 0.08 0.132 0.08 0.131 0.079 0.131 0.076 0.13 0.076 0.129 0.075 0.129 0.072
7 0.585 0.095 0.026000000000000002 0.026000000000000002 0.578 0.082 0.578 0.083 0.577 0.084 0.574 0.084 0.574 0.085 0.573 0.086 0.572 0.086 0.572 0.097 0.573 0.097 0.574 0.098 0.574 0.103 0.575 0.103 0.576 0.104 0.576 0.107 0.597 0.107 0.597 0.086 0.596 0.086 0.595 0.085 0.595 0.082
7 0.066 0.14300000000000002 0.016 0.014 0.06 0.136 0.06 0.137 0.059 0.138 0.058 0.138 0.058 0.145 0.059 0.145 0.06 0.146 0.06 0.147 0.061 0.147 0.062 0.148 0.062 0.149 0.071 0.149 0.071 0.148 0.072 0.147 0.073 0.147 0.073 0.146 0.072 0.146 0.071 0.145 0.071 0.138 0.07 0.138 0.069 0.137 0.069 0.136
7 0.517 0.167 0.026000000000000002 0.026000000000000002 0.506 0.154 0.506 0.155 0.505 0.156 0.504 0.156 0.504 0.179 0.527 0.179 0.527 0.178 0.528 0.177 0.529 0.177 0.529 0.156 0.528 0.156 0.527 0.155 0.527 0.154
7 0.212 0.47600000000000003 0.008 0.008 0.208 0.472 0.208 0.479 0.215 0.479 0.215 0.474 0.214 0.474 0.213 0.473 0.213 0.472
7 0.491 0.483 0.014 0.01 0.484 0.478 0.484 0.487 0.493 0.487 0.493 0.486 0.494 0.485 0.497 0.485 0.497 0.478
7 0.5660000000000001 0.485 0.044 0.014 0.582 0.478 0.582 0.479 0.581 0.48 0.562 0.48 0.562 0.481 0.561 0.482 0.546 0.482 0.546 0.483 0.545 0.484 0.544 0.484 0.544 0.489 0.545 0.489 0.546 0.49 0.546 0.491 0.563 0.491 0.563 0.49 0.564 0.489 0.579 0.489 0.579 0.488 0.58 0.487 0.587 0.487 0.587 0.48 0.584 0.48 0.583 0.479 0.583 0.478
7 0.186 0.504 0.008 0.008 0.184 0.5 0.184 0.503 0.183 0.504 0.182 0.504 0.182 0.505 0.183 0.505 0.184 0.506 0.184 0.507 0.187 0.507 0.187 0.506 0.188 0.505 0.189 0.505 0.189 0.5
7 0.245 0.523 0.034 0.034 0.244 0.506 0.244 0.507 0.243 0.508 0.236 0.508 0.236 0.509 0.235 0.51 0.232 0.51 0.232 0.511 0.231 0.512 0.23 0.512 0.23 0.513 0.229 0.514 0.228 0.514 0.228 0.517 0.229 0.517 0.23 0.518 0.23 0.525 0.231 0.525 0.232 0.526 0.232 0.533 0.233 0.533 0.234 0.534 0.234 0.537 0.235 0.537 0.236 0.538 0.236 0.539 0.251 0.539 0.251 0.538 0.252 0.537 0.259 0.537 0.259 0.536 0.26 0.535 0.261 0.535 0.261 0.518 0.26 0.518 0.259 0.517 0.259 0.51 0.258 0.51 0.257 0.509 0.257 0.508 0.256 0.508 0.255 0.507 0.255 0.506
5 0.5740000000000001 0.674 0.024 0.024 0.564 0.662 0.564 0.667 0.563 0.668 0.562 0.668 0.562 0.685 0.579 0.685 0.579 0.684 0.58 0.683 0.583 0.683 0.583 0.682 0.584 0.681 0.585 0.681 0.585 0.666 0.584 0.666 0.583 0.665 0.583 0.664 0.582 0.664 0.581 0.663 0.581 0.662
7 0.56 0.522 0.028 0.028 0.564 0.508 0.564 0.509 0.563 0.51 0.548 0.51 0.548 0.511 0.547 0.512 0.546 0.512 0.546 0.527 0.547 0.527 0.548 0.528 0.548 0.533 0.549 0.533 0.55 0.534 0.55 0.535 0.563 0.535 0.563 0.534 0.564 0.533 0.571 0.533 0.571 0.53 0.572 0.529 0.573 0.529 0.573 0.528 0.572 0.528 0.571 0.527 0.571 0.51 0.568 0.51 0.567 0.509 0.567 0.508
2 0.135 0.481 0.054 0.054 0.126 0.454 0.126 0.455 0.125 0.456 0.122 0.456 0.122 0.457 0.121 0.458 0.118 0.458 0.118 0.459 0.117 0.46 0.112 0.46 0.112 0.461 0.111 0.462 0.108 0.462 0.108 0.467 0.111 0.467 0.112 0.468 0.112 0.469 0.113 0.469 0.114 0.47 0.114 0.471 0.117 0.471 0.118 0.472 0.118 0.473 0.119 0.473 0.12 0.474 0.12 0.475 0.121 0.475 0.122 0.476 0.122 0.477 0.125 0.477 0.126 0.478 0.126 0.479 0.127 0.479 0.128 0.48 0.128 0.481 0.129 0.481 0.13 0.482 0.13 0.483 0.133 0.483 0.134 0.484 0.134 0.485 0.135 0.485 0.136 0.486 0.136 0.487 0.137 0.487 0.138 0.488 0.138 0.489 0.139 0.489 0.14 0.49 0.14 0.491 0.141 0.491 0.142 0.492 0.142 0.493 0.143 0.493 0.144 0.494 0.144 0.495 0.145 0.495 0.146 0.496 0.146 0.497 0.147 0.497 0.148 0.498 0.148 0.499 0.149 0.499 0.15 0.5 0.15 0.501 0.151 0.501 0.152 0.502 0.152 0.503 0.153 0.503 0.154 0.504 0.154 0.505 0.157 0.505 0.158 0.506 0.158 0.507 0.159 0.507 0.159 0.506 0.16 0.505 0.161 0.505 0.161 0.502 0.16 0.502 0.159 0.501 0.159 0.494 0.158 0.494 0.157 0.493 0.157 0.49 0.156 0.49 0.155 0.489 0.155 0.482 0.154 0.482 0.153 0.481 0.153 0.478 0.152 0.478 0.151 0.477 0.151 0.476 0.15 0.476 0.149 0.475 0.149 0.47 0.148 0.47 0.147 0.469 0.147 0.466 0.144 0.466 0.143 0.465 0.143 0.464 0.142 0.464 0.141 0.463 0.141 0.462 0.14 0.462 0.139 0.461 0.139 0.46 0.138 0.46 0.137 0.459 0.137 0.458 0.134 0.458 0.133 0.457 0.133 0.456 0.132 0.456 0.131 0.455 0.131 0.454
2 0.47300000000000003 0.584 0.058 0.068 0.48 0.55 0.48 0.551 0.479 0.552 0.464 0.552 0.464 0.553 0.463 0.554 0.456 0.554 0.456 0.555 0.455 0.556 0.452 0.556 0.452 0.557 0.451 0.558 0.45 0.558 0.45 0.559 0.449 0.56 0.448 0.56 0.448 0.561 0.447 0.562 0.446 0.562 0.446 0.563 0.445 0.564 0.444 0.564 0.444 0.591 0.445 0.591 0.446 0.592 0.446 0.603 0.447 0.603 0.448 0.604 0.448 0.611 0.449 0.611 0.45 0.612 0.45 0.615 0.453 0.615 0.454 0.616 0.454 0.617 0.483 0.617 0.483 0.616 0.484 0.615 0.501 0.615 0.501 0.604 0.5 0.604 0.499 0.603 0.499 0.596 0.498 0.596 0.497 0.595 0.497 0.58 0.496 0.58 0.495 0.579 0.495 0.568 0.494 0.568 0.493 0.567 0.493 0.558 0.492 0.558 0.491 0.557 0.491 0.552 0.488 0.552 0.487 0.551 0.487 0.55
5 0.555 0.17300000000000001 0.014 0.014 0.548 0.166 0.548 0.175 0.549 0.175 0.55 0.176 0.55 0.177 0.551 0.177 0.552 0.178 0.552 0.179 0.555 0.179 0.555 0.178 0.556 0.177 0.559 0.177 0.559 0.174 0.56 0.173 0.561 0.173 0.561 0.17 0.56 0.17 0.559 0.169 0.559 0.166
7 0.598 0.442 0.032 0.032 0.592 0.426 0.592 0.427 0.591 0.428 0.584 0.428 0.584 0.429 0.583 0.43 0.582 0.43 0.582 0.447 0.583 0.447 0.584 0.448 0.584 0.455 0.585 0.455 0.586 0.456 0.586 0.457 0.591 0.457 0.591 0.456 0.592 0.455 0.607 0.455 0.607 0.454 0.608 0.453 0.613 0.453 0.613 0.436 0.612 0.436 0.611 0.435 0.611 0.426
7 0.602 0.368 0.024 0.024 0.598 0.356 0.598 0.357 0.597 0.358 0.592 0.358 0.592 0.361 0.591 0.362 0.59 0.362 0.59 0.367 0.591 0.367 0.592 0.368 0.592 0.377 0.593 0.377 0.594 0.378 0.594 0.379 0.603 0.379 0.603 0.378 0.604 0.377 0.611 0.377 0.611 0.376 0.612 0.375 0.613 0.375 0.613 0.358 0.612 0.358 0.611 0.357 0.611 0.356
3 0.681 0.41100000000000003 0.038 0.042 0.69 0.39 0.69 0.391 0.689 0.392 0.686 0.392 0.686 0.393 0.685 0.394 0.682 0.394 0.682 0.395 0.681 0.396 0.678 0.396 0.678 0.397 0.677 0.398 0.676 0.398 0.676 0.399 0.675 0.4 0.672 0.4 0.672 0.401 0.671 0.402 0.668 0.402 0.668 0.403 0.667 0.404 0.664 0.404 0.664 0.405 0.663 0.406 0.662 0.406 0.662 0.417 0.663 0.417 0.664 0.418 0.664 0.419 0.665 0.419 0.666 0.42 0.666 0.421 0.667 0.421 0.668 0.422 0.668 0.423 0.669 0.423 0.67 0.424 0.67 0.425 0.671 0.425 0.672 0.426 0.672 0.427 0.673 0.427 0.674 0.428 0.674 0.429 0.675 0.429 0.676 0.43 0.676 0.431 0.679 0.431 0.679 0.43 0.68 0.429 0.687 0.429 0.687 0.428 0.688 0.427 0.695 0.427 0.695 0.426 0.696 0.425 0.699 0.425 0.699 0.422 0.698 0.422 0.697 0.421 0.697 0.412 0.696 0.412 0.695 0.411 0.695 0.404 0.694 0.404 0.693 0.403 0.693 0.394 0.692 0.394 0.691 0.393 0.691 0.39
3 0.672 0.365 0.036000000000000004 0.034 0.68 0.348 0.68 0.349 0.679 0.35 0.676 0.35 0.676 0.351 0.675 0.352 0.672 0.352 0.672 0.353 0.671 0.354 0.666 0.354 0.666 0.355 0.665 0.356 0.662 0.356 0.662 0.357 0.661 0.358 0.658 0.358 0.658 0.359 0.657 0.36 0.656 0.36 0.656 0.365 0.655 0.366 0.654 0.366 0.654 0.371 0.655 0.371 0.656 0.372 0.656 0.373 0.657 0.373 0.658 0.374 0.658 0.375 0.659 0.375 0.66 0.376 0.66 0.377 0.661 0.377 0.662 0.378 0.662 0.379 0.663 0.379 0.664 0.38 0.664 0.381 0.671 0.381 0.671 0.38 0.672 0.379 0.681 0.379 0.681 0.378 0.682 0.377 0.687 0.377 0.687 0.37 0.688 0.369 0.689 0.369 0.689 0.36 0.688 0.36 0.687 0.359 0.687 0.356 0.686 0.356 0.685 0.355 0.685 0.354 0.684 0.354 0.683 0.353 0.683 0.35 0.682 0.35 0.681 0.349 0.681 0.348
5 0.63 0.016 0.028 0.024 0.62 0.004 0.62 0.005 0.619 0.006 0.616 0.006 0.616 0.011 0.617 0.011 0.618 0.012 0.618 0.019 0.619 0.019 0.62 0.02 0.62 0.021 0.621 0.021 0.622 0.022 0.622 0.023 0.631 0.023 0.632 0.024 0.632 0.025 0.635 0.025 0.636 0.026 0.636 0.027 0.641 0.027 0.641 0.026 0.642 0.025 0.643 0.025 0.643 0.018 0.642 0.018 0.641 0.017 0.641 0.006 0.64 0.006 0.639 0.005 0.639 0.004
3 0.652 0.074 0.06 0.08 0.666 0.034 0.666 0.035 0.665 0.036 0.656 0.036 0.656 0.037 0.655 0.038 0.646 0.038 0.646 0.039 0.645 0.04 0.636 0.04 0.636 0.041 0.635 0.042 0.626 0.042 0.626 0.043 0.625 0.044 0.624 0.044 0.624 0.047 0.623 0.048 0.622 0.048 0.622 0.057 0.623 0.057 0.624 0.058 0.624 0.073 0.625 0.073 0.626 0.074 0.626 0.095 0.627 0.095 0.628 0.096 0.628 0.105 0.629 0.105 0.63 0.106 0.63 0.111 0.631 0.111 0.632 0.112 0.632 0.113 0.649 0.113 0.649 0.112 0.65 0.111 0.659 0.111 0.659 0.11 0.66 0.109 0.665 0.109 0.665 0.108 0.666 0.107 0.677 0.107 0.677 0.106 0.678 0.105 0.679 0.105 0.679 0.104 0.68 0.103 0.681 0.103 0.681 0.098 0.68 0.098 0.679 0.097 0.679 0.072 0.678 0.072 0.677 0.071 0.677 0.058 0.676 0.058 0.675 0.057 0.675 0.046 0.674 0.046 0.673 0.045 0.673 0.036 0.672 0.036 0.671 0.035 0.671 0.034
2 0.374 0.125 0.048 0.022 0.356 0.114 0.356 0.115 0.355 0.116 0.35 0.116 0.35 0.119 0.351 0.119 0.352 0.12 0.352 0.121 0.353 0.121 0.354 0.122 0.354 0.123 0.357 0.123 0.358 0.124 0.358 0.125 0.359 0.125 0.36 0.126 0.36 0.127 0.361 0.127 0.362 0.128 0.362 0.129 0.363 0.129 0.364 0.13 0.364 0.131 0.367 0.131 0.368 0.132 0.368 0.133 0.371 0.133 0.372 0.134 0.372 0.135 0.395 0.135 0.395 0.134 0.396 0.133 0.397 0.133 0.397 0.118 0.396 0.118 0.395 0.117 0.395 0.114
7 0.052000000000000005 0.994 0.036000000000000004 0.012 0.058 0.988 0.058 0.989 0.057 0.99 0.05 0.99 0.05 0.991 0.049 0.992 0.046 0.992 0.046 0.993 0.045 0.994 0.04 0.994 0.04 0.995 0.039 0.996 0.036 0.996 0.036 0.997 0.035 0.998 0.034 0.998 0.034 0.999 0.069 0.999 0.069 0.998 0.068 0.998 0.067 0.997 0.067 0.992 0.066 0.992 0.065 0.991 0.065 0.99 0.064 0.99 0.063 0.989 0.063 0.988
7 0.009000000000000001 0.9580000000000001 0.018000000000000002 0.032 0.002 0.942 0.002 0.943 0.001 0.944 0.0 0.944 0.0 0.973 0.003 0.973 0.003 0.972 0.004 0.971 0.009 0.971 0.009 0.97 0.01 0.969 0.013 0.969 0.013 0.968 0.014 0.967 0.017 0.967 0.017 0.954 0.016 0.954 0.015 0.953 0.015 0.948 0.014 0.948 0.013 0.947 0.013 0.944 0.012 0.944 0.011 0.943 0.011 0.942
7 0.626 0.854 0.028 0.028 0.616 0.84 0.616 0.841 0.615 0.842 0.614 0.842 0.614 0.843 0.613 0.844 0.612 0.844 0.612 0.849 0.613 0.849 0.614 0.85 0.614 0.865 0.615 0.865 0.616 0.866 0.616 0.867 0.631 0.867 0.631 0.866 0.632 0.865 0.637 0.865 0.637 0.864 0.638 0.863 0.639 0.863 0.639 0.842 0.638 0.842 0.637 0.841 0.637 0.84
3 0.665 0.197 0.066 0.074 0.664 0.16 0.664 0.161 0.663 0.162 0.658 0.162 0.658 0.163 0.657 0.164 0.648 0.164 0.648 0.169 0.647 0.17 0.638 0.17 0.638 0.173 0.637 0.174 0.634 0.174 0.634 0.203 0.635 0.203 0.636 0.204 0.636 0.209 0.637 0.209 0.638 0.21 0.638 0.211 0.639 0.211 0.64 0.212 0.64 0.213 0.641 0.213 0.642 0.214 0.642 0.217 0.643 0.217 0.644 0.218 0.644 0.219 0.645 0.219 0.646 0.22 0.646 0.221 0.647 0.221 0.648 0.222 0.648 0.225 0.649 0.225 0.65 0.226 0.65 0.227 0.653 0.227 0.654 0.228 0.654 0.229 0.655 0.229 0.656 0.23 0.656 0.231 0.679 0.231 0.68 0.232 0.68 0.233 0.685 0.233 0.685 0.232 0.686 0.231 0.687 0.231 0.687 0.23 0.688 0.229 0.689 0.229 0.689 0.228 0.69 0.227 0.691 0.227 0.691 0.226 0.692 0.225 0.695 0.225 0.695 0.222 0.696 0.221 0.697 0.221 0.697 0.202 0.696 0.202 0.695 0.201 0.695 0.19 0.694 0.19 0.693 0.189 0.693 0.178 0.692 0.178 0.691 0.177 0.691 0.174 0.69 0.174 0.689 0.173 0.689 0.17 0.688 0.17 0.687 0.169 0.687 0.168 0.686 0.168 0.685 0.167 0.685 0.166 0.684 0.166 0.683 0.165 0.683 0.164 0.682 0.164 0.681 0.163 0.681 0.162 0.678 0.162 0.677 0.161 0.677 0.16
2 0.738 0.5700000000000001 0.04 0.076 0.728 0.532 0.728 0.533 0.727 0.534 0.722 0.534 0.722 0.535 0.721 0.536 0.72 0.536 0.72 0.543 0.719 0.544 0.718 0.544 0.718 0.553 0.719 0.553 0.72 0.554 0.72 0.559 0.721 0.559 0.722 0.56 0.722 0.577 0.723 0.577 0.724 0.578 0.724 0.585 0.725 0.585 0.726 0.586 0.726 0.597 0.727 0.597 0.728 0.598 0.728 0.601 0.729 0.601 0.73 0.602 0.73 0.605 0.731 0.605 0.732 0.606 0.732 0.607 0.749 0.607 0.749 0.606 0.75 0.605 0.751 0.605 0.751 0.604 0.752 0.603 0.753 0.603 0.753 0.602 0.754 0.601 0.755 0.601 0.755 0.6 0.756 0.599 0.757 0.599 0.757 0.592 0.756 0.592 0.755 0.591 0.755 0.588 0.754 0.588 0.753 0.587 0.753 0.584 0.752 0.584 0.751 0.583 0.751 0.574 0.75 0.574 0.749 0.573 0.749 0.564 0.748 0.564 0.747 0.563 0.747 0.558 0.746 0.558 0.745 0.557 0.745 0.548 0.744 0.548 0.743 0.547 0.743 0.536 0.742 0.536 0.741 0.535 0.741 0.534 0.732 0.534 0.731 0.533 0.731 0.532
