4 0.491 0.445 0.026000000000000002 0.03 0.486 0.43 0.486 0.431 0.485 0.432 0.484 0.432 0.484 0.435 0.483 0.436 0.482 0.436 0.482 0.439 0.481 0.44 0.48 0.44 0.48 0.441 0.479 0.442 0.478 0.442 0.478 0.453 0.479 0.453 0.48 0.454 0.48 0.455 0.481 0.455 0.482 0.456 0.482 0.457 0.491 0.457 0.492 0.458 0.492 0.459 0.495 0.459 0.495 0.458 0.496 0.457 0.501 0.457 0.501 0.454 0.502 0.453 0.503 0.453 0.503 0.434 0.502 0.434 0.501 0.433 0.501 0.432 0.498 0.432 0.497 0.431 0.497 0.43
4 0.864 0.145 0.02 0.022 0.86 0.134 0.86 0.135 0.859 0.136 0.858 0.136 0.858 0.139 0.857 0.14 0.856 0.14 0.856 0.149 0.855 0.15 0.854 0.15 0.854 0.153 0.855 0.153 0.856 0.154 0.856 0.155 0.865 0.155 0.865 0.154 0.866 0.153 0.867 0.153 0.867 0.152 0.868 0.151 0.869 0.151 0.869 0.146 0.87 0.145 0.871 0.145 0.871 0.144 0.872 0.143 0.873 0.143 0.873 0.138 0.872 0.138 0.871 0.137 0.871 0.136 0.868 0.136 0.867 0.135 0.867 0.134
0 0.515 0.591 0.08600000000000001 0.07 0.48 0.556 0.48 0.557 0.479 0.558 0.478 0.558 0.478 0.563 0.477 0.564 0.476 0.564 0.476 0.567 0.475 0.568 0.474 0.568 0.474 0.573 0.473 0.574 0.472 0.574 0.472 0.581 0.473 0.581 0.474 0.582 0.474 0.583 0.475 0.583 0.476 0.584 0.476 0.585 0.481 0.585 0.482 0.586 0.482 0.587 0.485 0.587 0.486 0.588 0.486 0.589 0.491 0.589 0.492 0.59 0.492 0.591 0.497 0.591 0.498 0.592 0.498 0.593 0.501 0.593 0.502 0.594 0.502 0.595 0.507 0.595 0.508 0.596 0.508 0.613 0.511 0.613 0.512 0.614 0.512 0.615 0.515 0.615 0.516 0.616 0.516 0.617 0.519 0.617 0.52 0.618 0.52 0.619 0.525 0.619 0.526 0.62 0.526 0.621 0.531 0.621 0.532 0.622 0.532 0.623 0.535 0.623 0.536 0.624 0.536 0.625 0.545 0.625 0.545 0.624 0.546 0.623 0.547 0.623 0.547 0.618 0.548 0.617 0.549 0.617 0.549 0.612 0.55 0.611 0.551 0.611 0.551 0.606 0.552 0.605 0.553 0.605 0.553 0.6 0.554 0.599 0.555 0.599 0.555 0.594 0.556 0.593 0.557 0.593 0.557 0.582 0.554 0.582 0.553 0.581 0.553 0.58 0.548 0.58 0.547 0.579 0.547 0.578 0.544 0.578 0.543 0.577 0.543 0.576 0.538 0.576 0.537 0.575 0.537 0.574 0.532 0.574 0.531 0.573 0.531 0.572 0.526 0.572 0.525 0.571 0.525 0.57 0.522 0.57 0.521 0.569 0.521 0.568 0.518 0.568 0.517 0.567 0.517 0.566 0.512 0.566 0.511 0.565 0.511 0.564 0.508 0.564 0.507 0.563 0.507 0.562 0.502 0.562 0.501 0.561 0.501 0.56 0.496 0.56 0.495 0.559 0.495 0.558 0.492 0.558 0.491 0.557 0.491 0.556
7 0.6990000000000001 0.764 0.014 0.012 0.692 0.758 0.692 0.761 0.693 0.761 0.694 0.762 0.694 0.765 0.695 0.765 0.696 0.766 0.696 0.767 0.699 0.767 0.7 0.768 0.7 0.769 0.703 0.769 0.703 0.768 0.704 0.767 0.705 0.767 0.705 0.762 0.704 0.762 0.703 0.761 0.703 0.76 0.702 0.76 0.701 0.759 0.701 0.758
5 0.929 0.709 0.018000000000000002 0.014 0.92 0.702 0.92 0.705 0.921 0.705 0.922 0.706 0.922 0.707 0.923 0.707 0.924 0.708 0.924 0.711 0.925 0.711 0.926 0.712 0.926 0.713 0.929 0.713 0.93 0.714 0.93 0.715 0.931 0.715 0.931 0.714 0.932 0.713 0.935 0.713 0.935 0.712 0.936 0.711 0.937 0.711 0.937 0.706 0.934 0.706 0.933 0.705 0.933 0.704 0.93 0.704 0.929 0.703 0.929 0.702
7 0.34 0.448 0.012 0.012 0.334 0.442 0.334 0.451 0.337 0.451 0.338 0.452 0.338 0.453 0.341 0.453 0.341 0.452 0.342 0.451 0.343 0.451 0.343 0.45 0.344 0.449 0.345 0.449 0.345 0.442
4 0.038 0.337 0.04 0.03 0.022 0.322 0.022 0.323 0.021 0.324 0.02 0.324 0.02 0.325 0.019 0.326 0.018 0.326 0.018 0.335 0.019 0.335 0.02 0.336 0.02 0.339 0.021 0.339 0.022 0.34 0.022 0.341 0.023 0.341 0.024 0.342 0.024 0.343 0.025 0.343 0.026 0.344 0.026 0.345 0.031 0.345 0.032 0.346 0.032 0.347 0.039 0.347 0.04 0.348 0.04 0.349 0.043 0.349 0.044 0.35 0.044 0.351 0.049 0.351 0.049 0.35 0.05 0.349 0.053 0.349 0.053 0.348 0.054 0.347 0.055 0.347 0.055 0.346 0.056 0.345 0.057 0.345 0.057 0.34 0.056 0.34 0.055 0.339 0.055 0.336 0.054 0.336 0.053 0.335 0.053 0.334 0.052 0.334 0.051 0.333 0.051 0.332 0.048 0.332 0.047 0.331 0.047 0.33 0.046 0.33 0.045 0.329 0.045 0.328 0.042 0.328 0.041 0.327 0.041 0.326 0.036 0.326 0.035 0.325 0.035 0.324 0.034 0.324 0.033 0.323 0.033 0.322
4 0.859 0.306 0.026000000000000002 0.024 0.856 0.294 0.856 0.295 0.855 0.296 0.854 0.296 0.854 0.299 0.853 0.3 0.852 0.3 0.852 0.303 0.851 0.304 0.85 0.304 0.85 0.305 0.849 0.306 0.848 0.306 0.848 0.309 0.847 0.31 0.846 0.31 0.846 0.311 0.849 0.311 0.85 0.312 0.85 0.313 0.855 0.313 0.856 0.314 0.856 0.315 0.861 0.315 0.862 0.316 0.862 0.317 0.863 0.317 0.863 0.316 0.864 0.315 0.865 0.315 0.865 0.312 0.866 0.311 0.867 0.311 0.867 0.306 0.868 0.305 0.869 0.305 0.869 0.302 0.87 0.301 0.871 0.301 0.871 0.3 0.87 0.3 0.869 0.299 0.869 0.298 0.864 0.298 0.863 0.297 0.863 0.296 0.858 0.296 0.857 0.295 0.857 0.294
4 0.876 0.749 0.028 0.026000000000000002 0.87 0.736 0.87 0.737 0.869 0.738 0.868 0.738 0.868 0.741 0.867 0.742 0.866 0.742 0.866 0.745 0.865 0.746 0.864 0.746 0.864 0.749 0.863 0.75 0.862 0.75 0.862 0.751 0.863 0.751 0.864 0.752 0.864 0.753 0.867 0.753 0.868 0.754 0.868 0.755 0.871 0.755 0.872 0.756 0.872 0.757 0.875 0.757 0.876 0.758 0.876 0.759 0.879 0.759 0.88 0.76 0.88 0.761 0.881 0.761 0.881 0.76 0.882 0.759 0.883 0.759 0.883 0.756 0.884 0.755 0.885 0.755 0.885 0.75 0.886 0.749 0.887 0.749 0.887 0.746 0.888 0.745 0.889 0.745 0.889 0.744 0.888 0.744 0.887 0.743 0.887 0.742 0.882 0.742 0.881 0.741 0.881 0.74 0.878 0.74 0.877 0.739 0.877 0.738 0.872 0.738 0.871 0.737 0.871 0.736
5 0.044 0.369 0.016 0.014 0.042 0.362 0.042 0.363 0.041 0.364 0.04 0.364 0.04 0.367 0.039 0.368 0.038 0.368 0.038 0.369 0.037 0.37 0.036 0.37 0.036 0.371 0.039 0.371 0.04 0.372 0.04 0.373 0.045 0.373 0.046 0.374 0.046 0.375 0.047 0.375 0.047 0.374 0.048 0.373 0.049 0.373 0.049 0.368 0.05 0.367 0.051 0.367 0.051 0.366 0.05 0.366 0.049 0.365 0.049 0.364 0.044 0.364 0.043 0.363 0.043 0.362
4 0.005 0.384 0.01 0.024 0.0 0.374 0.0 0.393 0.001 0.393 0.001 0.39 0.002 0.389 0.003 0.389 0.003 0.386 0.004 0.385 0.005 0.385 0.005 0.384 0.006 0.383 0.007 0.383 0.007 0.38 0.008 0.379 0.009 0.379 0.009 0.378 0.008 0.378 0.007 0.377 0.007 0.376 0.004 0.376 0.003 0.375 0.003 0.374
4 0.9520000000000001 0.779 0.028 0.026000000000000002 0.948 0.766 0.948 0.767 0.947 0.768 0.946 0.768 0.946 0.771 0.945 0.772 0.944 0.772 0.944 0.775 0.943 0.776 0.942 0.776 0.942 0.777 0.941 0.778 0.94 0.778 0.94 0.781 0.939 0.782 0.938 0.782 0.938 0.783 0.939 0.783 0.94 0.784 0.94 0.785 0.945 0.785 0.946 0.786 0.946 0.787 0.949 0.787 0.95 0.788 0.95 0.789 0.955 0.789 0.956 0.79 0.956 0.791 0.957 0.791 0.957 0.79 0.958 0.789 0.959 0.789 0.959 0.784 0.96 0.783 0.961 0.783 0.961 0.78 0.962 0.779 0.963 0.779 0.963 0.774 0.964 0.773 0.965 0.773 0.965 0.772 0.964 0.772 0.963 0.771 0.963 0.77 0.958 0.77 0.957 0.769 0.957 0.768 0.952 0.768 0.951 0.767 0.951 0.766
4 0.896 0.7010000000000001 0.02 0.018000000000000002 0.894 0.692 0.894 0.693 0.893 0.694 0.892 0.694 0.892 0.695 0.891 0.696 0.89 0.696 0.89 0.697 0.889 0.698 0.888 0.698 0.888 0.703 0.889 0.703 0.89 0.704 0.89 0.705 0.893 0.705 0.894 0.706 0.894 0.707 0.895 0.707 0.896 0.708 0.896 0.709 0.897 0.709 0.897 0.708 0.898 0.707 0.899 0.707 0.899 0.704 0.9 0.703 0.901 0.703 0.901 0.7 0.902 0.699 0.903 0.699 0.903 0.698 0.904 0.697 0.905 0.697 0.905 0.696 0.904 0.696 0.903 0.695 0.903 0.694 0.898 0.694 0.897 0.693 0.897 0.692
3 0.431 0.577 0.058 0.062 0.416 0.546 0.416 0.555 0.415 0.556 0.414 0.556 0.414 0.557 0.413 0.558 0.412 0.558 0.412 0.565 0.411 0.566 0.41 0.566 0.41 0.573 0.409 0.574 0.408 0.574 0.408 0.575 0.407 0.576 0.406 0.576 0.406 0.581 0.405 0.582 0.404 0.582 0.404 0.583 0.403 0.584 0.402 0.584 0.402 0.585 0.403 0.585 0.404 0.586 0.404 0.591 0.405 0.591 0.406 0.592 0.406 0.595 0.409 0.595 0.41 0.596 0.41 0.597 0.415 0.597 0.416 0.598 0.416 0.599 0.421 0.599 0.422 0.6 0.422 0.601 0.427 0.601 0.428 0.602 0.428 0.603 0.433 0.603 0.434 0.604 0.434 0.605 0.437 0.605 0.438 0.606 0.438 0.607 0.439 0.607 0.439 0.606 0.44 0.605 0.441 0.605 0.441 0.602 0.442 0.601 0.443 0.601 0.443 0.6 0.444 0.599 0.445 0.599 0.445 0.592 0.446 0.591 0.447 0.591 0.447 0.59 0.448 0.589 0.449 0.589 0.449 0.588 0.45 0.587 0.451 0.587 0.451 0.582 0.452 0.581 0.453 0.581 0.453 0.57 0.454 0.569 0.455 0.569 0.455 0.568 0.456 0.567 0.457 0.567 0.457 0.564 0.458 0.563 0.459 0.563 0.459 0.56 0.456 0.56 0.455 0.559 0.455 0.558 0.448 0.558 0.447 0.557 0.447 0.556 0.444 0.556 0.443 0.555 0.443 0.554 0.438 0.554 0.437 0.553 0.437 0.552 0.434 0.552 0.433 0.551 0.433 0.548 0.43 0.548 0.429 0.547 0.429 0.546
3 0.6960000000000001 0.528 0.036000000000000004 0.048 0.69 0.506 0.69 0.509 0.689 0.51 0.688 0.51 0.688 0.511 0.687 0.512 0.686 0.512 0.686 0.515 0.685 0.516 0.684 0.516 0.684 0.519 0.683 0.52 0.682 0.52 0.682 0.521 0.681 0.522 0.68 0.522 0.68 0.525 0.679 0.526 0.678 0.526 0.678 0.535 0.679 0.535 0.68 0.536 0.68 0.551 0.681 0.551 0.681 0.55 0.682 0.549 0.687 0.549 0.687 0.548 0.688 0.547 0.691 0.547 0.691 0.546 0.692 0.545 0.695 0.545 0.695 0.544 0.696 0.543 0.701 0.543 0.701 0.542 0.702 0.541 0.703 0.541 0.703 0.538 0.704 0.537 0.705 0.537 0.705 0.532 0.706 0.531 0.707 0.531 0.707 0.526 0.708 0.525 0.709 0.525 0.709 0.52 0.71 0.519 0.711 0.519 0.711 0.516 0.712 0.515 0.713 0.515 0.713 0.514 0.71 0.514 0.709 0.513 0.709 0.512 0.706 0.512 0.705 0.511 0.705 0.51 0.702 0.51 0.701 0.509 0.701 0.508 0.698 0.508 0.697 0.507 0.697 0.506
3 0.643 0.509 0.038 0.05 0.636 0.486 0.636 0.487 0.635 0.488 0.634 0.488 0.634 0.491 0.633 0.492 0.632 0.492 0.632 0.495 0.631 0.496 0.63 0.496 0.63 0.501 0.629 0.502 0.628 0.502 0.628 0.505 0.627 0.506 0.626 0.506 0.626 0.509 0.625 0.51 0.624 0.51 0.624 0.515 0.625 0.515 0.626 0.516 0.626 0.527 0.627 0.527 0.628 0.528 0.628 0.533 0.629 0.533 0.629 0.532 0.63 0.531 0.635 0.531 0.635 0.53 0.636 0.529 0.641 0.529 0.641 0.528 0.642 0.527 0.647 0.527 0.647 0.526 0.648 0.525 0.651 0.525 0.651 0.522 0.652 0.521 0.653 0.521 0.653 0.516 0.654 0.515 0.655 0.515 0.655 0.51 0.656 0.509 0.657 0.509 0.657 0.504 0.658 0.503 0.659 0.503 0.659 0.498 0.66 0.497 0.661 0.497 0.661 0.496 0.658 0.496 0.657 0.495 0.657 0.494 0.654 0.494 0.653 0.493 0.653 0.492 0.65 0.492 0.649 0.491 0.649 0.49 0.646 0.49 0.645 0.489 0.645 0.488 0.642 0.488 0.641 0.487 0.641 0.486
1 0.533 0.151 0.23 0.146 0.438 0.078 0.438 0.079 0.437 0.08 0.436 0.08 0.436 0.083 0.435 0.084 0.434 0.084 0.434 0.087 0.433 0.088 0.432 0.088 0.432 0.095 0.431 0.096 0.43 0.096 0.43 0.099 0.429 0.1 0.428 0.1 0.428 0.105 0.427 0.106 0.426 0.106 0.426 0.111 0.425 0.112 0.424 0.112 0.424 0.117 0.423 0.118 0.422 0.118 0.422 0.123 0.421 0.124 0.42 0.124 0.42 0.129 0.419 0.13 0.418 0.13 0.418 0.147 0.419 0.147 0.42 0.148 0.42 0.149 0.423 0.149 0.424 0.15 0.424 0.151 0.427 0.151 0.428 0.152 0.428 0.153 0.433 0.153 0.434 0.154 0.434 0.155 0.437 0.155 0.438 0.156 0.438 0.157 0.443 0.157 0.444 0.158 0.444 0.159 0.447 0.159 0.448 0.16 0.448 0.161 0.453 0.161 0.454 0.162 0.454 0.163 0.459 0.163 0.46 0.164 0.46 0.165 0.463 0.165 0.464 0.166 0.464 0.167 0.469 0.167 0.47 0.168 0.47 0.169 0.475 0.169 0.476 0.17 0.476 0.171 0.479 0.171 0.48 0.172 0.48 0.173 0.485 0.173 0.486 0.174 0.486 0.175 0.491 0.175 0.492 0.176 0.492 0.177 0.495 0.177 0.496 0.178 0.496 0.179 0.501 0.179 0.502 0.18 0.502 0.181 0.505 0.181 0.506 0.182 0.506 0.183 0.509 0.183 0.51 0.184 0.51 0.185 0.515 0.185 0.516 0.186 0.516 0.187 0.521 0.187 0.522 0.188 0.522 0.189 0.527 0.189 0.528 0.19 0.528 0.191 0.533 0.191 0.534 0.192 0.534 0.193 0.539 0.193 0.54 0.194 0.54 0.195 0.543 0.195 0.544 0.196 0.544 0.197 0.547 0.197 0.548 0.198 0.548 0.199 0.553 0.199 0.554 0.2 0.554 0.201 0.559 0.201 0.56 0.202 0.56 0.203 0.567 0.203 0.568 0.204 0.568 0.205 0.571 0.205 0.572 0.206 0.572 0.207 0.575 0.207 0.576 0.208 0.576 0.209 0.581 0.209 0.582 0.21 0.582 0.211 0.587 0.211 0.588 0.212 0.588 0.213 0.591 0.213 0.592 0.214 0.592 0.215 0.597 0.215 0.598 0.216 0.598 0.217 0.605 0.217 0.606 0.218 0.606 0.219 0.613 0.219 0.614 0.22 0.614 0.221 0.617 0.221 0.618 0.222 0.618 0.223 0.619 0.223 0.619 0.222 0.62 0.221 0.623 0.221 0.623 0.22 0.624 0.219 0.625 0.219 0.625 0.216 0.626 0.215 0.627 0.215 0.627 0.212 0.628 0.211 0.629 0.211 0.629 0.208 0.63 0.207 0.631 0.207 0.631 0.2 0.632 0.199 0.633 0.199 0.633 0.196 0.634 0.195 0.635 0.195 0.635 0.19 0.636 0.189 0.637 0.189 0.637 0.182 0.638 0.181 0.639 0.181 0.639 0.176 0.64 0.175 0.641 0.175 0.641 0.17 0.642 0.169 0.643 0.169 0.643 0.166 0.644 0.165 0.645 0.165 0.645 0.16 0.646 0.159 0.647 0.159 0.647 0.158 0.646 0.158 0.645 0.157 0.645 0.154 0.642 0.154 0.641 0.153 0.641 0.152 0.638 0.152 0.637 0.151 0.637 0.15 0.634 0.15 0.633 0.149 0.633 0.148 0.628 0.148 0.627 0.147 0.627 0.146 0.622 0.146 0.621 0.145 0.621 0.144 0.616 0.144 0.615 0.143 0.615 0.142 0.612 0.142 0.611 0.141 0.611 0.14 0.606 0.14 0.605 0.139 0.605 0.138 0.6 0.138 0.599 0.137 0.599 0.136 0.594 0.136 0.593 0.135 0.593 0.134 0.59 0.134 0.589 0.133 0.589 0.132 0.584 0.132 0.583 0.131 0.583 0.13 0.578 0.13 0.577 0.129 0.577 0.128 0.574 0.128 0.573 0.127 0.573 0.126 0.568 0.126 0.567 0.125 0.567 0.124 0.56 0.124 0.559 0.123 0.559 0.122 0.554 0.122 0.553 0.121 0.553 0.12 0.55 0.12 0.549 0.119 0.549 0.118 0.544 0.118 0.543 0.117 0.543 0.116 0.538 0.116 0.537 0.115 0.537 0.114 0.534 0.114 0.533 0.113 0.533 0.112 0.53 0.112 0.529 0.111 0.529 0.11 0.524 0.11 0.523 0.109 0.523 0.108 0.52 0.108 0.519 0.107 0.519 0.106 0.514 0.106 0.513 0.105 0.513 0.104 0.51 0.104 0.509 0.103 0.509 0.102 0.502 0.102 0.501 0.101 0.501 0.1 0.498 0.1 0.497 0.099 0.497 0.098 0.492 0.098 0.491 0.097 0.491 0.096 0.486 0.096 0.485 0.095 0.485 0.094 0.482 0.094 0.481 0.093 0.481 0.092 0.476 0.092 0.475 0.091 0.475 0.09 0.47 0.09 0.469 0.089 0.469 0.088 0.464 0.088 0.463 0.087 0.463 0.086 0.458 0.086 0.457 0.085 0.457 0.084 0.452 0.084 0.451 0.083 0.451 0.082 0.446 0.082 0.445 0.081 0.445 0.08 0.444 0.08 0.443 0.079 0.443 0.078
0 0.534 0.599 0.048 0.054 0.522 0.572 0.522 0.573 0.521 0.574 0.52 0.574 0.52 0.581 0.519 0.582 0.518 0.582 0.518 0.585 0.517 0.586 0.516 0.586 0.516 0.589 0.515 0.59 0.514 0.59 0.514 0.595 0.513 0.596 0.512 0.596 0.512 0.601 0.511 0.602 0.51 0.602 0.51 0.613 0.511 0.613 0.512 0.614 0.512 0.615 0.515 0.615 0.516 0.616 0.516 0.617 0.519 0.617 0.52 0.618 0.52 0.619 0.525 0.619 0.526 0.62 0.526 0.621 0.531 0.621 0.532 0.622 0.532 0.623 0.535 0.623 0.536 0.624 0.536 0.625 0.545 0.625 0.545 0.624 0.546 0.623 0.547 0.623 0.547 0.618 0.548 0.617 0.549 0.617 0.549 0.612 0.55 0.611 0.551 0.611 0.551 0.606 0.552 0.605 0.553 0.605 0.553 0.6 0.554 0.599 0.555 0.599 0.555 0.594 0.556 0.593 0.557 0.593 0.557 0.582 0.554 0.582 0.553 0.581 0.553 0.58 0.548 0.58 0.547 0.579 0.547 0.578 0.542 0.578 0.541 0.577 0.541 0.576 0.536 0.576 0.535 0.575 0.535 0.574 0.53 0.574 0.529 0.573 0.529 0.572
0 0.496 0.5760000000000001 0.048 0.04 0.48 0.556 0.48 0.557 0.479 0.558 0.478 0.558 0.478 0.563 0.477 0.564 0.476 0.564 0.476 0.567 0.475 0.568 0.474 0.568 0.474 0.573 0.473 0.574 0.472 0.574 0.472 0.581 0.473 0.581 0.474 0.582 0.474 0.583 0.475 0.583 0.476 0.584 0.476 0.585 0.481 0.585 0.482 0.586 0.482 0.587 0.485 0.587 0.486 0.588 0.486 0.589 0.491 0.589 0.492 0.59 0.492 0.591 0.495 0.591 0.496 0.592 0.496 0.593 0.503 0.593 0.504 0.594 0.504 0.595 0.511 0.595 0.511 0.59 0.512 0.589 0.513 0.589 0.513 0.584 0.514 0.583 0.515 0.583 0.515 0.58 0.516 0.579 0.517 0.579 0.517 0.574 0.518 0.573 0.519 0.573 0.519 0.568 0.516 0.568 0.515 0.567 0.515 0.566 0.512 0.566 0.511 0.565 0.511 0.564 0.508 0.564 0.507 0.563 0.507 0.562 0.502 0.562 0.501 0.561 0.501 0.56 0.496 0.56 0.495 0.559 0.495 0.558 0.492 0.558 0.491 0.557 0.491 0.556
4 0.004 0.289 0.008 0.014 0.0 0.282 0.0 0.295 0.001 0.295 0.001 0.294 0.002 0.293 0.005 0.293 0.005 0.292 0.006 0.291 0.007 0.291 0.007 0.284 0.006 0.284 0.005 0.283 0.005 0.282
4 0.905 0.321 0.022 0.022 0.902 0.312 0.902 0.313 0.901 0.314 0.9 0.314 0.9 0.317 0.899 0.318 0.898 0.318 0.898 0.321 0.897 0.322 0.896 0.322 0.896 0.325 0.897 0.325 0.898 0.326 0.898 0.327 0.901 0.327 0.902 0.328 0.902 0.329 0.905 0.329 0.906 0.33 0.906 0.331 0.907 0.331 0.907 0.33 0.908 0.329 0.909 0.329 0.909 0.326 0.91 0.325 0.911 0.325 0.911 0.322 0.912 0.321 0.913 0.321 0.913 0.316 0.91 0.316 0.909 0.315 0.909 0.314 0.906 0.314 0.905 0.313 0.905 0.312
5 0.964 0.278 0.016 0.012 0.958 0.272 0.958 0.273 0.957 0.274 0.956 0.274 0.956 0.281 0.957 0.281 0.958 0.282 0.958 0.283 0.969 0.283 0.969 0.282 0.97 0.281 0.971 0.281 0.971 0.274 0.97 0.274 0.969 0.273 0.969 0.272
7 0.898 0.225 0.04 0.022 0.892 0.214 0.892 0.215 0.891 0.216 0.888 0.216 0.888 0.217 0.887 0.218 0.882 0.218 0.882 0.219 0.881 0.22 0.88 0.22 0.88 0.221 0.879 0.222 0.878 0.222 0.878 0.227 0.879 0.227 0.88 0.228 0.88 0.231 0.881 0.231 0.882 0.232 0.882 0.233 0.887 0.233 0.888 0.234 0.888 0.235 0.901 0.235 0.901 0.234 0.902 0.233 0.911 0.233 0.911 0.232 0.912 0.231 0.913 0.231 0.913 0.23 0.914 0.229 0.915 0.229 0.915 0.228 0.916 0.227 0.917 0.227 0.917 0.224 0.916 0.224 0.915 0.223 0.915 0.222 0.914 0.222 0.913 0.221 0.913 0.22 0.906 0.22 0.905 0.219 0.905 0.218 0.9 0.218 0.899 0.217 0.899 0.216 0.894 0.216 0.893 0.215 0.893 0.214
4 0.9570000000000001 0.184 0.014 0.02 0.952 0.174 0.952 0.175 0.951 0.176 0.95 0.176 0.95 0.191 0.951 0.191 0.952 0.192 0.952 0.193 0.959 0.193 0.959 0.19 0.96 0.189 0.961 0.189 0.961 0.186 0.962 0.185 0.963 0.185 0.963 0.174
7 0.556 0.106 0.008 0.012 0.552 0.1 0.552 0.111 0.557 0.111 0.557 0.11 0.558 0.109 0.559 0.109 0.559 0.1
4 0.707 0.095 0.014 0.014 0.706 0.088 0.706 0.089 0.705 0.09 0.702 0.09 0.702 0.091 0.701 0.092 0.7 0.092 0.7 0.095 0.701 0.095 0.702 0.096 0.702 0.099 0.705 0.099 0.706 0.1 0.706 0.101 0.711 0.101 0.711 0.1 0.712 0.099 0.713 0.099 0.713 0.09 0.71 0.09 0.709 0.089 0.709 0.088
4 0.602 0.056 0.012 0.016 0.598 0.048 0.598 0.049 0.597 0.05 0.596 0.05 0.596 0.059 0.597 0.059 0.598 0.06 0.598 0.063 0.603 0.063 0.603 0.062 0.604 0.061 0.605 0.061 0.605 0.056 0.606 0.055 0.607 0.055 0.607 0.052 0.606 0.052 0.605 0.051 0.605 0.05 0.604 0.05 0.603 0.049 0.603 0.048
4 0.5730000000000001 0.044 0.01 0.012 0.57 0.038 0.57 0.039 0.569 0.04 0.568 0.04 0.568 0.047 0.573 0.047 0.574 0.048 0.574 0.049 0.575 0.049 0.575 0.048 0.576 0.047 0.577 0.047 0.577 0.04 0.576 0.04 0.575 0.039 0.575 0.038
4 0.76 0.105 0.016 0.018000000000000002 0.758 0.096 0.758 0.097 0.757 0.098 0.754 0.098 0.754 0.103 0.753 0.104 0.752 0.104 0.752 0.107 0.753 0.107 0.754 0.108 0.754 0.111 0.755 0.111 0.756 0.112 0.756 0.113 0.761 0.113 0.761 0.112 0.762 0.111 0.765 0.111 0.765 0.11 0.766 0.109 0.767 0.109 0.767 0.1 0.764 0.1 0.763 0.099 0.763 0.098 0.76 0.098 0.759 0.097 0.759 0.096
4 0.811 0.28700000000000003 0.022 0.026000000000000002 0.81 0.276 0.81 0.279 0.809 0.28 0.808 0.28 0.808 0.281 0.807 0.282 0.806 0.282 0.806 0.285 0.805 0.286 0.804 0.286 0.804 0.287 0.803 0.288 0.802 0.288 0.802 0.291 0.803 0.291 0.804 0.292 0.804 0.293 0.807 0.293 0.808 0.294 0.808 0.295 0.811 0.295 0.812 0.296 0.812 0.297 0.815 0.297 0.815 0.296 0.816 0.295 0.817 0.295 0.817 0.29 0.818 0.289 0.819 0.289 0.819 0.284 0.82 0.283 0.821 0.283 0.821 0.282 0.82 0.282 0.819 0.281 0.819 0.28 0.818 0.28 0.817 0.279 0.817 0.278 0.816 0.278 0.815 0.277 0.815 0.276
4 0.927 0.607 0.03 0.026000000000000002 0.924 0.594 0.924 0.595 0.923 0.596 0.922 0.596 0.922 0.599 0.921 0.6 0.92 0.6 0.92 0.601 0.919 0.602 0.918 0.602 0.918 0.605 0.917 0.606 0.916 0.606 0.916 0.609 0.915 0.61 0.914 0.61 0.914 0.611 0.913 0.612 0.912 0.612 0.912 0.613 0.915 0.613 0.916 0.614 0.916 0.615 0.921 0.615 0.922 0.616 0.922 0.617 0.927 0.617 0.928 0.618 0.928 0.619 0.929 0.619 0.929 0.618 0.93 0.617 0.931 0.617 0.931 0.616 0.932 0.615 0.933 0.615 0.933 0.612 0.934 0.611 0.935 0.611 0.935 0.61 0.936 0.609 0.937 0.609 0.937 0.606 0.938 0.605 0.939 0.605 0.939 0.604 0.94 0.603 0.941 0.603 0.941 0.602 0.94 0.602 0.939 0.601 0.939 0.6 0.936 0.6 0.935 0.599 0.935 0.598 0.93 0.598 0.929 0.597 0.929 0.596 0.926 0.596 0.925 0.595 0.925 0.594
4 0.723 0.135 0.014 0.014 0.718 0.128 0.718 0.129 0.717 0.13 0.716 0.13 0.716 0.131 0.717 0.131 0.718 0.132 0.718 0.137 0.719 0.137 0.72 0.138 0.72 0.139 0.723 0.139 0.724 0.14 0.724 0.141 0.725 0.141 0.725 0.14 0.726 0.139 0.727 0.139 0.727 0.138 0.728 0.137 0.729 0.137 0.729 0.13 0.728 0.13 0.727 0.129 0.727 0.128
4 0.806 0.125 0.016 0.018000000000000002 0.802 0.116 0.802 0.119 0.801 0.12 0.8 0.12 0.8 0.121 0.799 0.122 0.798 0.122 0.798 0.131 0.799 0.131 0.8 0.132 0.8 0.133 0.811 0.133 0.811 0.132 0.812 0.131 0.813 0.131 0.813 0.122 0.812 0.122 0.811 0.121 0.811 0.12 0.81 0.12 0.809 0.119 0.809 0.118 0.808 0.118 0.807 0.117 0.807 0.116
4 0.214 0.655 0.032 0.03 0.208 0.64 0.208 0.641 0.207 0.642 0.206 0.642 0.206 0.643 0.205 0.644 0.204 0.644 0.204 0.645 0.203 0.646 0.202 0.646 0.202 0.651 0.201 0.652 0.2 0.652 0.2 0.657 0.199 0.658 0.198 0.658 0.198 0.661 0.199 0.661 0.2 0.662 0.2 0.663 0.201 0.663 0.202 0.664 0.202 0.665 0.205 0.665 0.206 0.666 0.206 0.667 0.211 0.667 0.212 0.668 0.212 0.669 0.221 0.669 0.221 0.666 0.222 0.665 0.223 0.665 0.223 0.664 0.224 0.663 0.225 0.663 0.225 0.66 0.226 0.659 0.227 0.659 0.227 0.654 0.228 0.653 0.229 0.653 0.229 0.648 0.228 0.648 0.227 0.647 0.227 0.646 0.224 0.646 0.223 0.645 0.223 0.644 0.22 0.644 0.219 0.643 0.219 0.642 0.212 0.642 0.211 0.641 0.211 0.64
4 0.91 0.162 0.02 0.024 0.906 0.15 0.906 0.151 0.905 0.152 0.904 0.152 0.904 0.157 0.903 0.158 0.902 0.158 0.902 0.165 0.901 0.166 0.9 0.166 0.9 0.171 0.901 0.171 0.902 0.172 0.902 0.173 0.911 0.173 0.911 0.172 0.912 0.171 0.913 0.171 0.913 0.17 0.914 0.169 0.915 0.169 0.915 0.166 0.916 0.165 0.917 0.165 0.917 0.162 0.918 0.161 0.919 0.161 0.919 0.154 0.918 0.154 0.917 0.153 0.917 0.152 0.912 0.152 0.911 0.151 0.911 0.15
4 0.643 0.658 0.014 0.02 0.638 0.648 0.638 0.649 0.637 0.65 0.636 0.65 0.636 0.663 0.637 0.663 0.638 0.664 0.638 0.665 0.641 0.665 0.642 0.666 0.642 0.667 0.647 0.667 0.647 0.664 0.648 0.663 0.649 0.663 0.649 0.654 0.646 0.654 0.645 0.653 0.645 0.652 0.644 0.652 0.643 0.651 0.643 0.65 0.64 0.65 0.639 0.649 0.639 0.648
5 0.87 0.225 0.02 0.018000000000000002 0.864 0.216 0.864 0.217 0.863 0.218 0.862 0.218 0.862 0.221 0.861 0.222 0.86 0.222 0.86 0.229 0.861 0.229 0.862 0.23 0.862 0.231 0.867 0.231 0.868 0.232 0.868 0.233 0.877 0.233 0.877 0.232 0.878 0.231 0.879 0.231 0.879 0.222 0.878 0.222 0.877 0.221 0.877 0.22 0.876 0.22 0.875 0.219 0.875 0.218 0.872 0.218 0.871 0.217 0.871 0.216
5 0.376 0.508 0.024 0.024 0.37 0.496 0.37 0.497 0.369 0.498 0.368 0.498 0.368 0.499 0.367 0.5 0.366 0.5 0.366 0.501 0.365 0.502 0.364 0.502 0.364 0.513 0.365 0.513 0.366 0.514 0.366 0.515 0.371 0.515 0.372 0.516 0.372 0.517 0.377 0.517 0.378 0.518 0.378 0.519 0.381 0.519 0.381 0.518 0.382 0.517 0.383 0.517 0.383 0.516 0.384 0.515 0.385 0.515 0.385 0.508 0.386 0.507 0.387 0.507 0.387 0.502 0.386 0.502 0.385 0.501 0.385 0.498 0.382 0.498 0.381 0.497 0.381 0.496
5 0.47600000000000003 0.544 0.016 0.02 0.474 0.534 0.474 0.535 0.473 0.536 0.47 0.536 0.47 0.537 0.469 0.538 0.468 0.538 0.468 0.547 0.469 0.547 0.47 0.548 0.47 0.549 0.473 0.549 0.474 0.55 0.474 0.551 0.475 0.551 0.476 0.552 0.476 0.553 0.479 0.553 0.479 0.552 0.48 0.551 0.483 0.551 0.483 0.538 0.482 0.538 0.481 0.537 0.481 0.536 0.478 0.536 0.477 0.535 0.477 0.534
4 0.916 0.765 0.024 0.026000000000000002 0.912 0.754 0.912 0.755 0.911 0.756 0.91 0.756 0.91 0.759 0.909 0.76 0.908 0.76 0.908 0.763 0.907 0.764 0.906 0.764 0.906 0.769 0.907 0.769 0.908 0.77 0.908 0.771 0.911 0.771 0.912 0.772 0.912 0.773 0.915 0.773 0.916 0.774 0.916 0.775 0.919 0.775 0.919 0.774 0.92 0.773 0.921 0.773 0.921 0.77 0.922 0.769 0.923 0.769 0.923 0.766 0.924 0.765 0.925 0.765 0.925 0.76 0.924 0.76 0.923 0.759 0.923 0.758 0.92 0.758 0.919 0.757 0.919 0.756 0.916 0.756 0.915 0.755 0.915 0.754
4 0.673 0.227 0.022 0.018000000000000002 0.668 0.218 0.668 0.219 0.667 0.22 0.666 0.22 0.666 0.221 0.665 0.222 0.664 0.222 0.664 0.227 0.663 0.228 0.662 0.228 0.662 0.233 0.663 0.233 0.664 0.234 0.664 0.235 0.679 0.235 0.679 0.234 0.68 0.233 0.681 0.233 0.681 0.228 0.682 0.227 0.683 0.227 0.683 0.224 0.682 0.224 0.681 0.223 0.681 0.222 0.676 0.222 0.675 0.221 0.675 0.22 0.672 0.22 0.671 0.219 0.671 0.218
4 0.723 0.247 0.018000000000000002 0.018000000000000002 0.72 0.238 0.72 0.239 0.719 0.24 0.718 0.24 0.718 0.241 0.717 0.242 0.716 0.242 0.716 0.245 0.715 0.246 0.714 0.246 0.714 0.253 0.717 0.253 0.718 0.254 0.718 0.255 0.729 0.255 0.729 0.252 0.73 0.251 0.731 0.251 0.731 0.242 0.73 0.242 0.729 0.241 0.729 0.24 0.726 0.24 0.725 0.239 0.725 0.238
4 0.046 0.27 0.04 0.036000000000000004 0.034 0.252 0.034 0.253 0.033 0.254 0.032 0.254 0.032 0.255 0.031 0.256 0.03 0.256 0.03 0.261 0.029 0.262 0.028 0.262 0.028 0.267 0.027 0.268 0.026 0.268 0.026 0.277 0.027 0.277 0.028 0.278 0.028 0.279 0.031 0.279 0.032 0.28 0.032 0.281 0.035 0.281 0.036 0.282 0.036 0.283 0.043 0.283 0.044 0.284 0.044 0.285 0.049 0.285 0.05 0.286 0.05 0.287 0.057 0.287 0.057 0.286 0.058 0.285 0.059 0.285 0.059 0.282 0.06 0.281 0.061 0.281 0.061 0.276 0.062 0.275 0.063 0.275 0.063 0.274 0.064 0.273 0.065 0.273 0.065 0.264 0.064 0.264 0.063 0.263 0.063 0.262 0.062 0.262 0.061 0.261 0.061 0.26 0.058 0.26 0.057 0.259 0.057 0.258 0.052 0.258 0.051 0.257 0.051 0.256 0.046 0.256 0.045 0.255 0.045 0.254 0.04 0.254 0.039 0.253 0.039 0.252
4 0.296 0.366 0.028 0.028 0.29 0.352 0.29 0.353 0.289 0.354 0.288 0.354 0.288 0.355 0.287 0.356 0.286 0.356 0.286 0.363 0.285 0.364 0.284 0.364 0.284 0.371 0.283 0.372 0.282 0.372 0.282 0.373 0.283 0.373 0.284 0.374 0.284 0.375 0.287 0.375 0.288 0.376 0.288 0.377 0.293 0.377 0.294 0.378 0.294 0.379 0.303 0.379 0.303 0.378 0.304 0.377 0.305 0.377 0.305 0.376 0.306 0.375 0.307 0.375 0.307 0.37 0.308 0.369 0.309 0.369 0.309 0.36 0.308 0.36 0.307 0.359 0.307 0.358 0.306 0.358 0.305 0.357 0.305 0.356 0.302 0.356 0.301 0.355 0.301 0.354 0.296 0.354 0.295 0.353 0.295 0.352
4 0.34600000000000003 0.385 0.024 0.022 0.338 0.374 0.338 0.375 0.337 0.376 0.336 0.376 0.336 0.379 0.335 0.38 0.334 0.38 0.334 0.391 0.335 0.391 0.336 0.392 0.336 0.393 0.339 0.393 0.34 0.394 0.34 0.395 0.353 0.395 0.353 0.394 0.354 0.393 0.355 0.393 0.355 0.388 0.356 0.387 0.357 0.387 0.357 0.38 0.356 0.38 0.355 0.379 0.355 0.378 0.354 0.378 0.353 0.377 0.353 0.376 0.348 0.376 0.347 0.375 0.347 0.374
4 0.402 0.404 0.028 0.024 0.394 0.392 0.394 0.393 0.393 0.394 0.392 0.394 0.392 0.395 0.391 0.396 0.39 0.396 0.39 0.399 0.389 0.4 0.388 0.4 0.388 0.409 0.389 0.409 0.39 0.41 0.39 0.411 0.391 0.411 0.392 0.412 0.392 0.413 0.397 0.413 0.398 0.414 0.398 0.415 0.411 0.415 0.411 0.414 0.412 0.413 0.413 0.413 0.413 0.41 0.414 0.409 0.415 0.409 0.415 0.4 0.414 0.4 0.413 0.399 0.413 0.398 0.41 0.398 0.409 0.397 0.409 0.396 0.406 0.396 0.405 0.395 0.405 0.394 0.4 0.394 0.399 0.393 0.399 0.392
4 0.9590000000000001 0.342 0.018000000000000002 0.02 0.958 0.332 0.958 0.333 0.957 0.334 0.956 0.334 0.956 0.337 0.955 0.338 0.954 0.338 0.954 0.341 0.953 0.342 0.952 0.342 0.952 0.345 0.953 0.345 0.954 0.346 0.954 0.347 0.957 0.347 0.958 0.348 0.958 0.349 0.961 0.349 0.961 0.348 0.962 0.347 0.963 0.347 0.963 0.342 0.964 0.341 0.965 0.341 0.965 0.338 0.966 0.337 0.967 0.337 0.967 0.336 0.964 0.336 0.963 0.335 0.963 0.334 0.96 0.334 0.959 0.333 0.959 0.332
4 0.548 0.462 0.024 0.024 0.54 0.45 0.54 0.453 0.539 0.454 0.538 0.454 0.538 0.457 0.537 0.458 0.536 0.458 0.536 0.469 0.537 0.469 0.538 0.47 0.538 0.471 0.543 0.471 0.544 0.472 0.544 0.473 0.555 0.473 0.555 0.472 0.556 0.471 0.557 0.471 0.557 0.464 0.558 0.463 0.559 0.463 0.559 0.456 0.558 0.456 0.557 0.455 0.557 0.454 0.554 0.454 0.553 0.453 0.553 0.452 0.548 0.452 0.547 0.451 0.547 0.45
4 0.45 0.491 0.016 0.018000000000000002 0.446 0.482 0.446 0.483 0.445 0.484 0.444 0.484 0.444 0.487 0.443 0.488 0.442 0.488 0.442 0.493 0.443 0.493 0.444 0.494 0.444 0.497 0.445 0.497 0.446 0.498 0.446 0.499 0.455 0.499 0.455 0.498 0.456 0.497 0.457 0.497 0.457 0.488 0.456 0.488 0.455 0.487 0.455 0.486 0.454 0.486 0.453 0.485 0.453 0.484 0.45 0.484 0.449 0.483 0.449 0.482
4 0.209 0.509 0.022 0.018000000000000002 0.202 0.5 0.202 0.501 0.201 0.502 0.2 0.502 0.2 0.505 0.199 0.506 0.198 0.506 0.198 0.511 0.199 0.511 0.2 0.512 0.2 0.515 0.205 0.515 0.206 0.516 0.206 0.517 0.215 0.517 0.215 0.516 0.216 0.515 0.217 0.515 0.217 0.512 0.218 0.511 0.219 0.511 0.219 0.506 0.218 0.506 0.217 0.505 0.217 0.504 0.216 0.504 0.215 0.503 0.215 0.502 0.214 0.502 0.213 0.501 0.213 0.5
4 0.257 0.526 0.022 0.02 0.25 0.516 0.25 0.517 0.249 0.518 0.248 0.518 0.248 0.519 0.247 0.52 0.246 0.52 0.246 0.529 0.247 0.529 0.248 0.53 0.248 0.531 0.249 0.531 0.25 0.532 0.25 0.533 0.255 0.533 0.256 0.534 0.256 0.535 0.263 0.535 0.263 0.534 0.264 0.533 0.265 0.533 0.265 0.53 0.266 0.529 0.267 0.529 0.267 0.522 0.266 0.522 0.265 0.521 0.265 0.52 0.264 0.52 0.263 0.519 0.263 0.518 0.258 0.518 0.257 0.517 0.257 0.516
4 0.543 0.527 0.018000000000000002 0.018000000000000002 0.536 0.518 0.536 0.519 0.535 0.52 0.534 0.52 0.534 0.529 0.535 0.529 0.536 0.53 0.536 0.531 0.537 0.531 0.538 0.532 0.538 0.533 0.543 0.533 0.544 0.534 0.544 0.535 0.545 0.535 0.545 0.534 0.546 0.533 0.549 0.533 0.549 0.528 0.55 0.527 0.551 0.527 0.551 0.524 0.55 0.524 0.549 0.523 0.549 0.52 0.548 0.52 0.547 0.519 0.547 0.518
4 0.334 0.555 0.016 0.018000000000000002 0.332 0.546 0.332 0.547 0.331 0.548 0.33 0.548 0.33 0.549 0.329 0.55 0.328 0.55 0.328 0.551 0.327 0.552 0.326 0.552 0.326 0.561 0.327 0.561 0.328 0.562 0.328 0.563 0.341 0.563 0.341 0.55 0.34 0.55 0.339 0.549 0.339 0.548 0.338 0.548 0.337 0.547 0.337 0.546
4 0.37 0.5690000000000001 0.024 0.022 0.362 0.558 0.362 0.559 0.361 0.56 0.36 0.56 0.36 0.563 0.359 0.564 0.358 0.564 0.358 0.573 0.359 0.573 0.36 0.574 0.36 0.575 0.363 0.575 0.364 0.576 0.364 0.577 0.367 0.577 0.368 0.578 0.368 0.579 0.373 0.579 0.373 0.578 0.374 0.577 0.375 0.577 0.375 0.576 0.376 0.575 0.377 0.575 0.377 0.574 0.378 0.573 0.379 0.573 0.379 0.566 0.38 0.565 0.381 0.565 0.381 0.564 0.38 0.564 0.379 0.563 0.379 0.56 0.376 0.56 0.375 0.559 0.375 0.558
5 0.646 0.5700000000000001 0.032 0.032 0.634 0.554 0.634 0.555 0.633 0.556 0.632 0.556 0.632 0.559 0.631 0.56 0.63 0.56 0.63 0.571 0.631 0.571 0.632 0.572 0.632 0.575 0.633 0.575 0.634 0.576 0.634 0.577 0.635 0.577 0.636 0.578 0.636 0.579 0.639 0.579 0.64 0.58 0.64 0.581 0.645 0.581 0.646 0.582 0.646 0.583 0.649 0.583 0.65 0.584 0.65 0.585 0.659 0.585 0.659 0.582 0.66 0.581 0.661 0.581 0.661 0.574 0.66 0.574 0.659 0.573 0.659 0.57 0.658 0.57 0.657 0.569 0.657 0.564 0.656 0.564 0.655 0.563 0.655 0.56 0.654 0.56 0.653 0.559 0.653 0.558 0.65 0.558 0.649 0.557 0.649 0.556 0.638 0.556 0.637 0.555 0.637 0.554
4 0.228 0.618 0.028 0.028 0.22 0.604 0.22 0.605 0.219 0.606 0.218 0.606 0.218 0.607 0.217 0.608 0.216 0.608 0.216 0.613 0.215 0.614 0.214 0.614 0.214 0.625 0.217 0.625 0.218 0.626 0.218 0.627 0.221 0.627 0.222 0.628 0.222 0.629 0.227 0.629 0.228 0.63 0.228 0.631 0.237 0.631 0.237 0.63 0.238 0.629 0.239 0.629 0.239 0.626 0.24 0.625 0.241 0.625 0.241 0.608 0.238 0.608 0.237 0.607 0.237 0.606 0.232 0.606 0.231 0.605 0.231 0.604
5 0.781 0.658 0.018000000000000002 0.02 0.776 0.648 0.776 0.649 0.775 0.65 0.774 0.65 0.774 0.653 0.773 0.654 0.772 0.654 0.772 0.663 0.773 0.663 0.774 0.664 0.774 0.665 0.775 0.665 0.776 0.666 0.776 0.667 0.785 0.667 0.785 0.666 0.786 0.665 0.787 0.665 0.787 0.664 0.788 0.663 0.789 0.663 0.789 0.656 0.788 0.656 0.787 0.655 0.787 0.65 0.786 0.65 0.785 0.649 0.785 0.648
5 0.63 0.8160000000000001 0.02 0.02 0.624 0.806 0.624 0.807 0.623 0.808 0.622 0.808 0.622 0.809 0.621 0.81 0.62 0.81 0.62 0.821 0.621 0.821 0.622 0.822 0.622 0.823 0.631 0.823 0.632 0.824 0.632 0.825 0.635 0.825 0.635 0.824 0.636 0.823 0.637 0.823 0.637 0.818 0.638 0.817 0.639 0.817 0.639 0.808 0.638 0.808 0.637 0.807 0.637 0.806
4 0.12 0.031 0.012 0.01 0.114 0.026 0.114 0.031 0.115 0.031 0.116 0.032 0.116 0.033 0.119 0.033 0.12 0.034 0.12 0.035 0.123 0.035 0.123 0.034 0.124 0.033 0.125 0.033 0.125 0.028 0.124 0.028 0.123 0.027 0.123 0.026
4 0.169 0.047 0.01 0.01 0.166 0.042 0.166 0.043 0.165 0.044 0.164 0.044 0.164 0.051 0.173 0.051 0.173 0.044 0.17 0.044 0.169 0.043 0.169 0.042
