4 0.12 0.10400000000000001 0.028 0.028 0.108 0.09 0.108 0.101 0.107 0.102 0.106 0.102 0.106 0.115 0.107 0.115 0.108 0.116 0.108 0.117 0.129 0.117 0.129 0.108 0.13 0.107 0.131 0.107 0.131 0.1 0.132 0.099 0.133 0.099 0.133 0.092 0.132 0.092 0.131 0.091 0.131 0.09
5 0.053 0.14300000000000002 0.018000000000000002 0.03 0.044 0.128 0.044 0.155 0.049 0.155 0.05 0.156 0.05 0.157 0.055 0.157 0.055 0.156 0.056 0.155 0.061 0.155 0.061 0.13 0.06 0.13 0.059 0.129 0.059 0.128
4 0.488 0.467 0.02 0.018000000000000002 0.486 0.458 0.486 0.459 0.485 0.46 0.482 0.46 0.482 0.461 0.481 0.462 0.48 0.462 0.48 0.463 0.479 0.464 0.478 0.464 0.478 0.475 0.487 0.475 0.487 0.474 0.488 0.473 0.491 0.473 0.491 0.472 0.492 0.471 0.493 0.471 0.493 0.47 0.494 0.469 0.495 0.469 0.495 0.464 0.496 0.463 0.497 0.463 0.497 0.462 0.496 0.462 0.495 0.461 0.495 0.458
7 0.084 0.14400000000000002 0.04 0.036000000000000004 0.066 0.126 0.066 0.127 0.065 0.128 0.064 0.128 0.064 0.137 0.065 0.137 0.066 0.138 0.066 0.145 0.067 0.145 0.068 0.146 0.068 0.159 0.071 0.159 0.072 0.16 0.072 0.161 0.085 0.161 0.085 0.16 0.086 0.159 0.099 0.159 0.099 0.158 0.1 0.157 0.101 0.157 0.101 0.142 0.102 0.141 0.103 0.141 0.103 0.13 0.102 0.13 0.101 0.129 0.101 0.128 0.082 0.128 0.081 0.127 0.081 0.126
7 0.7020000000000001 0.5760000000000001 0.024 0.02 0.69 0.566 0.69 0.573 0.691 0.573 0.692 0.574 0.692 0.579 0.693 0.579 0.694 0.58 0.694 0.581 0.697 0.581 0.698 0.582 0.698 0.583 0.707 0.583 0.708 0.584 0.708 0.585 0.709 0.585 0.709 0.584 0.71 0.583 0.711 0.583 0.711 0.582 0.712 0.581 0.713 0.581 0.713 0.574 0.712 0.574 0.711 0.573 0.711 0.57 0.708 0.57 0.707 0.569 0.707 0.568 0.702 0.568 0.701 0.567 0.701 0.566
4 0.185 0.633 0.018000000000000002 0.022 0.18 0.622 0.18 0.623 0.179 0.624 0.176 0.624 0.176 0.639 0.177 0.639 0.178 0.64 0.178 0.641 0.179 0.641 0.18 0.642 0.18 0.643 0.191 0.643 0.191 0.64 0.192 0.639 0.193 0.639 0.193 0.628 0.192 0.628 0.191 0.627 0.191 0.624 0.188 0.624 0.187 0.623 0.187 0.622
4 0.634 0.506 0.016 0.012 0.628 0.5 0.628 0.501 0.627 0.502 0.626 0.502 0.626 0.509 0.627 0.509 0.628 0.51 0.628 0.511 0.639 0.511 0.639 0.51 0.64 0.509 0.641 0.509 0.641 0.502 0.64 0.502 0.639 0.501 0.639 0.5
4 0.09 0.654 0.016 0.012 0.084 0.648 0.084 0.649 0.083 0.65 0.082 0.65 0.082 0.655 0.083 0.655 0.084 0.656 0.084 0.657 0.085 0.657 0.086 0.658 0.086 0.659 0.095 0.659 0.095 0.656 0.096 0.655 0.097 0.655 0.097 0.652 0.096 0.652 0.095 0.651 0.095 0.65 0.094 0.65 0.093 0.649 0.093 0.648
3 0.082 0.228 0.12 0.056 0.044 0.2 0.044 0.201 0.043 0.202 0.042 0.202 0.042 0.203 0.041 0.204 0.04 0.204 0.04 0.205 0.039 0.206 0.036 0.206 0.036 0.207 0.035 0.208 0.034 0.208 0.034 0.209 0.033 0.21 0.032 0.21 0.032 0.213 0.031 0.214 0.03 0.214 0.03 0.217 0.029 0.218 0.028 0.218 0.028 0.219 0.027 0.22 0.026 0.22 0.026 0.225 0.025 0.226 0.024 0.226 0.024 0.235 0.023 0.236 0.022 0.236 0.022 0.247 0.023 0.247 0.023 0.246 0.024 0.245 0.033 0.245 0.034 0.246 0.034 0.247 0.039 0.247 0.039 0.246 0.04 0.245 0.057 0.245 0.058 0.246 0.058 0.247 0.065 0.247 0.066 0.248 0.066 0.249 0.087 0.249 0.088 0.25 0.088 0.251 0.093 0.251 0.093 0.25 0.094 0.249 0.109 0.249 0.11 0.25 0.11 0.251 0.111 0.251 0.112 0.252 0.112 0.253 0.115 0.253 0.116 0.254 0.116 0.255 0.125 0.255 0.125 0.254 0.126 0.253 0.135 0.253 0.135 0.252 0.136 0.251 0.137 0.251 0.137 0.25 0.138 0.249 0.139 0.249 0.139 0.242 0.14 0.241 0.141 0.241 0.141 0.228 0.14 0.228 0.139 0.227 0.139 0.226 0.138 0.226 0.137 0.225 0.137 0.224 0.136 0.224 0.135 0.223 0.135 0.22 0.134 0.22 0.133 0.219 0.133 0.218 0.132 0.218 0.131 0.217 0.131 0.216 0.13 0.216 0.129 0.215 0.129 0.214 0.128 0.214 0.127 0.213 0.127 0.212 0.126 0.212 0.125 0.211 0.125 0.21 0.124 0.21 0.123 0.209 0.123 0.208 0.12 0.208 0.119 0.207 0.119 0.206 0.118 0.206 0.117 0.205 0.117 0.204 0.11 0.204 0.11 0.205 0.109 0.206 0.108 0.206 0.108 0.207 0.107 0.208 0.106 0.208 0.106 0.209 0.105 0.21 0.102 0.21 0.102 0.211 0.101 0.212 0.1 0.212 0.1 0.213 0.099 0.214 0.098 0.214 0.098 0.215 0.097 0.216 0.096 0.216 0.096 0.217 0.095 0.218 0.092 0.218 0.092 0.219 0.091 0.22 0.09 0.22 0.09 0.221 0.089 0.222 0.086 0.222 0.086 0.223 0.085 0.224 0.082 0.224 0.081 0.223 0.081 0.222 0.08 0.222 0.079 0.221 0.079 0.22 0.076 0.22 0.075 0.219 0.075 0.218 0.074 0.218 0.073 0.217 0.073 0.216 0.072 0.216 0.071 0.215 0.071 0.214 0.07 0.214 0.069 0.213 0.069 0.212 0.068 0.212 0.067 0.211 0.067 0.21 0.066 0.21 0.065 0.209 0.065 0.208 0.064 0.208 0.063 0.207 0.063 0.206 0.06 0.206 0.059 0.205 0.059 0.204 0.058 0.204 0.057 0.203 0.057 0.202 0.056 0.202 0.055 0.201 0.055 0.2
4 0.004 0.098 0.008 0.032 0.0 0.082 0.0 0.113 0.001 0.113 0.001 0.112 0.002 0.111 0.005 0.111 0.005 0.102 0.006 0.101 0.007 0.101 0.007 0.084 0.004 0.084 0.003 0.083 0.003 0.082
5 0.681 0.529 0.014 0.01 0.674 0.524 0.674 0.531 0.675 0.531 0.676 0.532 0.676 0.533 0.681 0.533 0.681 0.532 0.682 0.531 0.685 0.531 0.685 0.53 0.686 0.529 0.687 0.529 0.687 0.526 0.686 0.526 0.685 0.525 0.685 0.524
5 0.504 0.505 0.02 0.022 0.498 0.494 0.498 0.495 0.497 0.496 0.496 0.496 0.496 0.509 0.495 0.51 0.494 0.51 0.494 0.513 0.495 0.513 0.496 0.514 0.496 0.515 0.507 0.515 0.507 0.514 0.508 0.513 0.513 0.513 0.513 0.494
7 0.021 0.14 0.042 0.036000000000000004 0.012 0.122 0.012 0.145 0.011 0.146 0.004 0.146 0.004 0.147 0.003 0.148 0.0 0.148 0.0 0.155 0.013 0.155 0.014 0.156 0.014 0.157 0.023 0.157 0.023 0.156 0.024 0.155 0.037 0.155 0.037 0.142 0.038 0.141 0.039 0.141 0.039 0.134 0.04 0.133 0.041 0.133 0.041 0.128 0.04 0.128 0.039 0.127 0.039 0.126 0.032 0.126 0.031 0.125 0.031 0.124 0.03 0.124 0.029 0.123 0.029 0.122
4 0.052000000000000005 0.1 0.028 0.032 0.042 0.084 0.042 0.085 0.041 0.086 0.04 0.086 0.04 0.091 0.039 0.092 0.038 0.092 0.038 0.111 0.039 0.111 0.04 0.112 0.04 0.113 0.047 0.113 0.048 0.114 0.048 0.115 0.061 0.115 0.061 0.114 0.062 0.113 0.063 0.113 0.063 0.11 0.064 0.109 0.065 0.109 0.065 0.09 0.064 0.09 0.063 0.089 0.063 0.086 0.058 0.086 0.057 0.085 0.057 0.084
4 0.715 0.493 0.014 0.01 0.71 0.488 0.71 0.489 0.709 0.49 0.708 0.49 0.708 0.495 0.709 0.495 0.71 0.496 0.71 0.497 0.719 0.497 0.719 0.496 0.72 0.495 0.721 0.495 0.721 0.488
