4 0.265 0.242 0.018000000000000002 0.024 0.256 0.23 0.256 0.251 0.257 0.251 0.258 0.252 0.258 0.253 0.269 0.253 0.269 0.252 0.27 0.251 0.273 0.251 0.273 0.232 0.272 0.232 0.271 0.231 0.271 0.23
5 0.5720000000000001 0.375 0.02 0.018000000000000002 0.566 0.366 0.566 0.367 0.565 0.368 0.564 0.368 0.564 0.371 0.563 0.372 0.562 0.372 0.562 0.381 0.563 0.381 0.564 0.382 0.564 0.383 0.577 0.383 0.577 0.382 0.578 0.381 0.581 0.381 0.581 0.368 0.58 0.368 0.579 0.367 0.579 0.366
4 0.188 0.149 0.02 0.03 0.18 0.134 0.18 0.135 0.179 0.136 0.178 0.136 0.178 0.149 0.179 0.149 0.18 0.15 0.18 0.161 0.181 0.161 0.182 0.162 0.182 0.163 0.189 0.163 0.189 0.162 0.19 0.161 0.195 0.161 0.195 0.16 0.196 0.159 0.197 0.159 0.197 0.148 0.196 0.148 0.195 0.147 0.195 0.138 0.194 0.138 0.193 0.137 0.193 0.134
4 0.325 0.231 0.022 0.026000000000000002 0.318 0.218 0.318 0.219 0.317 0.22 0.316 0.22 0.316 0.221 0.315 0.222 0.314 0.222 0.314 0.237 0.315 0.237 0.316 0.238 0.316 0.241 0.317 0.241 0.318 0.242 0.318 0.243 0.327 0.243 0.327 0.242 0.328 0.241 0.333 0.241 0.333 0.238 0.334 0.237 0.335 0.237 0.335 0.23 0.334 0.23 0.333 0.229 0.333 0.22 0.332 0.22 0.331 0.219 0.331 0.218
4 0.14200000000000002 0.262 0.02 0.024 0.136 0.25 0.136 0.251 0.135 0.252 0.132 0.252 0.132 0.269 0.133 0.269 0.134 0.27 0.134 0.273 0.145 0.273 0.145 0.272 0.146 0.271 0.151 0.271 0.151 0.258 0.15 0.258 0.149 0.257 0.149 0.25
4 0.666 0.4 0.016 0.016 0.66 0.392 0.66 0.393 0.659 0.394 0.658 0.394 0.658 0.403 0.659 0.403 0.66 0.404 0.66 0.405 0.661 0.405 0.662 0.406 0.662 0.407 0.669 0.407 0.669 0.406 0.67 0.405 0.671 0.405 0.671 0.404 0.672 0.403 0.673 0.403 0.673 0.396 0.672 0.396 0.671 0.395 0.671 0.394 0.67 0.394 0.669 0.393 0.669 0.392
7 0.888 0.992 0.04 0.016 0.906 0.992 0.906 0.997 0.905 0.998 0.904 0.998 0.904 0.999 0.907 0.999 0.907 0.992
5 0.312 0.729 0.012 0.014 0.314 0.722 0.314 0.723 0.313 0.724 0.312 0.724 0.312 0.725 0.311 0.726 0.308 0.726 0.308 0.727 0.307 0.728 0.306 0.728 0.306 0.731 0.307 0.731 0.308 0.732 0.308 0.735 0.311 0.735 0.311 0.734 0.312 0.733 0.317 0.733 0.317 0.728 0.316 0.728 0.315 0.727 0.315 0.722
4 0.308 0.128 0.02 0.028 0.306 0.114 0.306 0.115 0.305 0.116 0.3 0.116 0.3 0.117 0.299 0.118 0.298 0.118 0.298 0.133 0.299 0.133 0.3 0.134 0.3 0.141 0.315 0.141 0.315 0.14 0.316 0.139 0.317 0.139 0.317 0.126 0.316 0.126 0.315 0.125 0.315 0.118 0.314 0.118 0.313 0.117 0.313 0.116 0.312 0.116 0.311 0.115 0.311 0.114
4 0.209 0.14400000000000002 0.022 0.032 0.202 0.128 0.202 0.129 0.201 0.13 0.2 0.13 0.2 0.131 0.199 0.132 0.198 0.132 0.198 0.149 0.199 0.149 0.2 0.15 0.2 0.159 0.215 0.159 0.215 0.158 0.216 0.157 0.217 0.157 0.217 0.154 0.218 0.153 0.219 0.153 0.219 0.142 0.218 0.142 0.217 0.141 0.217 0.136 0.216 0.136 0.215 0.135 0.215 0.132 0.214 0.132 0.213 0.131 0.213 0.13 0.212 0.13 0.211 0.129 0.211 0.128
