3 0.58 0.712 0.032 0.028 0.564 0.698 0.564 0.709 0.565 0.709 0.566 0.71 0.566 0.723 0.573 0.723 0.574 0.724 0.574 0.725 0.583 0.725 0.583 0.724 0.584 0.723 0.585 0.723 0.585 0.722 0.586 0.721 0.587 0.721 0.587 0.72 0.588 0.719 0.589 0.719 0.589 0.718 0.59 0.717 0.591 0.717 0.591 0.716 0.592 0.715 0.593 0.715 0.593 0.712 0.592 0.712 0.591 0.711 0.591 0.71 0.59 0.71 0.589 0.709 0.589 0.708 0.588 0.708 0.587 0.707 0.587 0.706 0.586 0.706 0.585 0.705 0.585 0.704 0.584 0.704 0.583 0.703 0.583 0.702 0.582 0.702 0.581 0.701 0.581 0.7 0.572 0.7 0.571 0.699 0.571 0.698
3 0.707 0.745 0.042 0.022 0.69 0.734 0.69 0.735 0.689 0.736 0.688 0.736 0.688 0.737 0.687 0.738 0.686 0.738 0.686 0.747 0.687 0.747 0.688 0.748 0.688 0.749 0.689 0.749 0.69 0.75 0.69 0.751 0.691 0.751 0.692 0.752 0.692 0.753 0.695 0.753 0.696 0.754 0.696 0.755 0.723 0.755 0.723 0.754 0.724 0.753 0.725 0.753 0.725 0.748 0.726 0.747 0.727 0.747 0.727 0.742 0.726 0.742 0.725 0.741 0.725 0.736 0.72 0.736 0.719 0.735 0.719 0.734
3 0.6900000000000001 0.679 0.088 0.114 0.692 0.622 0.692 0.623 0.691 0.624 0.686 0.624 0.686 0.625 0.685 0.626 0.682 0.626 0.682 0.627 0.681 0.628 0.68 0.628 0.68 0.629 0.679 0.63 0.678 0.63 0.678 0.631 0.677 0.632 0.676 0.632 0.676 0.633 0.675 0.634 0.674 0.634 0.674 0.635 0.673 0.636 0.672 0.636 0.672 0.639 0.671 0.64 0.67 0.64 0.67 0.641 0.669 0.642 0.668 0.642 0.668 0.645 0.667 0.646 0.666 0.646 0.666 0.647 0.665 0.648 0.664 0.648 0.664 0.651 0.663 0.652 0.662 0.652 0.662 0.653 0.661 0.654 0.66 0.654 0.66 0.657 0.659 0.658 0.658 0.658 0.658 0.659 0.657 0.66 0.656 0.66 0.656 0.663 0.655 0.664 0.654 0.664 0.654 0.665 0.653 0.666 0.652 0.666 0.652 0.669 0.651 0.67 0.65 0.67 0.65 0.671 0.649 0.672 0.648 0.672 0.648 0.677 0.647 0.678 0.646 0.678 0.646 0.685 0.647 0.685 0.648 0.686 0.648 0.687 0.649 0.687 0.65 0.688 0.65 0.689 0.651 0.689 0.652 0.69 0.652 0.693 0.653 0.693 0.654 0.694 0.654 0.695 0.655 0.695 0.656 0.696 0.656 0.697 0.657 0.697 0.658 0.698 0.658 0.699 0.659 0.699 0.66 0.7 0.66 0.703 0.661 0.703 0.662 0.704 0.662 0.705 0.663 0.705 0.664 0.706 0.664 0.707 0.665 0.707 0.666 0.708 0.666 0.711 0.667 0.711 0.668 0.712 0.668 0.713 0.669 0.713 0.67 0.714 0.67 0.715 0.671 0.715 0.672 0.716 0.672 0.719 0.673 0.719 0.674 0.72 0.674 0.721 0.675 0.721 0.676 0.722 0.676 0.723 0.677 0.723 0.678 0.724 0.678 0.725 0.679 0.725 0.68 0.726 0.68 0.727 0.681 0.727 0.682 0.728 0.682 0.729 0.683 0.729 0.684 0.73 0.684 0.731 0.691 0.731 0.692 0.732 0.692 0.733 0.713 0.733 0.714 0.734 0.714 0.735 0.725 0.735 0.725 0.734 0.726 0.733 0.729 0.733 0.729 0.732 0.73 0.731 0.731 0.731 0.731 0.704 0.732 0.703 0.733 0.703 0.733 0.694 0.732 0.694 0.731 0.693 0.731 0.648 0.732 0.647 0.733 0.647 0.733 0.64 0.732 0.64 0.731 0.639 0.731 0.634 0.732 0.633 0.733 0.633 0.733 0.63 0.732 0.63 0.731 0.629 0.731 0.624 0.726 0.624 0.725 0.623 0.725 0.622
5 0.426 0.17 0.016 0.016 0.418 0.162 0.418 0.175 0.419 0.175 0.42 0.176 0.42 0.177 0.431 0.177 0.431 0.176 0.432 0.175 0.433 0.175 0.433 0.162
5 0.491 0.161 0.014 0.022 0.488 0.15 0.488 0.151 0.487 0.152 0.486 0.152 0.486 0.153 0.485 0.154 0.484 0.154 0.484 0.167 0.485 0.167 0.486 0.168 0.486 0.169 0.487 0.169 0.488 0.17 0.488 0.171 0.493 0.171 0.493 0.17 0.494 0.169 0.495 0.169 0.495 0.168 0.496 0.167 0.497 0.167 0.497 0.154 0.496 0.154 0.495 0.153 0.495 0.152 0.492 0.152 0.491 0.151 0.491 0.15
5 0.666 0.5720000000000001 0.016 0.02 0.662 0.562 0.662 0.563 0.661 0.564 0.66 0.564 0.66 0.565 0.659 0.566 0.658 0.566 0.658 0.579 0.661 0.579 0.662 0.58 0.662 0.581 0.667 0.581 0.667 0.58 0.668 0.579 0.669 0.579 0.669 0.578 0.67 0.577 0.671 0.577 0.671 0.576 0.672 0.575 0.673 0.575 0.673 0.564 0.672 0.564 0.671 0.563 0.671 0.562
7 0.683 0.47300000000000003 0.014 0.014 0.68 0.466 0.68 0.467 0.679 0.468 0.678 0.468 0.678 0.471 0.677 0.472 0.676 0.472 0.676 0.479 0.689 0.479 0.689 0.468 0.688 0.468 0.687 0.467 0.687 0.466
3 0.709 0.604 0.042 0.024 0.696 0.592 0.696 0.593 0.695 0.594 0.694 0.594 0.694 0.595 0.693 0.596 0.692 0.596 0.692 0.597 0.691 0.598 0.69 0.598 0.69 0.599 0.689 0.6 0.688 0.6 0.688 0.601 0.689 0.601 0.69 0.602 0.69 0.603 0.691 0.603 0.692 0.604 0.692 0.605 0.693 0.605 0.694 0.606 0.694 0.609 0.695 0.609 0.696 0.61 0.696 0.611 0.697 0.611 0.698 0.612 0.698 0.613 0.699 0.613 0.7 0.614 0.7 0.615 0.729 0.615 0.729 0.604 0.728 0.604 0.727 0.603 0.727 0.592
7 0.66 0.601 0.012 0.046 0.658 0.58 0.658 0.581 0.657 0.582 0.656 0.582 0.656 0.605 0.655 0.606 0.654 0.606 0.654 0.621 0.655 0.621 0.656 0.622 0.656 0.623 0.663 0.623 0.663 0.622 0.664 0.621 0.665 0.621 0.665 0.582 0.662 0.582 0.661 0.581 0.661 0.58
5 0.643 0.641 0.014 0.014 0.636 0.634 0.636 0.647 0.649 0.647 0.649 0.634
3 0.583 0.602 0.038 0.036000000000000004 0.564 0.584 0.564 0.601 0.565 0.601 0.566 0.602 0.566 0.619 0.579 0.619 0.579 0.618 0.58 0.617 0.593 0.617 0.593 0.616 0.594 0.615 0.595 0.615 0.595 0.612 0.596 0.611 0.597 0.611 0.597 0.61 0.598 0.609 0.599 0.609 0.599 0.606 0.6 0.605 0.601 0.605 0.601 0.602 0.6 0.602 0.599 0.601 0.599 0.6 0.598 0.6 0.597 0.599 0.597 0.596 0.596 0.596 0.595 0.595 0.595 0.594 0.594 0.594 0.593 0.593 0.593 0.592 0.592 0.592 0.591 0.591 0.591 0.588 0.59 0.588 0.589 0.587 0.589 0.586 0.588 0.586 0.587 0.585 0.587 0.584
3 0.582 0.663 0.032 0.03 0.566 0.648 0.566 0.677 0.585 0.677 0.585 0.676 0.586 0.675 0.587 0.675 0.587 0.674 0.588 0.673 0.589 0.673 0.589 0.672 0.59 0.671 0.591 0.671 0.591 0.67 0.592 0.669 0.593 0.669 0.593 0.668 0.594 0.667 0.595 0.667 0.595 0.666 0.596 0.665 0.597 0.665 0.597 0.664 0.596 0.664 0.595 0.663 0.595 0.662 0.594 0.662 0.593 0.661 0.593 0.66 0.592 0.66 0.591 0.659 0.591 0.656 0.59 0.656 0.589 0.655 0.589 0.654 0.588 0.654 0.587 0.653 0.587 0.652 0.586 0.652 0.585 0.651 0.585 0.65 0.576 0.65 0.575 0.649 0.575 0.648
3 0.435 0.11800000000000001 0.09 0.07200000000000001 0.462 0.082 0.462 0.083 0.461 0.084 0.446 0.084 0.446 0.085 0.445 0.086 0.43 0.086 0.43 0.087 0.429 0.088 0.414 0.088 0.414 0.089 0.413 0.09 0.398 0.09 0.398 0.091 0.397 0.092 0.39 0.092 0.39 0.101 0.391 0.101 0.392 0.102 0.392 0.121 0.393 0.121 0.394 0.122 0.394 0.143 0.395 0.143 0.396 0.144 0.396 0.153 0.403 0.153 0.403 0.152 0.404 0.151 0.421 0.151 0.421 0.15 0.422 0.149 0.437 0.149 0.437 0.148 0.438 0.147 0.453 0.147 0.453 0.146 0.454 0.145 0.471 0.145 0.471 0.144 0.472 0.143 0.479 0.143 0.479 0.138 0.478 0.138 0.477 0.137 0.477 0.126 0.476 0.126 0.475 0.125 0.475 0.114 0.474 0.114 0.473 0.113 0.473 0.1 0.472 0.1 0.471 0.099 0.471 0.088 0.47 0.088 0.469 0.087 0.469 0.082
7 0.683 0.403 0.014 0.014 0.684 0.396 0.684 0.397 0.683 0.398 0.676 0.398 0.676 0.409 0.689 0.409 0.689 0.396
