7 0.5740000000000001 0.935 0.012 0.074 0.572 0.898 0.572 0.899 0.571 0.9 0.57 0.9 0.57 0.903 0.569 0.904 0.568 0.904 0.568 0.969 0.571 0.969 0.572 0.97 0.572 0.971 0.573 0.971 0.573 0.97 0.574 0.969 0.575 0.969 0.575 0.966 0.576 0.965 0.577 0.965 0.577 0.924 0.578 0.923 0.579 0.923 0.579 0.922 0.578 0.922 0.577 0.921 0.577 0.918 0.578 0.917 0.579 0.917 0.579 0.9 0.578 0.9 0.577 0.899 0.577 0.898
5 0.587 0.895 0.014 0.014 0.582 0.888 0.582 0.891 0.581 0.892 0.58 0.892 0.58 0.897 0.581 0.897 0.582 0.898 0.582 0.899 0.585 0.899 0.586 0.9 0.586 0.901 0.591 0.901 0.591 0.9 0.592 0.899 0.593 0.899 0.593 0.888
4 0.201 0.9490000000000001 0.018000000000000002 0.014 0.192 0.942 0.192 0.955 0.207 0.955 0.207 0.954 0.208 0.953 0.209 0.953 0.209 0.944 0.208 0.944 0.207 0.943 0.207 0.942
7 0.234 0.932 0.028 0.024 0.238 0.92 0.238 0.923 0.237 0.924 0.236 0.924 0.236 0.931 0.235 0.932 0.234 0.932 0.234 0.933 0.233 0.934 0.22 0.934 0.22 0.941 0.223 0.941 0.224 0.942 0.224 0.943 0.245 0.943 0.245 0.942 0.246 0.941 0.247 0.941 0.247 0.922 0.246 0.922 0.245 0.921 0.245 0.92
5 0.878 0.863 0.02 0.026000000000000002 0.87 0.85 0.87 0.865 0.869 0.866 0.868 0.866 0.868 0.873 0.881 0.873 0.882 0.874 0.882 0.875 0.887 0.875 0.887 0.85
5 0.586 0.991 0.016 0.018000000000000002 0.588 0.982 0.588 0.983 0.587 0.984 0.582 0.984 0.582 0.985 0.581 0.986 0.58 0.986 0.58 0.989 0.579 0.99 0.578 0.99 0.578 0.999 0.593 0.999 0.593 0.988 0.592 0.988 0.591 0.987 0.591 0.982
4 0.328 0.43 0.02 0.024 0.32 0.418 0.32 0.429 0.319 0.43 0.318 0.43 0.318 0.437 0.319 0.437 0.32 0.438 0.32 0.439 0.321 0.439 0.322 0.44 0.322 0.441 0.335 0.441 0.335 0.44 0.336 0.439 0.337 0.439 0.337 0.422 0.336 0.422 0.335 0.421 0.335 0.42 0.334 0.42 0.333 0.419 0.333 0.418
7 0.245 0.255 0.058 0.026000000000000002 0.218 0.242 0.218 0.247 0.217 0.248 0.216 0.248 0.216 0.259 0.217 0.259 0.218 0.26 0.218 0.261 0.219 0.261 0.22 0.262 0.22 0.263 0.227 0.263 0.228 0.264 0.228 0.265 0.257 0.265 0.258 0.266 0.258 0.267 0.271 0.267 0.271 0.266 0.272 0.265 0.273 0.265 0.273 0.244 0.262 0.244 0.261 0.243 0.261 0.242
4 0.178 0.6940000000000001 0.024 0.02 0.168 0.684 0.168 0.685 0.167 0.686 0.166 0.686 0.166 0.699 0.167 0.699 0.168 0.7 0.168 0.701 0.169 0.701 0.17 0.702 0.17 0.703 0.189 0.703 0.189 0.686 0.178 0.686 0.177 0.685 0.177 0.684
7 0.467 0.989 0.014 0.022 0.462 0.978 0.462 0.981 0.461 0.982 0.46 0.982 0.46 0.983 0.461 0.983 0.462 0.984 0.462 0.987 0.461 0.988 0.46 0.988 0.46 0.999 0.473 0.999 0.473 0.978
4 0.17300000000000001 0.77 0.026000000000000002 0.02 0.164 0.76 0.164 0.761 0.163 0.762 0.162 0.762 0.162 0.763 0.161 0.764 0.16 0.764 0.16 0.777 0.163 0.777 0.164 0.778 0.164 0.779 0.183 0.779 0.183 0.776 0.184 0.775 0.185 0.775 0.185 0.762 0.172 0.762 0.171 0.761 0.171 0.76
5 0.27 0.847 0.02 0.018000000000000002 0.262 0.838 0.262 0.841 0.261 0.842 0.26 0.842 0.26 0.843 0.261 0.843 0.262 0.844 0.262 0.845 0.261 0.846 0.26 0.846 0.26 0.853 0.261 0.853 0.262 0.854 0.262 0.855 0.277 0.855 0.277 0.848 0.278 0.847 0.279 0.847 0.279 0.842 0.278 0.842 0.277 0.841 0.277 0.838
5 0.232 0.664 0.02 0.02 0.224 0.654 0.224 0.657 0.223 0.658 0.222 0.658 0.222 0.669 0.223 0.669 0.224 0.67 0.224 0.671 0.231 0.671 0.232 0.672 0.232 0.673 0.233 0.673 0.233 0.672 0.234 0.671 0.239 0.671 0.239 0.67 0.24 0.669 0.241 0.669 0.241 0.656 0.24 0.656 0.239 0.655 0.239 0.654
7 0.389 0.986 0.014 0.012 0.382 0.98 0.382 0.989 0.383 0.989 0.384 0.99 0.384 0.991 0.393 0.991 0.393 0.99 0.394 0.989 0.395 0.989 0.395 0.982 0.394 0.982 0.393 0.981 0.393 0.98
