4 0.513 0.9590000000000001 0.014 0.014 0.516 0.952 0.516 0.953 0.515 0.954 0.51 0.954 0.51 0.955 0.509 0.956 0.506 0.956 0.506 0.959 0.507 0.959 0.508 0.96 0.508 0.965 0.509 0.965 0.509 0.964 0.51 0.963 0.515 0.963 0.515 0.962 0.516 0.961 0.519 0.961 0.519 0.958 0.518 0.958 0.517 0.957 0.517 0.952
5 0.5640000000000001 0.9590000000000001 0.016 0.026000000000000002 0.556 0.946 0.556 0.949 0.557 0.949 0.558 0.95 0.558 0.959 0.559 0.959 0.56 0.96 0.56 0.971 0.569 0.971 0.569 0.97 0.57 0.969 0.571 0.969 0.571 0.958 0.57 0.958 0.569 0.957 0.569 0.948 0.56 0.948 0.559 0.947 0.559 0.946
7 0.55 0.852 0.02 0.02 0.548 0.842 0.548 0.843 0.547 0.844 0.544 0.844 0.544 0.845 0.543 0.846 0.542 0.846 0.542 0.855 0.541 0.856 0.54 0.856 0.54 0.859 0.545 0.859 0.546 0.86 0.546 0.861 0.549 0.861 0.549 0.86 0.55 0.859 0.551 0.859 0.551 0.856 0.552 0.855 0.553 0.855 0.553 0.854 0.554 0.853 0.555 0.853 0.555 0.852 0.556 0.851 0.557 0.851 0.557 0.85 0.558 0.849 0.559 0.849 0.559 0.842
4 0.396 0.47800000000000004 0.012 0.012 0.394 0.472 0.394 0.473 0.393 0.474 0.39 0.474 0.39 0.481 0.391 0.481 0.392 0.482 0.392 0.483 0.399 0.483 0.399 0.482 0.4 0.481 0.401 0.481 0.401 0.474 0.398 0.474 0.397 0.473 0.397 0.472
7 0.6920000000000001 0.883 0.02 0.018000000000000002 0.692 0.874 0.692 0.875 0.691 0.876 0.684 0.876 0.684 0.879 0.683 0.88 0.682 0.88 0.682 0.889 0.683 0.889 0.684 0.89 0.684 0.891 0.699 0.891 0.699 0.89 0.7 0.889 0.701 0.889 0.701 0.876 0.7 0.876 0.699 0.875 0.699 0.874
5 0.539 0.871 0.022 0.018000000000000002 0.536 0.862 0.536 0.863 0.535 0.864 0.532 0.864 0.532 0.865 0.531 0.866 0.528 0.866 0.528 0.877 0.529 0.877 0.53 0.878 0.53 0.879 0.541 0.879 0.541 0.878 0.542 0.877 0.545 0.877 0.545 0.876 0.546 0.875 0.547 0.875 0.547 0.874 0.548 0.873 0.549 0.873 0.549 0.862
7 0.743 0.858 0.026000000000000002 0.024 0.738 0.846 0.738 0.847 0.737 0.848 0.732 0.848 0.732 0.851 0.731 0.852 0.73 0.852 0.73 0.857 0.731 0.857 0.732 0.858 0.732 0.865 0.733 0.865 0.734 0.866 0.734 0.869 0.745 0.869 0.745 0.868 0.746 0.867 0.753 0.867 0.753 0.866 0.754 0.865 0.755 0.865 0.755 0.848 0.754 0.848 0.753 0.847 0.753 0.846
7 0.773 0.857 0.026000000000000002 0.026000000000000002 0.772 0.844 0.772 0.845 0.771 0.846 0.76 0.846 0.76 0.857 0.761 0.857 0.762 0.858 0.762 0.861 0.763 0.861 0.764 0.862 0.764 0.865 0.765 0.865 0.766 0.866 0.766 0.867 0.767 0.867 0.768 0.868 0.768 0.869 0.777 0.869 0.777 0.868 0.778 0.867 0.783 0.867 0.783 0.866 0.784 0.865 0.785 0.865 0.785 0.858 0.784 0.858 0.783 0.857 0.783 0.854 0.782 0.854 0.781 0.853 0.781 0.848 0.78 0.848 0.779 0.847 0.779 0.846 0.776 0.846 0.775 0.845 0.775 0.844
5 0.455 0.493 0.038 0.026000000000000002 0.456 0.48 0.456 0.481 0.455 0.482 0.45 0.482 0.45 0.483 0.449 0.484 0.444 0.484 0.444 0.485 0.443 0.486 0.44 0.486 0.44 0.487 0.439 0.488 0.438 0.488 0.438 0.489 0.437 0.49 0.436 0.49 0.436 0.491 0.437 0.491 0.438 0.492 0.438 0.499 0.439 0.499 0.44 0.5 0.44 0.503 0.441 0.503 0.442 0.504 0.442 0.505 0.453 0.505 0.453 0.504 0.454 0.503 0.465 0.503 0.465 0.502 0.466 0.501 0.471 0.501 0.471 0.496 0.472 0.495 0.473 0.495 0.473 0.488 0.472 0.488 0.471 0.487 0.471 0.482 0.47 0.482 0.469 0.481 0.469 0.48
5 0.42 0.387 0.016 0.018000000000000002 0.418 0.378 0.418 0.379 0.417 0.38 0.412 0.38 0.412 0.387 0.413 0.387 0.414 0.388 0.414 0.393 0.415 0.393 0.416 0.394 0.416 0.395 0.423 0.395 0.423 0.394 0.424 0.393 0.427 0.393 0.427 0.378
