7 0.616 0.659 0.024 0.034 0.61 0.642 0.61 0.643 0.609 0.644 0.608 0.644 0.608 0.645 0.607 0.646 0.606 0.646 0.606 0.647 0.605 0.648 0.604 0.648 0.604 0.653 0.607 0.653 0.608 0.654 0.608 0.655 0.609 0.655 0.61 0.656 0.61 0.657 0.611 0.657 0.612 0.658 0.612 0.659 0.613 0.659 0.614 0.66 0.614 0.663 0.615 0.663 0.616 0.664 0.616 0.671 0.617 0.671 0.618 0.672 0.618 0.673 0.619 0.673 0.62 0.674 0.62 0.675 0.623 0.675 0.623 0.674 0.624 0.673 0.627 0.673 0.627 0.668 0.626 0.668 0.625 0.667 0.625 0.662 0.624 0.662 0.623 0.661 0.623 0.652 0.622 0.652 0.621 0.651 0.621 0.646 0.62 0.646 0.619 0.645 0.619 0.644 0.618 0.644 0.617 0.643 0.617 0.642
5 0.494 0.534 0.024 0.028 0.488 0.52 0.488 0.521 0.487 0.522 0.484 0.522 0.484 0.525 0.483 0.526 0.482 0.526 0.482 0.529 0.483 0.529 0.484 0.53 0.484 0.535 0.485 0.535 0.486 0.536 0.486 0.545 0.487 0.545 0.488 0.546 0.488 0.547 0.493 0.547 0.493 0.546 0.494 0.545 0.503 0.545 0.503 0.542 0.504 0.541 0.505 0.541 0.505 0.54 0.504 0.54 0.503 0.539 0.503 0.534 0.502 0.534 0.501 0.533 0.501 0.524 0.5 0.524 0.499 0.523 0.499 0.522 0.498 0.522 0.497 0.521 0.497 0.52
7 0.595 0.7020000000000001 0.014 0.016 0.592 0.694 0.592 0.695 0.591 0.696 0.59 0.696 0.59 0.697 0.589 0.698 0.588 0.698 0.588 0.709 0.597 0.709 0.597 0.708 0.598 0.707 0.599 0.707 0.599 0.706 0.6 0.705 0.601 0.705 0.601 0.696 0.6 0.696 0.599 0.695 0.599 0.694
5 0.55 0.746 0.02 0.028 0.544 0.732 0.544 0.733 0.543 0.734 0.54 0.734 0.54 0.739 0.541 0.739 0.542 0.74 0.542 0.741 0.543 0.741 0.544 0.742 0.544 0.747 0.545 0.747 0.546 0.748 0.546 0.753 0.547 0.753 0.548 0.754 0.548 0.759 0.555 0.759 0.555 0.758 0.556 0.757 0.559 0.757 0.559 0.746 0.558 0.746 0.557 0.745 0.557 0.738 0.556 0.738 0.555 0.737 0.555 0.734 0.55 0.734 0.549 0.733 0.549 0.732
5 0.419 0.258 0.018000000000000002 0.028 0.414 0.244 0.414 0.245 0.413 0.246 0.412 0.246 0.412 0.249 0.411 0.25 0.41 0.25 0.41 0.255 0.411 0.255 0.412 0.256 0.412 0.263 0.413 0.263 0.414 0.264 0.414 0.267 0.415 0.267 0.416 0.268 0.416 0.271 0.423 0.271 0.423 0.27 0.424 0.269 0.425 0.269 0.425 0.266 0.426 0.265 0.427 0.265 0.427 0.262 0.426 0.262 0.425 0.261 0.425 0.254 0.424 0.254 0.423 0.253 0.423 0.246 0.422 0.246 0.421 0.245 0.421 0.244
5 0.53 0.639 0.024 0.03 0.526 0.624 0.526 0.625 0.525 0.626 0.522 0.626 0.522 0.627 0.521 0.628 0.52 0.628 0.52 0.629 0.519 0.63 0.518 0.63 0.518 0.639 0.519 0.639 0.52 0.64 0.52 0.647 0.521 0.647 0.522 0.648 0.522 0.651 0.523 0.651 0.524 0.652 0.524 0.653 0.533 0.653 0.533 0.652 0.534 0.651 0.537 0.651 0.537 0.65 0.538 0.649 0.539 0.649 0.539 0.648 0.54 0.647 0.541 0.647 0.541 0.632 0.54 0.632 0.539 0.631 0.539 0.628 0.538 0.628 0.537 0.627 0.537 0.626 0.534 0.626 0.533 0.625 0.533 0.624
5 0.586 0.892 0.02 0.032 0.58 0.876 0.58 0.877 0.579 0.878 0.578 0.878 0.578 0.879 0.577 0.88 0.576 0.88 0.576 0.887 0.577 0.887 0.578 0.888 0.578 0.903 0.579 0.903 0.58 0.904 0.58 0.905 0.583 0.905 0.584 0.906 0.584 0.907 0.587 0.907 0.587 0.906 0.588 0.905 0.595 0.905 0.595 0.892 0.594 0.892 0.593 0.891 0.593 0.884 0.592 0.884 0.591 0.883 0.591 0.878 0.59 0.878 0.589 0.877 0.589 0.876
7 0.547 0.536 0.074 0.024 0.564 0.524 0.564 0.525 0.563 0.526 0.556 0.526 0.556 0.527 0.555 0.528 0.544 0.528 0.544 0.529 0.543 0.53 0.538 0.53 0.538 0.531 0.537 0.532 0.534 0.532 0.534 0.533 0.533 0.534 0.53 0.534 0.53 0.535 0.529 0.536 0.524 0.536 0.524 0.537 0.523 0.538 0.518 0.538 0.518 0.539 0.517 0.54 0.514 0.54 0.514 0.541 0.513 0.542 0.512 0.542 0.512 0.543 0.511 0.544 0.51 0.544 0.51 0.545 0.511 0.545 0.512 0.546 0.512 0.547 0.525 0.547 0.525 0.546 0.526 0.545 0.537 0.545 0.537 0.544 0.538 0.543 0.543 0.543 0.543 0.542 0.544 0.541 0.545 0.541 0.545 0.54 0.546 0.539 0.549 0.539 0.549 0.538 0.55 0.537 0.551 0.537 0.551 0.536 0.552 0.535 0.557 0.535 0.557 0.534 0.558 0.533 0.563 0.533 0.563 0.532 0.564 0.531 0.571 0.531 0.571 0.53 0.572 0.529 0.583 0.529 0.583 0.524
7 0.592 0.622 0.024 0.032 0.596 0.606 0.596 0.607 0.595 0.608 0.588 0.608 0.588 0.609 0.587 0.61 0.584 0.61 0.584 0.611 0.583 0.612 0.582 0.612 0.582 0.613 0.581 0.614 0.58 0.614 0.58 0.625 0.581 0.625 0.582 0.626 0.582 0.629 0.583 0.629 0.584 0.63 0.584 0.633 0.585 0.633 0.586 0.634 0.586 0.635 0.587 0.635 0.588 0.636 0.588 0.637 0.591 0.637 0.591 0.636 0.592 0.635 0.597 0.635 0.597 0.634 0.598 0.633 0.601 0.633 0.601 0.632 0.602 0.631 0.603 0.631 0.603 0.61 0.602 0.61 0.601 0.609 0.601 0.608 0.6 0.608 0.599 0.607 0.599 0.606
7 0.547 0.844 0.046 0.036000000000000004 0.556 0.826 0.556 0.827 0.555 0.828 0.55 0.828 0.55 0.829 0.549 0.83 0.544 0.83 0.544 0.831 0.543 0.832 0.538 0.832 0.538 0.833 0.537 0.834 0.532 0.834 0.532 0.835 0.531 0.836 0.528 0.836 0.528 0.837 0.527 0.838 0.526 0.838 0.526 0.843 0.525 0.844 0.524 0.844 0.524 0.857 0.525 0.857 0.526 0.858 0.526 0.859 0.531 0.859 0.532 0.86 0.532 0.861 0.537 0.861 0.537 0.86 0.538 0.859 0.549 0.859 0.549 0.858 0.55 0.857 0.557 0.857 0.557 0.856 0.558 0.855 0.567 0.855 0.567 0.854 0.568 0.853 0.569 0.853 0.569 0.844 0.568 0.844 0.567 0.843 0.567 0.838 0.566 0.838 0.565 0.837 0.565 0.836 0.564 0.836 0.563 0.835 0.563 0.83 0.564 0.829 0.565 0.829 0.565 0.826
5 0.606 0.96 0.02 0.028 0.598 0.946 0.598 0.947 0.597 0.948 0.596 0.948 0.596 0.959 0.597 0.959 0.598 0.96 0.598 0.963 0.599 0.963 0.6 0.964 0.6 0.969 0.601 0.969 0.602 0.97 0.602 0.971 0.603 0.971 0.604 0.972 0.604 0.973 0.609 0.973 0.609 0.972 0.61 0.971 0.611 0.971 0.611 0.97 0.612 0.969 0.613 0.969 0.613 0.968 0.614 0.967 0.615 0.967 0.615 0.964 0.614 0.964 0.613 0.963 0.613 0.952 0.612 0.952 0.611 0.951 0.611 0.948 0.61 0.948 0.609 0.947 0.609 0.946
7 0.464 0.513 0.024 0.03 0.454 0.498 0.454 0.499 0.453 0.5 0.452 0.5 0.452 0.505 0.453 0.505 0.454 0.506 0.454 0.509 0.455 0.509 0.456 0.51 0.456 0.515 0.457 0.515 0.458 0.516 0.458 0.523 0.459 0.523 0.46 0.524 0.46 0.527 0.465 0.527 0.465 0.516 0.466 0.515 0.467 0.515 0.467 0.514 0.468 0.513 0.469 0.513 0.469 0.512 0.47 0.511 0.473 0.511 0.473 0.51 0.474 0.509 0.475 0.509 0.475 0.506 0.474 0.506 0.473 0.505 0.473 0.504 0.464 0.504 0.463 0.503 0.463 0.502 0.46 0.502 0.459 0.501 0.459 0.5 0.458 0.5 0.457 0.499 0.457 0.498
5 0.438 0.322 0.02 0.028 0.43 0.308 0.43 0.309 0.429 0.31 0.428 0.31 0.428 0.313 0.429 0.313 0.43 0.314 0.43 0.317 0.431 0.317 0.432 0.318 0.432 0.323 0.433 0.323 0.434 0.324 0.434 0.331 0.435 0.331 0.436 0.332 0.436 0.333 0.437 0.333 0.438 0.334 0.438 0.335 0.439 0.335 0.439 0.334 0.44 0.333 0.447 0.333 0.447 0.326 0.446 0.326 0.445 0.325 0.445 0.318 0.444 0.318 0.443 0.317 0.443 0.312 0.442 0.312 0.441 0.311 0.441 0.31 0.44 0.31 0.439 0.309 0.439 0.308
7 0.405 0.299 0.01 0.01 0.402 0.294 0.402 0.295 0.401 0.296 0.4 0.296 0.4 0.299 0.401 0.299 0.402 0.3 0.402 0.303 0.409 0.303 0.409 0.296 0.408 0.296 0.407 0.295 0.407 0.294
7 0.8140000000000001 0.24 0.012 0.024 0.808 0.228 0.808 0.239 0.809 0.239 0.81 0.24 0.81 0.247 0.811 0.247 0.812 0.248 0.812 0.251 0.817 0.251 0.817 0.25 0.818 0.249 0.819 0.249 0.819 0.242 0.818 0.242 0.817 0.241 0.817 0.232 0.816 0.232 0.815 0.231 0.815 0.228
5 0.47500000000000003 0.467 0.022 0.03 0.466 0.452 0.466 0.453 0.465 0.454 0.464 0.454 0.464 0.463 0.465 0.463 0.466 0.464 0.466 0.477 0.467 0.477 0.468 0.478 0.468 0.479 0.471 0.479 0.472 0.48 0.472 0.481 0.475 0.481 0.475 0.48 0.476 0.479 0.481 0.479 0.481 0.478 0.482 0.477 0.483 0.477 0.483 0.476 0.484 0.475 0.485 0.475 0.485 0.466 0.484 0.466 0.483 0.465 0.483 0.458 0.482 0.458 0.481 0.457 0.481 0.454 0.48 0.454 0.479 0.453 0.479 0.452
