4 0.935 0.587 0.014 0.01 0.93 0.582 0.93 0.583 0.929 0.584 0.928 0.584 0.928 0.587 0.929 0.587 0.93 0.588 0.93 0.591 0.941 0.591 0.941 0.582
4 0.122 0.382 0.016 0.024 0.118 0.37 0.118 0.371 0.117 0.372 0.116 0.372 0.116 0.383 0.115 0.384 0.114 0.384 0.114 0.391 0.115 0.391 0.116 0.392 0.116 0.393 0.121 0.393 0.121 0.392 0.122 0.391 0.125 0.391 0.125 0.386 0.126 0.385 0.127 0.385 0.127 0.384 0.128 0.383 0.129 0.383 0.129 0.372 0.128 0.372 0.127 0.371 0.127 0.37
7 0.611 0.738 0.01 0.008 0.606 0.734 0.606 0.741 0.615 0.741 0.615 0.734
5 0.61 0.6940000000000001 0.016 0.016 0.606 0.688 0.606 0.691 0.605 0.692 0.604 0.692 0.604 0.697 0.607 0.697 0.608 0.698 0.608 0.699 0.613 0.699 0.613 0.696 0.614 0.695 0.615 0.695 0.615 0.69 0.612 0.69 0.611 0.689 0.611 0.688
4 0.117 0.331 0.014 0.014 0.114 0.324 0.114 0.325 0.113 0.326 0.112 0.326 0.112 0.327 0.111 0.328 0.11 0.328 0.11 0.333 0.111 0.333 0.112 0.334 0.112 0.335 0.113 0.335 0.114 0.336 0.114 0.337 0.119 0.337 0.119 0.336 0.12 0.335 0.121 0.335 0.121 0.334 0.122 0.333 0.123 0.333 0.123 0.328 0.122 0.328 0.121 0.327 0.121 0.326 0.12 0.326 0.119 0.325 0.119 0.324
7 0.983 0.042 0.034 0.056 0.994 0.014 0.994 0.015 0.993 0.016 0.992 0.016 0.992 0.019 0.991 0.02 0.99 0.02 0.99 0.023 0.989 0.024 0.988 0.024 0.988 0.027 0.987 0.028 0.986 0.028 0.986 0.029 0.985 0.03 0.984 0.03 0.984 0.033 0.983 0.034 0.982 0.034 0.982 0.037 0.981 0.038 0.98 0.038 0.98 0.039 0.979 0.04 0.978 0.04 0.978 0.043 0.977 0.044 0.976 0.044 0.976 0.047 0.975 0.048 0.974 0.048 0.974 0.051 0.973 0.052 0.972 0.052 0.972 0.053 0.971 0.054 0.97 0.054 0.97 0.057 0.969 0.058 0.968 0.058 0.968 0.063 0.969 0.063 0.97 0.064 0.97 0.065 0.971 0.065 0.972 0.066 0.972 0.067 0.975 0.067 0.975 0.064 0.976 0.063 0.977 0.063 0.977 0.06 0.978 0.059 0.979 0.059 0.979 0.058 0.98 0.057 0.981 0.057 0.981 0.054 0.982 0.053 0.983 0.053 0.983 0.05 0.984 0.049 0.985 0.049 0.985 0.046 0.986 0.045 0.987 0.045 0.987 0.044 0.988 0.043 0.989 0.043 0.989 0.04 0.99 0.039 0.991 0.039 0.991 0.036 0.992 0.035 0.993 0.035 0.993 0.034 0.994 0.033 0.995 0.033 0.995 0.03 0.996 0.029 0.997 0.029 0.997 0.026 0.998 0.025 0.999 0.025 0.999 0.016 0.996 0.016 0.995 0.015 0.995 0.014
7 0.979 0.082 0.018000000000000002 0.016 0.974 0.076 0.974 0.079 0.973 0.08 0.972 0.08 0.972 0.083 0.973 0.083 0.974 0.084 0.974 0.085 0.977 0.085 0.978 0.086 0.978 0.087 0.983 0.087 0.983 0.084 0.984 0.083 0.985 0.083 0.985 0.08 0.984 0.08 0.983 0.079 0.983 0.078 0.98 0.078 0.979 0.077 0.979 0.076
7 0.961 0.085 0.014 0.014 0.958 0.08 0.958 0.081 0.957 0.082 0.956 0.082 0.956 0.087 0.957 0.087 0.958 0.088 0.958 0.089 0.963 0.089 0.963 0.088 0.964 0.087 0.965 0.087 0.965 0.082 0.964 0.082 0.963 0.081 0.963 0.08
3 0.776 0.423 0.076 0.074 0.75 0.386 0.75 0.387 0.749 0.388 0.748 0.388 0.748 0.391 0.747 0.392 0.746 0.392 0.746 0.397 0.745 0.398 0.744 0.398 0.744 0.401 0.743 0.402 0.742 0.402 0.742 0.405 0.741 0.406 0.74 0.406 0.74 0.409 0.739 0.41 0.738 0.41 0.738 0.413 0.739 0.413 0.74 0.414 0.74 0.417 0.741 0.417 0.742 0.418 0.742 0.421 0.743 0.421 0.744 0.422 0.744 0.427 0.745 0.427 0.746 0.428 0.746 0.431 0.747 0.431 0.748 0.432 0.748 0.437 0.749 0.437 0.75 0.438 0.75 0.441 0.751 0.441 0.752 0.442 0.752 0.445 0.753 0.445 0.754 0.446 0.754 0.451 0.755 0.451 0.756 0.452 0.756 0.455 0.757 0.455 0.758 0.456 0.758 0.457 0.761 0.457 0.761 0.456 0.762 0.455 0.765 0.455 0.765 0.454 0.766 0.453 0.769 0.453 0.769 0.452 0.77 0.451 0.773 0.451 0.773 0.45 0.774 0.449 0.777 0.449 0.777 0.448 0.778 0.447 0.781 0.447 0.781 0.446 0.782 0.445 0.785 0.445 0.785 0.444 0.786 0.443 0.789 0.443 0.789 0.442 0.79 0.441 0.793 0.441 0.793 0.44 0.794 0.439 0.797 0.439 0.797 0.438 0.798 0.437 0.801 0.437 0.801 0.436 0.802 0.435 0.803 0.435 0.803 0.434 0.804 0.433 0.807 0.433 0.807 0.43 0.808 0.429 0.809 0.429 0.809 0.422 0.81 0.421 0.811 0.421 0.811 0.414 0.812 0.413 0.813 0.413 0.813 0.41 0.812 0.41 0.811 0.409 0.811 0.408 0.806 0.408 0.805 0.407 0.805 0.406 0.8 0.406 0.799 0.405 0.799 0.404 0.796 0.404 0.795 0.403 0.795 0.402 0.79 0.402 0.789 0.401 0.789 0.4 0.784 0.4 0.783 0.399 0.783 0.398 0.78 0.398 0.779 0.397 0.779 0.396 0.774 0.396 0.773 0.395 0.773 0.394 0.768 0.394 0.767 0.393 0.767 0.392 0.764 0.392 0.763 0.391 0.763 0.39 0.758 0.39 0.757 0.389 0.757 0.388 0.752 0.388 0.751 0.387 0.751 0.386
7 0.47500000000000003 0.676 0.014 0.012 0.47 0.67 0.47 0.671 0.469 0.672 0.468 0.672 0.468 0.677 0.469 0.677 0.47 0.678 0.47 0.679 0.473 0.679 0.474 0.68 0.474 0.681 0.479 0.681 0.479 0.678 0.48 0.677 0.481 0.677 0.481 0.676 0.48 0.676 0.479 0.675 0.479 0.672 0.476 0.672 0.475 0.671 0.475 0.67
5 0.495 0.651 0.022 0.022 0.494 0.64 0.494 0.641 0.493 0.642 0.492 0.642 0.492 0.645 0.491 0.646 0.49 0.646 0.49 0.649 0.489 0.65 0.488 0.65 0.488 0.651 0.487 0.652 0.484 0.652 0.484 0.653 0.485 0.653 0.486 0.654 0.486 0.657 0.487 0.657 0.488 0.658 0.488 0.659 0.489 0.659 0.49 0.66 0.49 0.661 0.495 0.661 0.495 0.66 0.496 0.659 0.497 0.659 0.497 0.658 0.498 0.657 0.499 0.657 0.499 0.656 0.5 0.655 0.501 0.655 0.501 0.654 0.502 0.653 0.503 0.653 0.503 0.65 0.504 0.649 0.505 0.649 0.505 0.646 0.504 0.646 0.503 0.645 0.503 0.644 0.502 0.644 0.501 0.643 0.501 0.642 0.496 0.642 0.495 0.641 0.495 0.64
7 0.9480000000000001 0.10400000000000001 0.012 0.012 0.944 0.098 0.944 0.099 0.943 0.1 0.942 0.1 0.942 0.107 0.943 0.107 0.944 0.108 0.944 0.109 0.951 0.109 0.951 0.108 0.952 0.107 0.953 0.107 0.953 0.098
4 0.804 0.5640000000000001 0.016 0.012 0.798 0.558 0.798 0.559 0.797 0.56 0.796 0.56 0.796 0.565 0.797 0.565 0.798 0.566 0.798 0.567 0.799 0.567 0.8 0.568 0.8 0.569 0.809 0.569 0.809 0.566 0.81 0.565 0.811 0.565 0.811 0.564 0.81 0.564 0.809 0.563 0.809 0.56 0.808 0.56 0.807 0.559 0.807 0.558
7 0.549 0.454 0.01 0.008 0.544 0.45 0.544 0.457 0.553 0.457 0.553 0.45
7 0.927 0.14300000000000002 0.014 0.01 0.922 0.138 0.922 0.139 0.921 0.14 0.92 0.14 0.92 0.143 0.921 0.143 0.922 0.144 0.922 0.145 0.923 0.145 0.924 0.146 0.924 0.147 0.931 0.147 0.931 0.146 0.932 0.145 0.933 0.145 0.933 0.14 0.932 0.14 0.931 0.139 0.931 0.138
5 0.841 0.609 0.018000000000000002 0.018000000000000002 0.836 0.6 0.836 0.601 0.835 0.602 0.834 0.602 0.834 0.605 0.833 0.606 0.832 0.606 0.832 0.611 0.833 0.611 0.834 0.612 0.834 0.613 0.835 0.613 0.836 0.614 0.836 0.615 0.839 0.615 0.84 0.616 0.84 0.617 0.843 0.617 0.843 0.616 0.844 0.615 0.847 0.615 0.847 0.612 0.848 0.611 0.849 0.611 0.849 0.606 0.848 0.606 0.847 0.605 0.847 0.604 0.844 0.604 0.843 0.603 0.843 0.602 0.84 0.602 0.839 0.601 0.839 0.6
7 0.9400000000000001 0.123 0.012 0.01 0.936 0.118 0.936 0.121 0.935 0.122 0.934 0.122 0.934 0.125 0.935 0.125 0.936 0.126 0.936 0.127 0.943 0.127 0.943 0.126 0.944 0.125 0.945 0.125 0.945 0.12 0.944 0.12 0.943 0.119 0.943 0.118
4 0.769 0.542 0.022 0.024 0.764 0.532 0.764 0.535 0.763 0.536 0.762 0.536 0.762 0.541 0.761 0.542 0.76 0.542 0.76 0.549 0.759 0.55 0.758 0.55 0.758 0.551 0.767 0.551 0.768 0.552 0.768 0.553 0.771 0.553 0.771 0.55 0.772 0.549 0.773 0.549 0.773 0.546 0.774 0.545 0.775 0.545 0.775 0.542 0.776 0.541 0.777 0.541 0.777 0.538 0.776 0.538 0.775 0.537 0.775 0.536 0.772 0.536 0.771 0.535 0.771 0.534 0.768 0.534 0.767 0.533 0.767 0.532
5 0.161 0.34 0.014 0.016 0.16 0.332 0.16 0.333 0.159 0.334 0.156 0.334 0.156 0.337 0.155 0.338 0.154 0.338 0.154 0.341 0.155 0.341 0.156 0.342 0.156 0.345 0.157 0.345 0.158 0.346 0.158 0.347 0.159 0.347 0.159 0.346 0.16 0.345 0.161 0.345 0.161 0.344 0.162 0.343 0.163 0.343 0.163 0.34 0.164 0.339 0.165 0.339 0.165 0.336 0.166 0.335 0.167 0.335 0.167 0.334 0.166 0.334 0.165 0.333 0.165 0.332
4 0.18 0.426 0.016 0.016 0.176 0.418 0.176 0.419 0.175 0.42 0.174 0.42 0.174 0.423 0.173 0.424 0.172 0.424 0.172 0.431 0.173 0.431 0.174 0.432 0.174 0.433 0.183 0.433 0.183 0.432 0.184 0.431 0.185 0.431 0.185 0.426 0.186 0.425 0.187 0.425 0.187 0.422 0.186 0.422 0.185 0.421 0.185 0.42 0.184 0.42 0.183 0.419 0.183 0.418
4 0.20700000000000002 0.375 0.022 0.018000000000000002 0.2 0.366 0.2 0.367 0.199 0.368 0.198 0.368 0.198 0.369 0.197 0.37 0.196 0.37 0.196 0.377 0.197 0.377 0.198 0.378 0.198 0.379 0.199 0.379 0.2 0.38 0.2 0.381 0.201 0.381 0.202 0.382 0.202 0.383 0.209 0.383 0.209 0.382 0.21 0.381 0.211 0.381 0.211 0.38 0.212 0.379 0.213 0.379 0.213 0.378 0.214 0.377 0.215 0.377 0.215 0.374 0.216 0.373 0.217 0.373 0.217 0.372 0.216 0.372 0.215 0.371 0.215 0.37 0.214 0.37 0.213 0.369 0.213 0.368 0.21 0.368 0.209 0.367 0.209 0.366
